"currency","unit","sizeclas","nace_r2","lcstruct","geo","time","values"
"EUR","P_SAL_H","10-49","B","D01","BG",2012,3.42
"EUR","P_SAL_H","10-49","B","D111","BG",2012,2.84
"EUR","P_SAL_H","10-49","B","D1111","BG",2012,2.59
"EUR","P_SAL_H","10-49","B-E","D01","BG",2012,2.02
"EUR","P_SAL_H","10-49","B-E","D111","BG",2012,1.7
"EUR","P_SAL_H","10-49","B-E","D1111","BG",2012,1.56
"EUR","P_SAL_H","10-49","B-F","D01","BG",2012,2.13
"EUR","P_SAL_H","10-49","B-F","D111","BG",2012,1.8
"EUR","P_SAL_H","10-49","B-F","D1111","BG",2012,1.66
"EUR","P_SAL_H","10-49","B-N","D01","BG",2012,2.6
"EUR","P_SAL_H","10-49","B-N","D111","BG",2012,2.21
"EUR","P_SAL_H","10-49","B-N","D1111","BG",2012,2.06
"EUR","P_SAL_H","10-49","B-S","D01","BG",2012,2.7
"EUR","P_SAL_H","10-49","B-S","D111","BG",2012,2.27
"EUR","P_SAL_H","10-49","B-S","D1111","BG",2012,2.07
"EUR","P_SAL_H","10-49","B-S_X_O","D01","BG",2012,2.64
"EUR","P_SAL_H","10-49","B-S_X_O","D111","BG",2012,2.23
"EUR","P_SAL_H","10-49","B-S_X_O","D1111","BG",2012,2.03
"EUR","P_SAL_H","10-49","B05","D01","BG",2012,NA
"EUR","P_SAL_H","10-49","B05","D111","BG",2012,NA
"EUR","P_SAL_H","10-49","B05","D1111","BG",2012,NA
"EUR","P_SAL_H","10-49","B06","D01","BG",2012,9.74
"EUR","P_SAL_H","10-49","B06","D111","BG",2012,8.7
"EUR","P_SAL_H","10-49","B06","D1111","BG",2012,8.14
"EUR","P_SAL_H","10-49","B07","D01","BG",2012,NA
"EUR","P_SAL_H","10-49","B07","D111","BG",2012,NA
"EUR","P_SAL_H","10-49","B07","D1111","BG",2012,NA
"EUR","P_SAL_H","10-49","B08","D01","BG",2012,3.18
"EUR","P_SAL_H","10-49","B08","D111","BG",2012,2.62
"EUR","P_SAL_H","10-49","B08","D1111","BG",2012,2.38
"EUR","P_SAL_H","10-49","B09","D01","BG",2012,NA
"EUR","P_SAL_H","10-49","B09","D111","BG",2012,NA
"EUR","P_SAL_H","10-49","B09","D1111","BG",2012,NA
"EUR","P_SAL_H","10-49","C","D01","BG",2012,1.94
"EUR","P_SAL_H","10-49","C","D111","BG",2012,1.63
"EUR","P_SAL_H","10-49","C","D1111","BG",2012,1.5
"EUR","P_SAL_H","10-49","C10","D01","BG",2012,1.78
"EUR","P_SAL_H","10-49","C10","D111","BG",2012,1.49
"EUR","P_SAL_H","10-49","C10","D1111","BG",2012,1.38
"EUR","P_SAL_H","10-49","C11","D01","BG",2012,2.28
"EUR","P_SAL_H","10-49","C11","D111","BG",2012,1.92
"EUR","P_SAL_H","10-49","C11","D1111","BG",2012,1.76
"EUR","P_SAL_H","10-49","C12","D01","BG",2012,NA
"EUR","P_SAL_H","10-49","C12","D111","BG",2012,NA
"EUR","P_SAL_H","10-49","C12","D1111","BG",2012,NA
"EUR","P_SAL_H","10-49","C13","D01","BG",2012,1.91
"EUR","P_SAL_H","10-49","C13","D111","BG",2012,1.58
"EUR","P_SAL_H","10-49","C13","D1111","BG",2012,1.45
"EUR","P_SAL_H","10-49","C14","D01","BG",2012,1.49
"EUR","P_SAL_H","10-49","C14","D111","BG",2012,1.24
"EUR","P_SAL_H","10-49","C14","D1111","BG",2012,1.14
"EUR","P_SAL_H","10-49","C15","D01","BG",2012,1.46
"EUR","P_SAL_H","10-49","C15","D111","BG",2012,1.22
"EUR","P_SAL_H","10-49","C15","D1111","BG",2012,1.13
"EUR","P_SAL_H","10-49","C16","D01","BG",2012,1.42
"EUR","P_SAL_H","10-49","C16","D111","BG",2012,1.19
"EUR","P_SAL_H","10-49","C16","D1111","BG",2012,1.1
"EUR","P_SAL_H","10-49","C17","D01","BG",2012,1.78
"EUR","P_SAL_H","10-49","C17","D111","BG",2012,1.49
"EUR","P_SAL_H","10-49","C17","D1111","BG",2012,1.37
"EUR","P_SAL_H","10-49","C18","D01","BG",2012,2.08
"EUR","P_SAL_H","10-49","C18","D111","BG",2012,1.76
"EUR","P_SAL_H","10-49","C18","D1111","BG",2012,1.62
"EUR","P_SAL_H","10-49","C19","D01","BG",2012,NA
"EUR","P_SAL_H","10-49","C19","D111","BG",2012,NA
"EUR","P_SAL_H","10-49","C19","D1111","BG",2012,NA
"EUR","P_SAL_H","10-49","C20","D01","BG",2012,2.49
"EUR","P_SAL_H","10-49","C20","D111","BG",2012,2.1
"EUR","P_SAL_H","10-49","C20","D1111","BG",2012,1.95
"EUR","P_SAL_H","10-49","C21","D01","BG",2012,2.9
"EUR","P_SAL_H","10-49","C21","D111","BG",2012,2.46
"EUR","P_SAL_H","10-49","C21","D1111","BG",2012,2.27
"EUR","P_SAL_H","10-49","C22","D01","BG",2012,2.03
"EUR","P_SAL_H","10-49","C22","D111","BG",2012,1.7
"EUR","P_SAL_H","10-49","C22","D1111","BG",2012,1.56
"EUR","P_SAL_H","10-49","C23","D01","BG",2012,2.3
"EUR","P_SAL_H","10-49","C23","D111","BG",2012,1.9
"EUR","P_SAL_H","10-49","C23","D1111","BG",2012,1.76
"EUR","P_SAL_H","10-49","C24","D01","BG",2012,2.52
"EUR","P_SAL_H","10-49","C24","D111","BG",2012,2.06
"EUR","P_SAL_H","10-49","C24","D1111","BG",2012,1.9
"EUR","P_SAL_H","10-49","C25","D01","BG",2012,2.22
"EUR","P_SAL_H","10-49","C25","D111","BG",2012,1.86
"EUR","P_SAL_H","10-49","C25","D1111","BG",2012,1.71
"EUR","P_SAL_H","10-49","C26","D01","BG",2012,3.27
"EUR","P_SAL_H","10-49","C26","D111","BG",2012,2.79
"EUR","P_SAL_H","10-49","C26","D1111","BG",2012,2.57
"EUR","P_SAL_H","10-49","C27","D01","BG",2012,3.18
"EUR","P_SAL_H","10-49","C27","D111","BG",2012,2.76
"EUR","P_SAL_H","10-49","C27","D1111","BG",2012,2.57
"EUR","P_SAL_H","10-49","C28","D01","BG",2012,2.47
"EUR","P_SAL_H","10-49","C28","D111","BG",2012,2.08
"EUR","P_SAL_H","10-49","C28","D1111","BG",2012,1.91
"EUR","P_SAL_H","10-49","C29","D01","BG",2012,3.04
"EUR","P_SAL_H","10-49","C29","D111","BG",2012,2.57
"EUR","P_SAL_H","10-49","C29","D1111","BG",2012,2.37
"EUR","P_SAL_H","10-49","C30","D01","BG",2012,2.36
"EUR","P_SAL_H","10-49","C30","D111","BG",2012,1.98
"EUR","P_SAL_H","10-49","C30","D1111","BG",2012,1.86
"EUR","P_SAL_H","10-49","C31","D01","BG",2012,1.48
"EUR","P_SAL_H","10-49","C31","D111","BG",2012,1.24
"EUR","P_SAL_H","10-49","C31","D1111","BG",2012,1.14
"EUR","P_SAL_H","10-49","C32","D01","BG",2012,NA
"EUR","P_SAL_H","10-49","C32","D111","BG",2012,NA
"EUR","P_SAL_H","10-49","C32","D1111","BG",2012,NA
"EUR","P_SAL_H","10-49","C33","D01","BG",2012,2.98
"EUR","P_SAL_H","10-49","C33","D111","BG",2012,2.51
"EUR","P_SAL_H","10-49","C33","D1111","BG",2012,2.33
"EUR","P_SAL_H","10-49","D","D01","BG",2012,5.81
"EUR","P_SAL_H","10-49","D","D111","BG",2012,5.1
"EUR","P_SAL_H","10-49","D","D1111","BG",2012,4.58
"EUR","P_SAL_H","10-49","D35","D01","BG",2012,5.81
"EUR","P_SAL_H","10-49","D35","D111","BG",2012,5.1
"EUR","P_SAL_H","10-49","D35","D1111","BG",2012,4.58
"EUR","P_SAL_H","10-49","E","D01","BG",2012,2.27
"EUR","P_SAL_H","10-49","E","D111","BG",2012,1.92
"EUR","P_SAL_H","10-49","E","D1111","BG",2012,1.75
"EUR","P_SAL_H","10-49","E36","D01","BG",2012,2.47
"EUR","P_SAL_H","10-49","E36","D111","BG",2012,2.05
"EUR","P_SAL_H","10-49","E36","D1111","BG",2012,1.7
"EUR","P_SAL_H","10-49","E37","D01","BG",2012,2.35
"EUR","P_SAL_H","10-49","E37","D111","BG",2012,1.97
"EUR","P_SAL_H","10-49","E37","D1111","BG",2012,1.81
"EUR","P_SAL_H","10-49","E38","D01","BG",2012,2.14
"EUR","P_SAL_H","10-49","E38","D111","BG",2012,1.8
"EUR","P_SAL_H","10-49","E38","D1111","BG",2012,1.66
"EUR","P_SAL_H","10-49","E39","D01","BG",2012,3.72
"EUR","P_SAL_H","10-49","E39","D111","BG",2012,3.24
"EUR","P_SAL_H","10-49","E39","D1111","BG",2012,2.99
"EUR","P_SAL_H","10-49","F","D01","BG",2012,2.43
"EUR","P_SAL_H","10-49","F","D111","BG",2012,2.06
"EUR","P_SAL_H","10-49","F","D1111","BG",2012,1.92
"EUR","P_SAL_H","10-49","F41","D01","BG",2012,2.15
"EUR","P_SAL_H","10-49","F41","D111","BG",2012,1.81
"EUR","P_SAL_H","10-49","F41","D1111","BG",2012,1.68
"EUR","P_SAL_H","10-49","F42","D01","BG",2012,3.03
"EUR","P_SAL_H","10-49","F42","D111","BG",2012,2.59
"EUR","P_SAL_H","10-49","F42","D1111","BG",2012,2.43
"EUR","P_SAL_H","10-49","F43","D01","BG",2012,2.5
"EUR","P_SAL_H","10-49","F43","D111","BG",2012,2.12
"EUR","P_SAL_H","10-49","F43","D1111","BG",2012,1.97
"EUR","P_SAL_H","10-49","G","D01","BG",2012,2.61
"EUR","P_SAL_H","10-49","G","D111","BG",2012,2.23
"EUR","P_SAL_H","10-49","G","D1111","BG",2012,2.07
"EUR","P_SAL_H","10-49","G-J","D01","BG",2012,2.65
"EUR","P_SAL_H","10-49","G-J","D111","BG",2012,2.26
"EUR","P_SAL_H","10-49","G-J","D1111","BG",2012,2.1
"EUR","P_SAL_H","10-49","G-N","D01","BG",2012,2.89
"EUR","P_SAL_H","10-49","G-N","D111","BG",2012,2.48
"EUR","P_SAL_H","10-49","G-N","D1111","BG",2012,2.31
"EUR","P_SAL_H","10-49","G-S_X_O","D01","BG",2012,2.86
"EUR","P_SAL_H","10-49","G-S_X_O","D111","BG",2012,2.43
"EUR","P_SAL_H","10-49","G-S_X_O","D1111","BG",2012,2.2
"EUR","P_SAL_H","10-49","G45","D01","BG",2012,2.76
"EUR","P_SAL_H","10-49","G45","D111","BG",2012,2.34
"EUR","P_SAL_H","10-49","G45","D1111","BG",2012,2.17
"EUR","P_SAL_H","10-49","G46","D01","BG",2012,3.24
"EUR","P_SAL_H","10-49","G46","D111","BG",2012,2.8
"EUR","P_SAL_H","10-49","G46","D1111","BG",2012,2.6
"EUR","P_SAL_H","10-49","G47","D01","BG",2012,1.97
"EUR","P_SAL_H","10-49","G47","D111","BG",2012,1.65
"EUR","P_SAL_H","10-49","G47","D1111","BG",2012,1.53
"EUR","P_SAL_H","10-49","H","D01","BG",2012,2.31
"EUR","P_SAL_H","10-49","H","D111","BG",2012,1.9
"EUR","P_SAL_H","10-49","H","D1111","BG",2012,1.77
"EUR","P_SAL_H","10-49","H49","D01","BG",2012,1.92
"EUR","P_SAL_H","10-49","H49","D111","BG",2012,1.55
"EUR","P_SAL_H","10-49","H49","D1111","BG",2012,1.45
"EUR","P_SAL_H","10-49","H50","D01","BG",2012,3.65
"EUR","P_SAL_H","10-49","H50","D111","BG",2012,3.16
"EUR","P_SAL_H","10-49","H50","D1111","BG",2012,3.03
"EUR","P_SAL_H","10-49","H51","D01","BG",2012,7.07
"EUR","P_SAL_H","10-49","H51","D111","BG",2012,5.86
"EUR","P_SAL_H","10-49","H51","D1111","BG",2012,5.34
"EUR","P_SAL_H","10-49","H52","D01","BG",2012,4.36
"EUR","P_SAL_H","10-49","H52","D111","BG",2012,3.75
"EUR","P_SAL_H","10-49","H52","D1111","BG",2012,3.48
"EUR","P_SAL_H","10-49","H53","D01","BG",2012,NA
"EUR","P_SAL_H","10-49","H53","D111","BG",2012,NA
"EUR","P_SAL_H","10-49","H53","D1111","BG",2012,NA
"EUR","P_SAL_H","10-49","I","D01","BG",2012,1.83
"EUR","P_SAL_H","10-49","I","D111","BG",2012,1.53
"EUR","P_SAL_H","10-49","I","D1111","BG",2012,1.44
"EUR","P_SAL_H","10-49","I55","D01","BG",2012,2.15
"EUR","P_SAL_H","10-49","I55","D111","BG",2012,1.79
"EUR","P_SAL_H","10-49","I55","D1111","BG",2012,1.68
"EUR","P_SAL_H","10-49","I56","D01","BG",2012,1.69
"EUR","P_SAL_H","10-49","I56","D111","BG",2012,1.41
"EUR","P_SAL_H","10-49","I56","D1111","BG",2012,1.33
"EUR","P_SAL_H","10-49","J","D01","BG",2012,5.91
"EUR","P_SAL_H","10-49","J","D111","BG",2012,5.22
"EUR","P_SAL_H","10-49","J","D1111","BG",2012,4.85
"EUR","P_SAL_H","10-49","J58","D01","BG",2012,3.46
"EUR","P_SAL_H","10-49","J58","D111","BG",2012,2.99
"EUR","P_SAL_H","10-49","J58","D1111","BG",2012,2.77
"EUR","P_SAL_H","10-49","J59","D01","BG",2012,6.4
"EUR","P_SAL_H","10-49","J59","D111","BG",2012,5.69
"EUR","P_SAL_H","10-49","J59","D1111","BG",2012,5.33
"EUR","P_SAL_H","10-49","J60","D01","BG",2012,3.92
"EUR","P_SAL_H","10-49","J60","D111","BG",2012,3.34
"EUR","P_SAL_H","10-49","J60","D1111","BG",2012,3.1
"EUR","P_SAL_H","10-49","J61","D01","BG",2012,2.62
"EUR","P_SAL_H","10-49","J61","D111","BG",2012,2.21
"EUR","P_SAL_H","10-49","J61","D1111","BG",2012,2.04
"EUR","P_SAL_H","10-49","J62","D01","BG",2012,7.85
"EUR","P_SAL_H","10-49","J62","D111","BG",2012,6.98
"EUR","P_SAL_H","10-49","J62","D1111","BG",2012,6.49
"EUR","P_SAL_H","10-49","J63","D01","BG",2012,5.43
"EUR","P_SAL_H","10-49","J63","D111","BG",2012,4.81
"EUR","P_SAL_H","10-49","J63","D1111","BG",2012,4.5
"EUR","P_SAL_H","10-49","K","D01","BG",2012,6.01
"EUR","P_SAL_H","10-49","K","D111","BG",2012,5.31
"EUR","P_SAL_H","10-49","K","D1111","BG",2012,4.91
"EUR","P_SAL_H","10-49","K-N","D01","BG",2012,3.87
"EUR","P_SAL_H","10-49","K-N","D111","BG",2012,3.38
"EUR","P_SAL_H","10-49","K-N","D1111","BG",2012,3.14
"EUR","P_SAL_H","10-49","K64","D01","BG",2012,6.31
"EUR","P_SAL_H","10-49","K64","D111","BG",2012,5.59
"EUR","P_SAL_H","10-49","K64","D1111","BG",2012,5.17
"EUR","P_SAL_H","10-49","K65","D01","BG",2012,7.94
"EUR","P_SAL_H","10-49","K65","D111","BG",2012,6.99
"EUR","P_SAL_H","10-49","K65","D1111","BG",2012,6.32
"EUR","P_SAL_H","10-49","K66","D01","BG",2012,4.82
"EUR","P_SAL_H","10-49","K66","D111","BG",2012,4.24
"EUR","P_SAL_H","10-49","K66","D1111","BG",2012,3.97
"EUR","P_SAL_H","10-49","L","D01","BG",2012,3.37
"EUR","P_SAL_H","10-49","L","D111","BG",2012,2.89
"EUR","P_SAL_H","10-49","L","D1111","BG",2012,2.65
"EUR","P_SAL_H","10-49","L68","D01","BG",2012,3.37
"EUR","P_SAL_H","10-49","L68","D111","BG",2012,2.89
"EUR","P_SAL_H","10-49","L68","D1111","BG",2012,2.65
"EUR","P_SAL_H","10-49","M","D01","BG",2012,5.43
"EUR","P_SAL_H","10-49","M","D111","BG",2012,4.8
"EUR","P_SAL_H","10-49","M","D1111","BG",2012,4.47
"EUR","P_SAL_H","10-49","M69","D01","BG",2012,4.29
"EUR","P_SAL_H","10-49","M69","D111","BG",2012,3.71
"EUR","P_SAL_H","10-49","M69","D1111","BG",2012,3.46
"EUR","P_SAL_H","10-49","M70","D01","BG",2012,9.31
"EUR","P_SAL_H","10-49","M70","D111","BG",2012,8.54
"EUR","P_SAL_H","10-49","M70","D1111","BG",2012,8.11
"EUR","P_SAL_H","10-49","M71","D01","BG",2012,5.41
"EUR","P_SAL_H","10-49","M71","D111","BG",2012,4.72
"EUR","P_SAL_H","10-49","M71","D1111","BG",2012,4.38
"EUR","P_SAL_H","10-49","M72","D01","BG",2012,3.64
"EUR","P_SAL_H","10-49","M72","D111","BG",2012,3.08
"EUR","P_SAL_H","10-49","M72","D1111","BG",2012,2.77
"EUR","P_SAL_H","10-49","M73","D01","BG",2012,5.29
"EUR","P_SAL_H","10-49","M73","D111","BG",2012,4.69
"EUR","P_SAL_H","10-49","M73","D1111","BG",2012,4.37
"EUR","P_SAL_H","10-49","M74","D01","BG",2012,5.3
"EUR","P_SAL_H","10-49","M74","D111","BG",2012,4.69
"EUR","P_SAL_H","10-49","M74","D1111","BG",2012,4.37
"EUR","P_SAL_H","10-49","M75","D01","BG",2012,1.86
"EUR","P_SAL_H","10-49","M75","D111","BG",2012,1.58
"EUR","P_SAL_H","10-49","M75","D1111","BG",2012,1.47
"EUR","P_SAL_H","10-49","N","D01","BG",2012,2.09
"EUR","P_SAL_H","10-49","N","D111","BG",2012,1.78
"EUR","P_SAL_H","10-49","N","D1111","BG",2012,1.66
"EUR","P_SAL_H","10-49","N77","D01","BG",2012,3.8
"EUR","P_SAL_H","10-49","N77","D111","BG",2012,3.24
"EUR","P_SAL_H","10-49","N77","D1111","BG",2012,3.03
"EUR","P_SAL_H","10-49","N78","D01","BG",2012,3.52
"EUR","P_SAL_H","10-49","N78","D111","BG",2012,2.97
"EUR","P_SAL_H","10-49","N78","D1111","BG",2012,2.75
"EUR","P_SAL_H","10-49","N79","D01","BG",2012,3.22
"EUR","P_SAL_H","10-49","N79","D111","BG",2012,2.75
"EUR","P_SAL_H","10-49","N79","D1111","BG",2012,2.58
"EUR","P_SAL_H","10-49","N80","D01","BG",2012,1.51
"EUR","P_SAL_H","10-49","N80","D111","BG",2012,1.28
"EUR","P_SAL_H","10-49","N80","D1111","BG",2012,1.2
"EUR","P_SAL_H","10-49","N81","D01","BG",2012,1.55
"EUR","P_SAL_H","10-49","N81","D111","BG",2012,1.35
"EUR","P_SAL_H","10-49","N81","D1111","BG",2012,1.25
"EUR","P_SAL_H","10-49","N82","D01","BG",2012,3.12
"EUR","P_SAL_H","10-49","N82","D111","BG",2012,2.7
"EUR","P_SAL_H","10-49","N82","D1111","BG",2012,2.51
"EUR","P_SAL_H","10-49","O","D01","BG",2012,4.69
"EUR","P_SAL_H","10-49","O","D111","BG",2012,3.68
"EUR","P_SAL_H","10-49","O","D1111","BG",2012,3.13
"EUR","P_SAL_H","10-49","O-S","D01","BG",2012,3.04
"EUR","P_SAL_H","10-49","O-S","D111","BG",2012,2.48
"EUR","P_SAL_H","10-49","O-S","D1111","BG",2012,2.11
"EUR","P_SAL_H","10-49","O84","D01","BG",2012,4.69
"EUR","P_SAL_H","10-49","O84","D111","BG",2012,3.68
"EUR","P_SAL_H","10-49","O84","D1111","BG",2012,3.13
"EUR","P_SAL_H","10-49","P","D01","BG",2012,2.99
"EUR","P_SAL_H","10-49","P","D111","BG",2012,2.43
"EUR","P_SAL_H","10-49","P","D1111","BG",2012,2
"EUR","P_SAL_H","10-49","P-S","D01","BG",2012,2.8
"EUR","P_SAL_H","10-49","P-S","D111","BG",2012,2.3
"EUR","P_SAL_H","10-49","P-S","D1111","BG",2012,1.96
"EUR","P_SAL_H","10-49","P85","D01","BG",2012,2.99
"EUR","P_SAL_H","10-49","P85","D111","BG",2012,2.43
"EUR","P_SAL_H","10-49","P85","D1111","BG",2012,2
"EUR","P_SAL_H","10-49","Q","D01","BG",2012,2.59
"EUR","P_SAL_H","10-49","Q","D111","BG",2012,2.18
"EUR","P_SAL_H","10-49","Q","D1111","BG",2012,1.97
"EUR","P_SAL_H","10-49","Q86","D01","BG",2012,3.15
"EUR","P_SAL_H","10-49","Q86","D111","BG",2012,2.68
"EUR","P_SAL_H","10-49","Q86","D1111","BG",2012,2.46
"EUR","P_SAL_H","10-49","Q87","D01","BG",2012,2.02
"EUR","P_SAL_H","10-49","Q87","D111","BG",2012,1.67
"EUR","P_SAL_H","10-49","Q87","D1111","BG",2012,1.46
"EUR","P_SAL_H","10-49","Q88","D01","BG",2012,1.87
"EUR","P_SAL_H","10-49","Q88","D111","BG",2012,1.57
"EUR","P_SAL_H","10-49","Q88","D1111","BG",2012,1.38
"EUR","P_SAL_H","10-49","R","D01","BG",2012,2.18
"EUR","P_SAL_H","10-49","R","D111","BG",2012,1.83
"EUR","P_SAL_H","10-49","R","D1111","BG",2012,1.67
"EUR","P_SAL_H","10-49","R90","D01","BG",2012,2.4
"EUR","P_SAL_H","10-49","R90","D111","BG",2012,1.98
"EUR","P_SAL_H","10-49","R90","D1111","BG",2012,1.75
"EUR","P_SAL_H","10-49","R91","D01","BG",2012,2.17
"EUR","P_SAL_H","10-49","R91","D111","BG",2012,1.8
"EUR","P_SAL_H","10-49","R91","D1111","BG",2012,1.56
"EUR","P_SAL_H","10-49","R92","D01","BG",2012,1.79
"EUR","P_SAL_H","10-49","R92","D111","BG",2012,1.5
"EUR","P_SAL_H","10-49","R92","D1111","BG",2012,1.41
"EUR","P_SAL_H","10-49","R93","D01","BG",2012,2.5
"EUR","P_SAL_H","10-49","R93","D111","BG",2012,2.14
"EUR","P_SAL_H","10-49","R93","D1111","BG",2012,1.99
"EUR","P_SAL_H","10-49","S","D01","BG",2012,2.48
"EUR","P_SAL_H","10-49","S","D111","BG",2012,2.13
"EUR","P_SAL_H","10-49","S","D1111","BG",2012,1.93
"EUR","P_SAL_H","10-49","S94","D01","BG",2012,2.99
"EUR","P_SAL_H","10-49","S94","D111","BG",2012,2.6
"EUR","P_SAL_H","10-49","S94","D1111","BG",2012,2.36
"EUR","P_SAL_H","10-49","S95","D01","BG",2012,NA
"EUR","P_SAL_H","10-49","S95","D111","BG",2012,NA
"EUR","P_SAL_H","10-49","S95","D1111","BG",2012,NA
"EUR","P_SAL_H","10-49","S96","D01","BG",2012,1.73
"EUR","P_SAL_H","10-49","S96","D111","BG",2012,1.44
"EUR","P_SAL_H","10-49","S96","D1111","BG",2012,1.33
"EUR","P_SAL_H","250-499","B","D01","BG",2012,3.54
"EUR","P_SAL_H","250-499","B","D111","BG",2012,2.73
"EUR","P_SAL_H","250-499","B","D1111","BG",2012,2.44
"EUR","P_SAL_H","250-499","B-E","D01","BG",2012,3.41
"EUR","P_SAL_H","250-499","B-E","D111","BG",2012,2.84
"EUR","P_SAL_H","250-499","B-E","D1111","BG",2012,2.49
"EUR","P_SAL_H","250-499","B-F","D01","BG",2012,3.47
"EUR","P_SAL_H","250-499","B-F","D111","BG",2012,2.89
"EUR","P_SAL_H","250-499","B-F","D1111","BG",2012,2.55
"EUR","P_SAL_H","250-499","B-N","D01","BG",2012,3.74
"EUR","P_SAL_H","250-499","B-N","D111","BG",2012,3.16
"EUR","P_SAL_H","250-499","B-N","D1111","BG",2012,2.82
"EUR","P_SAL_H","250-499","B-S","D01","BG",2012,3.86
"EUR","P_SAL_H","250-499","B-S","D111","BG",2012,3.23
"EUR","P_SAL_H","250-499","B-S","D1111","BG",2012,2.86
"EUR","P_SAL_H","250-499","B-S_X_O","D01","BG",2012,3.76
"EUR","P_SAL_H","250-499","B-S_X_O","D111","BG",2012,3.18
"EUR","P_SAL_H","250-499","B-S_X_O","D1111","BG",2012,2.82
"EUR","P_SAL_H","250-499","B05","D01","BG",2012,2.89
"EUR","P_SAL_H","250-499","B05","D111","BG",2012,2.2
"EUR","P_SAL_H","250-499","B05","D1111","BG",2012,1.98
"EUR","P_SAL_H","250-499","B06","D01","BG",2012,NA
"EUR","P_SAL_H","250-499","B06","D111","BG",2012,NA
"EUR","P_SAL_H","250-499","B06","D1111","BG",2012,NA
"EUR","P_SAL_H","250-499","B07","D01","BG",2012,4.26
"EUR","P_SAL_H","250-499","B07","D111","BG",2012,3.27
"EUR","P_SAL_H","250-499","B07","D1111","BG",2012,2.94
"EUR","P_SAL_H","250-499","B08","D01","BG",2012,2.93
"EUR","P_SAL_H","250-499","B08","D111","BG",2012,2.35
"EUR","P_SAL_H","250-499","B08","D1111","BG",2012,2.02
"EUR","P_SAL_H","250-499","C","D01","BG",2012,3.29
"EUR","P_SAL_H","250-499","C","D111","BG",2012,2.75
"EUR","P_SAL_H","250-499","C","D1111","BG",2012,2.43
"EUR","P_SAL_H","250-499","C10","D01","BG",2012,NA
"EUR","P_SAL_H","250-499","C10","D111","BG",2012,NA
"EUR","P_SAL_H","250-499","C10","D1111","BG",2012,NA
"EUR","P_SAL_H","250-499","C11","D01","BG",2012,4.13
"EUR","P_SAL_H","250-499","C11","D111","BG",2012,3.5
"EUR","P_SAL_H","250-499","C11","D1111","BG",2012,3.21
"EUR","P_SAL_H","250-499","C12","D01","BG",2012,5.99
"EUR","P_SAL_H","250-499","C12","D111","BG",2012,5.16
"EUR","P_SAL_H","250-499","C12","D1111","BG",2012,4.49
"EUR","P_SAL_H","250-499","C13","D01","BG",2012,2.36
"EUR","P_SAL_H","250-499","C13","D111","BG",2012,1.92
"EUR","P_SAL_H","250-499","C13","D1111","BG",2012,1.67
"EUR","P_SAL_H","250-499","C14","D01","BG",2012,2.14
"EUR","P_SAL_H","250-499","C14","D111","BG",2012,1.8
"EUR","P_SAL_H","250-499","C14","D1111","BG",2012,1.59
"EUR","P_SAL_H","250-499","C15","D01","BG",2012,2.27
"EUR","P_SAL_H","250-499","C15","D111","BG",2012,1.93
"EUR","P_SAL_H","250-499","C15","D1111","BG",2012,1.67
"EUR","P_SAL_H","250-499","C16","D01","BG",2012,NA
"EUR","P_SAL_H","250-499","C16","D111","BG",2012,NA
"EUR","P_SAL_H","250-499","C16","D1111","BG",2012,NA
"EUR","P_SAL_H","250-499","C17","D01","BG",2012,3.09
"EUR","P_SAL_H","250-499","C17","D111","BG",2012,2.53
"EUR","P_SAL_H","250-499","C17","D1111","BG",2012,2.19
"EUR","P_SAL_H","250-499","C18","D01","BG",2012,4.58
"EUR","P_SAL_H","250-499","C18","D111","BG",2012,3.92
"EUR","P_SAL_H","250-499","C18","D1111","BG",2012,3.55
"EUR","P_SAL_H","250-499","C19","D01","BG",2012,NA
"EUR","P_SAL_H","250-499","C19","D111","BG",2012,NA
"EUR","P_SAL_H","250-499","C19","D1111","BG",2012,NA
"EUR","P_SAL_H","250-499","C20","D01","BG",2012,5.83
"EUR","P_SAL_H","250-499","C20","D111","BG",2012,4.85
"EUR","P_SAL_H","250-499","C20","D1111","BG",2012,4.23
"EUR","P_SAL_H","250-499","C21","D01","BG",2012,4.15
"EUR","P_SAL_H","250-499","C21","D111","BG",2012,3.49
"EUR","P_SAL_H","250-499","C21","D1111","BG",2012,3.02
"EUR","P_SAL_H","250-499","C22","D01","BG",2012,2.43
"EUR","P_SAL_H","250-499","C22","D111","BG",2012,2.06
"EUR","P_SAL_H","250-499","C22","D1111","BG",2012,1.9
"EUR","P_SAL_H","250-499","C23","D01","BG",2012,NA
"EUR","P_SAL_H","250-499","C23","D111","BG",2012,NA
"EUR","P_SAL_H","250-499","C23","D1111","BG",2012,NA
"EUR","P_SAL_H","250-499","C24","D01","BG",2012,4.12
"EUR","P_SAL_H","250-499","C24","D111","BG",2012,3.27
"EUR","P_SAL_H","250-499","C24","D1111","BG",2012,2.77
"EUR","P_SAL_H","250-499","C25","D01","BG",2012,3.02
"EUR","P_SAL_H","250-499","C25","D111","BG",2012,2.51
"EUR","P_SAL_H","250-499","C25","D1111","BG",2012,2.16
"EUR","P_SAL_H","250-499","C26","D01","BG",2012,4.44
"EUR","P_SAL_H","250-499","C26","D111","BG",2012,3.79
"EUR","P_SAL_H","250-499","C26","D1111","BG",2012,3.19
"EUR","P_SAL_H","250-499","C27","D01","BG",2012,3.68
"EUR","P_SAL_H","250-499","C27","D111","BG",2012,3.1
"EUR","P_SAL_H","250-499","C27","D1111","BG",2012,2.77
"EUR","P_SAL_H","250-499","C28","D01","BG",2012,3.78
"EUR","P_SAL_H","250-499","C28","D111","BG",2012,3.16
"EUR","P_SAL_H","250-499","C28","D1111","BG",2012,2.83
"EUR","P_SAL_H","250-499","C29","D01","BG",2012,3.05
"EUR","P_SAL_H","250-499","C29","D111","BG",2012,2.55
"EUR","P_SAL_H","250-499","C29","D1111","BG",2012,2.28
"EUR","P_SAL_H","250-499","C30","D01","BG",2012,3.39
"EUR","P_SAL_H","250-499","C30","D111","BG",2012,2.8
"EUR","P_SAL_H","250-499","C30","D1111","BG",2012,2.55
"EUR","P_SAL_H","250-499","C31","D01","BG",2012,NA
"EUR","P_SAL_H","250-499","C31","D111","BG",2012,NA
"EUR","P_SAL_H","250-499","C31","D1111","BG",2012,NA
"EUR","P_SAL_H","250-499","C32","D01","BG",2012,NA
"EUR","P_SAL_H","250-499","C32","D111","BG",2012,NA
"EUR","P_SAL_H","250-499","C32","D1111","BG",2012,NA
"EUR","P_SAL_H","250-499","C33","D01","BG",2012,3.86
"EUR","P_SAL_H","250-499","C33","D111","BG",2012,2.97
"EUR","P_SAL_H","250-499","C33","D1111","BG",2012,2.61
"EUR","P_SAL_H","250-499","D","D01","BG",2012,9.06
"EUR","P_SAL_H","250-499","D","D111","BG",2012,7.41
"EUR","P_SAL_H","250-499","D","D1111","BG",2012,6.34
"EUR","P_SAL_H","250-499","D35","D01","BG",2012,9.06
"EUR","P_SAL_H","250-499","D35","D111","BG",2012,7.41
"EUR","P_SAL_H","250-499","D35","D1111","BG",2012,6.34
"EUR","P_SAL_H","250-499","E","D01","BG",2012,2.67
"EUR","P_SAL_H","250-499","E","D111","BG",2012,2.23
"EUR","P_SAL_H","250-499","E","D1111","BG",2012,1.9
"EUR","P_SAL_H","250-499","E36","D01","BG",2012,2.88
"EUR","P_SAL_H","250-499","E36","D111","BG",2012,2.4
"EUR","P_SAL_H","250-499","E36","D1111","BG",2012,1.96
"EUR","P_SAL_H","250-499","E37","D01","BG",2012,NA
"EUR","P_SAL_H","250-499","E37","D111","BG",2012,NA
"EUR","P_SAL_H","250-499","E37","D1111","BG",2012,NA
"EUR","P_SAL_H","250-499","E38","D01","BG",2012,2.43
"EUR","P_SAL_H","250-499","E38","D111","BG",2012,2.03
"EUR","P_SAL_H","250-499","E38","D1111","BG",2012,1.85
"EUR","P_SAL_H","250-499","F","D01","BG",2012,3.87
"EUR","P_SAL_H","250-499","F","D111","BG",2012,3.26
"EUR","P_SAL_H","250-499","F","D1111","BG",2012,2.95
"EUR","P_SAL_H","250-499","F41","D01","BG",2012,NA
"EUR","P_SAL_H","250-499","F41","D111","BG",2012,NA
"EUR","P_SAL_H","250-499","F41","D1111","BG",2012,NA
"EUR","P_SAL_H","250-499","F42","D01","BG",2012,3.98
"EUR","P_SAL_H","250-499","F42","D111","BG",2012,3.34
"EUR","P_SAL_H","250-499","F42","D1111","BG",2012,3.04
"EUR","P_SAL_H","250-499","F43","D01","BG",2012,NA
"EUR","P_SAL_H","250-499","F43","D111","BG",2012,NA
"EUR","P_SAL_H","250-499","F43","D1111","BG",2012,NA
"EUR","P_SAL_H","250-499","G","D01","BG",2012,3.65
"EUR","P_SAL_H","250-499","G","D111","BG",2012,3.11
"EUR","P_SAL_H","250-499","G","D1111","BG",2012,2.86
"EUR","P_SAL_H","250-499","G-J","D01","BG",2012,5
"EUR","P_SAL_H","250-499","G-J","D111","BG",2012,4.28
"EUR","P_SAL_H","250-499","G-J","D1111","BG",2012,3.87
"EUR","P_SAL_H","250-499","G-N","D01","BG",2012,4.14
"EUR","P_SAL_H","250-499","G-N","D111","BG",2012,3.56
"EUR","P_SAL_H","250-499","G-N","D1111","BG",2012,3.22
"EUR","P_SAL_H","250-499","G-S_X_O","D01","BG",2012,4.07
"EUR","P_SAL_H","250-499","G-S_X_O","D111","BG",2012,3.47
"EUR","P_SAL_H","250-499","G-S_X_O","D1111","BG",2012,3.1
"EUR","P_SAL_H","250-499","G45","D01","BG",2012,4.74
"EUR","P_SAL_H","250-499","G45","D111","BG",2012,4.04
"EUR","P_SAL_H","250-499","G45","D1111","BG",2012,3.68
"EUR","P_SAL_H","250-499","G46","D01","BG",2012,3.89
"EUR","P_SAL_H","250-499","G46","D111","BG",2012,3.32
"EUR","P_SAL_H","250-499","G46","D1111","BG",2012,3.03
"EUR","P_SAL_H","250-499","G47","D01","BG",2012,3.19
"EUR","P_SAL_H","250-499","G47","D111","BG",2012,2.7
"EUR","P_SAL_H","250-499","G47","D1111","BG",2012,2.51
"EUR","P_SAL_H","250-499","H","D01","BG",2012,3.29
"EUR","P_SAL_H","250-499","H","D111","BG",2012,2.59
"EUR","P_SAL_H","250-499","H","D1111","BG",2012,2.17
"EUR","P_SAL_H","250-499","H49","D01","BG",2012,3.03
"EUR","P_SAL_H","250-499","H49","D111","BG",2012,2.36
"EUR","P_SAL_H","250-499","H49","D1111","BG",2012,1.99
"EUR","P_SAL_H","250-499","H50","D01","BG",2012,NA
"EUR","P_SAL_H","250-499","H50","D111","BG",2012,NA
"EUR","P_SAL_H","250-499","H50","D1111","BG",2012,NA
"EUR","P_SAL_H","250-499","H51","D01","BG",2012,NA
"EUR","P_SAL_H","250-499","H51","D111","BG",2012,NA
"EUR","P_SAL_H","250-499","H51","D1111","BG",2012,NA
"EUR","P_SAL_H","250-499","H52","D01","BG",2012,NA
"EUR","P_SAL_H","250-499","H52","D111","BG",2012,NA
"EUR","P_SAL_H","250-499","H52","D1111","BG",2012,NA
"EUR","P_SAL_H","250-499","H53","D01","BG",2012,NA
"EUR","P_SAL_H","250-499","H53","D111","BG",2012,NA
"EUR","P_SAL_H","250-499","H53","D1111","BG",2012,NA
"EUR","P_SAL_H","250-499","I","D01","BG",2012,2.33
"EUR","P_SAL_H","250-499","I","D111","BG",2012,1.94
"EUR","P_SAL_H","250-499","I","D1111","BG",2012,1.76
"EUR","P_SAL_H","250-499","I55","D01","BG",2012,2.65
"EUR","P_SAL_H","250-499","I55","D111","BG",2012,2.22
"EUR","P_SAL_H","250-499","I55","D1111","BG",2012,1.99
"EUR","P_SAL_H","250-499","I56","D01","BG",2012,1.62
"EUR","P_SAL_H","250-499","I56","D111","BG",2012,1.35
"EUR","P_SAL_H","250-499","I56","D1111","BG",2012,1.27
"EUR","P_SAL_H","250-499","J","D01","BG",2012,10.7
"EUR","P_SAL_H","250-499","J","D111","BG",2012,9.42
"EUR","P_SAL_H","250-499","J","D1111","BG",2012,8.54
"EUR","P_SAL_H","250-499","J58","D01","BG",2012,NA
"EUR","P_SAL_H","250-499","J58","D111","BG",2012,NA
"EUR","P_SAL_H","250-499","J58","D1111","BG",2012,NA
"EUR","P_SAL_H","250-499","J60","D01","BG",2012,10.03
"EUR","P_SAL_H","250-499","J60","D111","BG",2012,8.79
"EUR","P_SAL_H","250-499","J60","D1111","BG",2012,8
"EUR","P_SAL_H","250-499","J61","D01","BG",2012,5.49
"EUR","P_SAL_H","250-499","J61","D111","BG",2012,4.47
"EUR","P_SAL_H","250-499","J61","D1111","BG",2012,4.07
"EUR","P_SAL_H","250-499","J62","D01","BG",2012,14.35
"EUR","P_SAL_H","250-499","J62","D111","BG",2012,12.8
"EUR","P_SAL_H","250-499","J62","D1111","BG",2012,11.61
"EUR","P_SAL_H","250-499","J63","D01","BG",2012,7.36
"EUR","P_SAL_H","250-499","J63","D111","BG",2012,6.4
"EUR","P_SAL_H","250-499","J63","D1111","BG",2012,5.79
"EUR","P_SAL_H","250-499","K","D01","BG",2012,5.96
"EUR","P_SAL_H","250-499","K","D111","BG",2012,5.17
"EUR","P_SAL_H","250-499","K","D1111","BG",2012,4.67
"EUR","P_SAL_H","250-499","K-N","D01","BG",2012,3.12
"EUR","P_SAL_H","250-499","K-N","D111","BG",2012,2.69
"EUR","P_SAL_H","250-499","K-N","D1111","BG",2012,2.44
"EUR","P_SAL_H","250-499","K64","D01","BG",2012,6.22
"EUR","P_SAL_H","250-499","K64","D111","BG",2012,5.36
"EUR","P_SAL_H","250-499","K64","D1111","BG",2012,4.76
"EUR","P_SAL_H","250-499","K65","D01","BG",2012,6.33
"EUR","P_SAL_H","250-499","K65","D111","BG",2012,5.51
"EUR","P_SAL_H","250-499","K65","D1111","BG",2012,5.06
"EUR","P_SAL_H","250-499","K66","D01","BG",2012,NA
"EUR","P_SAL_H","250-499","K66","D111","BG",2012,NA
"EUR","P_SAL_H","250-499","K66","D1111","BG",2012,NA
"EUR","P_SAL_H","250-499","L","D01","BG",2012,5.01
"EUR","P_SAL_H","250-499","L","D111","BG",2012,4.21
"EUR","P_SAL_H","250-499","L","D1111","BG",2012,3.82
"EUR","P_SAL_H","250-499","L68","D01","BG",2012,5.01
"EUR","P_SAL_H","250-499","L68","D111","BG",2012,4.21
"EUR","P_SAL_H","250-499","L68","D1111","BG",2012,3.82
"EUR","P_SAL_H","250-499","M","D01","BG",2012,5.01
"EUR","P_SAL_H","250-499","M","D111","BG",2012,4.19
"EUR","P_SAL_H","250-499","M","D1111","BG",2012,3.71
"EUR","P_SAL_H","250-499","M69","D01","BG",2012,NA
"EUR","P_SAL_H","250-499","M69","D111","BG",2012,NA
"EUR","P_SAL_H","250-499","M69","D1111","BG",2012,NA
"EUR","P_SAL_H","250-499","M70","D01","BG",2012,NA
"EUR","P_SAL_H","250-499","M70","D111","BG",2012,NA
"EUR","P_SAL_H","250-499","M70","D1111","BG",2012,NA
"EUR","P_SAL_H","250-499","M71","D01","BG",2012,NA
"EUR","P_SAL_H","250-499","M71","D111","BG",2012,NA
"EUR","P_SAL_H","250-499","M71","D1111","BG",2012,NA
"EUR","P_SAL_H","250-499","M72","D01","BG",2012,2.55
"EUR","P_SAL_H","250-499","M72","D111","BG",2012,2.1
"EUR","P_SAL_H","250-499","M72","D1111","BG",2012,1.9
"EUR","P_SAL_H","250-499","M73","D01","BG",2012,NA
"EUR","P_SAL_H","250-499","M73","D111","BG",2012,NA
"EUR","P_SAL_H","250-499","M73","D1111","BG",2012,NA
"EUR","P_SAL_H","250-499","M74","D01","BG",2012,9.27
"EUR","P_SAL_H","250-499","M74","D111","BG",2012,7.87
"EUR","P_SAL_H","250-499","M74","D1111","BG",2012,7.19
"EUR","P_SAL_H","250-499","N","D01","BG",2012,1.84
"EUR","P_SAL_H","250-499","N","D111","BG",2012,1.62
"EUR","P_SAL_H","250-499","N","D1111","BG",2012,1.49
"EUR","P_SAL_H","250-499","N78","D01","BG",2012,3.28
"EUR","P_SAL_H","250-499","N78","D111","BG",2012,2.77
"EUR","P_SAL_H","250-499","N78","D1111","BG",2012,2.57
"EUR","P_SAL_H","250-499","N80","D01","BG",2012,1.73
"EUR","P_SAL_H","250-499","N80","D111","BG",2012,1.47
"EUR","P_SAL_H","250-499","N80","D1111","BG",2012,1.36
"EUR","P_SAL_H","250-499","N81","D01","BG",2012,1.21
"EUR","P_SAL_H","250-499","N81","D111","BG",2012,1.19
"EUR","P_SAL_H","250-499","N81","D1111","BG",2012,1.08
"EUR","P_SAL_H","250-499","N82","D01","BG",2012,4.69
"EUR","P_SAL_H","250-499","N82","D111","BG",2012,3.94
"EUR","P_SAL_H","250-499","N82","D1111","BG",2012,3.59
"EUR","P_SAL_H","250-499","O","D01","BG",2012,4.67
"EUR","P_SAL_H","250-499","O","D111","BG",2012,3.66
"EUR","P_SAL_H","250-499","O","D1111","BG",2012,3.22
"EUR","P_SAL_H","250-499","O-S","D01","BG",2012,4.23
"EUR","P_SAL_H","250-499","O-S","D111","BG",2012,3.44
"EUR","P_SAL_H","250-499","O-S","D1111","BG",2012,3
"EUR","P_SAL_H","250-499","O84","D01","BG",2012,4.67
"EUR","P_SAL_H","250-499","O84","D111","BG",2012,3.66
"EUR","P_SAL_H","250-499","O84","D1111","BG",2012,3.22
"EUR","P_SAL_H","250-499","P","D01","BG",2012,4.91
"EUR","P_SAL_H","250-499","P","D111","BG",2012,4.08
"EUR","P_SAL_H","250-499","P","D1111","BG",2012,3.39
"EUR","P_SAL_H","250-499","P-S","D01","BG",2012,3.88
"EUR","P_SAL_H","250-499","P-S","D111","BG",2012,3.26
"EUR","P_SAL_H","250-499","P-S","D1111","BG",2012,2.82
"EUR","P_SAL_H","250-499","P85","D01","BG",2012,4.91
"EUR","P_SAL_H","250-499","P85","D111","BG",2012,4.08
"EUR","P_SAL_H","250-499","P85","D1111","BG",2012,3.39
"EUR","P_SAL_H","250-499","Q","D01","BG",2012,3.84
"EUR","P_SAL_H","250-499","Q","D111","BG",2012,3.21
"EUR","P_SAL_H","250-499","Q","D1111","BG",2012,2.82
"EUR","P_SAL_H","250-499","Q86","D01","BG",2012,3.97
"EUR","P_SAL_H","250-499","Q86","D111","BG",2012,3.32
"EUR","P_SAL_H","250-499","Q86","D1111","BG",2012,2.92
"EUR","P_SAL_H","250-499","Q87","D01","BG",2012,NA
"EUR","P_SAL_H","250-499","Q87","D111","BG",2012,NA
"EUR","P_SAL_H","250-499","Q87","D1111","BG",2012,NA
"EUR","P_SAL_H","250-499","Q88","D01","BG",2012,2.37
"EUR","P_SAL_H","250-499","Q88","D111","BG",2012,1.98
"EUR","P_SAL_H","250-499","Q88","D1111","BG",2012,1.68
"EUR","P_SAL_H","250-499","R","D01","BG",2012,2.89
"EUR","P_SAL_H","250-499","R","D111","BG",2012,2.42
"EUR","P_SAL_H","250-499","R","D1111","BG",2012,2.13
"EUR","P_SAL_H","250-499","R90","D01","BG",2012,2.82
"EUR","P_SAL_H","250-499","R90","D111","BG",2012,2.34
"EUR","P_SAL_H","250-499","R90","D1111","BG",2012,2.03
"EUR","P_SAL_H","250-499","R91","D01","BG",2012,NA
"EUR","P_SAL_H","250-499","R91","D111","BG",2012,NA
"EUR","P_SAL_H","250-499","R91","D1111","BG",2012,NA
"EUR","P_SAL_H","250-499","R92","D01","BG",2012,NA
"EUR","P_SAL_H","250-499","R92","D111","BG",2012,NA
"EUR","P_SAL_H","250-499","R92","D1111","BG",2012,NA
"EUR","P_SAL_H","250-499","R93","D01","BG",2012,NA
"EUR","P_SAL_H","250-499","R93","D111","BG",2012,NA
"EUR","P_SAL_H","250-499","R93","D1111","BG",2012,NA
"EUR","P_SAL_H","250-499","S","D01","BG",2012,1.82
"EUR","P_SAL_H","250-499","S","D111","BG",2012,1.81
"EUR","P_SAL_H","250-499","S","D1111","BG",2012,1.69
"EUR","P_SAL_H","250-499","S94","D01","BG",2012,1.82
"EUR","P_SAL_H","250-499","S94","D111","BG",2012,1.81
"EUR","P_SAL_H","250-499","S94","D1111","BG",2012,1.69
"EUR","P_SAL_H","50-249","B","D01","BG",2012,3.82
"EUR","P_SAL_H","50-249","B","D111","BG",2012,3.01
"EUR","P_SAL_H","50-249","B","D1111","BG",2012,2.67
"EUR","P_SAL_H","50-249","B-E","D01","BG",2012,2.63
"EUR","P_SAL_H","50-249","B-E","D111","BG",2012,2.2
"EUR","P_SAL_H","50-249","B-E","D1111","BG",2012,1.99
"EUR","P_SAL_H","50-249","B-F","D01","BG",2012,2.69
"EUR","P_SAL_H","50-249","B-F","D111","BG",2012,2.25
"EUR","P_SAL_H","50-249","B-F","D1111","BG",2012,2.05
"EUR","P_SAL_H","50-249","B-N","D01","BG",2012,3.07
"EUR","P_SAL_H","50-249","B-N","D111","BG",2012,2.61
"EUR","P_SAL_H","50-249","B-N","D1111","BG",2012,2.38
"EUR","P_SAL_H","50-249","B-S","D01","BG",2012,3.18
"EUR","P_SAL_H","50-249","B-S","D111","BG",2012,2.68
"EUR","P_SAL_H","50-249","B-S","D1111","BG",2012,2.41
"EUR","P_SAL_H","50-249","B-S_X_O","D01","BG",2012,3.16
"EUR","P_SAL_H","50-249","B-S_X_O","D111","BG",2012,2.67
"EUR","P_SAL_H","50-249","B-S_X_O","D1111","BG",2012,2.41
"EUR","P_SAL_H","50-249","B05","D01","BG",2012,3.52
"EUR","P_SAL_H","50-249","B05","D111","BG",2012,2.73
"EUR","P_SAL_H","50-249","B05","D1111","BG",2012,2.45
"EUR","P_SAL_H","50-249","B07","D01","BG",2012,4.49
"EUR","P_SAL_H","50-249","B07","D111","BG",2012,3.3
"EUR","P_SAL_H","50-249","B07","D1111","BG",2012,2.84
"EUR","P_SAL_H","50-249","B08","D01","BG",2012,3.7
"EUR","P_SAL_H","50-249","B08","D111","BG",2012,2.99
"EUR","P_SAL_H","50-249","B08","D1111","BG",2012,2.66
"EUR","P_SAL_H","50-249","B09","D01","BG",2012,NA
"EUR","P_SAL_H","50-249","B09","D111","BG",2012,NA
"EUR","P_SAL_H","50-249","B09","D1111","BG",2012,NA
"EUR","P_SAL_H","50-249","C","D01","BG",2012,2.56
"EUR","P_SAL_H","50-249","C","D111","BG",2012,2.14
"EUR","P_SAL_H","50-249","C","D1111","BG",2012,1.95
"EUR","P_SAL_H","50-249","C10","D01","BG",2012,2.41
"EUR","P_SAL_H","50-249","C10","D111","BG",2012,2.03
"EUR","P_SAL_H","50-249","C10","D1111","BG",2012,1.86
"EUR","P_SAL_H","50-249","C11","D01","BG",2012,2.82
"EUR","P_SAL_H","50-249","C11","D111","BG",2012,2.36
"EUR","P_SAL_H","50-249","C11","D1111","BG",2012,2.13
"EUR","P_SAL_H","50-249","C12","D01","BG",2012,3.07
"EUR","P_SAL_H","50-249","C12","D111","BG",2012,2.47
"EUR","P_SAL_H","50-249","C12","D1111","BG",2012,2.27
"EUR","P_SAL_H","50-249","C13","D01","BG",2012,2.29
"EUR","P_SAL_H","50-249","C13","D111","BG",2012,1.88
"EUR","P_SAL_H","50-249","C13","D1111","BG",2012,1.7
"EUR","P_SAL_H","50-249","C14","D01","BG",2012,1.72
"EUR","P_SAL_H","50-249","C14","D111","BG",2012,1.44
"EUR","P_SAL_H","50-249","C14","D1111","BG",2012,1.31
"EUR","P_SAL_H","50-249","C15","D01","BG",2012,1.7
"EUR","P_SAL_H","50-249","C15","D111","BG",2012,1.42
"EUR","P_SAL_H","50-249","C15","D1111","BG",2012,1.29
"EUR","P_SAL_H","50-249","C16","D01","BG",2012,2.13
"EUR","P_SAL_H","50-249","C16","D111","BG",2012,1.79
"EUR","P_SAL_H","50-249","C16","D1111","BG",2012,1.61
"EUR","P_SAL_H","50-249","C17","D01","BG",2012,2.41
"EUR","P_SAL_H","50-249","C17","D111","BG",2012,2.01
"EUR","P_SAL_H","50-249","C17","D1111","BG",2012,1.86
"EUR","P_SAL_H","50-249","C18","D01","BG",2012,3.31
"EUR","P_SAL_H","50-249","C18","D111","BG",2012,2.77
"EUR","P_SAL_H","50-249","C18","D1111","BG",2012,2.51
"EUR","P_SAL_H","50-249","C19","D01","BG",2012,3.74
"EUR","P_SAL_H","50-249","C19","D111","BG",2012,3.12
"EUR","P_SAL_H","50-249","C19","D1111","BG",2012,2.86
"EUR","P_SAL_H","50-249","C20","D01","BG",2012,3.52
"EUR","P_SAL_H","50-249","C20","D111","BG",2012,2.95
"EUR","P_SAL_H","50-249","C20","D1111","BG",2012,2.7
"EUR","P_SAL_H","50-249","C21","D01","BG",2012,3.61
"EUR","P_SAL_H","50-249","C21","D111","BG",2012,3.04
"EUR","P_SAL_H","50-249","C21","D1111","BG",2012,2.78
"EUR","P_SAL_H","50-249","C22","D01","BG",2012,2.63
"EUR","P_SAL_H","50-249","C22","D111","BG",2012,2.22
"EUR","P_SAL_H","50-249","C22","D1111","BG",2012,2.02
"EUR","P_SAL_H","50-249","C23","D01","BG",2012,3.86
"EUR","P_SAL_H","50-249","C23","D111","BG",2012,3.22
"EUR","P_SAL_H","50-249","C23","D1111","BG",2012,2.85
"EUR","P_SAL_H","50-249","C24","D01","BG",2012,3.13
"EUR","P_SAL_H","50-249","C24","D111","BG",2012,2.56
"EUR","P_SAL_H","50-249","C24","D1111","BG",2012,2.3
"EUR","P_SAL_H","50-249","C25","D01","BG",2012,2.89
"EUR","P_SAL_H","50-249","C25","D111","BG",2012,2.43
"EUR","P_SAL_H","50-249","C25","D1111","BG",2012,2.2
"EUR","P_SAL_H","50-249","C26","D01","BG",2012,4.18
"EUR","P_SAL_H","50-249","C26","D111","BG",2012,3.58
"EUR","P_SAL_H","50-249","C26","D1111","BG",2012,3.25
"EUR","P_SAL_H","50-249","C27","D01","BG",2012,3.19
"EUR","P_SAL_H","50-249","C27","D111","BG",2012,2.68
"EUR","P_SAL_H","50-249","C27","D1111","BG",2012,2.46
"EUR","P_SAL_H","50-249","C28","D01","BG",2012,3.48
"EUR","P_SAL_H","50-249","C28","D111","BG",2012,2.9
"EUR","P_SAL_H","50-249","C28","D1111","BG",2012,2.64
"EUR","P_SAL_H","50-249","C29","D01","BG",2012,2.3
"EUR","P_SAL_H","50-249","C29","D111","BG",2012,1.93
"EUR","P_SAL_H","50-249","C29","D1111","BG",2012,1.76
"EUR","P_SAL_H","50-249","C30","D01","BG",2012,3.11
"EUR","P_SAL_H","50-249","C30","D111","BG",2012,2.64
"EUR","P_SAL_H","50-249","C30","D1111","BG",2012,2.39
"EUR","P_SAL_H","50-249","C31","D01","BG",2012,2.14
"EUR","P_SAL_H","50-249","C31","D111","BG",2012,1.8
"EUR","P_SAL_H","50-249","C31","D1111","BG",2012,1.64
"EUR","P_SAL_H","50-249","C32","D01","BG",2012,2.66
"EUR","P_SAL_H","50-249","C32","D111","BG",2012,2.23
"EUR","P_SAL_H","50-249","C32","D1111","BG",2012,2
"EUR","P_SAL_H","50-249","C33","D01","BG",2012,4.31
"EUR","P_SAL_H","50-249","C33","D111","BG",2012,3.62
"EUR","P_SAL_H","50-249","C33","D1111","BG",2012,3.23
"EUR","P_SAL_H","50-249","D","D01","BG",2012,5.72
"EUR","P_SAL_H","50-249","D","D111","BG",2012,4.77
"EUR","P_SAL_H","50-249","D","D1111","BG",2012,3.93
"EUR","P_SAL_H","50-249","D35","D01","BG",2012,5.72
"EUR","P_SAL_H","50-249","D35","D111","BG",2012,4.77
"EUR","P_SAL_H","50-249","D35","D1111","BG",2012,3.93
"EUR","P_SAL_H","50-249","E","D01","BG",2012,2.73
"EUR","P_SAL_H","50-249","E","D111","BG",2012,2.29
"EUR","P_SAL_H","50-249","E","D1111","BG",2012,2.06
"EUR","P_SAL_H","50-249","E36","D01","BG",2012,2.71
"EUR","P_SAL_H","50-249","E36","D111","BG",2012,2.22
"EUR","P_SAL_H","50-249","E36","D1111","BG",2012,1.84
"EUR","P_SAL_H","50-249","E37","D01","BG",2012,NA
"EUR","P_SAL_H","50-249","E37","D111","BG",2012,NA
"EUR","P_SAL_H","50-249","E37","D1111","BG",2012,NA
"EUR","P_SAL_H","50-249","E38","D01","BG",2012,2.7
"EUR","P_SAL_H","50-249","E38","D111","BG",2012,2.28
"EUR","P_SAL_H","50-249","E38","D1111","BG",2012,2.09
"EUR","P_SAL_H","50-249","E39","D01","BG",2012,3
"EUR","P_SAL_H","50-249","E39","D111","BG",2012,2.48
"EUR","P_SAL_H","50-249","E39","D1111","BG",2012,2.08
"EUR","P_SAL_H","50-249","F","D01","BG",2012,2.94
"EUR","P_SAL_H","50-249","F","D111","BG",2012,2.48
"EUR","P_SAL_H","50-249","F","D1111","BG",2012,2.28
"EUR","P_SAL_H","50-249","F41","D01","BG",2012,2.66
"EUR","P_SAL_H","50-249","F41","D111","BG",2012,2.25
"EUR","P_SAL_H","50-249","F41","D1111","BG",2012,2.08
"EUR","P_SAL_H","50-249","F42","D01","BG",2012,3.16
"EUR","P_SAL_H","50-249","F42","D111","BG",2012,2.65
"EUR","P_SAL_H","50-249","F42","D1111","BG",2012,2.43
"EUR","P_SAL_H","50-249","F43","D01","BG",2012,3.17
"EUR","P_SAL_H","50-249","F43","D111","BG",2012,2.66
"EUR","P_SAL_H","50-249","F43","D1111","BG",2012,2.48
"EUR","P_SAL_H","50-249","G","D01","BG",2012,3.45
"EUR","P_SAL_H","50-249","G","D111","BG",2012,2.95
"EUR","P_SAL_H","50-249","G","D1111","BG",2012,2.72
"EUR","P_SAL_H","50-249","G-J","D01","BG",2012,3.68
"EUR","P_SAL_H","50-249","G-J","D111","BG",2012,3.15
"EUR","P_SAL_H","50-249","G-J","D1111","BG",2012,2.9
"EUR","P_SAL_H","50-249","G-N","D01","BG",2012,3.52
"EUR","P_SAL_H","50-249","G-N","D111","BG",2012,3.03
"EUR","P_SAL_H","50-249","G-N","D1111","BG",2012,2.78
"EUR","P_SAL_H","50-249","G-S_X_O","D01","BG",2012,3.51
"EUR","P_SAL_H","50-249","G-S_X_O","D111","BG",2012,2.98
"EUR","P_SAL_H","50-249","G-S_X_O","D1111","BG",2012,2.67
"EUR","P_SAL_H","50-249","G45","D01","BG",2012,4.45
"EUR","P_SAL_H","50-249","G45","D111","BG",2012,3.83
"EUR","P_SAL_H","50-249","G45","D1111","BG",2012,3.47
"EUR","P_SAL_H","50-249","G46","D01","BG",2012,3.85
"EUR","P_SAL_H","50-249","G46","D111","BG",2012,3.31
"EUR","P_SAL_H","50-249","G46","D1111","BG",2012,3.05
"EUR","P_SAL_H","50-249","G47","D01","BG",2012,2.72
"EUR","P_SAL_H","50-249","G47","D111","BG",2012,2.3
"EUR","P_SAL_H","50-249","G47","D1111","BG",2012,2.13
"EUR","P_SAL_H","50-249","H","D01","BG",2012,3.32
"EUR","P_SAL_H","50-249","H","D111","BG",2012,2.75
"EUR","P_SAL_H","50-249","H","D1111","BG",2012,2.49
"EUR","P_SAL_H","50-249","H49","D01","BG",2012,2.33
"EUR","P_SAL_H","50-249","H49","D111","BG",2012,1.89
"EUR","P_SAL_H","50-249","H49","D1111","BG",2012,1.74
"EUR","P_SAL_H","50-249","H50","D01","BG",2012,4.72
"EUR","P_SAL_H","50-249","H50","D111","BG",2012,3.87
"EUR","P_SAL_H","50-249","H50","D1111","BG",2012,3.4
"EUR","P_SAL_H","50-249","H51","D01","BG",2012,9.29
"EUR","P_SAL_H","50-249","H51","D111","BG",2012,7.7
"EUR","P_SAL_H","50-249","H51","D1111","BG",2012,6.85
"EUR","P_SAL_H","50-249","H52","D01","BG",2012,5.27
"EUR","P_SAL_H","50-249","H52","D111","BG",2012,4.54
"EUR","P_SAL_H","50-249","H52","D1111","BG",2012,3.98
"EUR","P_SAL_H","50-249","H53","D01","BG",2012,2.99
"EUR","P_SAL_H","50-249","H53","D111","BG",2012,2.49
"EUR","P_SAL_H","50-249","H53","D1111","BG",2012,2.31
"EUR","P_SAL_H","50-249","I","D01","BG",2012,2.54
"EUR","P_SAL_H","50-249","I","D111","BG",2012,2.13
"EUR","P_SAL_H","50-249","I","D1111","BG",2012,1.99
"EUR","P_SAL_H","50-249","I55","D01","BG",2012,2.78
"EUR","P_SAL_H","50-249","I55","D111","BG",2012,2.34
"EUR","P_SAL_H","50-249","I55","D1111","BG",2012,2.19
"EUR","P_SAL_H","50-249","I56","D01","BG",2012,2.08
"EUR","P_SAL_H","50-249","I56","D111","BG",2012,1.74
"EUR","P_SAL_H","50-249","I56","D1111","BG",2012,1.63
"EUR","P_SAL_H","50-249","J","D01","BG",2012,7.16
"EUR","P_SAL_H","50-249","J","D111","BG",2012,6.28
"EUR","P_SAL_H","50-249","J","D1111","BG",2012,5.79
"EUR","P_SAL_H","50-249","J58","D01","BG",2012,4.21
"EUR","P_SAL_H","50-249","J58","D111","BG",2012,3.62
"EUR","P_SAL_H","50-249","J58","D1111","BG",2012,3.34
"EUR","P_SAL_H","50-249","J59","D01","BG",2012,5.17
"EUR","P_SAL_H","50-249","J59","D111","BG",2012,4.54
"EUR","P_SAL_H","50-249","J59","D1111","BG",2012,4.15
"EUR","P_SAL_H","50-249","J60","D01","BG",2012,4.65
"EUR","P_SAL_H","50-249","J60","D111","BG",2012,4
"EUR","P_SAL_H","50-249","J60","D1111","BG",2012,3.68
"EUR","P_SAL_H","50-249","J61","D01","BG",2012,5.97
"EUR","P_SAL_H","50-249","J61","D111","BG",2012,5.09
"EUR","P_SAL_H","50-249","J61","D1111","BG",2012,4.73
"EUR","P_SAL_H","50-249","J62","D01","BG",2012,9.51
"EUR","P_SAL_H","50-249","J62","D111","BG",2012,8.45
"EUR","P_SAL_H","50-249","J62","D1111","BG",2012,7.79
"EUR","P_SAL_H","50-249","J63","D01","BG",2012,4.99
"EUR","P_SAL_H","50-249","J63","D111","BG",2012,4.26
"EUR","P_SAL_H","50-249","J63","D1111","BG",2012,3.88
"EUR","P_SAL_H","50-249","K","D01","BG",2012,7
"EUR","P_SAL_H","50-249","K","D111","BG",2012,6.04
"EUR","P_SAL_H","50-249","K","D1111","BG",2012,5.4
"EUR","P_SAL_H","50-249","K-N","D01","BG",2012,3.18
"EUR","P_SAL_H","50-249","K-N","D111","BG",2012,2.8
"EUR","P_SAL_H","50-249","K-N","D1111","BG",2012,2.54
"EUR","P_SAL_H","50-249","K64","D01","BG",2012,7.66
"EUR","P_SAL_H","50-249","K64","D111","BG",2012,6.6
"EUR","P_SAL_H","50-249","K64","D1111","BG",2012,5.77
"EUR","P_SAL_H","50-249","K65","D01","BG",2012,6.86
"EUR","P_SAL_H","50-249","K65","D111","BG",2012,5.99
"EUR","P_SAL_H","50-249","K65","D1111","BG",2012,5.51
"EUR","P_SAL_H","50-249","K66","D01","BG",2012,NA
"EUR","P_SAL_H","50-249","K66","D111","BG",2012,NA
"EUR","P_SAL_H","50-249","K66","D1111","BG",2012,NA
"EUR","P_SAL_H","50-249","L","D01","BG",2012,2.98
"EUR","P_SAL_H","50-249","L","D111","BG",2012,2.53
"EUR","P_SAL_H","50-249","L","D1111","BG",2012,2.28
"EUR","P_SAL_H","50-249","L68","D01","BG",2012,2.98
"EUR","P_SAL_H","50-249","L68","D111","BG",2012,2.53
"EUR","P_SAL_H","50-249","L68","D1111","BG",2012,2.28
"EUR","P_SAL_H","50-249","M","D01","BG",2012,5.65
"EUR","P_SAL_H","50-249","M","D111","BG",2012,4.89
"EUR","P_SAL_H","50-249","M","D1111","BG",2012,4.42
"EUR","P_SAL_H","50-249","M69","D01","BG",2012,NA
"EUR","P_SAL_H","50-249","M69","D111","BG",2012,NA
"EUR","P_SAL_H","50-249","M69","D1111","BG",2012,NA
"EUR","P_SAL_H","50-249","M70","D01","BG",2012,6.81
"EUR","P_SAL_H","50-249","M70","D111","BG",2012,6.02
"EUR","P_SAL_H","50-249","M70","D1111","BG",2012,5.49
"EUR","P_SAL_H","50-249","M71","D01","BG",2012,7.32
"EUR","P_SAL_H","50-249","M71","D111","BG",2012,6.3
"EUR","P_SAL_H","50-249","M71","D1111","BG",2012,5.75
"EUR","P_SAL_H","50-249","M72","D01","BG",2012,3.55
"EUR","P_SAL_H","50-249","M72","D111","BG",2012,3.01
"EUR","P_SAL_H","50-249","M72","D1111","BG",2012,2.62
"EUR","P_SAL_H","50-249","M73","D01","BG",2012,NA
"EUR","P_SAL_H","50-249","M73","D111","BG",2012,NA
"EUR","P_SAL_H","50-249","M73","D1111","BG",2012,NA
"EUR","P_SAL_H","50-249","M74","D01","BG",2012,5.91
"EUR","P_SAL_H","50-249","M74","D111","BG",2012,5.11
"EUR","P_SAL_H","50-249","M74","D1111","BG",2012,4.6
"EUR","P_SAL_H","50-249","N","D01","BG",2012,1.55
"EUR","P_SAL_H","50-249","N","D111","BG",2012,1.42
"EUR","P_SAL_H","50-249","N","D1111","BG",2012,1.31
"EUR","P_SAL_H","50-249","N77","D01","BG",2012,3.05
"EUR","P_SAL_H","50-249","N77","D111","BG",2012,2.56
"EUR","P_SAL_H","50-249","N77","D1111","BG",2012,2.33
"EUR","P_SAL_H","50-249","N78","D01","BG",2012,2.8
"EUR","P_SAL_H","50-249","N78","D111","BG",2012,2.34
"EUR","P_SAL_H","50-249","N78","D1111","BG",2012,2.21
"EUR","P_SAL_H","50-249","N79","D01","BG",2012,3.29
"EUR","P_SAL_H","50-249","N79","D111","BG",2012,2.8
"EUR","P_SAL_H","50-249","N79","D1111","BG",2012,2.64
"EUR","P_SAL_H","50-249","N80","D01","BG",2012,1.52
"EUR","P_SAL_H","50-249","N80","D111","BG",2012,1.29
"EUR","P_SAL_H","50-249","N80","D1111","BG",2012,1.2
"EUR","P_SAL_H","50-249","N81","D01","BG",2012,1.21
"EUR","P_SAL_H","50-249","N81","D111","BG",2012,1.23
"EUR","P_SAL_H","50-249","N81","D1111","BG",2012,1.13
"EUR","P_SAL_H","50-249","N82","D01","BG",2012,3.11
"EUR","P_SAL_H","50-249","N82","D111","BG",2012,2.65
"EUR","P_SAL_H","50-249","N82","D1111","BG",2012,2.41
"EUR","P_SAL_H","50-249","O","D01","BG",2012,3.48
"EUR","P_SAL_H","50-249","O","D111","BG",2012,2.76
"EUR","P_SAL_H","50-249","O","D1111","BG",2012,2.4
"EUR","P_SAL_H","50-249","O-S","D01","BG",2012,3.48
"EUR","P_SAL_H","50-249","O-S","D111","BG",2012,2.86
"EUR","P_SAL_H","50-249","O-S","D1111","BG",2012,2.46
"EUR","P_SAL_H","50-249","O84","D01","BG",2012,3.48
"EUR","P_SAL_H","50-249","O84","D111","BG",2012,2.76
"EUR","P_SAL_H","50-249","O84","D1111","BG",2012,2.4
"EUR","P_SAL_H","50-249","P","D01","BG",2012,3.65
"EUR","P_SAL_H","50-249","P","D111","BG",2012,2.98
"EUR","P_SAL_H","50-249","P","D1111","BG",2012,2.44
"EUR","P_SAL_H","50-249","P-S","D01","BG",2012,3.48
"EUR","P_SAL_H","50-249","P-S","D111","BG",2012,2.9
"EUR","P_SAL_H","50-249","P-S","D1111","BG",2012,2.49
"EUR","P_SAL_H","50-249","P85","D01","BG",2012,3.65
"EUR","P_SAL_H","50-249","P85","D111","BG",2012,2.98
"EUR","P_SAL_H","50-249","P85","D1111","BG",2012,2.44
"EUR","P_SAL_H","50-249","Q","D01","BG",2012,3.35
"EUR","P_SAL_H","50-249","Q","D111","BG",2012,2.83
"EUR","P_SAL_H","50-249","Q","D1111","BG",2012,2.52
"EUR","P_SAL_H","50-249","Q86","D01","BG",2012,3.96
"EUR","P_SAL_H","50-249","Q86","D111","BG",2012,3.36
"EUR","P_SAL_H","50-249","Q86","D1111","BG",2012,3.02
"EUR","P_SAL_H","50-249","Q87","D01","BG",2012,2.14
"EUR","P_SAL_H","50-249","Q87","D111","BG",2012,1.78
"EUR","P_SAL_H","50-249","Q87","D1111","BG",2012,1.53
"EUR","P_SAL_H","50-249","Q88","D01","BG",2012,1.97
"EUR","P_SAL_H","50-249","Q88","D111","BG",2012,1.65
"EUR","P_SAL_H","50-249","Q88","D1111","BG",2012,1.43
"EUR","P_SAL_H","50-249","R","D01","BG",2012,3.38
"EUR","P_SAL_H","50-249","R","D111","BG",2012,2.95
"EUR","P_SAL_H","50-249","R","D1111","BG",2012,2.69
"EUR","P_SAL_H","50-249","R90","D01","BG",2012,2.35
"EUR","P_SAL_H","50-249","R90","D111","BG",2012,1.93
"EUR","P_SAL_H","50-249","R90","D1111","BG",2012,1.68
"EUR","P_SAL_H","50-249","R91","D01","BG",2012,2.44
"EUR","P_SAL_H","50-249","R91","D111","BG",2012,2.01
"EUR","P_SAL_H","50-249","R91","D1111","BG",2012,1.74
"EUR","P_SAL_H","50-249","R92","D01","BG",2012,2.36
"EUR","P_SAL_H","50-249","R92","D111","BG",2012,1.99
"EUR","P_SAL_H","50-249","R92","D1111","BG",2012,1.82
"EUR","P_SAL_H","50-249","R93","D01","BG",2012,NA
"EUR","P_SAL_H","50-249","R93","D111","BG",2012,NA
"EUR","P_SAL_H","50-249","R93","D1111","BG",2012,NA
"EUR","P_SAL_H","50-249","S","D01","BG",2012,2.9
"EUR","P_SAL_H","50-249","S","D111","BG",2012,2.44
"EUR","P_SAL_H","50-249","S","D1111","BG",2012,2.18
"EUR","P_SAL_H","50-249","S94","D01","BG",2012,3.01
"EUR","P_SAL_H","50-249","S94","D111","BG",2012,2.53
"EUR","P_SAL_H","50-249","S94","D1111","BG",2012,2.25
"EUR","P_SAL_H","50-249","S95","D01","BG",2012,NA
"EUR","P_SAL_H","50-249","S95","D111","BG",2012,NA
"EUR","P_SAL_H","50-249","S95","D1111","BG",2012,NA
"EUR","P_SAL_H","50-249","S96","D01","BG",2012,2.15
"EUR","P_SAL_H","50-249","S96","D111","BG",2012,1.8
"EUR","P_SAL_H","50-249","S96","D1111","BG",2012,1.63
"EUR","P_SAL_H","500-999","B","D01","BG",2012,3.82
"EUR","P_SAL_H","500-999","B","D111","BG",2012,2.94
"EUR","P_SAL_H","500-999","B","D1111","BG",2012,2.63
"EUR","P_SAL_H","500-999","B-E","D01","BG",2012,3.72
"EUR","P_SAL_H","500-999","B-E","D111","BG",2012,3.05
"EUR","P_SAL_H","500-999","B-E","D1111","BG",2012,2.67
"EUR","P_SAL_H","500-999","B-F","D01","BG",2012,3.81
"EUR","P_SAL_H","500-999","B-F","D111","BG",2012,3.14
"EUR","P_SAL_H","500-999","B-F","D1111","BG",2012,2.77
"EUR","P_SAL_H","500-999","B-N","D01","BG",2012,3.87
"EUR","P_SAL_H","500-999","B-N","D111","BG",2012,3.23
"EUR","P_SAL_H","500-999","B-N","D1111","BG",2012,2.87
"EUR","P_SAL_H","500-999","B-S","D01","BG",2012,3.96
"EUR","P_SAL_H","500-999","B-S","D111","BG",2012,3.29
"EUR","P_SAL_H","500-999","B-S","D1111","BG",2012,2.92
"EUR","P_SAL_H","500-999","B-S_X_O","D01","BG",2012,3.88
"EUR","P_SAL_H","500-999","B-S_X_O","D111","BG",2012,3.24
"EUR","P_SAL_H","500-999","B-S_X_O","D1111","BG",2012,2.87
"EUR","P_SAL_H","500-999","B05","D01","BG",2012,NA
"EUR","P_SAL_H","500-999","B05","D111","BG",2012,NA
"EUR","P_SAL_H","500-999","B05","D1111","BG",2012,NA
"EUR","P_SAL_H","500-999","B06","D01","BG",2012,NA
"EUR","P_SAL_H","500-999","B06","D111","BG",2012,NA
"EUR","P_SAL_H","500-999","B06","D1111","BG",2012,NA
"EUR","P_SAL_H","500-999","B07","D01","BG",2012,NA
"EUR","P_SAL_H","500-999","B07","D111","BG",2012,NA
"EUR","P_SAL_H","500-999","B07","D1111","BG",2012,NA
"EUR","P_SAL_H","500-999","B08","D01","BG",2012,NA
"EUR","P_SAL_H","500-999","B08","D111","BG",2012,NA
"EUR","P_SAL_H","500-999","B08","D1111","BG",2012,NA
"EUR","P_SAL_H","500-999","C","D01","BG",2012,3.74
"EUR","P_SAL_H","500-999","C","D111","BG",2012,3.07
"EUR","P_SAL_H","500-999","C","D1111","BG",2012,2.7
"EUR","P_SAL_H","500-999","C10","D01","BG",2012,3.82
"EUR","P_SAL_H","500-999","C10","D111","BG",2012,3.25
"EUR","P_SAL_H","500-999","C10","D1111","BG",2012,2.92
"EUR","P_SAL_H","500-999","C11","D01","BG",2012,4.1
"EUR","P_SAL_H","500-999","C11","D111","BG",2012,3.44
"EUR","P_SAL_H","500-999","C11","D1111","BG",2012,3.02
"EUR","P_SAL_H","500-999","C12","D01","BG",2012,NA
"EUR","P_SAL_H","500-999","C12","D111","BG",2012,NA
"EUR","P_SAL_H","500-999","C12","D1111","BG",2012,NA
"EUR","P_SAL_H","500-999","C13","D01","BG",2012,NA
"EUR","P_SAL_H","500-999","C13","D111","BG",2012,NA
"EUR","P_SAL_H","500-999","C13","D1111","BG",2012,NA
"EUR","P_SAL_H","500-999","C14","D01","BG",2012,2.05
"EUR","P_SAL_H","500-999","C14","D111","BG",2012,1.72
"EUR","P_SAL_H","500-999","C14","D1111","BG",2012,1.53
"EUR","P_SAL_H","500-999","C15","D01","BG",2012,NA
"EUR","P_SAL_H","500-999","C15","D111","BG",2012,NA
"EUR","P_SAL_H","500-999","C15","D1111","BG",2012,NA
"EUR","P_SAL_H","500-999","C16","D01","BG",2012,NA
"EUR","P_SAL_H","500-999","C16","D111","BG",2012,NA
"EUR","P_SAL_H","500-999","C16","D1111","BG",2012,NA
"EUR","P_SAL_H","500-999","C17","D01","BG",2012,NA
"EUR","P_SAL_H","500-999","C17","D111","BG",2012,NA
"EUR","P_SAL_H","500-999","C17","D1111","BG",2012,NA
"EUR","P_SAL_H","500-999","C20","D01","BG",2012,NA
"EUR","P_SAL_H","500-999","C20","D111","BG",2012,NA
"EUR","P_SAL_H","500-999","C20","D1111","BG",2012,NA
"EUR","P_SAL_H","500-999","C21","D01","BG",2012,NA
"EUR","P_SAL_H","500-999","C21","D111","BG",2012,NA
"EUR","P_SAL_H","500-999","C21","D1111","BG",2012,NA
"EUR","P_SAL_H","500-999","C22","D01","BG",2012,2.55
"EUR","P_SAL_H","500-999","C22","D111","BG",2012,2.13
"EUR","P_SAL_H","500-999","C22","D1111","BG",2012,1.94
"EUR","P_SAL_H","500-999","C23","D01","BG",2012,4.04
"EUR","P_SAL_H","500-999","C23","D111","BG",2012,3.29
"EUR","P_SAL_H","500-999","C23","D1111","BG",2012,2.82
"EUR","P_SAL_H","500-999","C24","D01","BG",2012,6.61
"EUR","P_SAL_H","500-999","C24","D111","BG",2012,5.27
"EUR","P_SAL_H","500-999","C24","D1111","BG",2012,4.67
"EUR","P_SAL_H","500-999","C25","D01","BG",2012,3.12
"EUR","P_SAL_H","500-999","C25","D111","BG",2012,2.62
"EUR","P_SAL_H","500-999","C25","D1111","BG",2012,2.26
"EUR","P_SAL_H","500-999","C27","D01","BG",2012,4.12
"EUR","P_SAL_H","500-999","C27","D111","BG",2012,3.24
"EUR","P_SAL_H","500-999","C27","D1111","BG",2012,2.82
"EUR","P_SAL_H","500-999","C28","D01","BG",2012,3.23
"EUR","P_SAL_H","500-999","C28","D111","BG",2012,2.7
"EUR","P_SAL_H","500-999","C28","D1111","BG",2012,2.42
"EUR","P_SAL_H","500-999","C29","D01","BG",2012,3.1
"EUR","P_SAL_H","500-999","C29","D111","BG",2012,2.6
"EUR","P_SAL_H","500-999","C29","D1111","BG",2012,2.23
"EUR","P_SAL_H","500-999","C30","D01","BG",2012,3.12
"EUR","P_SAL_H","500-999","C30","D111","BG",2012,2.6
"EUR","P_SAL_H","500-999","C30","D1111","BG",2012,2.39
"EUR","P_SAL_H","500-999","C31","D01","BG",2012,NA
"EUR","P_SAL_H","500-999","C31","D111","BG",2012,NA
"EUR","P_SAL_H","500-999","C31","D1111","BG",2012,NA
"EUR","P_SAL_H","500-999","C32","D01","BG",2012,2.91
"EUR","P_SAL_H","500-999","C32","D111","BG",2012,2.42
"EUR","P_SAL_H","500-999","C32","D1111","BG",2012,2.15
"EUR","P_SAL_H","500-999","C33","D01","BG",2012,5.23
"EUR","P_SAL_H","500-999","C33","D111","BG",2012,4.31
"EUR","P_SAL_H","500-999","C33","D1111","BG",2012,3.72
"EUR","P_SAL_H","500-999","D","D01","BG",2012,3.85
"EUR","P_SAL_H","500-999","D","D111","BG",2012,3.02
"EUR","P_SAL_H","500-999","D","D1111","BG",2012,2.69
"EUR","P_SAL_H","500-999","D35","D01","BG",2012,3.85
"EUR","P_SAL_H","500-999","D35","D111","BG",2012,3.02
"EUR","P_SAL_H","500-999","D35","D1111","BG",2012,2.69
"EUR","P_SAL_H","500-999","E","D01","BG",2012,3.48
"EUR","P_SAL_H","500-999","E","D111","BG",2012,2.91
"EUR","P_SAL_H","500-999","E","D1111","BG",2012,2.41
"EUR","P_SAL_H","500-999","E36","D01","BG",2012,3.08
"EUR","P_SAL_H","500-999","E36","D111","BG",2012,2.55
"EUR","P_SAL_H","500-999","E36","D1111","BG",2012,2.03
"EUR","P_SAL_H","500-999","E38","D01","BG",2012,4.46
"EUR","P_SAL_H","500-999","E38","D111","BG",2012,3.77
"EUR","P_SAL_H","500-999","E38","D1111","BG",2012,3.34
"EUR","P_SAL_H","500-999","F","D01","BG",2012,NA
"EUR","P_SAL_H","500-999","F","D111","BG",2012,NA
"EUR","P_SAL_H","500-999","F","D1111","BG",2012,NA
"EUR","P_SAL_H","500-999","F41","D01","BG",2012,3.96
"EUR","P_SAL_H","500-999","F41","D111","BG",2012,3.39
"EUR","P_SAL_H","500-999","F41","D1111","BG",2012,3.16
"EUR","P_SAL_H","500-999","F42","D01","BG",2012,4.25
"EUR","P_SAL_H","500-999","F42","D111","BG",2012,3.56
"EUR","P_SAL_H","500-999","F42","D1111","BG",2012,3.2
"EUR","P_SAL_H","500-999","F43","D01","BG",2012,NA
"EUR","P_SAL_H","500-999","F43","D111","BG",2012,NA
"EUR","P_SAL_H","500-999","F43","D1111","BG",2012,NA
"EUR","P_SAL_H","500-999","G","D01","BG",2012,3.95
"EUR","P_SAL_H","500-999","G","D111","BG",2012,3.35
"EUR","P_SAL_H","500-999","G","D1111","BG",2012,3.07
"EUR","P_SAL_H","500-999","G-J","D01","BG",2012,4.37
"EUR","P_SAL_H","500-999","G-J","D111","BG",2012,3.7
"EUR","P_SAL_H","500-999","G-J","D1111","BG",2012,3.27
"EUR","P_SAL_H","500-999","G-N","D01","BG",2012,3.97
"EUR","P_SAL_H","500-999","G-N","D111","BG",2012,3.36
"EUR","P_SAL_H","500-999","G-N","D1111","BG",2012,3.02
"EUR","P_SAL_H","500-999","G-S_X_O","D01","BG",2012,3.95
"EUR","P_SAL_H","500-999","G-S_X_O","D111","BG",2012,3.34
"EUR","P_SAL_H","500-999","G-S_X_O","D1111","BG",2012,2.96
"EUR","P_SAL_H","500-999","G45","D01","BG",2012,4.28
"EUR","P_SAL_H","500-999","G45","D111","BG",2012,3.6
"EUR","P_SAL_H","500-999","G45","D1111","BG",2012,3.33
"EUR","P_SAL_H","500-999","G46","D01","BG",2012,NA
"EUR","P_SAL_H","500-999","G46","D111","BG",2012,NA
"EUR","P_SAL_H","500-999","G46","D1111","BG",2012,NA
"EUR","P_SAL_H","500-999","G47","D01","BG",2012,3.24
"EUR","P_SAL_H","500-999","G47","D111","BG",2012,2.72
"EUR","P_SAL_H","500-999","G47","D1111","BG",2012,2.5
"EUR","P_SAL_H","500-999","H","D01","BG",2012,3.7
"EUR","P_SAL_H","500-999","H","D111","BG",2012,3.08
"EUR","P_SAL_H","500-999","H","D1111","BG",2012,2.66
"EUR","P_SAL_H","500-999","H49","D01","BG",2012,2.97
"EUR","P_SAL_H","500-999","H49","D111","BG",2012,2.4
"EUR","P_SAL_H","500-999","H49","D1111","BG",2012,1.99
"EUR","P_SAL_H","500-999","H50","D01","BG",2012,NA
"EUR","P_SAL_H","500-999","H50","D111","BG",2012,NA
"EUR","P_SAL_H","500-999","H50","D1111","BG",2012,NA
"EUR","P_SAL_H","500-999","H51","D01","BG",2012,NA
"EUR","P_SAL_H","500-999","H51","D111","BG",2012,NA
"EUR","P_SAL_H","500-999","H51","D1111","BG",2012,NA
"EUR","P_SAL_H","500-999","H52","D01","BG",2012,NA
"EUR","P_SAL_H","500-999","H52","D111","BG",2012,NA
"EUR","P_SAL_H","500-999","H52","D1111","BG",2012,NA
"EUR","P_SAL_H","500-999","H53","D01","BG",2012,4.08
"EUR","P_SAL_H","500-999","H53","D111","BG",2012,3.5
"EUR","P_SAL_H","500-999","H53","D1111","BG",2012,3.28
"EUR","P_SAL_H","500-999","I","D01","BG",2012,NA
"EUR","P_SAL_H","500-999","I","D111","BG",2012,NA
"EUR","P_SAL_H","500-999","I","D1111","BG",2012,NA
"EUR","P_SAL_H","500-999","I55","D01","BG",2012,2.57
"EUR","P_SAL_H","500-999","I55","D111","BG",2012,2.09
"EUR","P_SAL_H","500-999","I55","D1111","BG",2012,1.88
"EUR","P_SAL_H","500-999","I56","D01","BG",2012,NA
"EUR","P_SAL_H","500-999","I56","D111","BG",2012,NA
"EUR","P_SAL_H","500-999","I56","D1111","BG",2012,NA
"EUR","P_SAL_H","500-999","J","D01","BG",2012,11.36
"EUR","P_SAL_H","500-999","J","D111","BG",2012,9.93
"EUR","P_SAL_H","500-999","J","D1111","BG",2012,8.28
"EUR","P_SAL_H","500-999","J58","D01","BG",2012,NA
"EUR","P_SAL_H","500-999","J58","D111","BG",2012,NA
"EUR","P_SAL_H","500-999","J58","D1111","BG",2012,NA
"EUR","P_SAL_H","500-999","J60","D01","BG",2012,NA
"EUR","P_SAL_H","500-999","J60","D111","BG",2012,NA
"EUR","P_SAL_H","500-999","J60","D1111","BG",2012,NA
"EUR","P_SAL_H","500-999","J61","D01","BG",2012,NA
"EUR","P_SAL_H","500-999","J61","D111","BG",2012,NA
"EUR","P_SAL_H","500-999","J61","D1111","BG",2012,NA
"EUR","P_SAL_H","500-999","J62","D01","BG",2012,NA
"EUR","P_SAL_H","500-999","J62","D111","BG",2012,NA
"EUR","P_SAL_H","500-999","J62","D1111","BG",2012,NA
"EUR","P_SAL_H","500-999","K","D01","BG",2012,5.96
"EUR","P_SAL_H","500-999","K","D111","BG",2012,5.04
"EUR","P_SAL_H","500-999","K","D1111","BG",2012,4.65
"EUR","P_SAL_H","500-999","K-N","D01","BG",2012,3.56
"EUR","P_SAL_H","500-999","K-N","D111","BG",2012,3.01
"EUR","P_SAL_H","500-999","K-N","D1111","BG",2012,2.78
"EUR","P_SAL_H","500-999","K64","D01","BG",2012,5.79
"EUR","P_SAL_H","500-999","K64","D111","BG",2012,4.86
"EUR","P_SAL_H","500-999","K64","D1111","BG",2012,4.46
"EUR","P_SAL_H","500-999","K65","D01","BG",2012,6.64
"EUR","P_SAL_H","500-999","K65","D111","BG",2012,5.75
"EUR","P_SAL_H","500-999","K65","D1111","BG",2012,5.38
"EUR","P_SAL_H","500-999","M","D01","BG",2012,5.67
"EUR","P_SAL_H","500-999","M","D111","BG",2012,4.73
"EUR","P_SAL_H","500-999","M","D1111","BG",2012,4.17
"EUR","P_SAL_H","500-999","M70","D01","BG",2012,NA
"EUR","P_SAL_H","500-999","M70","D111","BG",2012,NA
"EUR","P_SAL_H","500-999","M70","D1111","BG",2012,NA
"EUR","P_SAL_H","500-999","M73","D01","BG",2012,NA
"EUR","P_SAL_H","500-999","M73","D111","BG",2012,NA
"EUR","P_SAL_H","500-999","M73","D1111","BG",2012,NA
"EUR","P_SAL_H","500-999","N","D01","BG",2012,2.17
"EUR","P_SAL_H","500-999","N","D111","BG",2012,1.84
"EUR","P_SAL_H","500-999","N","D1111","BG",2012,1.71
"EUR","P_SAL_H","500-999","N78","D01","BG",2012,NA
"EUR","P_SAL_H","500-999","N78","D111","BG",2012,NA
"EUR","P_SAL_H","500-999","N78","D1111","BG",2012,NA
"EUR","P_SAL_H","500-999","N80","D01","BG",2012,1.4
"EUR","P_SAL_H","500-999","N80","D111","BG",2012,1.18
"EUR","P_SAL_H","500-999","N80","D1111","BG",2012,1.1
"EUR","P_SAL_H","500-999","N81","D01","BG",2012,1.6
"EUR","P_SAL_H","500-999","N81","D111","BG",2012,1.33
"EUR","P_SAL_H","500-999","N81","D1111","BG",2012,1.23
"EUR","P_SAL_H","500-999","N82","D01","BG",2012,5.37
"EUR","P_SAL_H","500-999","N82","D111","BG",2012,4.61
"EUR","P_SAL_H","500-999","N82","D1111","BG",2012,4.29
"EUR","P_SAL_H","500-999","O","D01","BG",2012,5.53
"EUR","P_SAL_H","500-999","O","D111","BG",2012,4.38
"EUR","P_SAL_H","500-999","O","D1111","BG",2012,3.98
"EUR","P_SAL_H","500-999","O-S","D01","BG",2012,4.28
"EUR","P_SAL_H","500-999","O-S","D111","BG",2012,3.53
"EUR","P_SAL_H","500-999","O-S","D1111","BG",2012,3.1
"EUR","P_SAL_H","500-999","O84","D01","BG",2012,5.53
"EUR","P_SAL_H","500-999","O84","D111","BG",2012,4.38
"EUR","P_SAL_H","500-999","O84","D1111","BG",2012,3.98
"EUR","P_SAL_H","500-999","P","D01","BG",2012,4.92
"EUR","P_SAL_H","500-999","P","D111","BG",2012,4.12
"EUR","P_SAL_H","500-999","P","D1111","BG",2012,3.47
"EUR","P_SAL_H","500-999","P-S","D01","BG",2012,3.93
"EUR","P_SAL_H","500-999","P-S","D111","BG",2012,3.29
"EUR","P_SAL_H","500-999","P-S","D1111","BG",2012,2.85
"EUR","P_SAL_H","500-999","P85","D01","BG",2012,4.92
"EUR","P_SAL_H","500-999","P85","D111","BG",2012,4.12
"EUR","P_SAL_H","500-999","P85","D1111","BG",2012,3.47
"EUR","P_SAL_H","500-999","Q","D01","BG",2012,3.44
"EUR","P_SAL_H","500-999","Q","D111","BG",2012,2.88
"EUR","P_SAL_H","500-999","Q","D1111","BG",2012,2.55
"EUR","P_SAL_H","500-999","Q86","D01","BG",2012,3.65
"EUR","P_SAL_H","500-999","Q86","D111","BG",2012,3.06
"EUR","P_SAL_H","500-999","Q86","D1111","BG",2012,2.7
"EUR","P_SAL_H","500-999","Q87","D01","BG",2012,NA
"EUR","P_SAL_H","500-999","Q87","D111","BG",2012,NA
"EUR","P_SAL_H","500-999","Q87","D1111","BG",2012,NA
"EUR","P_SAL_H","500-999","Q88","D01","BG",2012,NA
"EUR","P_SAL_H","500-999","Q88","D111","BG",2012,NA
"EUR","P_SAL_H","500-999","Q88","D1111","BG",2012,NA
"EUR","P_SAL_H","GE10","B","D01","BG",2012,6.52
"EUR","P_SAL_H","GE10","B","D111","BG",2012,4.96
"EUR","P_SAL_H","GE10","B","D1111","BG",2012,4.2
"EUR","P_SAL_H","GE10","B-E","D01","BG",2012,3.29
"EUR","P_SAL_H","GE10","B-E","D111","BG",2012,2.71
"EUR","P_SAL_H","GE10","B-E","D1111","BG",2012,2.36
"EUR","P_SAL_H","GE10","B-F","D01","BG",2012,3.24
"EUR","P_SAL_H","GE10","B-F","D111","BG",2012,2.67
"EUR","P_SAL_H","GE10","B-F","D1111","BG",2012,2.35
"EUR","P_SAL_H","GE10","B-N","D01","BG",2012,3.43
"EUR","P_SAL_H","GE10","B-N","D111","BG",2012,2.9
"EUR","P_SAL_H","GE10","B-N","D1111","BG",2012,2.59
"EUR","P_SAL_H","GE10","B-S","D01","BG",2012,3.47
"EUR","P_SAL_H","GE10","B-S","D111","BG",2012,2.91
"EUR","P_SAL_H","GE10","B-S","D1111","BG",2012,2.58
"EUR","P_SAL_H","GE10","B-S_X_O","D01","BG",2012,3.42
"EUR","P_SAL_H","GE10","B-S_X_O","D111","BG",2012,2.89
"EUR","P_SAL_H","GE10","B-S_X_O","D1111","BG",2012,2.56
"EUR","P_SAL_H","GE10","B05","D01","BG",2012,7.22
"EUR","P_SAL_H","GE10","B05","D111","BG",2012,5.32
"EUR","P_SAL_H","GE10","B05","D1111","BG",2012,4.33
"EUR","P_SAL_H","GE10","B06","D01","BG",2012,NA
"EUR","P_SAL_H","GE10","B06","D111","BG",2012,NA
"EUR","P_SAL_H","GE10","B06","D1111","BG",2012,NA
"EUR","P_SAL_H","GE10","B07","D01","BG",2012,7.38
"EUR","P_SAL_H","GE10","B07","D111","BG",2012,5.82
"EUR","P_SAL_H","GE10","B07","D1111","BG",2012,5.12
"EUR","P_SAL_H","GE10","B08","D01","BG",2012,3.37
"EUR","P_SAL_H","GE10","B08","D111","BG",2012,2.74
"EUR","P_SAL_H","GE10","B08","D1111","BG",2012,2.44
"EUR","P_SAL_H","GE10","B09","D01","BG",2012,NA
"EUR","P_SAL_H","GE10","B09","D111","BG",2012,NA
"EUR","P_SAL_H","GE10","B09","D1111","BG",2012,NA
"EUR","P_SAL_H","GE10","C","D01","BG",2012,2.82
"EUR","P_SAL_H","GE10","C","D111","BG",2012,2.35
"EUR","P_SAL_H","GE10","C","D1111","BG",2012,2.1
"EUR","P_SAL_H","GE10","C10","D01","BG",2012,2.45
"EUR","P_SAL_H","GE10","C10","D111","BG",2012,2.06
"EUR","P_SAL_H","GE10","C10","D1111","BG",2012,1.89
"EUR","P_SAL_H","GE10","C11","D01","BG",2012,3.7
"EUR","P_SAL_H","GE10","C11","D111","BG",2012,3.12
"EUR","P_SAL_H","GE10","C11","D1111","BG",2012,2.77
"EUR","P_SAL_H","GE10","C12","D01","BG",2012,7.34
"EUR","P_SAL_H","GE10","C12","D111","BG",2012,5.88
"EUR","P_SAL_H","GE10","C12","D1111","BG",2012,5
"EUR","P_SAL_H","GE10","C13","D01","BG",2012,2.49
"EUR","P_SAL_H","GE10","C13","D111","BG",2012,2.07
"EUR","P_SAL_H","GE10","C13","D1111","BG",2012,1.88
"EUR","P_SAL_H","GE10","C14","D01","BG",2012,1.85
"EUR","P_SAL_H","GE10","C14","D111","BG",2012,1.53
"EUR","P_SAL_H","GE10","C14","D1111","BG",2012,1.39
"EUR","P_SAL_H","GE10","C15","D01","BG",2012,1.71
"EUR","P_SAL_H","GE10","C15","D111","BG",2012,1.43
"EUR","P_SAL_H","GE10","C15","D1111","BG",2012,1.3
"EUR","P_SAL_H","GE10","C16","D01","BG",2012,2.01
"EUR","P_SAL_H","GE10","C16","D111","BG",2012,1.69
"EUR","P_SAL_H","GE10","C16","D1111","BG",2012,1.52
"EUR","P_SAL_H","GE10","C17","D01","BG",2012,2.67
"EUR","P_SAL_H","GE10","C17","D111","BG",2012,2.22
"EUR","P_SAL_H","GE10","C17","D1111","BG",2012,1.97
"EUR","P_SAL_H","GE10","C18","D01","BG",2012,2.92
"EUR","P_SAL_H","GE10","C18","D111","BG",2012,2.47
"EUR","P_SAL_H","GE10","C18","D1111","BG",2012,2.25
"EUR","P_SAL_H","GE10","C19","D01","BG",2012,10.08
"EUR","P_SAL_H","GE10","C19","D111","BG",2012,8.09
"EUR","P_SAL_H","GE10","C19","D1111","BG",2012,7.21
"EUR","P_SAL_H","GE10","C20","D01","BG",2012,3.96
"EUR","P_SAL_H","GE10","C20","D111","BG",2012,3.29
"EUR","P_SAL_H","GE10","C20","D1111","BG",2012,2.96
"EUR","P_SAL_H","GE10","C21","D01","BG",2012,3.88
"EUR","P_SAL_H","GE10","C21","D111","BG",2012,3.23
"EUR","P_SAL_H","GE10","C21","D1111","BG",2012,2.87
"EUR","P_SAL_H","GE10","C22","D01","BG",2012,2.4
"EUR","P_SAL_H","GE10","C22","D111","BG",2012,2.02
"EUR","P_SAL_H","GE10","C22","D1111","BG",2012,1.85
"EUR","P_SAL_H","GE10","C23","D01","BG",2012,3.49
"EUR","P_SAL_H","GE10","C23","D111","BG",2012,2.88
"EUR","P_SAL_H","GE10","C23","D1111","BG",2012,2.56
"EUR","P_SAL_H","GE10","C24","D01","BG",2012,4.89
"EUR","P_SAL_H","GE10","C24","D111","BG",2012,3.87
"EUR","P_SAL_H","GE10","C24","D1111","BG",2012,3.42
"EUR","P_SAL_H","GE10","C25","D01","BG",2012,2.75
"EUR","P_SAL_H","GE10","C25","D111","BG",2012,2.29
"EUR","P_SAL_H","GE10","C25","D1111","BG",2012,2.04
"EUR","P_SAL_H","GE10","C26","D01","BG",2012,4.02
"EUR","P_SAL_H","GE10","C26","D111","BG",2012,3.44
"EUR","P_SAL_H","GE10","C26","D1111","BG",2012,3.06
"EUR","P_SAL_H","GE10","C27","D01","BG",2012,3.67
"EUR","P_SAL_H","GE10","C27","D111","BG",2012,3.06
"EUR","P_SAL_H","GE10","C27","D1111","BG",2012,2.74
"EUR","P_SAL_H","GE10","C28","D01","BG",2012,3.59
"EUR","P_SAL_H","GE10","C28","D111","BG",2012,2.99
"EUR","P_SAL_H","GE10","C28","D1111","BG",2012,2.66
"EUR","P_SAL_H","GE10","C29","D01","BG",2012,3.01
"EUR","P_SAL_H","GE10","C29","D111","BG",2012,2.54
"EUR","P_SAL_H","GE10","C29","D1111","BG",2012,2.2
"EUR","P_SAL_H","GE10","C30","D01","BG",2012,3.17
"EUR","P_SAL_H","GE10","C30","D111","BG",2012,2.64
"EUR","P_SAL_H","GE10","C30","D1111","BG",2012,2.42
"EUR","P_SAL_H","GE10","C31","D01","BG",2012,1.92
"EUR","P_SAL_H","GE10","C31","D111","BG",2012,1.6
"EUR","P_SAL_H","GE10","C31","D1111","BG",2012,1.46
"EUR","P_SAL_H","GE10","C32","D01","BG",2012,2.84
"EUR","P_SAL_H","GE10","C32","D111","BG",2012,2.4
"EUR","P_SAL_H","GE10","C32","D1111","BG",2012,2.16
"EUR","P_SAL_H","GE10","C33","D01","BG",2012,4.24
"EUR","P_SAL_H","GE10","C33","D111","BG",2012,3.5
"EUR","P_SAL_H","GE10","C33","D1111","BG",2012,3.09
"EUR","P_SAL_H","GE10","D","D01","BG",2012,7.92
"EUR","P_SAL_H","GE10","D","D111","BG",2012,6.38
"EUR","P_SAL_H","GE10","D","D1111","BG",2012,4.92
"EUR","P_SAL_H","GE10","D35","D01","BG",2012,7.92
"EUR","P_SAL_H","GE10","D35","D111","BG",2012,6.38
"EUR","P_SAL_H","GE10","D35","D1111","BG",2012,4.92
"EUR","P_SAL_H","GE10","E","D01","BG",2012,3.03
"EUR","P_SAL_H","GE10","E","D111","BG",2012,2.53
"EUR","P_SAL_H","GE10","E","D1111","BG",2012,2.18
"EUR","P_SAL_H","GE10","E36","D01","BG",2012,3.29
"EUR","P_SAL_H","GE10","E36","D111","BG",2012,2.72
"EUR","P_SAL_H","GE10","E36","D1111","BG",2012,2.23
"EUR","P_SAL_H","GE10","E37","D01","BG",2012,2.45
"EUR","P_SAL_H","GE10","E37","D111","BG",2012,2.05
"EUR","P_SAL_H","GE10","E37","D1111","BG",2012,1.87
"EUR","P_SAL_H","GE10","E38","D01","BG",2012,2.76
"EUR","P_SAL_H","GE10","E38","D111","BG",2012,2.33
"EUR","P_SAL_H","GE10","E38","D1111","BG",2012,2.11
"EUR","P_SAL_H","GE10","E39","D01","BG",2012,3.26
"EUR","P_SAL_H","GE10","E39","D111","BG",2012,2.75
"EUR","P_SAL_H","GE10","E39","D1111","BG",2012,2.41
"EUR","P_SAL_H","GE10","F","D01","BG",2012,2.97
"EUR","P_SAL_H","GE10","F","D111","BG",2012,2.5
"EUR","P_SAL_H","GE10","F","D1111","BG",2012,2.31
"EUR","P_SAL_H","GE10","F41","D01","BG",2012,2.56
"EUR","P_SAL_H","GE10","F41","D111","BG",2012,2.17
"EUR","P_SAL_H","GE10","F41","D1111","BG",2012,2.01
"EUR","P_SAL_H","GE10","F42","D01","BG",2012,3.43
"EUR","P_SAL_H","GE10","F42","D111","BG",2012,2.89
"EUR","P_SAL_H","GE10","F42","D1111","BG",2012,2.65
"EUR","P_SAL_H","GE10","F43","D01","BG",2012,3.02
"EUR","P_SAL_H","GE10","F43","D111","BG",2012,2.55
"EUR","P_SAL_H","GE10","F43","D1111","BG",2012,2.36
"EUR","P_SAL_H","GE10","G","D01","BG",2012,3.1
"EUR","P_SAL_H","GE10","G","D111","BG",2012,2.65
"EUR","P_SAL_H","GE10","G","D1111","BG",2012,2.44
"EUR","P_SAL_H","GE10","G-J","D01","BG",2012,3.58
"EUR","P_SAL_H","GE10","G-J","D111","BG",2012,3.09
"EUR","P_SAL_H","GE10","G-J","D1111","BG",2012,2.77
"EUR","P_SAL_H","GE10","G-N","D01","BG",2012,3.61
"EUR","P_SAL_H","GE10","G-N","D111","BG",2012,3.12
"EUR","P_SAL_H","GE10","G-N","D1111","BG",2012,2.81
"EUR","P_SAL_H","GE10","G-S_X_O","D01","BG",2012,3.54
"EUR","P_SAL_H","GE10","G-S_X_O","D111","BG",2012,3.03
"EUR","P_SAL_H","GE10","G-S_X_O","D1111","BG",2012,2.69
"EUR","P_SAL_H","GE10","G45","D01","BG",2012,3.54
"EUR","P_SAL_H","GE10","G45","D111","BG",2012,3.01
"EUR","P_SAL_H","GE10","G45","D1111","BG",2012,2.77
"EUR","P_SAL_H","GE10","G46","D01","BG",2012,3.63
"EUR","P_SAL_H","GE10","G46","D111","BG",2012,3.12
"EUR","P_SAL_H","GE10","G46","D1111","BG",2012,2.89
"EUR","P_SAL_H","GE10","G47","D01","BG",2012,2.53
"EUR","P_SAL_H","GE10","G47","D111","BG",2012,2.13
"EUR","P_SAL_H","GE10","G47","D1111","BG",2012,1.97
"EUR","P_SAL_H","GE10","H","D01","BG",2012,3.54
"EUR","P_SAL_H","GE10","H","D111","BG",2012,3.11
"EUR","P_SAL_H","GE10","H","D1111","BG",2012,2.57
"EUR","P_SAL_H","GE10","H49","D01","BG",2012,2.89
"EUR","P_SAL_H","GE10","H49","D111","BG",2012,2.32
"EUR","P_SAL_H","GE10","H49","D1111","BG",2012,1.95
"EUR","P_SAL_H","GE10","H50","D01","BG",2012,9.19
"EUR","P_SAL_H","GE10","H50","D111","BG",2012,8.44
"EUR","P_SAL_H","GE10","H50","D1111","BG",2012,7.07
"EUR","P_SAL_H","GE10","H51","D01","BG",2012,8.81
"EUR","P_SAL_H","GE10","H51","D111","BG",2012,7.36
"EUR","P_SAL_H","GE10","H51","D1111","BG",2012,6.51
"EUR","P_SAL_H","GE10","H52","D01","BG",2012,4.51
"EUR","P_SAL_H","GE10","H52","D111","BG",2012,4.51
"EUR","P_SAL_H","GE10","H52","D1111","BG",2012,3.61
"EUR","P_SAL_H","GE10","H53","D01","BG",2012,2.92
"EUR","P_SAL_H","GE10","H53","D111","BG",2012,2.43
"EUR","P_SAL_H","GE10","H53","D1111","BG",2012,2.09
"EUR","P_SAL_H","GE10","I","D01","BG",2012,2.16
"EUR","P_SAL_H","GE10","I","D111","BG",2012,1.81
"EUR","P_SAL_H","GE10","I","D1111","BG",2012,1.69
"EUR","P_SAL_H","GE10","I55","D01","BG",2012,2.52
"EUR","P_SAL_H","GE10","I55","D111","BG",2012,2.11
"EUR","P_SAL_H","GE10","I55","D1111","BG",2012,1.96
"EUR","P_SAL_H","GE10","I56","D01","BG",2012,1.88
"EUR","P_SAL_H","GE10","I56","D111","BG",2012,1.57
"EUR","P_SAL_H","GE10","I56","D1111","BG",2012,1.47
"EUR","P_SAL_H","GE10","J","D01","BG",2012,7.4
"EUR","P_SAL_H","GE10","J","D111","BG",2012,6.45
"EUR","P_SAL_H","GE10","J","D1111","BG",2012,5.88
"EUR","P_SAL_H","GE10","J58","D01","BG",2012,4.93
"EUR","P_SAL_H","GE10","J58","D111","BG",2012,4.26
"EUR","P_SAL_H","GE10","J58","D1111","BG",2012,3.87
"EUR","P_SAL_H","GE10","J59","D01","BG",2012,5.86
"EUR","P_SAL_H","GE10","J59","D111","BG",2012,5.19
"EUR","P_SAL_H","GE10","J59","D1111","BG",2012,4.81
"EUR","P_SAL_H","GE10","J60","D01","BG",2012,5.38
"EUR","P_SAL_H","GE10","J60","D111","BG",2012,4.64
"EUR","P_SAL_H","GE10","J60","D1111","BG",2012,4.19
"EUR","P_SAL_H","GE10","J61","D01","BG",2012,6.15
"EUR","P_SAL_H","GE10","J61","D111","BG",2012,5.26
"EUR","P_SAL_H","GE10","J61","D1111","BG",2012,4.78
"EUR","P_SAL_H","GE10","J62","D01","BG",2012,9.84
"EUR","P_SAL_H","GE10","J62","D111","BG",2012,8.67
"EUR","P_SAL_H","GE10","J62","D1111","BG",2012,7.94
"EUR","P_SAL_H","GE10","J63","D01","BG",2012,6.12
"EUR","P_SAL_H","GE10","J63","D111","BG",2012,5.32
"EUR","P_SAL_H","GE10","J63","D1111","BG",2012,4.85
"EUR","P_SAL_H","GE10","K","D01","BG",2012,6.25
"EUR","P_SAL_H","GE10","K","D111","BG",2012,5.36
"EUR","P_SAL_H","GE10","K","D1111","BG",2012,4.8
"EUR","P_SAL_H","GE10","K-N","D01","BG",2012,3.68
"EUR","P_SAL_H","GE10","K-N","D111","BG",2012,3.18
"EUR","P_SAL_H","GE10","K-N","D1111","BG",2012,2.89
"EUR","P_SAL_H","GE10","K64","D01","BG",2012,6.3
"EUR","P_SAL_H","GE10","K64","D111","BG",2012,5.38
"EUR","P_SAL_H","GE10","K64","D1111","BG",2012,4.79
"EUR","P_SAL_H","GE10","K65","D01","BG",2012,6.76
"EUR","P_SAL_H","GE10","K65","D111","BG",2012,5.89
"EUR","P_SAL_H","GE10","K65","D1111","BG",2012,5.43
"EUR","P_SAL_H","GE10","K66","D01","BG",2012,4.98
"EUR","P_SAL_H","GE10","K66","D111","BG",2012,4.33
"EUR","P_SAL_H","GE10","K66","D1111","BG",2012,4.02
"EUR","P_SAL_H","GE10","L","D01","BG",2012,3.29
"EUR","P_SAL_H","GE10","L","D111","BG",2012,2.81
"EUR","P_SAL_H","GE10","L","D1111","BG",2012,2.56
"EUR","P_SAL_H","GE10","L68","D01","BG",2012,3.29
"EUR","P_SAL_H","GE10","L68","D111","BG",2012,2.81
"EUR","P_SAL_H","GE10","L68","D1111","BG",2012,2.56
"EUR","P_SAL_H","GE10","M","D01","BG",2012,5.47
"EUR","P_SAL_H","GE10","M","D111","BG",2012,4.75
"EUR","P_SAL_H","GE10","M","D1111","BG",2012,4.33
"EUR","P_SAL_H","GE10","M69","D01","BG",2012,6.41
"EUR","P_SAL_H","GE10","M69","D111","BG",2012,5.63
"EUR","P_SAL_H","GE10","M69","D1111","BG",2012,5.16
"EUR","P_SAL_H","GE10","M70","D01","BG",2012,7.03
"EUR","P_SAL_H","GE10","M70","D111","BG",2012,6.2
"EUR","P_SAL_H","GE10","M70","D1111","BG",2012,5.66
"EUR","P_SAL_H","GE10","M71","D01","BG",2012,5.94
"EUR","P_SAL_H","GE10","M71","D111","BG",2012,5.12
"EUR","P_SAL_H","GE10","M71","D1111","BG",2012,4.7
"EUR","P_SAL_H","GE10","M72","D01","BG",2012,3.39
"EUR","P_SAL_H","GE10","M72","D111","BG",2012,2.86
"EUR","P_SAL_H","GE10","M72","D1111","BG",2012,2.51
"EUR","P_SAL_H","GE10","M73","D01","BG",2012,6.18
"EUR","P_SAL_H","GE10","M73","D111","BG",2012,5.44
"EUR","P_SAL_H","GE10","M73","D1111","BG",2012,5.06
"EUR","P_SAL_H","GE10","M74","D01","BG",2012,5.88
"EUR","P_SAL_H","GE10","M74","D111","BG",2012,5.13
"EUR","P_SAL_H","GE10","M74","D1111","BG",2012,4.72
"EUR","P_SAL_H","GE10","M75","D01","BG",2012,1.86
"EUR","P_SAL_H","GE10","M75","D111","BG",2012,1.58
"EUR","P_SAL_H","GE10","M75","D1111","BG",2012,1.47
"EUR","P_SAL_H","GE10","N","D01","BG",2012,1.91
"EUR","P_SAL_H","GE10","N","D111","BG",2012,1.66
"EUR","P_SAL_H","GE10","N","D1111","BG",2012,1.53
"EUR","P_SAL_H","GE10","N77","D01","BG",2012,3.57
"EUR","P_SAL_H","GE10","N77","D111","BG",2012,3.03
"EUR","P_SAL_H","GE10","N77","D1111","BG",2012,2.81
"EUR","P_SAL_H","GE10","N78","D01","BG",2012,3.92
"EUR","P_SAL_H","GE10","N78","D111","BG",2012,3.3
"EUR","P_SAL_H","GE10","N78","D1111","BG",2012,3.03
"EUR","P_SAL_H","GE10","N79","D01","BG",2012,3.25
"EUR","P_SAL_H","GE10","N79","D111","BG",2012,2.77
"EUR","P_SAL_H","GE10","N79","D1111","BG",2012,2.6
"EUR","P_SAL_H","GE10","N80","D01","BG",2012,1.6
"EUR","P_SAL_H","GE10","N80","D111","BG",2012,1.35
"EUR","P_SAL_H","GE10","N80","D1111","BG",2012,1.25
"EUR","P_SAL_H","GE10","N81","D01","BG",2012,1.28
"EUR","P_SAL_H","GE10","N81","D111","BG",2012,1.24
"EUR","P_SAL_H","GE10","N81","D1111","BG",2012,1.14
"EUR","P_SAL_H","GE10","N82","D01","BG",2012,4.21
"EUR","P_SAL_H","GE10","N82","D111","BG",2012,3.6
"EUR","P_SAL_H","GE10","N82","D1111","BG",2012,3.33
"EUR","P_SAL_H","GE10","O","D01","BG",2012,4.12
"EUR","P_SAL_H","GE10","O","D111","BG",2012,3.24
"EUR","P_SAL_H","GE10","O","D1111","BG",2012,2.84
"EUR","P_SAL_H","GE10","O-S","D01","BG",2012,3.59
"EUR","P_SAL_H","GE10","O-S","D111","BG",2012,2.93
"EUR","P_SAL_H","GE10","O-S","D1111","BG",2012,2.54
"EUR","P_SAL_H","GE10","O84","D01","BG",2012,4.12
"EUR","P_SAL_H","GE10","O84","D111","BG",2012,3.24
"EUR","P_SAL_H","GE10","O84","D1111","BG",2012,2.84
"EUR","P_SAL_H","GE10","P","D01","BG",2012,3.51
"EUR","P_SAL_H","GE10","P","D111","BG",2012,2.88
"EUR","P_SAL_H","GE10","P","D1111","BG",2012,2.37
"EUR","P_SAL_H","GE10","P-S","D01","BG",2012,3.39
"EUR","P_SAL_H","GE10","P-S","D111","BG",2012,2.82
"EUR","P_SAL_H","GE10","P-S","D1111","BG",2012,2.42
"EUR","P_SAL_H","GE10","P85","D01","BG",2012,3.51
"EUR","P_SAL_H","GE10","P85","D111","BG",2012,2.88
"EUR","P_SAL_H","GE10","P85","D1111","BG",2012,2.37
"EUR","P_SAL_H","GE10","Q","D01","BG",2012,3.45
"EUR","P_SAL_H","GE10","Q","D111","BG",2012,2.91
"EUR","P_SAL_H","GE10","Q","D1111","BG",2012,2.58
"EUR","P_SAL_H","GE10","Q86","D01","BG",2012,3.9
"EUR","P_SAL_H","GE10","Q86","D111","BG",2012,3.29
"EUR","P_SAL_H","GE10","Q86","D1111","BG",2012,2.93
"EUR","P_SAL_H","GE10","Q87","D01","BG",2012,2.09
"EUR","P_SAL_H","GE10","Q87","D111","BG",2012,1.73
"EUR","P_SAL_H","GE10","Q87","D1111","BG",2012,1.5
"EUR","P_SAL_H","GE10","Q88","D01","BG",2012,1.88
"EUR","P_SAL_H","GE10","Q88","D111","BG",2012,1.58
"EUR","P_SAL_H","GE10","Q88","D1111","BG",2012,1.38
"EUR","P_SAL_H","GE10","R","D01","BG",2012,2.86
"EUR","P_SAL_H","GE10","R","D111","BG",2012,2.45
"EUR","P_SAL_H","GE10","R","D1111","BG",2012,2.23
"EUR","P_SAL_H","GE10","R90","D01","BG",2012,2.46
"EUR","P_SAL_H","GE10","R90","D111","BG",2012,2.03
"EUR","P_SAL_H","GE10","R90","D1111","BG",2012,1.77
"EUR","P_SAL_H","GE10","R91","D01","BG",2012,2.28
"EUR","P_SAL_H","GE10","R91","D111","BG",2012,1.89
"EUR","P_SAL_H","GE10","R91","D1111","BG",2012,1.63
"EUR","P_SAL_H","GE10","R92","D01","BG",2012,2.32
"EUR","P_SAL_H","GE10","R92","D111","BG",2012,1.94
"EUR","P_SAL_H","GE10","R92","D1111","BG",2012,1.79
"EUR","P_SAL_H","GE10","R93","D01","BG",2012,4.32
"EUR","P_SAL_H","GE10","R93","D111","BG",2012,3.87
"EUR","P_SAL_H","GE10","R93","D1111","BG",2012,3.63
"EUR","P_SAL_H","GE10","S","D01","BG",2012,2.52
"EUR","P_SAL_H","GE10","S","D111","BG",2012,2.17
"EUR","P_SAL_H","GE10","S","D1111","BG",2012,1.97
"EUR","P_SAL_H","GE10","S94","D01","BG",2012,2.8
"EUR","P_SAL_H","GE10","S94","D111","BG",2012,2.45
"EUR","P_SAL_H","GE10","S94","D1111","BG",2012,2.21
"EUR","P_SAL_H","GE10","S95","D01","BG",2012,2.84
"EUR","P_SAL_H","GE10","S95","D111","BG",2012,2.4
"EUR","P_SAL_H","GE10","S95","D1111","BG",2012,2.2
"EUR","P_SAL_H","GE10","S96","D01","BG",2012,1.79
"EUR","P_SAL_H","GE10","S96","D111","BG",2012,1.49
"EUR","P_SAL_H","GE10","S96","D1111","BG",2012,1.37
"EUR","P_SAL_H","GE1000","B","D01","BG",2012,8.44
"EUR","P_SAL_H","GE1000","B","D111","BG",2012,6.37
"EUR","P_SAL_H","GE1000","B","D1111","BG",2012,5.28
"EUR","P_SAL_H","GE1000","B-E","D01","BG",2012,5.96
"EUR","P_SAL_H","GE1000","B-E","D111","BG",2012,4.74
"EUR","P_SAL_H","GE1000","B-E","D1111","BG",2012,3.87
"EUR","P_SAL_H","GE1000","B-F","D01","BG",2012,5.96
"EUR","P_SAL_H","GE1000","B-F","D111","BG",2012,4.75
"EUR","P_SAL_H","GE1000","B-F","D1111","BG",2012,3.87
"EUR","P_SAL_H","GE1000","B-N","D01","BG",2012,5.23
"EUR","P_SAL_H","GE1000","B-N","D111","BG",2012,4.39
"EUR","P_SAL_H","GE1000","B-N","D1111","BG",2012,3.67
"EUR","P_SAL_H","GE1000","B-S","D01","BG",2012,5.09
"EUR","P_SAL_H","GE1000","B-S","D111","BG",2012,4.25
"EUR","P_SAL_H","GE1000","B-S","D1111","BG",2012,3.58
"EUR","P_SAL_H","GE1000","B-S_X_O","D01","BG",2012,5.15
"EUR","P_SAL_H","GE1000","B-S_X_O","D111","BG",2012,4.33
"EUR","P_SAL_H","GE1000","B-S_X_O","D1111","BG",2012,3.64
"EUR","P_SAL_H","GE1000","B05","D01","BG",2012,8.06
"EUR","P_SAL_H","GE1000","B05","D111","BG",2012,5.92
"EUR","P_SAL_H","GE1000","B05","D1111","BG",2012,4.77
"EUR","P_SAL_H","GE1000","B07","D01","BG",2012,9.37
"EUR","P_SAL_H","GE1000","B07","D111","BG",2012,7.48
"EUR","P_SAL_H","GE1000","B07","D1111","BG",2012,6.55
"EUR","P_SAL_H","GE1000","C","D01","BG",2012,4.1
"EUR","P_SAL_H","GE1000","C","D111","BG",2012,3.35
"EUR","P_SAL_H","GE1000","C","D1111","BG",2012,2.92
"EUR","P_SAL_H","GE1000","C10","D01","BG",2012,NA
"EUR","P_SAL_H","GE1000","C10","D111","BG",2012,NA
"EUR","P_SAL_H","GE1000","C10","D1111","BG",2012,NA
"EUR","P_SAL_H","GE1000","C11","D01","BG",2012,NA
"EUR","P_SAL_H","GE1000","C11","D111","BG",2012,NA
"EUR","P_SAL_H","GE1000","C11","D1111","BG",2012,NA
"EUR","P_SAL_H","GE1000","C12","D01","BG",2012,NA
"EUR","P_SAL_H","GE1000","C12","D111","BG",2012,NA
"EUR","P_SAL_H","GE1000","C12","D1111","BG",2012,NA
"EUR","P_SAL_H","GE1000","C13","D01","BG",2012,2.96
"EUR","P_SAL_H","GE1000","C13","D111","BG",2012,2.49
"EUR","P_SAL_H","GE1000","C13","D1111","BG",2012,2.28
"EUR","P_SAL_H","GE1000","C14","D01","BG",2012,3.03
"EUR","P_SAL_H","GE1000","C14","D111","BG",2012,2.29
"EUR","P_SAL_H","GE1000","C14","D1111","BG",2012,2.05
"EUR","P_SAL_H","GE1000","C19","D01","BG",2012,NA
"EUR","P_SAL_H","GE1000","C19","D111","BG",2012,NA
"EUR","P_SAL_H","GE1000","C19","D1111","BG",2012,NA
"EUR","P_SAL_H","GE1000","C20","D01","BG",2012,NA
"EUR","P_SAL_H","GE1000","C20","D111","BG",2012,NA
"EUR","P_SAL_H","GE1000","C20","D1111","BG",2012,NA
"EUR","P_SAL_H","GE1000","C21","D01","BG",2012,3.57
"EUR","P_SAL_H","GE1000","C21","D111","BG",2012,2.95
"EUR","P_SAL_H","GE1000","C21","D1111","BG",2012,2.54
"EUR","P_SAL_H","GE1000","C22","D01","BG",2012,NA
"EUR","P_SAL_H","GE1000","C22","D111","BG",2012,NA
"EUR","P_SAL_H","GE1000","C22","D1111","BG",2012,NA
"EUR","P_SAL_H","GE1000","C23","D01","BG",2012,NA
"EUR","P_SAL_H","GE1000","C23","D111","BG",2012,NA
"EUR","P_SAL_H","GE1000","C23","D1111","BG",2012,NA
"EUR","P_SAL_H","GE1000","C24","D01","BG",2012,NA
"EUR","P_SAL_H","GE1000","C24","D111","BG",2012,NA
"EUR","P_SAL_H","GE1000","C24","D1111","BG",2012,NA
"EUR","P_SAL_H","GE1000","C25","D01","BG",2012,2.9
"EUR","P_SAL_H","GE1000","C25","D111","BG",2012,2.36
"EUR","P_SAL_H","GE1000","C25","D1111","BG",2012,2.01
"EUR","P_SAL_H","GE1000","C27","D01","BG",2012,NA
"EUR","P_SAL_H","GE1000","C27","D111","BG",2012,NA
"EUR","P_SAL_H","GE1000","C27","D1111","BG",2012,NA
"EUR","P_SAL_H","GE1000","C28","D01","BG",2012,5.06
"EUR","P_SAL_H","GE1000","C28","D111","BG",2012,4.18
"EUR","P_SAL_H","GE1000","C28","D1111","BG",2012,3.53
"EUR","P_SAL_H","GE1000","C29","D01","BG",2012,3.11
"EUR","P_SAL_H","GE1000","C29","D111","BG",2012,2.64
"EUR","P_SAL_H","GE1000","C29","D1111","BG",2012,2.26
"EUR","P_SAL_H","GE1000","C30","D01","BG",2012,NA
"EUR","P_SAL_H","GE1000","C30","D111","BG",2012,NA
"EUR","P_SAL_H","GE1000","C30","D1111","BG",2012,NA
"EUR","P_SAL_H","GE1000","C33","D01","BG",2012,NA
"EUR","P_SAL_H","GE1000","C33","D111","BG",2012,NA
"EUR","P_SAL_H","GE1000","C33","D1111","BG",2012,NA
"EUR","P_SAL_H","GE1000","D","D01","BG",2012,8.55
"EUR","P_SAL_H","GE1000","D","D111","BG",2012,6.83
"EUR","P_SAL_H","GE1000","D","D1111","BG",2012,5.11
"EUR","P_SAL_H","GE1000","D35","D01","BG",2012,8.55
"EUR","P_SAL_H","GE1000","D35","D111","BG",2012,6.83
"EUR","P_SAL_H","GE1000","D35","D1111","BG",2012,5.11
"EUR","P_SAL_H","GE1000","E","D01","BG",2012,4.17
"EUR","P_SAL_H","GE1000","E","D111","BG",2012,3.44
"EUR","P_SAL_H","GE1000","E","D1111","BG",2012,2.89
"EUR","P_SAL_H","GE1000","E36","D01","BG",2012,4.17
"EUR","P_SAL_H","GE1000","E36","D111","BG",2012,3.44
"EUR","P_SAL_H","GE1000","E36","D1111","BG",2012,2.89
"EUR","P_SAL_H","GE1000","F","D01","BG",2012,NA
"EUR","P_SAL_H","GE1000","F","D111","BG",2012,NA
"EUR","P_SAL_H","GE1000","F","D1111","BG",2012,NA
"EUR","P_SAL_H","GE1000","F41","D01","BG",2012,NA
"EUR","P_SAL_H","GE1000","F41","D111","BG",2012,NA
"EUR","P_SAL_H","GE1000","F41","D1111","BG",2012,NA
"EUR","P_SAL_H","GE1000","G","D01","BG",2012,3.97
"EUR","P_SAL_H","GE1000","G","D111","BG",2012,3.38
"EUR","P_SAL_H","GE1000","G","D1111","BG",2012,3.07
"EUR","P_SAL_H","GE1000","G-J","D01","BG",2012,4.77
"EUR","P_SAL_H","GE1000","G-J","D111","BG",2012,4.25
"EUR","P_SAL_H","GE1000","G-J","D1111","BG",2012,3.56
"EUR","P_SAL_H","GE1000","G-N","D01","BG",2012,4.74
"EUR","P_SAL_H","GE1000","G-N","D111","BG",2012,4.16
"EUR","P_SAL_H","GE1000","G-N","D1111","BG",2012,3.54
"EUR","P_SAL_H","GE1000","G-S_X_O","D01","BG",2012,4.7
"EUR","P_SAL_H","GE1000","G-S_X_O","D111","BG",2012,4.1
"EUR","P_SAL_H","GE1000","G-S_X_O","D1111","BG",2012,3.51
"EUR","P_SAL_H","GE1000","G46","D01","BG",2012,NA
"EUR","P_SAL_H","GE1000","G46","D111","BG",2012,NA
"EUR","P_SAL_H","GE1000","G46","D1111","BG",2012,NA
"EUR","P_SAL_H","GE1000","G47","D01","BG",2012,3.74
"EUR","P_SAL_H","GE1000","G47","D111","BG",2012,3.17
"EUR","P_SAL_H","GE1000","G47","D1111","BG",2012,2.86
"EUR","P_SAL_H","GE1000","H","D01","BG",2012,4.29
"EUR","P_SAL_H","GE1000","H","D111","BG",2012,4
"EUR","P_SAL_H","GE1000","H","D1111","BG",2012,3.07
"EUR","P_SAL_H","GE1000","H49","D01","BG",2012,4.59
"EUR","P_SAL_H","GE1000","H49","D111","BG",2012,3.68
"EUR","P_SAL_H","GE1000","H49","D1111","BG",2012,2.76
"EUR","P_SAL_H","GE1000","H50","D01","BG",2012,NA
"EUR","P_SAL_H","GE1000","H50","D111","BG",2012,NA
"EUR","P_SAL_H","GE1000","H50","D1111","BG",2012,NA
"EUR","P_SAL_H","GE1000","H52","D01","BG",2012,4.42
"EUR","P_SAL_H","GE1000","H52","D111","BG",2012,4.73
"EUR","P_SAL_H","GE1000","H52","D1111","BG",2012,3.62
"EUR","P_SAL_H","GE1000","H53","D01","BG",2012,2.53
"EUR","P_SAL_H","GE1000","H53","D111","BG",2012,2.06
"EUR","P_SAL_H","GE1000","H53","D1111","BG",2012,1.66
"EUR","P_SAL_H","GE1000","I","D01","BG",2012,NA
"EUR","P_SAL_H","GE1000","I","D111","BG",2012,NA
"EUR","P_SAL_H","GE1000","I","D1111","BG",2012,NA
"EUR","P_SAL_H","GE1000","I56","D01","BG",2012,NA
"EUR","P_SAL_H","GE1000","I56","D111","BG",2012,NA
"EUR","P_SAL_H","GE1000","I56","D1111","BG",2012,NA
"EUR","P_SAL_H","GE1000","J","D01","BG",2012,6.95
"EUR","P_SAL_H","GE1000","J","D111","BG",2012,5.93
"EUR","P_SAL_H","GE1000","J","D1111","BG",2012,5.4
"EUR","P_SAL_H","GE1000","J60","D01","BG",2012,4.17
"EUR","P_SAL_H","GE1000","J60","D111","BG",2012,3.56
"EUR","P_SAL_H","GE1000","J60","D1111","BG",2012,3.14
"EUR","P_SAL_H","GE1000","J61","D01","BG",2012,6.53
"EUR","P_SAL_H","GE1000","J61","D111","BG",2012,5.59
"EUR","P_SAL_H","GE1000","J61","D1111","BG",2012,5.06
"EUR","P_SAL_H","GE1000","J62","D01","BG",2012,NA
"EUR","P_SAL_H","GE1000","J62","D111","BG",2012,NA
"EUR","P_SAL_H","GE1000","J62","D1111","BG",2012,NA
"EUR","P_SAL_H","GE1000","K","D01","BG",2012,6.26
"EUR","P_SAL_H","GE1000","K","D111","BG",2012,5.32
"EUR","P_SAL_H","GE1000","K","D1111","BG",2012,4.69
"EUR","P_SAL_H","GE1000","K-N","D01","BG",2012,4.68
"EUR","P_SAL_H","GE1000","K-N","D111","BG",2012,3.97
"EUR","P_SAL_H","GE1000","K-N","D1111","BG",2012,3.51
"EUR","P_SAL_H","GE1000","K64","D01","BG",2012,6.26
"EUR","P_SAL_H","GE1000","K64","D111","BG",2012,5.32
"EUR","P_SAL_H","GE1000","K64","D1111","BG",2012,4.69
"EUR","P_SAL_H","GE1000","M","D01","BG",2012,3.35
"EUR","P_SAL_H","GE1000","M","D111","BG",2012,2.51
"EUR","P_SAL_H","GE1000","M","D1111","BG",2012,2.11
"EUR","P_SAL_H","GE1000","M71","D01","BG",2012,NA
"EUR","P_SAL_H","GE1000","M71","D111","BG",2012,NA
"EUR","P_SAL_H","GE1000","M71","D1111","BG",2012,NA
"EUR","P_SAL_H","GE1000","M72","D01","BG",2012,NA
"EUR","P_SAL_H","GE1000","M72","D111","BG",2012,NA
"EUR","P_SAL_H","GE1000","M72","D1111","BG",2012,NA
"EUR","P_SAL_H","GE1000","N","D01","BG",2012,2.32
"EUR","P_SAL_H","GE1000","N","D111","BG",2012,1.96
"EUR","P_SAL_H","GE1000","N","D1111","BG",2012,1.76
"EUR","P_SAL_H","GE1000","N78","D01","BG",2012,NA
"EUR","P_SAL_H","GE1000","N78","D111","BG",2012,NA
"EUR","P_SAL_H","GE1000","N78","D1111","BG",2012,NA
"EUR","P_SAL_H","GE1000","N80","D01","BG",2012,1.81
"EUR","P_SAL_H","GE1000","N80","D111","BG",2012,1.53
"EUR","P_SAL_H","GE1000","N80","D1111","BG",2012,1.37
"EUR","P_SAL_H","GE1000","O","D01","BG",2012,4.2
"EUR","P_SAL_H","GE1000","O","D111","BG",2012,3.21
"EUR","P_SAL_H","GE1000","O","D1111","BG",2012,2.88
"EUR","P_SAL_H","GE1000","O-S","D01","BG",2012,4.37
"EUR","P_SAL_H","GE1000","O-S","D111","BG",2012,3.53
"EUR","P_SAL_H","GE1000","O-S","D1111","BG",2012,3.12
"EUR","P_SAL_H","GE1000","O84","D01","BG",2012,4.2
"EUR","P_SAL_H","GE1000","O84","D111","BG",2012,3.21
"EUR","P_SAL_H","GE1000","O84","D1111","BG",2012,2.88
"EUR","P_SAL_H","GE1000","P","D01","BG",2012,4.68
"EUR","P_SAL_H","GE1000","P","D111","BG",2012,3.96
"EUR","P_SAL_H","GE1000","P","D1111","BG",2012,3.43
"EUR","P_SAL_H","GE1000","P-S","D01","BG",2012,4.5
"EUR","P_SAL_H","GE1000","P-S","D111","BG",2012,3.78
"EUR","P_SAL_H","GE1000","P-S","D1111","BG",2012,3.31
"EUR","P_SAL_H","GE1000","P85","D01","BG",2012,4.68
"EUR","P_SAL_H","GE1000","P85","D111","BG",2012,3.96
"EUR","P_SAL_H","GE1000","P85","D1111","BG",2012,3.43
"EUR","P_SAL_H","GE1000","Q","D01","BG",2012,4.53
"EUR","P_SAL_H","GE1000","Q","D111","BG",2012,3.8
"EUR","P_SAL_H","GE1000","Q","D1111","BG",2012,3.34
"EUR","P_SAL_H","GE1000","Q86","D01","BG",2012,4.53
"EUR","P_SAL_H","GE1000","Q86","D111","BG",2012,3.8
"EUR","P_SAL_H","GE1000","Q86","D1111","BG",2012,3.34
"EUR","P_SAL_H","GE1000","R","D01","BG",2012,3.44
"EUR","P_SAL_H","GE1000","R","D111","BG",2012,2.85
"EUR","P_SAL_H","GE1000","R","D1111","BG",2012,2.56
"EUR","P_SAL_H","GE1000","R92","D01","BG",2012,3.44
"EUR","P_SAL_H","GE1000","R92","D111","BG",2012,2.85
"EUR","P_SAL_H","GE1000","R92","D1111","BG",2012,2.56
"EUR","P_SAL_H","LT10","B","D01","BG",2012,3.31
"EUR","P_SAL_H","LT10","B","D111","BG",2012,2.8
"EUR","P_SAL_H","LT10","B","D1111","BG",2012,2.64
"EUR","P_SAL_H","LT10","B-E","D01","BG",2012,1.74
"EUR","P_SAL_H","LT10","B-E","D111","BG",2012,1.45
"EUR","P_SAL_H","LT10","B-E","D1111","BG",2012,1.37
"EUR","P_SAL_H","LT10","B-F","D01","BG",2012,1.87
"EUR","P_SAL_H","LT10","B-F","D111","BG",2012,1.57
"EUR","P_SAL_H","LT10","B-F","D1111","BG",2012,1.48
"EUR","P_SAL_H","LT10","B-N","D01","BG",2012,2.13
"EUR","P_SAL_H","LT10","B-N","D111","BG",2012,1.8
"EUR","P_SAL_H","LT10","B-N","D1111","BG",2012,1.7
"EUR","P_SAL_H","LT10","B-S","D01","BG",2012,2.11
"EUR","P_SAL_H","LT10","B-S","D111","BG",2012,1.78
"EUR","P_SAL_H","LT10","B-S","D1111","BG",2012,1.68
"EUR","P_SAL_H","LT10","B-S_X_O","D01","BG",2012,2.11
"EUR","P_SAL_H","LT10","B-S_X_O","D111","BG",2012,1.78
"EUR","P_SAL_H","LT10","B-S_X_O","D1111","BG",2012,1.68
"EUR","P_SAL_H","LT10","B05","D01","BG",2012,4.12
"EUR","P_SAL_H","LT10","B05","D111","BG",2012,3.31
"EUR","P_SAL_H","LT10","B05","D1111","BG",2012,3.17
"EUR","P_SAL_H","LT10","B06","D01","BG",2012,NA
"EUR","P_SAL_H","LT10","B06","D111","BG",2012,NA
"EUR","P_SAL_H","LT10","B06","D1111","BG",2012,NA
"EUR","P_SAL_H","LT10","B07","D01","BG",2012,2.88
"EUR","P_SAL_H","LT10","B07","D111","BG",2012,2.44
"EUR","P_SAL_H","LT10","B07","D1111","BG",2012,2.36
"EUR","P_SAL_H","LT10","B08","D01","BG",2012,2.62
"EUR","P_SAL_H","LT10","B08","D111","BG",2012,2.17
"EUR","P_SAL_H","LT10","B08","D1111","BG",2012,2.03
"EUR","P_SAL_H","LT10","B09","D01","BG",2012,6.66
"EUR","P_SAL_H","LT10","B09","D111","BG",2012,5.9
"EUR","P_SAL_H","LT10","B09","D1111","BG",2012,5.59
"EUR","P_SAL_H","LT10","C","D01","BG",2012,1.64
"EUR","P_SAL_H","LT10","C","D111","BG",2012,1.37
"EUR","P_SAL_H","LT10","C","D1111","BG",2012,1.29
"EUR","P_SAL_H","LT10","C10","D01","BG",2012,1.57
"EUR","P_SAL_H","LT10","C10","D111","BG",2012,1.31
"EUR","P_SAL_H","LT10","C10","D1111","BG",2012,1.25
"EUR","P_SAL_H","LT10","C11","D01","BG",2012,NA
"EUR","P_SAL_H","LT10","C11","D111","BG",2012,NA
"EUR","P_SAL_H","LT10","C11","D1111","BG",2012,NA
"EUR","P_SAL_H","LT10","C12","D01","BG",2012,3.22
"EUR","P_SAL_H","LT10","C12","D111","BG",2012,2.64
"EUR","P_SAL_H","LT10","C12","D1111","BG",2012,2.37
"EUR","P_SAL_H","LT10","C13","D01","BG",2012,NA
"EUR","P_SAL_H","LT10","C13","D111","BG",2012,NA
"EUR","P_SAL_H","LT10","C13","D1111","BG",2012,NA
"EUR","P_SAL_H","LT10","C14","D01","BG",2012,1.43
"EUR","P_SAL_H","LT10","C14","D111","BG",2012,1.2
"EUR","P_SAL_H","LT10","C14","D1111","BG",2012,1.14
"EUR","P_SAL_H","LT10","C15","D01","BG",2012,NA
"EUR","P_SAL_H","LT10","C15","D111","BG",2012,NA
"EUR","P_SAL_H","LT10","C15","D1111","BG",2012,NA
"EUR","P_SAL_H","LT10","C16","D01","BG",2012,1.38
"EUR","P_SAL_H","LT10","C16","D111","BG",2012,1.14
"EUR","P_SAL_H","LT10","C16","D1111","BG",2012,1.07
"EUR","P_SAL_H","LT10","C17","D01","BG",2012,NA
"EUR","P_SAL_H","LT10","C17","D111","BG",2012,NA
"EUR","P_SAL_H","LT10","C17","D1111","BG",2012,NA
"EUR","P_SAL_H","LT10","C18","D01","BG",2012,1.61
"EUR","P_SAL_H","LT10","C18","D111","BG",2012,1.35
"EUR","P_SAL_H","LT10","C18","D1111","BG",2012,1.26
"EUR","P_SAL_H","LT10","C19","D01","BG",2012,NA
"EUR","P_SAL_H","LT10","C19","D111","BG",2012,NA
"EUR","P_SAL_H","LT10","C19","D1111","BG",2012,NA
"EUR","P_SAL_H","LT10","C20","D01","BG",2012,2.02
"EUR","P_SAL_H","LT10","C20","D111","BG",2012,1.7
"EUR","P_SAL_H","LT10","C20","D1111","BG",2012,1.59
"EUR","P_SAL_H","LT10","C21","D01","BG",2012,NA
"EUR","P_SAL_H","LT10","C21","D111","BG",2012,NA
"EUR","P_SAL_H","LT10","C21","D1111","BG",2012,NA
"EUR","P_SAL_H","LT10","C22","D01","BG",2012,1.52
"EUR","P_SAL_H","LT10","C22","D111","BG",2012,1.27
"EUR","P_SAL_H","LT10","C22","D1111","BG",2012,1.19
"EUR","P_SAL_H","LT10","C23","D01","BG",2012,1.82
"EUR","P_SAL_H","LT10","C23","D111","BG",2012,1.51
"EUR","P_SAL_H","LT10","C23","D1111","BG",2012,1.42
"EUR","P_SAL_H","LT10","C24","D01","BG",2012,NA
"EUR","P_SAL_H","LT10","C24","D111","BG",2012,NA
"EUR","P_SAL_H","LT10","C24","D1111","BG",2012,NA
"EUR","P_SAL_H","LT10","C25","D01","BG",2012,1.69
"EUR","P_SAL_H","LT10","C25","D111","BG",2012,1.41
"EUR","P_SAL_H","LT10","C25","D1111","BG",2012,1.32
"EUR","P_SAL_H","LT10","C26","D01","BG",2012,2.64
"EUR","P_SAL_H","LT10","C26","D111","BG",2012,2.23
"EUR","P_SAL_H","LT10","C26","D1111","BG",2012,2.09
"EUR","P_SAL_H","LT10","C27","D01","BG",2012,NA
"EUR","P_SAL_H","LT10","C27","D111","BG",2012,NA
"EUR","P_SAL_H","LT10","C27","D1111","BG",2012,NA
"EUR","P_SAL_H","LT10","C28","D01","BG",2012,2.17
"EUR","P_SAL_H","LT10","C28","D111","BG",2012,1.81
"EUR","P_SAL_H","LT10","C28","D1111","BG",2012,1.69
"EUR","P_SAL_H","LT10","C29","D01","BG",2012,1.72
"EUR","P_SAL_H","LT10","C29","D111","BG",2012,1.43
"EUR","P_SAL_H","LT10","C29","D1111","BG",2012,1.33
"EUR","P_SAL_H","LT10","C30","D01","BG",2012,2.61
"EUR","P_SAL_H","LT10","C30","D111","BG",2012,2.2
"EUR","P_SAL_H","LT10","C30","D1111","BG",2012,2.1
"EUR","P_SAL_H","LT10","C31","D01","BG",2012,1.35
"EUR","P_SAL_H","LT10","C31","D111","BG",2012,1.13
"EUR","P_SAL_H","LT10","C31","D1111","BG",2012,1.06
"EUR","P_SAL_H","LT10","C32","D01","BG",2012,1.59
"EUR","P_SAL_H","LT10","C32","D111","BG",2012,1.32
"EUR","P_SAL_H","LT10","C32","D1111","BG",2012,1.24
"EUR","P_SAL_H","LT10","C33","D01","BG",2012,2.26
"EUR","P_SAL_H","LT10","C33","D111","BG",2012,1.92
"EUR","P_SAL_H","LT10","C33","D1111","BG",2012,1.81
"EUR","P_SAL_H","LT10","D","D01","BG",2012,4.19
"EUR","P_SAL_H","LT10","D","D111","BG",2012,3.66
"EUR","P_SAL_H","LT10","D","D1111","BG",2012,3.46
"EUR","P_SAL_H","LT10","D35","D01","BG",2012,4.19
"EUR","P_SAL_H","LT10","D35","D111","BG",2012,3.66
"EUR","P_SAL_H","LT10","D35","D1111","BG",2012,3.46
"EUR","P_SAL_H","LT10","E","D01","BG",2012,2.35
"EUR","P_SAL_H","LT10","E","D111","BG",2012,2
"EUR","P_SAL_H","LT10","E","D1111","BG",2012,1.88
"EUR","P_SAL_H","LT10","E36","D01","BG",2012,3.82
"EUR","P_SAL_H","LT10","E36","D111","BG",2012,3.23
"EUR","P_SAL_H","LT10","E36","D1111","BG",2012,2.94
"EUR","P_SAL_H","LT10","E37","D01","BG",2012,1.96
"EUR","P_SAL_H","LT10","E37","D111","BG",2012,1.65
"EUR","P_SAL_H","LT10","E37","D1111","BG",2012,1.58
"EUR","P_SAL_H","LT10","E38","D01","BG",2012,2.29
"EUR","P_SAL_H","LT10","E38","D111","BG",2012,1.96
"EUR","P_SAL_H","LT10","E38","D1111","BG",2012,1.83
"EUR","P_SAL_H","LT10","E39","D01","BG",2012,2.67
"EUR","P_SAL_H","LT10","E39","D111","BG",2012,2.31
"EUR","P_SAL_H","LT10","E39","D1111","BG",2012,2.15
"EUR","P_SAL_H","LT10","F","D01","BG",2012,2.12
"EUR","P_SAL_H","LT10","F","D111","BG",2012,1.78
"EUR","P_SAL_H","LT10","F","D1111","BG",2012,1.68
"EUR","P_SAL_H","LT10","F41","D01","BG",2012,2.05
"EUR","P_SAL_H","LT10","F41","D111","BG",2012,1.72
"EUR","P_SAL_H","LT10","F41","D1111","BG",2012,1.62
"EUR","P_SAL_H","LT10","F42","D01","BG",2012,2.72
"EUR","P_SAL_H","LT10","F42","D111","BG",2012,2.33
"EUR","P_SAL_H","LT10","F42","D1111","BG",2012,2.18
"EUR","P_SAL_H","LT10","F43","D01","BG",2012,2.06
"EUR","P_SAL_H","LT10","F43","D111","BG",2012,1.73
"EUR","P_SAL_H","LT10","F43","D1111","BG",2012,1.63
"EUR","P_SAL_H","LT10","G","D01","BG",2012,1.99
"EUR","P_SAL_H","LT10","G","D111","BG",2012,1.67
"EUR","P_SAL_H","LT10","G","D1111","BG",2012,1.58
"EUR","P_SAL_H","LT10","G-J","D01","BG",2012,2.01
"EUR","P_SAL_H","LT10","G-J","D111","BG",2012,1.69
"EUR","P_SAL_H","LT10","G-J","D1111","BG",2012,1.59
"EUR","P_SAL_H","LT10","G-N","D01","BG",2012,2.19
"EUR","P_SAL_H","LT10","G-N","D111","BG",2012,1.86
"EUR","P_SAL_H","LT10","G-N","D1111","BG",2012,1.75
"EUR","P_SAL_H","LT10","G-S_X_O","D01","BG",2012,2.16
"EUR","P_SAL_H","LT10","G-S_X_O","D111","BG",2012,1.83
"EUR","P_SAL_H","LT10","G-S_X_O","D1111","BG",2012,1.72
"EUR","P_SAL_H","LT10","G45","D01","BG",2012,1.85
"EUR","P_SAL_H","LT10","G45","D111","BG",2012,1.55
"EUR","P_SAL_H","LT10","G45","D1111","BG",2012,1.46
"EUR","P_SAL_H","LT10","G46","D01","BG",2012,2.76
"EUR","P_SAL_H","LT10","G46","D111","BG",2012,2.35
"EUR","P_SAL_H","LT10","G46","D1111","BG",2012,2.21
"EUR","P_SAL_H","LT10","G47","D01","BG",2012,1.71
"EUR","P_SAL_H","LT10","G47","D111","BG",2012,1.43
"EUR","P_SAL_H","LT10","G47","D1111","BG",2012,1.35
"EUR","P_SAL_H","LT10","H","D01","BG",2012,1.94
"EUR","P_SAL_H","LT10","H","D111","BG",2012,1.59
"EUR","P_SAL_H","LT10","H","D1111","BG",2012,1.5
"EUR","P_SAL_H","LT10","H49","D01","BG",2012,1.76
"EUR","P_SAL_H","LT10","H49","D111","BG",2012,1.42
"EUR","P_SAL_H","LT10","H49","D1111","BG",2012,1.35
"EUR","P_SAL_H","LT10","H50","D01","BG",2012,3.49
"EUR","P_SAL_H","LT10","H50","D111","BG",2012,2.98
"EUR","P_SAL_H","LT10","H50","D1111","BG",2012,2.88
"EUR","P_SAL_H","LT10","H51","D01","BG",2012,NA
"EUR","P_SAL_H","LT10","H51","D111","BG",2012,NA
"EUR","P_SAL_H","LT10","H51","D1111","BG",2012,NA
"EUR","P_SAL_H","LT10","H52","D01","BG",2012,3.25
"EUR","P_SAL_H","LT10","H52","D111","BG",2012,2.79
"EUR","P_SAL_H","LT10","H52","D1111","BG",2012,2.62
"EUR","P_SAL_H","LT10","H53","D01","BG",2012,1.6
"EUR","P_SAL_H","LT10","H53","D111","BG",2012,1.35
"EUR","P_SAL_H","LT10","H53","D1111","BG",2012,1.27
"EUR","P_SAL_H","LT10","I","D01","BG",2012,1.58
"EUR","P_SAL_H","LT10","I","D111","BG",2012,1.31
"EUR","P_SAL_H","LT10","I","D1111","BG",2012,1.26
"EUR","P_SAL_H","LT10","I55","D01","BG",2012,1.79
"EUR","P_SAL_H","LT10","I55","D111","BG",2012,1.48
"EUR","P_SAL_H","LT10","I55","D1111","BG",2012,1.41
"EUR","P_SAL_H","LT10","I56","D01","BG",2012,1.55
"EUR","P_SAL_H","LT10","I56","D111","BG",2012,1.29
"EUR","P_SAL_H","LT10","I56","D1111","BG",2012,1.24
"EUR","P_SAL_H","LT10","J","D01","BG",2012,4.09
"EUR","P_SAL_H","LT10","J","D111","BG",2012,3.58
"EUR","P_SAL_H","LT10","J","D1111","BG",2012,3.36
"EUR","P_SAL_H","LT10","J58","D01","BG",2012,NA
"EUR","P_SAL_H","LT10","J58","D111","BG",2012,NA
"EUR","P_SAL_H","LT10","J58","D1111","BG",2012,NA
"EUR","P_SAL_H","LT10","J59","D01","BG",2012,3.05
"EUR","P_SAL_H","LT10","J59","D111","BG",2012,2.64
"EUR","P_SAL_H","LT10","J59","D1111","BG",2012,2.51
"EUR","P_SAL_H","LT10","J60","D01","BG",2012,2.62
"EUR","P_SAL_H","LT10","J60","D111","BG",2012,2.2
"EUR","P_SAL_H","LT10","J60","D1111","BG",2012,2.05
"EUR","P_SAL_H","LT10","J61","D01","BG",2012,NA
"EUR","P_SAL_H","LT10","J61","D111","BG",2012,NA
"EUR","P_SAL_H","LT10","J61","D1111","BG",2012,NA
"EUR","P_SAL_H","LT10","J62","D01","BG",2012,5.03
"EUR","P_SAL_H","LT10","J62","D111","BG",2012,4.45
"EUR","P_SAL_H","LT10","J62","D1111","BG",2012,4.18
"EUR","P_SAL_H","LT10","J63","D01","BG",2012,3.74
"EUR","P_SAL_H","LT10","J63","D111","BG",2012,3.25
"EUR","P_SAL_H","LT10","J63","D1111","BG",2012,3.06
"EUR","P_SAL_H","LT10","K","D01","BG",2012,3.78
"EUR","P_SAL_H","LT10","K","D111","BG",2012,3.31
"EUR","P_SAL_H","LT10","K","D1111","BG",2012,3.13
"EUR","P_SAL_H","LT10","K-N","D01","BG",2012,2.91
"EUR","P_SAL_H","LT10","K-N","D111","BG",2012,2.5
"EUR","P_SAL_H","LT10","K-N","D1111","BG",2012,2.36
"EUR","P_SAL_H","LT10","K64","D01","BG",2012,4.26
"EUR","P_SAL_H","LT10","K64","D111","BG",2012,3.74
"EUR","P_SAL_H","LT10","K64","D1111","BG",2012,3.53
"EUR","P_SAL_H","LT10","K65","D01","BG",2012,10.61
"EUR","P_SAL_H","LT10","K65","D111","BG",2012,9.61
"EUR","P_SAL_H","LT10","K65","D1111","BG",2012,8.7
"EUR","P_SAL_H","LT10","K66","D01","BG",2012,3.08
"EUR","P_SAL_H","LT10","K66","D111","BG",2012,2.67
"EUR","P_SAL_H","LT10","K66","D1111","BG",2012,2.54
"EUR","P_SAL_H","LT10","L","D01","BG",2012,2.86
"EUR","P_SAL_H","LT10","L","D111","BG",2012,2.45
"EUR","P_SAL_H","LT10","L","D1111","BG",2012,2.3
"EUR","P_SAL_H","LT10","L68","D01","BG",2012,2.86
"EUR","P_SAL_H","LT10","L68","D111","BG",2012,2.45
"EUR","P_SAL_H","LT10","L68","D1111","BG",2012,2.3
"EUR","P_SAL_H","LT10","M","D01","BG",2012,3.01
"EUR","P_SAL_H","LT10","M","D111","BG",2012,2.59
"EUR","P_SAL_H","LT10","M","D1111","BG",2012,2.43
"EUR","P_SAL_H","LT10","M69","D01","BG",2012,2.39
"EUR","P_SAL_H","LT10","M69","D111","BG",2012,2.03
"EUR","P_SAL_H","LT10","M69","D1111","BG",2012,1.9
"EUR","P_SAL_H","LT10","M70","D01","BG",2012,5.11
"EUR","P_SAL_H","LT10","M70","D111","BG",2012,4.53
"EUR","P_SAL_H","LT10","M70","D1111","BG",2012,4.31
"EUR","P_SAL_H","LT10","M71","D01","BG",2012,3.13
"EUR","P_SAL_H","LT10","M71","D111","BG",2012,2.68
"EUR","P_SAL_H","LT10","M71","D1111","BG",2012,2.51
"EUR","P_SAL_H","LT10","M72","D01","BG",2012,NA
"EUR","P_SAL_H","LT10","M72","D111","BG",2012,NA
"EUR","P_SAL_H","LT10","M72","D1111","BG",2012,NA
"EUR","P_SAL_H","LT10","M73","D01","BG",2012,2.96
"EUR","P_SAL_H","LT10","M73","D111","BG",2012,2.55
"EUR","P_SAL_H","LT10","M73","D1111","BG",2012,2.4
"EUR","P_SAL_H","LT10","M74","D01","BG",2012,2.96
"EUR","P_SAL_H","LT10","M74","D111","BG",2012,2.55
"EUR","P_SAL_H","LT10","M74","D1111","BG",2012,2.41
"EUR","P_SAL_H","LT10","M75","D01","BG",2012,1.81
"EUR","P_SAL_H","LT10","M75","D111","BG",2012,1.52
"EUR","P_SAL_H","LT10","M75","D1111","BG",2012,1.44
"EUR","P_SAL_H","LT10","N","D01","BG",2012,2.21
"EUR","P_SAL_H","LT10","N","D111","BG",2012,1.87
"EUR","P_SAL_H","LT10","N","D1111","BG",2012,1.76
"EUR","P_SAL_H","LT10","N77","D01","BG",2012,2.77
"EUR","P_SAL_H","LT10","N77","D111","BG",2012,2.35
"EUR","P_SAL_H","LT10","N77","D1111","BG",2012,2.21
"EUR","P_SAL_H","LT10","N78","D01","BG",2012,3.06
"EUR","P_SAL_H","LT10","N78","D111","BG",2012,2.6
"EUR","P_SAL_H","LT10","N78","D1111","BG",2012,2.45
"EUR","P_SAL_H","LT10","N79","D01","BG",2012,2.68
"EUR","P_SAL_H","LT10","N79","D111","BG",2012,2.28
"EUR","P_SAL_H","LT10","N79","D1111","BG",2012,2.15
"EUR","P_SAL_H","LT10","N80","D01","BG",2012,1.5
"EUR","P_SAL_H","LT10","N80","D111","BG",2012,1.27
"EUR","P_SAL_H","LT10","N80","D1111","BG",2012,1.2
"EUR","P_SAL_H","LT10","N81","D01","BG",2012,1.63
"EUR","P_SAL_H","LT10","N81","D111","BG",2012,1.36
"EUR","P_SAL_H","LT10","N81","D1111","BG",2012,1.27
"EUR","P_SAL_H","LT10","N82","D01","BG",2012,2.54
"EUR","P_SAL_H","LT10","N82","D111","BG",2012,2.15
"EUR","P_SAL_H","LT10","N82","D1111","BG",2012,2.01
"EUR","P_SAL_H","LT10","O","D01","BG",2012,4.77
"EUR","P_SAL_H","LT10","O","D111","BG",2012,3.77
"EUR","P_SAL_H","LT10","O","D1111","BG",2012,3.23
"EUR","P_SAL_H","LT10","O-S","D01","BG",2012,1.99
"EUR","P_SAL_H","LT10","O-S","D111","BG",2012,1.68
"EUR","P_SAL_H","LT10","O-S","D1111","BG",2012,1.56
"EUR","P_SAL_H","LT10","O84","D01","BG",2012,4.77
"EUR","P_SAL_H","LT10","O84","D111","BG",2012,3.77
"EUR","P_SAL_H","LT10","O84","D1111","BG",2012,3.23
"EUR","P_SAL_H","LT10","P","D01","BG",2012,2.29
"EUR","P_SAL_H","LT10","P","D111","BG",2012,1.88
"EUR","P_SAL_H","LT10","P","D1111","BG",2012,1.65
"EUR","P_SAL_H","LT10","P-S","D01","BG",2012,1.95
"EUR","P_SAL_H","LT10","P-S","D111","BG",2012,1.65
"EUR","P_SAL_H","LT10","P-S","D1111","BG",2012,1.53
"EUR","P_SAL_H","LT10","P85","D01","BG",2012,2.29
"EUR","P_SAL_H","LT10","P85","D111","BG",2012,1.88
"EUR","P_SAL_H","LT10","P85","D1111","BG",2012,1.65
"EUR","P_SAL_H","LT10","Q","D01","BG",2012,2.03
"EUR","P_SAL_H","LT10","Q","D111","BG",2012,1.71
"EUR","P_SAL_H","LT10","Q","D1111","BG",2012,1.63
"EUR","P_SAL_H","LT10","Q86","D01","BG",2012,2.07
"EUR","P_SAL_H","LT10","Q86","D111","BG",2012,1.74
"EUR","P_SAL_H","LT10","Q86","D1111","BG",2012,1.66
"EUR","P_SAL_H","LT10","Q87","D01","BG",2012,NA
"EUR","P_SAL_H","LT10","Q87","D111","BG",2012,NA
"EUR","P_SAL_H","LT10","Q87","D1111","BG",2012,NA
"EUR","P_SAL_H","LT10","Q88","D01","BG",2012,NA
"EUR","P_SAL_H","LT10","Q88","D111","BG",2012,NA
"EUR","P_SAL_H","LT10","Q88","D1111","BG",2012,NA
"EUR","P_SAL_H","LT10","R","D01","BG",2012,1.77
"EUR","P_SAL_H","LT10","R","D111","BG",2012,1.49
"EUR","P_SAL_H","LT10","R","D1111","BG",2012,1.4
"EUR","P_SAL_H","LT10","R90","D01","BG",2012,2.02
"EUR","P_SAL_H","LT10","R90","D111","BG",2012,1.7
"EUR","P_SAL_H","LT10","R90","D1111","BG",2012,1.58
"EUR","P_SAL_H","LT10","R91","D01","BG",2012,NA
"EUR","P_SAL_H","LT10","R91","D111","BG",2012,NA
"EUR","P_SAL_H","LT10","R91","D1111","BG",2012,NA
"EUR","P_SAL_H","LT10","R92","D01","BG",2012,1.48
"EUR","P_SAL_H","LT10","R92","D111","BG",2012,1.24
"EUR","P_SAL_H","LT10","R92","D1111","BG",2012,1.17
"EUR","P_SAL_H","LT10","R93","D01","BG",2012,1.79
"EUR","P_SAL_H","LT10","R93","D111","BG",2012,1.51
"EUR","P_SAL_H","LT10","R93","D1111","BG",2012,1.43
"EUR","P_SAL_H","LT10","S","D01","BG",2012,1.84
"EUR","P_SAL_H","LT10","S","D111","BG",2012,1.58
"EUR","P_SAL_H","LT10","S","D1111","BG",2012,1.48
"EUR","P_SAL_H","LT10","S94","D01","BG",2012,2.41
"EUR","P_SAL_H","LT10","S94","D111","BG",2012,2.11
"EUR","P_SAL_H","LT10","S94","D1111","BG",2012,1.94
"EUR","P_SAL_H","LT10","S95","D01","BG",2012,1.52
"EUR","P_SAL_H","LT10","S95","D111","BG",2012,1.27
"EUR","P_SAL_H","LT10","S95","D1111","BG",2012,1.21
"EUR","P_SAL_H","LT10","S96","D01","BG",2012,1.4
"EUR","P_SAL_H","LT10","S96","D111","BG",2012,1.17
"EUR","P_SAL_H","LT10","S96","D1111","BG",2012,1.11
"EUR","P_SAL_H","TOTAL","B","D01","BG",2012,6.45
"EUR","P_SAL_H","TOTAL","B","D111","BG",2012,4.92
"EUR","P_SAL_H","TOTAL","B","D1111","BG",2012,4.16
"EUR","P_SAL_H","TOTAL","B-E","D01","BG",2012,3.17
"EUR","P_SAL_H","TOTAL","B-E","D111","BG",2012,2.61
"EUR","P_SAL_H","TOTAL","B-E","D1111","BG",2012,2.29
"EUR","P_SAL_H","TOTAL","B-F","D01","BG",2012,3.11
"EUR","P_SAL_H","TOTAL","B-F","D111","BG",2012,2.57
"EUR","P_SAL_H","TOTAL","B-F","D1111","BG",2012,2.27
"EUR","P_SAL_H","TOTAL","B-N","D01","BG",2012,3.17
"EUR","P_SAL_H","TOTAL","B-N","D111","BG",2012,2.68
"EUR","P_SAL_H","TOTAL","B-N","D1111","BG",2012,2.41
"EUR","P_SAL_H","TOTAL","B-S","D01","BG",2012,3.22
"EUR","P_SAL_H","TOTAL","B-S","D111","BG",2012,2.71
"EUR","P_SAL_H","TOTAL","B-S","D1111","BG",2012,2.42
"EUR","P_SAL_H","TOTAL","B-S_X_O","D01","BG",2012,3.17
"EUR","P_SAL_H","TOTAL","B-S_X_O","D111","BG",2012,2.68
"EUR","P_SAL_H","TOTAL","B-S_X_O","D1111","BG",2012,2.39
"EUR","P_SAL_H","TOTAL","B05","D01","BG",2012,7.22
"EUR","P_SAL_H","TOTAL","B05","D111","BG",2012,5.32
"EUR","P_SAL_H","TOTAL","B05","D1111","BG",2012,4.33
"EUR","P_SAL_H","TOTAL","B06","D01","BG",2012,3.57
"EUR","P_SAL_H","TOTAL","B06","D111","BG",2012,3.05
"EUR","P_SAL_H","TOTAL","B06","D1111","BG",2012,2.81
"EUR","P_SAL_H","TOTAL","B07","D01","BG",2012,7.37
"EUR","P_SAL_H","TOTAL","B07","D111","BG",2012,5.81
"EUR","P_SAL_H","TOTAL","B07","D1111","BG",2012,5.11
"EUR","P_SAL_H","TOTAL","B08","D01","BG",2012,3.3
"EUR","P_SAL_H","TOTAL","B08","D111","BG",2012,2.69
"EUR","P_SAL_H","TOTAL","B08","D1111","BG",2012,2.41
"EUR","P_SAL_H","TOTAL","B09","D01","BG",2012,5.41
"EUR","P_SAL_H","TOTAL","B09","D111","BG",2012,4.61
"EUR","P_SAL_H","TOTAL","B09","D1111","BG",2012,4.36
"EUR","P_SAL_H","TOTAL","C","D01","BG",2012,2.72
"EUR","P_SAL_H","TOTAL","C","D111","BG",2012,2.26
"EUR","P_SAL_H","TOTAL","C","D1111","BG",2012,2.03
"EUR","P_SAL_H","TOTAL","C10","D01","BG",2012,2.36
"EUR","P_SAL_H","TOTAL","C10","D111","BG",2012,1.98
"EUR","P_SAL_H","TOTAL","C10","D1111","BG",2012,1.82
"EUR","P_SAL_H","TOTAL","C11","D01","BG",2012,3.61
"EUR","P_SAL_H","TOTAL","C11","D111","BG",2012,3.04
"EUR","P_SAL_H","TOTAL","C11","D1111","BG",2012,2.7
"EUR","P_SAL_H","TOTAL","C12","D01","BG",2012,7.28
"EUR","P_SAL_H","TOTAL","C12","D111","BG",2012,5.83
"EUR","P_SAL_H","TOTAL","C12","D1111","BG",2012,4.96
"EUR","P_SAL_H","TOTAL","C13","D01","BG",2012,2.42
"EUR","P_SAL_H","TOTAL","C13","D111","BG",2012,2.01
"EUR","P_SAL_H","TOTAL","C13","D1111","BG",2012,1.83
"EUR","P_SAL_H","TOTAL","C14","D01","BG",2012,1.82
"EUR","P_SAL_H","TOTAL","C14","D111","BG",2012,1.51
"EUR","P_SAL_H","TOTAL","C14","D1111","BG",2012,1.37
"EUR","P_SAL_H","TOTAL","C15","D01","BG",2012,1.7
"EUR","P_SAL_H","TOTAL","C15","D111","BG",2012,1.42
"EUR","P_SAL_H","TOTAL","C15","D1111","BG",2012,1.29
"EUR","P_SAL_H","TOTAL","C16","D01","BG",2012,1.89
"EUR","P_SAL_H","TOTAL","C16","D111","BG",2012,1.58
"EUR","P_SAL_H","TOTAL","C16","D1111","BG",2012,1.43
"EUR","P_SAL_H","TOTAL","C17","D01","BG",2012,2.57
"EUR","P_SAL_H","TOTAL","C17","D111","BG",2012,2.14
"EUR","P_SAL_H","TOTAL","C17","D1111","BG",2012,1.9
"EUR","P_SAL_H","TOTAL","C18","D01","BG",2012,2.69
"EUR","P_SAL_H","TOTAL","C18","D111","BG",2012,2.27
"EUR","P_SAL_H","TOTAL","C18","D1111","BG",2012,2.07
"EUR","P_SAL_H","TOTAL","C19","D01","BG",2012,10.06
"EUR","P_SAL_H","TOTAL","C19","D111","BG",2012,8.07
"EUR","P_SAL_H","TOTAL","C19","D1111","BG",2012,7.2
"EUR","P_SAL_H","TOTAL","C20","D01","BG",2012,3.84
"EUR","P_SAL_H","TOTAL","C20","D111","BG",2012,3.19
"EUR","P_SAL_H","TOTAL","C20","D1111","BG",2012,2.87
"EUR","P_SAL_H","TOTAL","C21","D01","BG",2012,3.87
"EUR","P_SAL_H","TOTAL","C21","D111","BG",2012,3.23
"EUR","P_SAL_H","TOTAL","C21","D1111","BG",2012,2.87
"EUR","P_SAL_H","TOTAL","C22","D01","BG",2012,2.3
"EUR","P_SAL_H","TOTAL","C22","D111","BG",2012,1.93
"EUR","P_SAL_H","TOTAL","C22","D1111","BG",2012,1.77
"EUR","P_SAL_H","TOTAL","C23","D01","BG",2012,3.32
"EUR","P_SAL_H","TOTAL","C23","D111","BG",2012,2.75
"EUR","P_SAL_H","TOTAL","C23","D1111","BG",2012,2.45
"EUR","P_SAL_H","TOTAL","C24","D01","BG",2012,4.84
"EUR","P_SAL_H","TOTAL","C24","D111","BG",2012,3.84
"EUR","P_SAL_H","TOTAL","C24","D1111","BG",2012,3.39
"EUR","P_SAL_H","TOTAL","C25","D01","BG",2012,2.64
"EUR","P_SAL_H","TOTAL","C25","D111","BG",2012,2.19
"EUR","P_SAL_H","TOTAL","C25","D1111","BG",2012,1.96
"EUR","P_SAL_H","TOTAL","C26","D01","BG",2012,3.94
"EUR","P_SAL_H","TOTAL","C26","D111","BG",2012,3.37
"EUR","P_SAL_H","TOTAL","C26","D1111","BG",2012,3
"EUR","P_SAL_H","TOTAL","C27","D01","BG",2012,3.63
"EUR","P_SAL_H","TOTAL","C27","D111","BG",2012,3.02
"EUR","P_SAL_H","TOTAL","C27","D1111","BG",2012,2.71
"EUR","P_SAL_H","TOTAL","C28","D01","BG",2012,3.53
"EUR","P_SAL_H","TOTAL","C28","D111","BG",2012,2.94
"EUR","P_SAL_H","TOTAL","C28","D1111","BG",2012,2.62
"EUR","P_SAL_H","TOTAL","C29","D01","BG",2012,2.99
"EUR","P_SAL_H","TOTAL","C29","D111","BG",2012,2.53
"EUR","P_SAL_H","TOTAL","C29","D1111","BG",2012,2.19
"EUR","P_SAL_H","TOTAL","C30","D01","BG",2012,3.16
"EUR","P_SAL_H","TOTAL","C30","D111","BG",2012,2.64
"EUR","P_SAL_H","TOTAL","C30","D1111","BG",2012,2.41
"EUR","P_SAL_H","TOTAL","C31","D01","BG",2012,1.82
"EUR","P_SAL_H","TOTAL","C31","D111","BG",2012,1.52
"EUR","P_SAL_H","TOTAL","C31","D1111","BG",2012,1.39
"EUR","P_SAL_H","TOTAL","C32","D01","BG",2012,2.59
"EUR","P_SAL_H","TOTAL","C32","D111","BG",2012,2.18
"EUR","P_SAL_H","TOTAL","C32","D1111","BG",2012,1.98
"EUR","P_SAL_H","TOTAL","C33","D01","BG",2012,3.93
"EUR","P_SAL_H","TOTAL","C33","D111","BG",2012,3.25
"EUR","P_SAL_H","TOTAL","C33","D1111","BG",2012,2.89
"EUR","P_SAL_H","TOTAL","D","D01","BG",2012,7.79
"EUR","P_SAL_H","TOTAL","D","D111","BG",2012,6.29
"EUR","P_SAL_H","TOTAL","D","D1111","BG",2012,4.88
"EUR","P_SAL_H","TOTAL","D35","D01","BG",2012,7.79
"EUR","P_SAL_H","TOTAL","D35","D111","BG",2012,6.29
"EUR","P_SAL_H","TOTAL","D35","D1111","BG",2012,4.88
"EUR","P_SAL_H","TOTAL","E","D01","BG",2012,3.01
"EUR","P_SAL_H","TOTAL","E","D111","BG",2012,2.51
"EUR","P_SAL_H","TOTAL","E","D1111","BG",2012,2.17
"EUR","P_SAL_H","TOTAL","E36","D01","BG",2012,3.29
"EUR","P_SAL_H","TOTAL","E36","D111","BG",2012,2.72
"EUR","P_SAL_H","TOTAL","E36","D1111","BG",2012,2.23
"EUR","P_SAL_H","TOTAL","E37","D01","BG",2012,2.39
"EUR","P_SAL_H","TOTAL","E37","D111","BG",2012,2
"EUR","P_SAL_H","TOTAL","E37","D1111","BG",2012,1.83
"EUR","P_SAL_H","TOTAL","E38","D01","BG",2012,2.74
"EUR","P_SAL_H","TOTAL","E38","D111","BG",2012,2.31
"EUR","P_SAL_H","TOTAL","E38","D1111","BG",2012,2.1
"EUR","P_SAL_H","TOTAL","E39","D01","BG",2012,3.19
"EUR","P_SAL_H","TOTAL","E39","D111","BG",2012,2.7
"EUR","P_SAL_H","TOTAL","E39","D1111","BG",2012,2.38
"EUR","P_SAL_H","TOTAL","F","D01","BG",2012,2.82
"EUR","P_SAL_H","TOTAL","F","D111","BG",2012,2.37
"EUR","P_SAL_H","TOTAL","F","D1111","BG",2012,2.2
"EUR","P_SAL_H","TOTAL","F41","D01","BG",2012,2.48
"EUR","P_SAL_H","TOTAL","F41","D111","BG",2012,2.1
"EUR","P_SAL_H","TOTAL","F41","D1111","BG",2012,1.95
"EUR","P_SAL_H","TOTAL","F42","D01","BG",2012,3.39
"EUR","P_SAL_H","TOTAL","F42","D111","BG",2012,2.85
"EUR","P_SAL_H","TOTAL","F42","D1111","BG",2012,2.62
"EUR","P_SAL_H","TOTAL","F43","D01","BG",2012,2.71
"EUR","P_SAL_H","TOTAL","F43","D111","BG",2012,2.29
"EUR","P_SAL_H","TOTAL","F43","D1111","BG",2012,2.13
"EUR","P_SAL_H","TOTAL","G","D01","BG",2012,2.67
"EUR","P_SAL_H","TOTAL","G","D111","BG",2012,2.27
"EUR","P_SAL_H","TOTAL","G","D1111","BG",2012,2.11
"EUR","P_SAL_H","TOTAL","G-J","D01","BG",2012,3.1
"EUR","P_SAL_H","TOTAL","G-J","D111","BG",2012,2.65
"EUR","P_SAL_H","TOTAL","G-J","D1111","BG",2012,2.41
"EUR","P_SAL_H","TOTAL","G-N","D01","BG",2012,3.21
"EUR","P_SAL_H","TOTAL","G-N","D111","BG",2012,2.76
"EUR","P_SAL_H","TOTAL","G-N","D1111","BG",2012,2.51
"EUR","P_SAL_H","TOTAL","G-S_X_O","D01","BG",2012,3.21
"EUR","P_SAL_H","TOTAL","G-S_X_O","D111","BG",2012,2.74
"EUR","P_SAL_H","TOTAL","G-S_X_O","D1111","BG",2012,2.46
"EUR","P_SAL_H","TOTAL","G45","D01","BG",2012,2.81
"EUR","P_SAL_H","TOTAL","G45","D111","BG",2012,2.38
"EUR","P_SAL_H","TOTAL","G45","D1111","BG",2012,2.2
"EUR","P_SAL_H","TOTAL","G46","D01","BG",2012,3.4
"EUR","P_SAL_H","TOTAL","G46","D111","BG",2012,2.92
"EUR","P_SAL_H","TOTAL","G46","D1111","BG",2012,2.71
"EUR","P_SAL_H","TOTAL","G47","D01","BG",2012,2.16
"EUR","P_SAL_H","TOTAL","G47","D111","BG",2012,1.81
"EUR","P_SAL_H","TOTAL","G47","D1111","BG",2012,1.68
"EUR","P_SAL_H","TOTAL","H","D01","BG",2012,3.26
"EUR","P_SAL_H","TOTAL","H","D111","BG",2012,2.85
"EUR","P_SAL_H","TOTAL","H","D1111","BG",2012,2.39
"EUR","P_SAL_H","TOTAL","H49","D01","BG",2012,2.62
"EUR","P_SAL_H","TOTAL","H49","D111","BG",2012,2.11
"EUR","P_SAL_H","TOTAL","H49","D1111","BG",2012,1.8
"EUR","P_SAL_H","TOTAL","H50","D01","BG",2012,8.9
"EUR","P_SAL_H","TOTAL","H50","D111","BG",2012,8.16
"EUR","P_SAL_H","TOTAL","H50","D1111","BG",2012,6.85
"EUR","P_SAL_H","TOTAL","H51","D01","BG",2012,8.7
"EUR","P_SAL_H","TOTAL","H51","D111","BG",2012,7.28
"EUR","P_SAL_H","TOTAL","H51","D1111","BG",2012,6.45
"EUR","P_SAL_H","TOTAL","H52","D01","BG",2012,4.4
"EUR","P_SAL_H","TOTAL","H52","D111","BG",2012,4.37
"EUR","P_SAL_H","TOTAL","H52","D1111","BG",2012,3.53
"EUR","P_SAL_H","TOTAL","H53","D01","BG",2012,2.87
"EUR","P_SAL_H","TOTAL","H53","D111","BG",2012,2.39
"EUR","P_SAL_H","TOTAL","H53","D1111","BG",2012,2.06
"EUR","P_SAL_H","TOTAL","I","D01","BG",2012,1.97
"EUR","P_SAL_H","TOTAL","I","D111","BG",2012,1.65
"EUR","P_SAL_H","TOTAL","I","D1111","BG",2012,1.55
"EUR","P_SAL_H","TOTAL","I55","D01","BG",2012,2.44
"EUR","P_SAL_H","TOTAL","I55","D111","BG",2012,2.04
"EUR","P_SAL_H","TOTAL","I55","D1111","BG",2012,1.9
"EUR","P_SAL_H","TOTAL","I56","D01","BG",2012,1.73
"EUR","P_SAL_H","TOTAL","I56","D111","BG",2012,1.45
"EUR","P_SAL_H","TOTAL","I56","D1111","BG",2012,1.37
"EUR","P_SAL_H","TOTAL","J","D01","BG",2012,6.93
"EUR","P_SAL_H","TOTAL","J","D111","BG",2012,6.04
"EUR","P_SAL_H","TOTAL","J","D1111","BG",2012,5.53
"EUR","P_SAL_H","TOTAL","J58","D01","BG",2012,4.47
"EUR","P_SAL_H","TOTAL","J58","D111","BG",2012,3.85
"EUR","P_SAL_H","TOTAL","J58","D1111","BG",2012,3.5
"EUR","P_SAL_H","TOTAL","J59","D01","BG",2012,4.96
"EUR","P_SAL_H","TOTAL","J59","D111","BG",2012,4.37
"EUR","P_SAL_H","TOTAL","J59","D1111","BG",2012,4.07
"EUR","P_SAL_H","TOTAL","J60","D01","BG",2012,5.21
"EUR","P_SAL_H","TOTAL","J60","D111","BG",2012,4.49
"EUR","P_SAL_H","TOTAL","J60","D1111","BG",2012,4.06
"EUR","P_SAL_H","TOTAL","J61","D01","BG",2012,5.98
"EUR","P_SAL_H","TOTAL","J61","D111","BG",2012,5.11
"EUR","P_SAL_H","TOTAL","J61","D1111","BG",2012,4.65
"EUR","P_SAL_H","TOTAL","J62","D01","BG",2012,8.95
"EUR","P_SAL_H","TOTAL","J62","D111","BG",2012,7.88
"EUR","P_SAL_H","TOTAL","J62","D1111","BG",2012,7.24
"EUR","P_SAL_H","TOTAL","J63","D01","BG",2012,5.65
"EUR","P_SAL_H","TOTAL","J63","D111","BG",2012,4.91
"EUR","P_SAL_H","TOTAL","J63","D1111","BG",2012,4.5
"EUR","P_SAL_H","TOTAL","K","D01","BG",2012,6.05
"EUR","P_SAL_H","TOTAL","K","D111","BG",2012,5.19
"EUR","P_SAL_H","TOTAL","K","D1111","BG",2012,4.67
"EUR","P_SAL_H","TOTAL","K-N","D01","BG",2012,3.52
"EUR","P_SAL_H","TOTAL","K-N","D111","BG",2012,3.04
"EUR","P_SAL_H","TOTAL","K-N","D1111","BG",2012,2.78
"EUR","P_SAL_H","TOTAL","K64","D01","BG",2012,6.19
"EUR","P_SAL_H","TOTAL","K64","D111","BG",2012,5.29
"EUR","P_SAL_H","TOTAL","K64","D1111","BG",2012,4.72
"EUR","P_SAL_H","TOTAL","K65","D01","BG",2012,6.8
"EUR","P_SAL_H","TOTAL","K65","D111","BG",2012,5.93
"EUR","P_SAL_H","TOTAL","K65","D1111","BG",2012,5.46
"EUR","P_SAL_H","TOTAL","K66","D01","BG",2012,4.31
"EUR","P_SAL_H","TOTAL","K66","D111","BG",2012,3.75
"EUR","P_SAL_H","TOTAL","K66","D1111","BG",2012,3.5
"EUR","P_SAL_H","TOTAL","L","D01","BG",2012,3.09
"EUR","P_SAL_H","TOTAL","L","D111","BG",2012,2.65
"EUR","P_SAL_H","TOTAL","L","D1111","BG",2012,2.44
"EUR","P_SAL_H","TOTAL","L68","D01","BG",2012,3.09
"EUR","P_SAL_H","TOTAL","L68","D111","BG",2012,2.65
"EUR","P_SAL_H","TOTAL","L68","D1111","BG",2012,2.44
"EUR","P_SAL_H","TOTAL","M","D01","BG",2012,4.34
"EUR","P_SAL_H","TOTAL","M","D111","BG",2012,3.76
"EUR","P_SAL_H","TOTAL","M","D1111","BG",2012,3.47
"EUR","P_SAL_H","TOTAL","M69","D01","BG",2012,3.47
"EUR","P_SAL_H","TOTAL","M69","D111","BG",2012,2.99
"EUR","P_SAL_H","TOTAL","M69","D1111","BG",2012,2.78
"EUR","P_SAL_H","TOTAL","M70","D01","BG",2012,6.34
"EUR","P_SAL_H","TOTAL","M70","D111","BG",2012,5.6
"EUR","P_SAL_H","TOTAL","M70","D1111","BG",2012,5.18
"EUR","P_SAL_H","TOTAL","M71","D01","BG",2012,4.55
"EUR","P_SAL_H","TOTAL","M71","D111","BG",2012,3.91
"EUR","P_SAL_H","TOTAL","M71","D1111","BG",2012,3.62
"EUR","P_SAL_H","TOTAL","M72","D01","BG",2012,3.45
"EUR","P_SAL_H","TOTAL","M72","D111","BG",2012,2.92
"EUR","P_SAL_H","TOTAL","M72","D1111","BG",2012,2.57
"EUR","P_SAL_H","TOTAL","M73","D01","BG",2012,4.82
"EUR","P_SAL_H","TOTAL","M73","D111","BG",2012,4.22
"EUR","P_SAL_H","TOTAL","M73","D1111","BG",2012,3.94
"EUR","P_SAL_H","TOTAL","M74","D01","BG",2012,4.42
"EUR","P_SAL_H","TOTAL","M74","D111","BG",2012,3.85
"EUR","P_SAL_H","TOTAL","M74","D1111","BG",2012,3.57
"EUR","P_SAL_H","TOTAL","M75","D01","BG",2012,1.83
"EUR","P_SAL_H","TOTAL","M75","D111","BG",2012,1.54
"EUR","P_SAL_H","TOTAL","M75","D1111","BG",2012,1.45
"EUR","P_SAL_H","TOTAL","N","D01","BG",2012,1.93
"EUR","P_SAL_H","TOTAL","N","D111","BG",2012,1.68
"EUR","P_SAL_H","TOTAL","N","D1111","BG",2012,1.55
"EUR","P_SAL_H","TOTAL","N77","D01","BG",2012,3.23
"EUR","P_SAL_H","TOTAL","N77","D111","BG",2012,2.74
"EUR","P_SAL_H","TOTAL","N77","D1111","BG",2012,2.56
"EUR","P_SAL_H","TOTAL","N78","D01","BG",2012,3.85
"EUR","P_SAL_H","TOTAL","N78","D111","BG",2012,3.25
"EUR","P_SAL_H","TOTAL","N78","D1111","BG",2012,2.99
"EUR","P_SAL_H","TOTAL","N79","D01","BG",2012,2.99
"EUR","P_SAL_H","TOTAL","N79","D111","BG",2012,2.55
"EUR","P_SAL_H","TOTAL","N79","D1111","BG",2012,2.4
"EUR","P_SAL_H","TOTAL","N80","D01","BG",2012,1.6
"EUR","P_SAL_H","TOTAL","N80","D111","BG",2012,1.35
"EUR","P_SAL_H","TOTAL","N80","D1111","BG",2012,1.25
"EUR","P_SAL_H","TOTAL","N81","D01","BG",2012,1.3
"EUR","P_SAL_H","TOTAL","N81","D111","BG",2012,1.25
"EUR","P_SAL_H","TOTAL","N81","D1111","BG",2012,1.15
"EUR","P_SAL_H","TOTAL","N82","D01","BG",2012,3.95
"EUR","P_SAL_H","TOTAL","N82","D111","BG",2012,3.38
"EUR","P_SAL_H","TOTAL","N82","D1111","BG",2012,3.12
"EUR","P_SAL_H","TOTAL","O","D01","BG",2012,4.12
"EUR","P_SAL_H","TOTAL","O","D111","BG",2012,3.24
"EUR","P_SAL_H","TOTAL","O","D1111","BG",2012,2.84
"EUR","P_SAL_H","TOTAL","O-S","D01","BG",2012,3.43
"EUR","P_SAL_H","TOTAL","O-S","D111","BG",2012,2.81
"EUR","P_SAL_H","TOTAL","O-S","D1111","BG",2012,2.44
"EUR","P_SAL_H","TOTAL","O84","D01","BG",2012,4.12
"EUR","P_SAL_H","TOTAL","O84","D111","BG",2012,3.24
"EUR","P_SAL_H","TOTAL","O84","D1111","BG",2012,2.84
"EUR","P_SAL_H","TOTAL","P","D01","BG",2012,3.46
"EUR","P_SAL_H","TOTAL","P","D111","BG",2012,2.83
"EUR","P_SAL_H","TOTAL","P","D1111","BG",2012,2.34
"EUR","P_SAL_H","TOTAL","P-S","D01","BG",2012,3.2
"EUR","P_SAL_H","TOTAL","P-S","D111","BG",2012,2.66
"EUR","P_SAL_H","TOTAL","P-S","D1111","BG",2012,2.3
"EUR","P_SAL_H","TOTAL","P85","D01","BG",2012,3.46
"EUR","P_SAL_H","TOTAL","P85","D111","BG",2012,2.83
"EUR","P_SAL_H","TOTAL","P85","D1111","BG",2012,2.34
"EUR","P_SAL_H","TOTAL","Q","D01","BG",2012,3.31
"EUR","P_SAL_H","TOTAL","Q","D111","BG",2012,2.78
"EUR","P_SAL_H","TOTAL","Q","D1111","BG",2012,2.48
"EUR","P_SAL_H","TOTAL","Q86","D01","BG",2012,3.68
"EUR","P_SAL_H","TOTAL","Q86","D111","BG",2012,3.1
"EUR","P_SAL_H","TOTAL","Q86","D1111","BG",2012,2.78
"EUR","P_SAL_H","TOTAL","Q87","D01","BG",2012,2.08
"EUR","P_SAL_H","TOTAL","Q87","D111","BG",2012,1.72
"EUR","P_SAL_H","TOTAL","Q87","D1111","BG",2012,1.49
"EUR","P_SAL_H","TOTAL","Q88","D01","BG",2012,1.87
"EUR","P_SAL_H","TOTAL","Q88","D111","BG",2012,1.57
"EUR","P_SAL_H","TOTAL","Q88","D1111","BG",2012,1.37
"EUR","P_SAL_H","TOTAL","R","D01","BG",2012,2.66
"EUR","P_SAL_H","TOTAL","R","D111","BG",2012,2.27
"EUR","P_SAL_H","TOTAL","R","D1111","BG",2012,2.07
"EUR","P_SAL_H","TOTAL","R90","D01","BG",2012,2.43
"EUR","P_SAL_H","TOTAL","R90","D111","BG",2012,2.01
"EUR","P_SAL_H","TOTAL","R90","D1111","BG",2012,1.76
"EUR","P_SAL_H","TOTAL","R91","D01","BG",2012,2.29
"EUR","P_SAL_H","TOTAL","R91","D111","BG",2012,1.89
"EUR","P_SAL_H","TOTAL","R91","D1111","BG",2012,1.64
"EUR","P_SAL_H","TOTAL","R92","D01","BG",2012,2.2
"EUR","P_SAL_H","TOTAL","R92","D111","BG",2012,1.84
"EUR","P_SAL_H","TOTAL","R92","D1111","BG",2012,1.7
"EUR","P_SAL_H","TOTAL","R93","D01","BG",2012,3.45
"EUR","P_SAL_H","TOTAL","R93","D111","BG",2012,3.06
"EUR","P_SAL_H","TOTAL","R93","D1111","BG",2012,2.87
"EUR","P_SAL_H","TOTAL","S","D01","BG",2012,2.12
"EUR","P_SAL_H","TOTAL","S","D111","BG",2012,1.83
"EUR","P_SAL_H","TOTAL","S","D1111","BG",2012,1.68
"EUR","P_SAL_H","TOTAL","S94","D01","BG",2012,2.62
"EUR","P_SAL_H","TOTAL","S94","D111","BG",2012,2.28
"EUR","P_SAL_H","TOTAL","S94","D1111","BG",2012,2.08
"EUR","P_SAL_H","TOTAL","S95","D01","BG",2012,1.88
"EUR","P_SAL_H","TOTAL","S95","D111","BG",2012,1.58
"EUR","P_SAL_H","TOTAL","S95","D1111","BG",2012,1.48
"EUR","P_SAL_H","TOTAL","S96","D01","BG",2012,1.51
"EUR","P_SAL_H","TOTAL","S96","D111","BG",2012,1.26
"EUR","P_SAL_H","TOTAL","S96","D1111","BG",2012,1.18
"EUR","P_SAL_M","10-49","B","D01","BG",2012,491
"EUR","P_SAL_M","10-49","B","D111","BG",2012,409
"EUR","P_SAL_M","10-49","B","D1111","BG",2012,372
"EUR","P_SAL_M","10-49","B-E","D01","BG",2012,288
"EUR","P_SAL_M","10-49","B-E","D111","BG",2012,242
"EUR","P_SAL_M","10-49","B-E","D1111","BG",2012,223
"EUR","P_SAL_M","10-49","B-F","D01","BG",2012,302
"EUR","P_SAL_M","10-49","B-F","D111","BG",2012,254
"EUR","P_SAL_M","10-49","B-F","D1111","BG",2012,235
"EUR","P_SAL_M","10-49","B-N","D01","BG",2012,376
"EUR","P_SAL_M","10-49","B-N","D111","BG",2012,320
"EUR","P_SAL_M","10-49","B-N","D1111","BG",2012,298
"EUR","P_SAL_M","10-49","B-S","D01","BG",2012,385
"EUR","P_SAL_M","10-49","B-S","D111","BG",2012,324
"EUR","P_SAL_M","10-49","B-S","D1111","BG",2012,295
"EUR","P_SAL_M","10-49","B-S_X_O","D01","BG",2012,377
"EUR","P_SAL_M","10-49","B-S_X_O","D111","BG",2012,318
"EUR","P_SAL_M","10-49","B-S_X_O","D1111","BG",2012,290
"EUR","P_SAL_M","10-49","B05","D01","BG",2012,NA
"EUR","P_SAL_M","10-49","B05","D111","BG",2012,NA
"EUR","P_SAL_M","10-49","B05","D1111","BG",2012,NA
"EUR","P_SAL_M","10-49","B06","D01","BG",2012,1570
"EUR","P_SAL_M","10-49","B06","D111","BG",2012,1404
"EUR","P_SAL_M","10-49","B06","D1111","BG",2012,1312
"EUR","P_SAL_M","10-49","B07","D01","BG",2012,NA
"EUR","P_SAL_M","10-49","B07","D111","BG",2012,NA
"EUR","P_SAL_M","10-49","B07","D1111","BG",2012,NA
"EUR","P_SAL_M","10-49","B08","D01","BG",2012,455
"EUR","P_SAL_M","10-49","B08","D111","BG",2012,376
"EUR","P_SAL_M","10-49","B08","D1111","BG",2012,341
"EUR","P_SAL_M","10-49","B09","D01","BG",2012,NA
"EUR","P_SAL_M","10-49","B09","D111","BG",2012,NA
"EUR","P_SAL_M","10-49","B09","D1111","BG",2012,NA
"EUR","P_SAL_M","10-49","C","D01","BG",2012,276
"EUR","P_SAL_M","10-49","C","D111","BG",2012,231
"EUR","P_SAL_M","10-49","C","D1111","BG",2012,214
"EUR","P_SAL_M","10-49","C10","D01","BG",2012,259
"EUR","P_SAL_M","10-49","C10","D111","BG",2012,216
"EUR","P_SAL_M","10-49","C10","D1111","BG",2012,201
"EUR","P_SAL_M","10-49","C11","D01","BG",2012,326
"EUR","P_SAL_M","10-49","C11","D111","BG",2012,275
"EUR","P_SAL_M","10-49","C11","D1111","BG",2012,252
"EUR","P_SAL_M","10-49","C12","D01","BG",2012,NA
"EUR","P_SAL_M","10-49","C12","D111","BG",2012,NA
"EUR","P_SAL_M","10-49","C12","D1111","BG",2012,NA
"EUR","P_SAL_M","10-49","C13","D01","BG",2012,270
"EUR","P_SAL_M","10-49","C13","D111","BG",2012,225
"EUR","P_SAL_M","10-49","C13","D1111","BG",2012,206
"EUR","P_SAL_M","10-49","C14","D01","BG",2012,202
"EUR","P_SAL_M","10-49","C14","D111","BG",2012,168
"EUR","P_SAL_M","10-49","C14","D1111","BG",2012,155
"EUR","P_SAL_M","10-49","C15","D01","BG",2012,203
"EUR","P_SAL_M","10-49","C15","D111","BG",2012,170
"EUR","P_SAL_M","10-49","C15","D1111","BG",2012,157
"EUR","P_SAL_M","10-49","C16","D01","BG",2012,203
"EUR","P_SAL_M","10-49","C16","D111","BG",2012,169
"EUR","P_SAL_M","10-49","C16","D1111","BG",2012,157
"EUR","P_SAL_M","10-49","C17","D01","BG",2012,253
"EUR","P_SAL_M","10-49","C17","D111","BG",2012,212
"EUR","P_SAL_M","10-49","C17","D1111","BG",2012,194
"EUR","P_SAL_M","10-49","C18","D01","BG",2012,306
"EUR","P_SAL_M","10-49","C18","D111","BG",2012,259
"EUR","P_SAL_M","10-49","C18","D1111","BG",2012,238
"EUR","P_SAL_M","10-49","C19","D01","BG",2012,NA
"EUR","P_SAL_M","10-49","C19","D111","BG",2012,NA
"EUR","P_SAL_M","10-49","C19","D1111","BG",2012,NA
"EUR","P_SAL_M","10-49","C20","D01","BG",2012,360
"EUR","P_SAL_M","10-49","C20","D111","BG",2012,304
"EUR","P_SAL_M","10-49","C20","D1111","BG",2012,282
"EUR","P_SAL_M","10-49","C21","D01","BG",2012,412
"EUR","P_SAL_M","10-49","C21","D111","BG",2012,349
"EUR","P_SAL_M","10-49","C21","D1111","BG",2012,322
"EUR","P_SAL_M","10-49","C22","D01","BG",2012,292
"EUR","P_SAL_M","10-49","C22","D111","BG",2012,245
"EUR","P_SAL_M","10-49","C22","D1111","BG",2012,225
"EUR","P_SAL_M","10-49","C23","D01","BG",2012,324
"EUR","P_SAL_M","10-49","C23","D111","BG",2012,268
"EUR","P_SAL_M","10-49","C23","D1111","BG",2012,247
"EUR","P_SAL_M","10-49","C24","D01","BG",2012,353
"EUR","P_SAL_M","10-49","C24","D111","BG",2012,290
"EUR","P_SAL_M","10-49","C24","D1111","BG",2012,267
"EUR","P_SAL_M","10-49","C25","D01","BG",2012,321
"EUR","P_SAL_M","10-49","C25","D111","BG",2012,269
"EUR","P_SAL_M","10-49","C25","D1111","BG",2012,248
"EUR","P_SAL_M","10-49","C26","D01","BG",2012,474
"EUR","P_SAL_M","10-49","C26","D111","BG",2012,405
"EUR","P_SAL_M","10-49","C26","D1111","BG",2012,373
"EUR","P_SAL_M","10-49","C27","D01","BG",2012,457
"EUR","P_SAL_M","10-49","C27","D111","BG",2012,396
"EUR","P_SAL_M","10-49","C27","D1111","BG",2012,370
"EUR","P_SAL_M","10-49","C28","D01","BG",2012,364
"EUR","P_SAL_M","10-49","C28","D111","BG",2012,306
"EUR","P_SAL_M","10-49","C28","D1111","BG",2012,282
"EUR","P_SAL_M","10-49","C29","D01","BG",2012,434
"EUR","P_SAL_M","10-49","C29","D111","BG",2012,367
"EUR","P_SAL_M","10-49","C29","D1111","BG",2012,339
"EUR","P_SAL_M","10-49","C30","D01","BG",2012,337
"EUR","P_SAL_M","10-49","C30","D111","BG",2012,282
"EUR","P_SAL_M","10-49","C30","D1111","BG",2012,265
"EUR","P_SAL_M","10-49","C31","D01","BG",2012,215
"EUR","P_SAL_M","10-49","C31","D111","BG",2012,180
"EUR","P_SAL_M","10-49","C31","D1111","BG",2012,166
"EUR","P_SAL_M","10-49","C32","D01","BG",2012,NA
"EUR","P_SAL_M","10-49","C32","D111","BG",2012,NA
"EUR","P_SAL_M","10-49","C32","D1111","BG",2012,NA
"EUR","P_SAL_M","10-49","C33","D01","BG",2012,429
"EUR","P_SAL_M","10-49","C33","D111","BG",2012,362
"EUR","P_SAL_M","10-49","C33","D1111","BG",2012,336
"EUR","P_SAL_M","10-49","D","D01","BG",2012,846
"EUR","P_SAL_M","10-49","D","D111","BG",2012,743
"EUR","P_SAL_M","10-49","D","D1111","BG",2012,667
"EUR","P_SAL_M","10-49","D35","D01","BG",2012,846
"EUR","P_SAL_M","10-49","D35","D111","BG",2012,743
"EUR","P_SAL_M","10-49","D35","D1111","BG",2012,667
"EUR","P_SAL_M","10-49","E","D01","BG",2012,332
"EUR","P_SAL_M","10-49","E","D111","BG",2012,280
"EUR","P_SAL_M","10-49","E","D1111","BG",2012,256
"EUR","P_SAL_M","10-49","E36","D01","BG",2012,348
"EUR","P_SAL_M","10-49","E36","D111","BG",2012,289
"EUR","P_SAL_M","10-49","E36","D1111","BG",2012,240
"EUR","P_SAL_M","10-49","E37","D01","BG",2012,320
"EUR","P_SAL_M","10-49","E37","D111","BG",2012,267
"EUR","P_SAL_M","10-49","E37","D1111","BG",2012,246
"EUR","P_SAL_M","10-49","E38","D01","BG",2012,314
"EUR","P_SAL_M","10-49","E38","D111","BG",2012,265
"EUR","P_SAL_M","10-49","E38","D1111","BG",2012,243
"EUR","P_SAL_M","10-49","E39","D01","BG",2012,548
"EUR","P_SAL_M","10-49","E39","D111","BG",2012,477
"EUR","P_SAL_M","10-49","E39","D1111","BG",2012,440
"EUR","P_SAL_M","10-49","F","D01","BG",2012,339
"EUR","P_SAL_M","10-49","F","D111","BG",2012,287
"EUR","P_SAL_M","10-49","F","D1111","BG",2012,268
"EUR","P_SAL_M","10-49","F41","D01","BG",2012,297
"EUR","P_SAL_M","10-49","F41","D111","BG",2012,250
"EUR","P_SAL_M","10-49","F41","D1111","BG",2012,233
"EUR","P_SAL_M","10-49","F42","D01","BG",2012,427
"EUR","P_SAL_M","10-49","F42","D111","BG",2012,365
"EUR","P_SAL_M","10-49","F42","D1111","BG",2012,342
"EUR","P_SAL_M","10-49","F43","D01","BG",2012,352
"EUR","P_SAL_M","10-49","F43","D111","BG",2012,297
"EUR","P_SAL_M","10-49","F43","D1111","BG",2012,276
"EUR","P_SAL_M","10-49","G","D01","BG",2012,385
"EUR","P_SAL_M","10-49","G","D111","BG",2012,328
"EUR","P_SAL_M","10-49","G","D1111","BG",2012,305
"EUR","P_SAL_M","10-49","G-J","D01","BG",2012,389
"EUR","P_SAL_M","10-49","G-J","D111","BG",2012,331
"EUR","P_SAL_M","10-49","G-J","D1111","BG",2012,309
"EUR","P_SAL_M","10-49","G-N","D01","BG",2012,425
"EUR","P_SAL_M","10-49","G-N","D111","BG",2012,364
"EUR","P_SAL_M","10-49","G-N","D1111","BG",2012,339
"EUR","P_SAL_M","10-49","G-S_X_O","D01","BG",2012,410
"EUR","P_SAL_M","10-49","G-S_X_O","D111","BG",2012,347
"EUR","P_SAL_M","10-49","G-S_X_O","D1111","BG",2012,315
"EUR","P_SAL_M","10-49","G45","D01","BG",2012,408
"EUR","P_SAL_M","10-49","G45","D111","BG",2012,346
"EUR","P_SAL_M","10-49","G45","D1111","BG",2012,321
"EUR","P_SAL_M","10-49","G46","D01","BG",2012,478
"EUR","P_SAL_M","10-49","G46","D111","BG",2012,413
"EUR","P_SAL_M","10-49","G46","D1111","BG",2012,384
"EUR","P_SAL_M","10-49","G47","D01","BG",2012,289
"EUR","P_SAL_M","10-49","G47","D111","BG",2012,241
"EUR","P_SAL_M","10-49","G47","D1111","BG",2012,224
"EUR","P_SAL_M","10-49","H","D01","BG",2012,341
"EUR","P_SAL_M","10-49","H","D111","BG",2012,280
"EUR","P_SAL_M","10-49","H","D1111","BG",2012,261
"EUR","P_SAL_M","10-49","H49","D01","BG",2012,284
"EUR","P_SAL_M","10-49","H49","D111","BG",2012,228
"EUR","P_SAL_M","10-49","H49","D1111","BG",2012,213
"EUR","P_SAL_M","10-49","H50","D01","BG",2012,534
"EUR","P_SAL_M","10-49","H50","D111","BG",2012,462
"EUR","P_SAL_M","10-49","H50","D1111","BG",2012,444
"EUR","P_SAL_M","10-49","H51","D01","BG",2012,1030
"EUR","P_SAL_M","10-49","H51","D111","BG",2012,852
"EUR","P_SAL_M","10-49","H51","D1111","BG",2012,778
"EUR","P_SAL_M","10-49","H52","D01","BG",2012,649
"EUR","P_SAL_M","10-49","H52","D111","BG",2012,558
"EUR","P_SAL_M","10-49","H52","D1111","BG",2012,517
"EUR","P_SAL_M","10-49","H53","D01","BG",2012,NA
"EUR","P_SAL_M","10-49","H53","D111","BG",2012,NA
"EUR","P_SAL_M","10-49","H53","D1111","BG",2012,NA
"EUR","P_SAL_M","10-49","I","D01","BG",2012,268
"EUR","P_SAL_M","10-49","I","D111","BG",2012,223
"EUR","P_SAL_M","10-49","I","D1111","BG",2012,209
"EUR","P_SAL_M","10-49","I55","D01","BG",2012,318
"EUR","P_SAL_M","10-49","I55","D111","BG",2012,265
"EUR","P_SAL_M","10-49","I55","D1111","BG",2012,248
"EUR","P_SAL_M","10-49","I56","D01","BG",2012,246
"EUR","P_SAL_M","10-49","I56","D111","BG",2012,205
"EUR","P_SAL_M","10-49","I56","D1111","BG",2012,193
"EUR","P_SAL_M","10-49","J","D01","BG",2012,870
"EUR","P_SAL_M","10-49","J","D111","BG",2012,768
"EUR","P_SAL_M","10-49","J","D1111","BG",2012,714
"EUR","P_SAL_M","10-49","J58","D01","BG",2012,514
"EUR","P_SAL_M","10-49","J58","D111","BG",2012,444
"EUR","P_SAL_M","10-49","J58","D1111","BG",2012,412
"EUR","P_SAL_M","10-49","J59","D01","BG",2012,922
"EUR","P_SAL_M","10-49","J59","D111","BG",2012,820
"EUR","P_SAL_M","10-49","J59","D1111","BG",2012,768
"EUR","P_SAL_M","10-49","J60","D01","BG",2012,572
"EUR","P_SAL_M","10-49","J60","D111","BG",2012,487
"EUR","P_SAL_M","10-49","J60","D1111","BG",2012,452
"EUR","P_SAL_M","10-49","J61","D01","BG",2012,390
"EUR","P_SAL_M","10-49","J61","D111","BG",2012,329
"EUR","P_SAL_M","10-49","J61","D1111","BG",2012,303
"EUR","P_SAL_M","10-49","J62","D01","BG",2012,1148
"EUR","P_SAL_M","10-49","J62","D111","BG",2012,1021
"EUR","P_SAL_M","10-49","J62","D1111","BG",2012,950
"EUR","P_SAL_M","10-49","J63","D01","BG",2012,821
"EUR","P_SAL_M","10-49","J63","D111","BG",2012,728
"EUR","P_SAL_M","10-49","J63","D1111","BG",2012,680
"EUR","P_SAL_M","10-49","K","D01","BG",2012,881
"EUR","P_SAL_M","10-49","K","D111","BG",2012,778
"EUR","P_SAL_M","10-49","K","D1111","BG",2012,719
"EUR","P_SAL_M","10-49","K-N","D01","BG",2012,567
"EUR","P_SAL_M","10-49","K-N","D111","BG",2012,495
"EUR","P_SAL_M","10-49","K-N","D1111","BG",2012,460
"EUR","P_SAL_M","10-49","K64","D01","BG",2012,934
"EUR","P_SAL_M","10-49","K64","D111","BG",2012,827
"EUR","P_SAL_M","10-49","K64","D1111","BG",2012,764
"EUR","P_SAL_M","10-49","K65","D01","BG",2012,1173
"EUR","P_SAL_M","10-49","K65","D111","BG",2012,1032
"EUR","P_SAL_M","10-49","K65","D1111","BG",2012,934
"EUR","P_SAL_M","10-49","K66","D01","BG",2012,692
"EUR","P_SAL_M","10-49","K66","D111","BG",2012,609
"EUR","P_SAL_M","10-49","K66","D1111","BG",2012,571
"EUR","P_SAL_M","10-49","L","D01","BG",2012,489
"EUR","P_SAL_M","10-49","L","D111","BG",2012,420
"EUR","P_SAL_M","10-49","L","D1111","BG",2012,385
"EUR","P_SAL_M","10-49","L68","D01","BG",2012,489
"EUR","P_SAL_M","10-49","L68","D111","BG",2012,420
"EUR","P_SAL_M","10-49","L68","D1111","BG",2012,385
"EUR","P_SAL_M","10-49","M","D01","BG",2012,792
"EUR","P_SAL_M","10-49","M","D111","BG",2012,699
"EUR","P_SAL_M","10-49","M","D1111","BG",2012,652
"EUR","P_SAL_M","10-49","M69","D01","BG",2012,616
"EUR","P_SAL_M","10-49","M69","D111","BG",2012,534
"EUR","P_SAL_M","10-49","M69","D1111","BG",2012,497
"EUR","P_SAL_M","10-49","M70","D01","BG",2012,1377
"EUR","P_SAL_M","10-49","M70","D111","BG",2012,1263
"EUR","P_SAL_M","10-49","M70","D1111","BG",2012,1199
"EUR","P_SAL_M","10-49","M71","D01","BG",2012,782
"EUR","P_SAL_M","10-49","M71","D111","BG",2012,682
"EUR","P_SAL_M","10-49","M71","D1111","BG",2012,632
"EUR","P_SAL_M","10-49","M72","D01","BG",2012,511
"EUR","P_SAL_M","10-49","M72","D111","BG",2012,433
"EUR","P_SAL_M","10-49","M72","D1111","BG",2012,389
"EUR","P_SAL_M","10-49","M73","D01","BG",2012,781
"EUR","P_SAL_M","10-49","M73","D111","BG",2012,691
"EUR","P_SAL_M","10-49","M73","D1111","BG",2012,645
"EUR","P_SAL_M","10-49","M74","D01","BG",2012,789
"EUR","P_SAL_M","10-49","M74","D111","BG",2012,699
"EUR","P_SAL_M","10-49","M74","D1111","BG",2012,652
"EUR","P_SAL_M","10-49","M75","D01","BG",2012,270
"EUR","P_SAL_M","10-49","M75","D111","BG",2012,230
"EUR","P_SAL_M","10-49","M75","D1111","BG",2012,213
"EUR","P_SAL_M","10-49","N","D01","BG",2012,308
"EUR","P_SAL_M","10-49","N","D111","BG",2012,263
"EUR","P_SAL_M","10-49","N","D1111","BG",2012,245
"EUR","P_SAL_M","10-49","N77","D01","BG",2012,571
"EUR","P_SAL_M","10-49","N77","D111","BG",2012,487
"EUR","P_SAL_M","10-49","N77","D1111","BG",2012,455
"EUR","P_SAL_M","10-49","N78","D01","BG",2012,520
"EUR","P_SAL_M","10-49","N78","D111","BG",2012,438
"EUR","P_SAL_M","10-49","N78","D1111","BG",2012,406
"EUR","P_SAL_M","10-49","N79","D01","BG",2012,469
"EUR","P_SAL_M","10-49","N79","D111","BG",2012,401
"EUR","P_SAL_M","10-49","N79","D1111","BG",2012,376
"EUR","P_SAL_M","10-49","N80","D01","BG",2012,227
"EUR","P_SAL_M","10-49","N80","D111","BG",2012,191
"EUR","P_SAL_M","10-49","N80","D1111","BG",2012,180
"EUR","P_SAL_M","10-49","N81","D01","BG",2012,223
"EUR","P_SAL_M","10-49","N81","D111","BG",2012,195
"EUR","P_SAL_M","10-49","N81","D1111","BG",2012,180
"EUR","P_SAL_M","10-49","N82","D01","BG",2012,459
"EUR","P_SAL_M","10-49","N82","D111","BG",2012,397
"EUR","P_SAL_M","10-49","N82","D1111","BG",2012,369
"EUR","P_SAL_M","10-49","O","D01","BG",2012,664
"EUR","P_SAL_M","10-49","O","D111","BG",2012,521
"EUR","P_SAL_M","10-49","O","D1111","BG",2012,443
"EUR","P_SAL_M","10-49","O-S","D01","BG",2012,413
"EUR","P_SAL_M","10-49","O-S","D111","BG",2012,337
"EUR","P_SAL_M","10-49","O-S","D1111","BG",2012,287
"EUR","P_SAL_M","10-49","O84","D01","BG",2012,664
"EUR","P_SAL_M","10-49","O84","D111","BG",2012,521
"EUR","P_SAL_M","10-49","O84","D1111","BG",2012,443
"EUR","P_SAL_M","10-49","P","D01","BG",2012,394
"EUR","P_SAL_M","10-49","P","D111","BG",2012,320
"EUR","P_SAL_M","10-49","P","D1111","BG",2012,263
"EUR","P_SAL_M","10-49","P-S","D01","BG",2012,378
"EUR","P_SAL_M","10-49","P-S","D111","BG",2012,311
"EUR","P_SAL_M","10-49","P-S","D1111","BG",2012,265
"EUR","P_SAL_M","10-49","P85","D01","BG",2012,394
"EUR","P_SAL_M","10-49","P85","D111","BG",2012,320
"EUR","P_SAL_M","10-49","P85","D1111","BG",2012,263
"EUR","P_SAL_M","10-49","Q","D01","BG",2012,363
"EUR","P_SAL_M","10-49","Q","D111","BG",2012,306
"EUR","P_SAL_M","10-49","Q","D1111","BG",2012,277
"EUR","P_SAL_M","10-49","Q86","D01","BG",2012,443
"EUR","P_SAL_M","10-49","Q86","D111","BG",2012,377
"EUR","P_SAL_M","10-49","Q86","D1111","BG",2012,347
"EUR","P_SAL_M","10-49","Q87","D01","BG",2012,283
"EUR","P_SAL_M","10-49","Q87","D111","BG",2012,233
"EUR","P_SAL_M","10-49","Q87","D1111","BG",2012,203
"EUR","P_SAL_M","10-49","Q88","D01","BG",2012,261
"EUR","P_SAL_M","10-49","Q88","D111","BG",2012,219
"EUR","P_SAL_M","10-49","Q88","D1111","BG",2012,192
"EUR","P_SAL_M","10-49","R","D01","BG",2012,317
"EUR","P_SAL_M","10-49","R","D111","BG",2012,266
"EUR","P_SAL_M","10-49","R","D1111","BG",2012,243
"EUR","P_SAL_M","10-49","R90","D01","BG",2012,335
"EUR","P_SAL_M","10-49","R90","D111","BG",2012,276
"EUR","P_SAL_M","10-49","R90","D1111","BG",2012,245
"EUR","P_SAL_M","10-49","R91","D01","BG",2012,309
"EUR","P_SAL_M","10-49","R91","D111","BG",2012,256
"EUR","P_SAL_M","10-49","R91","D1111","BG",2012,223
"EUR","P_SAL_M","10-49","R92","D01","BG",2012,267
"EUR","P_SAL_M","10-49","R92","D111","BG",2012,224
"EUR","P_SAL_M","10-49","R92","D1111","BG",2012,210
"EUR","P_SAL_M","10-49","R93","D01","BG",2012,366
"EUR","P_SAL_M","10-49","R93","D111","BG",2012,313
"EUR","P_SAL_M","10-49","R93","D1111","BG",2012,292
"EUR","P_SAL_M","10-49","S","D01","BG",2012,354
"EUR","P_SAL_M","10-49","S","D111","BG",2012,304
"EUR","P_SAL_M","10-49","S","D1111","BG",2012,277
"EUR","P_SAL_M","10-49","S94","D01","BG",2012,425
"EUR","P_SAL_M","10-49","S94","D111","BG",2012,370
"EUR","P_SAL_M","10-49","S94","D1111","BG",2012,335
"EUR","P_SAL_M","10-49","S95","D01","BG",2012,NA
"EUR","P_SAL_M","10-49","S95","D111","BG",2012,NA
"EUR","P_SAL_M","10-49","S95","D1111","BG",2012,NA
"EUR","P_SAL_M","10-49","S96","D01","BG",2012,248
"EUR","P_SAL_M","10-49","S96","D111","BG",2012,207
"EUR","P_SAL_M","10-49","S96","D1111","BG",2012,190
"EUR","P_SAL_M","250-499","B","D01","BG",2012,492
"EUR","P_SAL_M","250-499","B","D111","BG",2012,380
"EUR","P_SAL_M","250-499","B","D1111","BG",2012,340
"EUR","P_SAL_M","250-499","B-E","D01","BG",2012,495
"EUR","P_SAL_M","250-499","B-E","D111","BG",2012,412
"EUR","P_SAL_M","250-499","B-E","D1111","BG",2012,362
"EUR","P_SAL_M","250-499","B-F","D01","BG",2012,503
"EUR","P_SAL_M","250-499","B-F","D111","BG",2012,419
"EUR","P_SAL_M","250-499","B-F","D1111","BG",2012,370
"EUR","P_SAL_M","250-499","B-N","D01","BG",2012,547
"EUR","P_SAL_M","250-499","B-N","D111","BG",2012,462
"EUR","P_SAL_M","250-499","B-N","D1111","BG",2012,412
"EUR","P_SAL_M","250-499","B-S","D01","BG",2012,557
"EUR","P_SAL_M","250-499","B-S","D111","BG",2012,466
"EUR","P_SAL_M","250-499","B-S","D1111","BG",2012,414
"EUR","P_SAL_M","250-499","B-S_X_O","D01","BG",2012,544
"EUR","P_SAL_M","250-499","B-S_X_O","D111","BG",2012,459
"EUR","P_SAL_M","250-499","B-S_X_O","D1111","BG",2012,408
"EUR","P_SAL_M","250-499","B05","D01","BG",2012,390
"EUR","P_SAL_M","250-499","B05","D111","BG",2012,297
"EUR","P_SAL_M","250-499","B05","D1111","BG",2012,267
"EUR","P_SAL_M","250-499","B06","D01","BG",2012,NA
"EUR","P_SAL_M","250-499","B06","D111","BG",2012,NA
"EUR","P_SAL_M","250-499","B06","D1111","BG",2012,NA
"EUR","P_SAL_M","250-499","B07","D01","BG",2012,584
"EUR","P_SAL_M","250-499","B07","D111","BG",2012,448
"EUR","P_SAL_M","250-499","B07","D1111","BG",2012,404
"EUR","P_SAL_M","250-499","B08","D01","BG",2012,444
"EUR","P_SAL_M","250-499","B08","D111","BG",2012,356
"EUR","P_SAL_M","250-499","B08","D1111","BG",2012,307
"EUR","P_SAL_M","250-499","C","D01","BG",2012,477
"EUR","P_SAL_M","250-499","C","D111","BG",2012,398
"EUR","P_SAL_M","250-499","C","D1111","BG",2012,352
"EUR","P_SAL_M","250-499","C10","D01","BG",2012,NA
"EUR","P_SAL_M","250-499","C10","D111","BG",2012,NA
"EUR","P_SAL_M","250-499","C10","D1111","BG",2012,NA
"EUR","P_SAL_M","250-499","C11","D01","BG",2012,608
"EUR","P_SAL_M","250-499","C11","D111","BG",2012,516
"EUR","P_SAL_M","250-499","C11","D1111","BG",2012,473
"EUR","P_SAL_M","250-499","C12","D01","BG",2012,883
"EUR","P_SAL_M","250-499","C12","D111","BG",2012,760
"EUR","P_SAL_M","250-499","C12","D1111","BG",2012,662
"EUR","P_SAL_M","250-499","C13","D01","BG",2012,322
"EUR","P_SAL_M","250-499","C13","D111","BG",2012,262
"EUR","P_SAL_M","250-499","C13","D1111","BG",2012,228
"EUR","P_SAL_M","250-499","C14","D01","BG",2012,302
"EUR","P_SAL_M","250-499","C14","D111","BG",2012,253
"EUR","P_SAL_M","250-499","C14","D1111","BG",2012,225
"EUR","P_SAL_M","250-499","C15","D01","BG",2012,322
"EUR","P_SAL_M","250-499","C15","D111","BG",2012,273
"EUR","P_SAL_M","250-499","C15","D1111","BG",2012,236
"EUR","P_SAL_M","250-499","C16","D01","BG",2012,NA
"EUR","P_SAL_M","250-499","C16","D111","BG",2012,NA
"EUR","P_SAL_M","250-499","C16","D1111","BG",2012,NA
"EUR","P_SAL_M","250-499","C17","D01","BG",2012,477
"EUR","P_SAL_M","250-499","C17","D111","BG",2012,390
"EUR","P_SAL_M","250-499","C17","D1111","BG",2012,337
"EUR","P_SAL_M","250-499","C18","D01","BG",2012,682
"EUR","P_SAL_M","250-499","C18","D111","BG",2012,585
"EUR","P_SAL_M","250-499","C18","D1111","BG",2012,529
"EUR","P_SAL_M","250-499","C19","D01","BG",2012,NA
"EUR","P_SAL_M","250-499","C19","D111","BG",2012,NA
"EUR","P_SAL_M","250-499","C19","D1111","BG",2012,NA
"EUR","P_SAL_M","250-499","C20","D01","BG",2012,879
"EUR","P_SAL_M","250-499","C20","D111","BG",2012,731
"EUR","P_SAL_M","250-499","C20","D1111","BG",2012,638
"EUR","P_SAL_M","250-499","C21","D01","BG",2012,598
"EUR","P_SAL_M","250-499","C21","D111","BG",2012,502
"EUR","P_SAL_M","250-499","C21","D1111","BG",2012,435
"EUR","P_SAL_M","250-499","C22","D01","BG",2012,374
"EUR","P_SAL_M","250-499","C22","D111","BG",2012,316
"EUR","P_SAL_M","250-499","C22","D1111","BG",2012,293
"EUR","P_SAL_M","250-499","C23","D01","BG",2012,NA
"EUR","P_SAL_M","250-499","C23","D111","BG",2012,NA
"EUR","P_SAL_M","250-499","C23","D1111","BG",2012,NA
"EUR","P_SAL_M","250-499","C24","D01","BG",2012,555
"EUR","P_SAL_M","250-499","C24","D111","BG",2012,440
"EUR","P_SAL_M","250-499","C24","D1111","BG",2012,373
"EUR","P_SAL_M","250-499","C25","D01","BG",2012,448
"EUR","P_SAL_M","250-499","C25","D111","BG",2012,373
"EUR","P_SAL_M","250-499","C25","D1111","BG",2012,321
"EUR","P_SAL_M","250-499","C26","D01","BG",2012,628
"EUR","P_SAL_M","250-499","C26","D111","BG",2012,536
"EUR","P_SAL_M","250-499","C26","D1111","BG",2012,451
"EUR","P_SAL_M","250-499","C27","D01","BG",2012,535
"EUR","P_SAL_M","250-499","C27","D111","BG",2012,451
"EUR","P_SAL_M","250-499","C27","D1111","BG",2012,403
"EUR","P_SAL_M","250-499","C28","D01","BG",2012,562
"EUR","P_SAL_M","250-499","C28","D111","BG",2012,469
"EUR","P_SAL_M","250-499","C28","D1111","BG",2012,420
"EUR","P_SAL_M","250-499","C29","D01","BG",2012,435
"EUR","P_SAL_M","250-499","C29","D111","BG",2012,364
"EUR","P_SAL_M","250-499","C29","D1111","BG",2012,326
"EUR","P_SAL_M","250-499","C30","D01","BG",2012,486
"EUR","P_SAL_M","250-499","C30","D111","BG",2012,401
"EUR","P_SAL_M","250-499","C30","D1111","BG",2012,365
"EUR","P_SAL_M","250-499","C31","D01","BG",2012,NA
"EUR","P_SAL_M","250-499","C31","D111","BG",2012,NA
"EUR","P_SAL_M","250-499","C31","D1111","BG",2012,NA
"EUR","P_SAL_M","250-499","C32","D01","BG",2012,NA
"EUR","P_SAL_M","250-499","C32","D111","BG",2012,NA
"EUR","P_SAL_M","250-499","C32","D1111","BG",2012,NA
"EUR","P_SAL_M","250-499","C33","D01","BG",2012,535
"EUR","P_SAL_M","250-499","C33","D111","BG",2012,411
"EUR","P_SAL_M","250-499","C33","D1111","BG",2012,361
"EUR","P_SAL_M","250-499","D","D01","BG",2012,1327
"EUR","P_SAL_M","250-499","D","D111","BG",2012,1085
"EUR","P_SAL_M","250-499","D","D1111","BG",2012,928
"EUR","P_SAL_M","250-499","D35","D01","BG",2012,1327
"EUR","P_SAL_M","250-499","D35","D111","BG",2012,1085
"EUR","P_SAL_M","250-499","D35","D1111","BG",2012,928
"EUR","P_SAL_M","250-499","E","D01","BG",2012,396
"EUR","P_SAL_M","250-499","E","D111","BG",2012,330
"EUR","P_SAL_M","250-499","E","D1111","BG",2012,282
"EUR","P_SAL_M","250-499","E36","D01","BG",2012,427
"EUR","P_SAL_M","250-499","E36","D111","BG",2012,355
"EUR","P_SAL_M","250-499","E36","D1111","BG",2012,291
"EUR","P_SAL_M","250-499","E37","D01","BG",2012,NA
"EUR","P_SAL_M","250-499","E37","D111","BG",2012,NA
"EUR","P_SAL_M","250-499","E37","D1111","BG",2012,NA
"EUR","P_SAL_M","250-499","E38","D01","BG",2012,361
"EUR","P_SAL_M","250-499","E38","D111","BG",2012,302
"EUR","P_SAL_M","250-499","E38","D1111","BG",2012,275
"EUR","P_SAL_M","250-499","F","D01","BG",2012,557
"EUR","P_SAL_M","250-499","F","D111","BG",2012,468
"EUR","P_SAL_M","250-499","F","D1111","BG",2012,424
"EUR","P_SAL_M","250-499","F41","D01","BG",2012,NA
"EUR","P_SAL_M","250-499","F41","D111","BG",2012,NA
"EUR","P_SAL_M","250-499","F41","D1111","BG",2012,NA
"EUR","P_SAL_M","250-499","F42","D01","BG",2012,569
"EUR","P_SAL_M","250-499","F42","D111","BG",2012,478
"EUR","P_SAL_M","250-499","F42","D1111","BG",2012,435
"EUR","P_SAL_M","250-499","F43","D01","BG",2012,NA
"EUR","P_SAL_M","250-499","F43","D111","BG",2012,NA
"EUR","P_SAL_M","250-499","F43","D1111","BG",2012,NA
"EUR","P_SAL_M","250-499","G","D01","BG",2012,551
"EUR","P_SAL_M","250-499","G","D111","BG",2012,469
"EUR","P_SAL_M","250-499","G","D1111","BG",2012,431
"EUR","P_SAL_M","250-499","G-J","D01","BG",2012,745
"EUR","P_SAL_M","250-499","G-J","D111","BG",2012,638
"EUR","P_SAL_M","250-499","G-J","D1111","BG",2012,577
"EUR","P_SAL_M","250-499","G-N","D01","BG",2012,611
"EUR","P_SAL_M","250-499","G-N","D111","BG",2012,525
"EUR","P_SAL_M","250-499","G-N","D1111","BG",2012,474
"EUR","P_SAL_M","250-499","G-S_X_O","D01","BG",2012,586
"EUR","P_SAL_M","250-499","G-S_X_O","D111","BG",2012,500
"EUR","P_SAL_M","250-499","G-S_X_O","D1111","BG",2012,447
"EUR","P_SAL_M","250-499","G45","D01","BG",2012,696
"EUR","P_SAL_M","250-499","G45","D111","BG",2012,593
"EUR","P_SAL_M","250-499","G45","D1111","BG",2012,541
"EUR","P_SAL_M","250-499","G46","D01","BG",2012,589
"EUR","P_SAL_M","250-499","G46","D111","BG",2012,503
"EUR","P_SAL_M","250-499","G46","D1111","BG",2012,458
"EUR","P_SAL_M","250-499","G47","D01","BG",2012,482
"EUR","P_SAL_M","250-499","G47","D111","BG",2012,409
"EUR","P_SAL_M","250-499","G47","D1111","BG",2012,380
"EUR","P_SAL_M","250-499","H","D01","BG",2012,483
"EUR","P_SAL_M","250-499","H","D111","BG",2012,380
"EUR","P_SAL_M","250-499","H","D1111","BG",2012,320
"EUR","P_SAL_M","250-499","H49","D01","BG",2012,454
"EUR","P_SAL_M","250-499","H49","D111","BG",2012,354
"EUR","P_SAL_M","250-499","H49","D1111","BG",2012,298
"EUR","P_SAL_M","250-499","H50","D01","BG",2012,NA
"EUR","P_SAL_M","250-499","H50","D111","BG",2012,NA
"EUR","P_SAL_M","250-499","H50","D1111","BG",2012,NA
"EUR","P_SAL_M","250-499","H51","D01","BG",2012,NA
"EUR","P_SAL_M","250-499","H51","D111","BG",2012,NA
"EUR","P_SAL_M","250-499","H51","D1111","BG",2012,NA
"EUR","P_SAL_M","250-499","H52","D01","BG",2012,NA
"EUR","P_SAL_M","250-499","H52","D111","BG",2012,NA
"EUR","P_SAL_M","250-499","H52","D1111","BG",2012,NA
"EUR","P_SAL_M","250-499","H53","D01","BG",2012,NA
"EUR","P_SAL_M","250-499","H53","D111","BG",2012,NA
"EUR","P_SAL_M","250-499","H53","D1111","BG",2012,NA
"EUR","P_SAL_M","250-499","I","D01","BG",2012,351
"EUR","P_SAL_M","250-499","I","D111","BG",2012,293
"EUR","P_SAL_M","250-499","I","D1111","BG",2012,265
"EUR","P_SAL_M","250-499","I55","D01","BG",2012,408
"EUR","P_SAL_M","250-499","I55","D111","BG",2012,340
"EUR","P_SAL_M","250-499","I55","D1111","BG",2012,305
"EUR","P_SAL_M","250-499","I56","D01","BG",2012,234
"EUR","P_SAL_M","250-499","I56","D111","BG",2012,195
"EUR","P_SAL_M","250-499","I56","D1111","BG",2012,183
"EUR","P_SAL_M","250-499","J","D01","BG",2012,1569
"EUR","P_SAL_M","250-499","J","D111","BG",2012,1381
"EUR","P_SAL_M","250-499","J","D1111","BG",2012,1253
"EUR","P_SAL_M","250-499","J58","D01","BG",2012,NA
"EUR","P_SAL_M","250-499","J58","D111","BG",2012,NA
"EUR","P_SAL_M","250-499","J58","D1111","BG",2012,NA
"EUR","P_SAL_M","250-499","J60","D01","BG",2012,1521
"EUR","P_SAL_M","250-499","J60","D111","BG",2012,1332
"EUR","P_SAL_M","250-499","J60","D1111","BG",2012,1212
"EUR","P_SAL_M","250-499","J61","D01","BG",2012,749
"EUR","P_SAL_M","250-499","J61","D111","BG",2012,610
"EUR","P_SAL_M","250-499","J61","D1111","BG",2012,556
"EUR","P_SAL_M","250-499","J62","D01","BG",2012,2130
"EUR","P_SAL_M","250-499","J62","D111","BG",2012,1900
"EUR","P_SAL_M","250-499","J62","D1111","BG",2012,1723
"EUR","P_SAL_M","250-499","J63","D01","BG",2012,1081
"EUR","P_SAL_M","250-499","J63","D111","BG",2012,940
"EUR","P_SAL_M","250-499","J63","D1111","BG",2012,850
"EUR","P_SAL_M","250-499","K","D01","BG",2012,850
"EUR","P_SAL_M","250-499","K","D111","BG",2012,738
"EUR","P_SAL_M","250-499","K","D1111","BG",2012,666
"EUR","P_SAL_M","250-499","K-N","D01","BG",2012,453
"EUR","P_SAL_M","250-499","K-N","D111","BG",2012,392
"EUR","P_SAL_M","250-499","K-N","D1111","BG",2012,354
"EUR","P_SAL_M","250-499","K64","D01","BG",2012,880
"EUR","P_SAL_M","250-499","K64","D111","BG",2012,759
"EUR","P_SAL_M","250-499","K64","D1111","BG",2012,673
"EUR","P_SAL_M","250-499","K65","D01","BG",2012,930
"EUR","P_SAL_M","250-499","K65","D111","BG",2012,810
"EUR","P_SAL_M","250-499","K65","D1111","BG",2012,743
"EUR","P_SAL_M","250-499","K66","D01","BG",2012,NA
"EUR","P_SAL_M","250-499","K66","D111","BG",2012,NA
"EUR","P_SAL_M","250-499","K66","D1111","BG",2012,NA
"EUR","P_SAL_M","250-499","L","D01","BG",2012,746
"EUR","P_SAL_M","250-499","L","D111","BG",2012,626
"EUR","P_SAL_M","250-499","L","D1111","BG",2012,568
"EUR","P_SAL_M","250-499","L68","D01","BG",2012,746
"EUR","P_SAL_M","250-499","L68","D111","BG",2012,626
"EUR","P_SAL_M","250-499","L68","D1111","BG",2012,568
"EUR","P_SAL_M","250-499","M","D01","BG",2012,735
"EUR","P_SAL_M","250-499","M","D111","BG",2012,615
"EUR","P_SAL_M","250-499","M","D1111","BG",2012,545
"EUR","P_SAL_M","250-499","M69","D01","BG",2012,NA
"EUR","P_SAL_M","250-499","M69","D111","BG",2012,NA
"EUR","P_SAL_M","250-499","M69","D1111","BG",2012,NA
"EUR","P_SAL_M","250-499","M70","D01","BG",2012,NA
"EUR","P_SAL_M","250-499","M70","D111","BG",2012,NA
"EUR","P_SAL_M","250-499","M70","D1111","BG",2012,NA
"EUR","P_SAL_M","250-499","M71","D01","BG",2012,NA
"EUR","P_SAL_M","250-499","M71","D111","BG",2012,NA
"EUR","P_SAL_M","250-499","M71","D1111","BG",2012,NA
"EUR","P_SAL_M","250-499","M72","D01","BG",2012,383
"EUR","P_SAL_M","250-499","M72","D111","BG",2012,316
"EUR","P_SAL_M","250-499","M72","D1111","BG",2012,285
"EUR","P_SAL_M","250-499","M73","D01","BG",2012,NA
"EUR","P_SAL_M","250-499","M73","D111","BG",2012,NA
"EUR","P_SAL_M","250-499","M73","D1111","BG",2012,NA
"EUR","P_SAL_M","250-499","M74","D01","BG",2012,1251
"EUR","P_SAL_M","250-499","M74","D111","BG",2012,1062
"EUR","P_SAL_M","250-499","M74","D1111","BG",2012,971
"EUR","P_SAL_M","250-499","N","D01","BG",2012,268
"EUR","P_SAL_M","250-499","N","D111","BG",2012,236
"EUR","P_SAL_M","250-499","N","D1111","BG",2012,217
"EUR","P_SAL_M","250-499","N78","D01","BG",2012,498
"EUR","P_SAL_M","250-499","N78","D111","BG",2012,421
"EUR","P_SAL_M","250-499","N78","D1111","BG",2012,390
"EUR","P_SAL_M","250-499","N80","D01","BG",2012,262
"EUR","P_SAL_M","250-499","N80","D111","BG",2012,222
"EUR","P_SAL_M","250-499","N80","D1111","BG",2012,206
"EUR","P_SAL_M","250-499","N81","D01","BG",2012,167
"EUR","P_SAL_M","250-499","N81","D111","BG",2012,165
"EUR","P_SAL_M","250-499","N81","D1111","BG",2012,149
"EUR","P_SAL_M","250-499","N82","D01","BG",2012,672
"EUR","P_SAL_M","250-499","N82","D111","BG",2012,564
"EUR","P_SAL_M","250-499","N82","D1111","BG",2012,514
"EUR","P_SAL_M","250-499","O","D01","BG",2012,675
"EUR","P_SAL_M","250-499","O","D111","BG",2012,529
"EUR","P_SAL_M","250-499","O","D1111","BG",2012,465
"EUR","P_SAL_M","250-499","O-S","D01","BG",2012,592
"EUR","P_SAL_M","250-499","O-S","D111","BG",2012,481
"EUR","P_SAL_M","250-499","O-S","D1111","BG",2012,419
"EUR","P_SAL_M","250-499","O84","D01","BG",2012,675
"EUR","P_SAL_M","250-499","O84","D111","BG",2012,529
"EUR","P_SAL_M","250-499","O84","D1111","BG",2012,465
"EUR","P_SAL_M","250-499","P","D01","BG",2012,662
"EUR","P_SAL_M","250-499","P","D111","BG",2012,550
"EUR","P_SAL_M","250-499","P","D1111","BG",2012,457
"EUR","P_SAL_M","250-499","P-S","D01","BG",2012,530
"EUR","P_SAL_M","250-499","P-S","D111","BG",2012,445
"EUR","P_SAL_M","250-499","P-S","D1111","BG",2012,385
"EUR","P_SAL_M","250-499","P85","D01","BG",2012,662
"EUR","P_SAL_M","250-499","P85","D111","BG",2012,550
"EUR","P_SAL_M","250-499","P85","D1111","BG",2012,457
"EUR","P_SAL_M","250-499","Q","D01","BG",2012,515
"EUR","P_SAL_M","250-499","Q","D111","BG",2012,431
"EUR","P_SAL_M","250-499","Q","D1111","BG",2012,379
"EUR","P_SAL_M","250-499","Q86","D01","BG",2012,535
"EUR","P_SAL_M","250-499","Q86","D111","BG",2012,448
"EUR","P_SAL_M","250-499","Q86","D1111","BG",2012,394
"EUR","P_SAL_M","250-499","Q87","D01","BG",2012,NA
"EUR","P_SAL_M","250-499","Q87","D111","BG",2012,NA
"EUR","P_SAL_M","250-499","Q87","D1111","BG",2012,NA
"EUR","P_SAL_M","250-499","Q88","D01","BG",2012,310
"EUR","P_SAL_M","250-499","Q88","D111","BG",2012,259
"EUR","P_SAL_M","250-499","Q88","D1111","BG",2012,220
"EUR","P_SAL_M","250-499","R","D01","BG",2012,414
"EUR","P_SAL_M","250-499","R","D111","BG",2012,346
"EUR","P_SAL_M","250-499","R","D1111","BG",2012,305
"EUR","P_SAL_M","250-499","R90","D01","BG",2012,394
"EUR","P_SAL_M","250-499","R90","D111","BG",2012,327
"EUR","P_SAL_M","250-499","R90","D1111","BG",2012,284
"EUR","P_SAL_M","250-499","R91","D01","BG",2012,NA
"EUR","P_SAL_M","250-499","R91","D111","BG",2012,NA
"EUR","P_SAL_M","250-499","R91","D1111","BG",2012,NA
"EUR","P_SAL_M","250-499","R92","D01","BG",2012,NA
"EUR","P_SAL_M","250-499","R92","D111","BG",2012,NA
"EUR","P_SAL_M","250-499","R92","D1111","BG",2012,NA
"EUR","P_SAL_M","250-499","R93","D01","BG",2012,NA
"EUR","P_SAL_M","250-499","R93","D111","BG",2012,NA
"EUR","P_SAL_M","250-499","R93","D1111","BG",2012,NA
"EUR","P_SAL_M","250-499","S","D01","BG",2012,287
"EUR","P_SAL_M","250-499","S","D111","BG",2012,285
"EUR","P_SAL_M","250-499","S","D1111","BG",2012,266
"EUR","P_SAL_M","250-499","S94","D01","BG",2012,287
"EUR","P_SAL_M","250-499","S94","D111","BG",2012,285
"EUR","P_SAL_M","250-499","S94","D1111","BG",2012,266
"EUR","P_SAL_M","50-249","B","D01","BG",2012,523
"EUR","P_SAL_M","50-249","B","D111","BG",2012,411
"EUR","P_SAL_M","50-249","B","D1111","BG",2012,366
"EUR","P_SAL_M","50-249","B-E","D01","BG",2012,378
"EUR","P_SAL_M","50-249","B-E","D111","BG",2012,316
"EUR","P_SAL_M","50-249","B-E","D1111","BG",2012,286
"EUR","P_SAL_M","50-249","B-F","D01","BG",2012,384
"EUR","P_SAL_M","50-249","B-F","D111","BG",2012,322
"EUR","P_SAL_M","50-249","B-F","D1111","BG",2012,293
"EUR","P_SAL_M","50-249","B-N","D01","BG",2012,445
"EUR","P_SAL_M","50-249","B-N","D111","BG",2012,379
"EUR","P_SAL_M","50-249","B-N","D1111","BG",2012,346
"EUR","P_SAL_M","50-249","B-S","D01","BG",2012,455
"EUR","P_SAL_M","50-249","B-S","D111","BG",2012,383
"EUR","P_SAL_M","50-249","B-S","D1111","BG",2012,344
"EUR","P_SAL_M","50-249","B-S_X_O","D01","BG",2012,451
"EUR","P_SAL_M","50-249","B-S_X_O","D111","BG",2012,382
"EUR","P_SAL_M","50-249","B-S_X_O","D1111","BG",2012,344
"EUR","P_SAL_M","50-249","B05","D01","BG",2012,470
"EUR","P_SAL_M","50-249","B05","D111","BG",2012,365
"EUR","P_SAL_M","50-249","B05","D1111","BG",2012,327
"EUR","P_SAL_M","50-249","B07","D01","BG",2012,580
"EUR","P_SAL_M","50-249","B07","D111","BG",2012,427
"EUR","P_SAL_M","50-249","B07","D1111","BG",2012,368
"EUR","P_SAL_M","50-249","B08","D01","BG",2012,520
"EUR","P_SAL_M","50-249","B08","D111","BG",2012,420
"EUR","P_SAL_M","50-249","B08","D1111","BG",2012,374
"EUR","P_SAL_M","50-249","B09","D01","BG",2012,NA
"EUR","P_SAL_M","50-249","B09","D111","BG",2012,NA
"EUR","P_SAL_M","50-249","B09","D1111","BG",2012,NA
"EUR","P_SAL_M","50-249","C","D01","BG",2012,367
"EUR","P_SAL_M","50-249","C","D111","BG",2012,308
"EUR","P_SAL_M","50-249","C","D1111","BG",2012,280
"EUR","P_SAL_M","50-249","C10","D01","BG",2012,352
"EUR","P_SAL_M","50-249","C10","D111","BG",2012,297
"EUR","P_SAL_M","50-249","C10","D1111","BG",2012,272
"EUR","P_SAL_M","50-249","C11","D01","BG",2012,416
"EUR","P_SAL_M","50-249","C11","D111","BG",2012,348
"EUR","P_SAL_M","50-249","C11","D1111","BG",2012,314
"EUR","P_SAL_M","50-249","C12","D01","BG",2012,464
"EUR","P_SAL_M","50-249","C12","D111","BG",2012,373
"EUR","P_SAL_M","50-249","C12","D1111","BG",2012,343
"EUR","P_SAL_M","50-249","C13","D01","BG",2012,328
"EUR","P_SAL_M","50-249","C13","D111","BG",2012,270
"EUR","P_SAL_M","50-249","C13","D1111","BG",2012,244
"EUR","P_SAL_M","50-249","C14","D01","BG",2012,243
"EUR","P_SAL_M","50-249","C14","D111","BG",2012,203
"EUR","P_SAL_M","50-249","C14","D1111","BG",2012,185
"EUR","P_SAL_M","50-249","C15","D01","BG",2012,236
"EUR","P_SAL_M","50-249","C15","D111","BG",2012,198
"EUR","P_SAL_M","50-249","C15","D1111","BG",2012,180
"EUR","P_SAL_M","50-249","C16","D01","BG",2012,295
"EUR","P_SAL_M","50-249","C16","D111","BG",2012,248
"EUR","P_SAL_M","50-249","C16","D1111","BG",2012,224
"EUR","P_SAL_M","50-249","C17","D01","BG",2012,350
"EUR","P_SAL_M","50-249","C17","D111","BG",2012,293
"EUR","P_SAL_M","50-249","C17","D1111","BG",2012,271
"EUR","P_SAL_M","50-249","C18","D01","BG",2012,486
"EUR","P_SAL_M","50-249","C18","D111","BG",2012,406
"EUR","P_SAL_M","50-249","C18","D1111","BG",2012,369
"EUR","P_SAL_M","50-249","C19","D01","BG",2012,579
"EUR","P_SAL_M","50-249","C19","D111","BG",2012,484
"EUR","P_SAL_M","50-249","C19","D1111","BG",2012,443
"EUR","P_SAL_M","50-249","C20","D01","BG",2012,510
"EUR","P_SAL_M","50-249","C20","D111","BG",2012,428
"EUR","P_SAL_M","50-249","C20","D1111","BG",2012,391
"EUR","P_SAL_M","50-249","C21","D01","BG",2012,529
"EUR","P_SAL_M","50-249","C21","D111","BG",2012,446
"EUR","P_SAL_M","50-249","C21","D1111","BG",2012,408
"EUR","P_SAL_M","50-249","C22","D01","BG",2012,384
"EUR","P_SAL_M","50-249","C22","D111","BG",2012,324
"EUR","P_SAL_M","50-249","C22","D1111","BG",2012,295
"EUR","P_SAL_M","50-249","C23","D01","BG",2012,556
"EUR","P_SAL_M","50-249","C23","D111","BG",2012,465
"EUR","P_SAL_M","50-249","C23","D1111","BG",2012,411
"EUR","P_SAL_M","50-249","C24","D01","BG",2012,448
"EUR","P_SAL_M","50-249","C24","D111","BG",2012,367
"EUR","P_SAL_M","50-249","C24","D1111","BG",2012,330
"EUR","P_SAL_M","50-249","C25","D01","BG",2012,415
"EUR","P_SAL_M","50-249","C25","D111","BG",2012,348
"EUR","P_SAL_M","50-249","C25","D1111","BG",2012,316
"EUR","P_SAL_M","50-249","C26","D01","BG",2012,615
"EUR","P_SAL_M","50-249","C26","D111","BG",2012,526
"EUR","P_SAL_M","50-249","C26","D1111","BG",2012,479
"EUR","P_SAL_M","50-249","C27","D01","BG",2012,456
"EUR","P_SAL_M","50-249","C27","D111","BG",2012,383
"EUR","P_SAL_M","50-249","C27","D1111","BG",2012,351
"EUR","P_SAL_M","50-249","C28","D01","BG",2012,510
"EUR","P_SAL_M","50-249","C28","D111","BG",2012,426
"EUR","P_SAL_M","50-249","C28","D1111","BG",2012,386
"EUR","P_SAL_M","50-249","C29","D01","BG",2012,333
"EUR","P_SAL_M","50-249","C29","D111","BG",2012,279
"EUR","P_SAL_M","50-249","C29","D1111","BG",2012,254
"EUR","P_SAL_M","50-249","C30","D01","BG",2012,451
"EUR","P_SAL_M","50-249","C30","D111","BG",2012,383
"EUR","P_SAL_M","50-249","C30","D1111","BG",2012,347
"EUR","P_SAL_M","50-249","C31","D01","BG",2012,306
"EUR","P_SAL_M","50-249","C31","D111","BG",2012,257
"EUR","P_SAL_M","50-249","C31","D1111","BG",2012,235
"EUR","P_SAL_M","50-249","C32","D01","BG",2012,375
"EUR","P_SAL_M","50-249","C32","D111","BG",2012,314
"EUR","P_SAL_M","50-249","C32","D1111","BG",2012,282
"EUR","P_SAL_M","50-249","C33","D01","BG",2012,612
"EUR","P_SAL_M","50-249","C33","D111","BG",2012,514
"EUR","P_SAL_M","50-249","C33","D1111","BG",2012,458
"EUR","P_SAL_M","50-249","D","D01","BG",2012,859
"EUR","P_SAL_M","50-249","D","D111","BG",2012,716
"EUR","P_SAL_M","50-249","D","D1111","BG",2012,589
"EUR","P_SAL_M","50-249","D35","D01","BG",2012,859
"EUR","P_SAL_M","50-249","D35","D111","BG",2012,716
"EUR","P_SAL_M","50-249","D35","D1111","BG",2012,589
"EUR","P_SAL_M","50-249","E","D01","BG",2012,403
"EUR","P_SAL_M","50-249","E","D111","BG",2012,338
"EUR","P_SAL_M","50-249","E","D1111","BG",2012,303
"EUR","P_SAL_M","50-249","E36","D01","BG",2012,403
"EUR","P_SAL_M","50-249","E36","D111","BG",2012,331
"EUR","P_SAL_M","50-249","E36","D1111","BG",2012,274
"EUR","P_SAL_M","50-249","E37","D01","BG",2012,NA
"EUR","P_SAL_M","50-249","E37","D111","BG",2012,NA
"EUR","P_SAL_M","50-249","E37","D1111","BG",2012,NA
"EUR","P_SAL_M","50-249","E38","D01","BG",2012,398
"EUR","P_SAL_M","50-249","E38","D111","BG",2012,336
"EUR","P_SAL_M","50-249","E38","D1111","BG",2012,308
"EUR","P_SAL_M","50-249","E39","D01","BG",2012,433
"EUR","P_SAL_M","50-249","E39","D111","BG",2012,357
"EUR","P_SAL_M","50-249","E39","D1111","BG",2012,300
"EUR","P_SAL_M","50-249","F","D01","BG",2012,411
"EUR","P_SAL_M","50-249","F","D111","BG",2012,346
"EUR","P_SAL_M","50-249","F","D1111","BG",2012,319
"EUR","P_SAL_M","50-249","F41","D01","BG",2012,369
"EUR","P_SAL_M","50-249","F41","D111","BG",2012,312
"EUR","P_SAL_M","50-249","F41","D1111","BG",2012,288
"EUR","P_SAL_M","50-249","F42","D01","BG",2012,446
"EUR","P_SAL_M","50-249","F42","D111","BG",2012,373
"EUR","P_SAL_M","50-249","F42","D1111","BG",2012,342
"EUR","P_SAL_M","50-249","F43","D01","BG",2012,442
"EUR","P_SAL_M","50-249","F43","D111","BG",2012,371
"EUR","P_SAL_M","50-249","F43","D1111","BG",2012,346
"EUR","P_SAL_M","50-249","G","D01","BG",2012,512
"EUR","P_SAL_M","50-249","G","D111","BG",2012,438
"EUR","P_SAL_M","50-249","G","D1111","BG",2012,404
"EUR","P_SAL_M","50-249","G-J","D01","BG",2012,546
"EUR","P_SAL_M","50-249","G-J","D111","BG",2012,467
"EUR","P_SAL_M","50-249","G-J","D1111","BG",2012,430
"EUR","P_SAL_M","50-249","G-N","D01","BG",2012,519
"EUR","P_SAL_M","50-249","G-N","D111","BG",2012,447
"EUR","P_SAL_M","50-249","G-N","D1111","BG",2012,409
"EUR","P_SAL_M","50-249","G-S_X_O","D01","BG",2012,501
"EUR","P_SAL_M","50-249","G-S_X_O","D111","BG",2012,426
"EUR","P_SAL_M","50-249","G-S_X_O","D1111","BG",2012,382
"EUR","P_SAL_M","50-249","G45","D01","BG",2012,666
"EUR","P_SAL_M","50-249","G45","D111","BG",2012,572
"EUR","P_SAL_M","50-249","G45","D1111","BG",2012,520
"EUR","P_SAL_M","50-249","G46","D01","BG",2012,574
"EUR","P_SAL_M","50-249","G46","D111","BG",2012,494
"EUR","P_SAL_M","50-249","G46","D1111","BG",2012,455
"EUR","P_SAL_M","50-249","G47","D01","BG",2012,400
"EUR","P_SAL_M","50-249","G47","D111","BG",2012,339
"EUR","P_SAL_M","50-249","G47","D1111","BG",2012,314
"EUR","P_SAL_M","50-249","H","D01","BG",2012,488
"EUR","P_SAL_M","50-249","H","D111","BG",2012,405
"EUR","P_SAL_M","50-249","H","D1111","BG",2012,365
"EUR","P_SAL_M","50-249","H49","D01","BG",2012,343
"EUR","P_SAL_M","50-249","H49","D111","BG",2012,278
"EUR","P_SAL_M","50-249","H49","D1111","BG",2012,256
"EUR","P_SAL_M","50-249","H50","D01","BG",2012,617
"EUR","P_SAL_M","50-249","H50","D111","BG",2012,506
"EUR","P_SAL_M","50-249","H50","D1111","BG",2012,444
"EUR","P_SAL_M","50-249","H51","D01","BG",2012,1363
"EUR","P_SAL_M","50-249","H51","D111","BG",2012,1129
"EUR","P_SAL_M","50-249","H51","D1111","BG",2012,1004
"EUR","P_SAL_M","50-249","H52","D01","BG",2012,761
"EUR","P_SAL_M","50-249","H52","D111","BG",2012,656
"EUR","P_SAL_M","50-249","H52","D1111","BG",2012,574
"EUR","P_SAL_M","50-249","H53","D01","BG",2012,454
"EUR","P_SAL_M","50-249","H53","D111","BG",2012,378
"EUR","P_SAL_M","50-249","H53","D1111","BG",2012,351
"EUR","P_SAL_M","50-249","I","D01","BG",2012,379
"EUR","P_SAL_M","50-249","I","D111","BG",2012,319
"EUR","P_SAL_M","50-249","I","D1111","BG",2012,298
"EUR","P_SAL_M","50-249","I55","D01","BG",2012,417
"EUR","P_SAL_M","50-249","I55","D111","BG",2012,352
"EUR","P_SAL_M","50-249","I55","D1111","BG",2012,329
"EUR","P_SAL_M","50-249","I56","D01","BG",2012,309
"EUR","P_SAL_M","50-249","I56","D111","BG",2012,259
"EUR","P_SAL_M","50-249","I56","D1111","BG",2012,242
"EUR","P_SAL_M","50-249","J","D01","BG",2012,1058
"EUR","P_SAL_M","50-249","J","D111","BG",2012,928
"EUR","P_SAL_M","50-249","J","D1111","BG",2012,856
"EUR","P_SAL_M","50-249","J58","D01","BG",2012,614
"EUR","P_SAL_M","50-249","J58","D111","BG",2012,528
"EUR","P_SAL_M","50-249","J58","D1111","BG",2012,487
"EUR","P_SAL_M","50-249","J59","D01","BG",2012,768
"EUR","P_SAL_M","50-249","J59","D111","BG",2012,675
"EUR","P_SAL_M","50-249","J59","D1111","BG",2012,616
"EUR","P_SAL_M","50-249","J60","D01","BG",2012,670
"EUR","P_SAL_M","50-249","J60","D111","BG",2012,577
"EUR","P_SAL_M","50-249","J60","D1111","BG",2012,530
"EUR","P_SAL_M","50-249","J61","D01","BG",2012,880
"EUR","P_SAL_M","50-249","J61","D111","BG",2012,750
"EUR","P_SAL_M","50-249","J61","D1111","BG",2012,697
"EUR","P_SAL_M","50-249","J62","D01","BG",2012,1420
"EUR","P_SAL_M","50-249","J62","D111","BG",2012,1261
"EUR","P_SAL_M","50-249","J62","D1111","BG",2012,1164
"EUR","P_SAL_M","50-249","J63","D01","BG",2012,732
"EUR","P_SAL_M","50-249","J63","D111","BG",2012,624
"EUR","P_SAL_M","50-249","J63","D1111","BG",2012,569
"EUR","P_SAL_M","50-249","K","D01","BG",2012,1031
"EUR","P_SAL_M","50-249","K","D111","BG",2012,890
"EUR","P_SAL_M","50-249","K","D1111","BG",2012,796
"EUR","P_SAL_M","50-249","K-N","D01","BG",2012,463
"EUR","P_SAL_M","50-249","K-N","D111","BG",2012,407
"EUR","P_SAL_M","50-249","K-N","D1111","BG",2012,369
"EUR","P_SAL_M","50-249","K64","D01","BG",2012,1135
"EUR","P_SAL_M","50-249","K64","D111","BG",2012,977
"EUR","P_SAL_M","50-249","K64","D1111","BG",2012,855
"EUR","P_SAL_M","50-249","K65","D01","BG",2012,1033
"EUR","P_SAL_M","50-249","K65","D111","BG",2012,903
"EUR","P_SAL_M","50-249","K65","D1111","BG",2012,830
"EUR","P_SAL_M","50-249","K66","D01","BG",2012,NA
"EUR","P_SAL_M","50-249","K66","D111","BG",2012,NA
"EUR","P_SAL_M","50-249","K66","D1111","BG",2012,NA
"EUR","P_SAL_M","50-249","L","D01","BG",2012,439
"EUR","P_SAL_M","50-249","L","D111","BG",2012,373
"EUR","P_SAL_M","50-249","L","D1111","BG",2012,335
"EUR","P_SAL_M","50-249","L68","D01","BG",2012,439
"EUR","P_SAL_M","50-249","L68","D111","BG",2012,373
"EUR","P_SAL_M","50-249","L68","D1111","BG",2012,335
"EUR","P_SAL_M","50-249","M","D01","BG",2012,807
"EUR","P_SAL_M","50-249","M","D111","BG",2012,699
"EUR","P_SAL_M","50-249","M","D1111","BG",2012,631
"EUR","P_SAL_M","50-249","M69","D01","BG",2012,NA
"EUR","P_SAL_M","50-249","M69","D111","BG",2012,NA
"EUR","P_SAL_M","50-249","M69","D1111","BG",2012,NA
"EUR","P_SAL_M","50-249","M70","D01","BG",2012,994
"EUR","P_SAL_M","50-249","M70","D111","BG",2012,879
"EUR","P_SAL_M","50-249","M70","D1111","BG",2012,801
"EUR","P_SAL_M","50-249","M71","D01","BG",2012,1068
"EUR","P_SAL_M","50-249","M71","D111","BG",2012,919
"EUR","P_SAL_M","50-249","M71","D1111","BG",2012,840
"EUR","P_SAL_M","50-249","M72","D01","BG",2012,499
"EUR","P_SAL_M","50-249","M72","D111","BG",2012,422
"EUR","P_SAL_M","50-249","M72","D1111","BG",2012,368
"EUR","P_SAL_M","50-249","M73","D01","BG",2012,NA
"EUR","P_SAL_M","50-249","M73","D111","BG",2012,NA
"EUR","P_SAL_M","50-249","M73","D1111","BG",2012,NA
"EUR","P_SAL_M","50-249","M74","D01","BG",2012,860
"EUR","P_SAL_M","50-249","M74","D111","BG",2012,742
"EUR","P_SAL_M","50-249","M74","D1111","BG",2012,668
"EUR","P_SAL_M","50-249","N","D01","BG",2012,227
"EUR","P_SAL_M","50-249","N","D111","BG",2012,207
"EUR","P_SAL_M","50-249","N","D1111","BG",2012,192
"EUR","P_SAL_M","50-249","N77","D01","BG",2012,447
"EUR","P_SAL_M","50-249","N77","D111","BG",2012,375
"EUR","P_SAL_M","50-249","N77","D1111","BG",2012,340
"EUR","P_SAL_M","50-249","N78","D01","BG",2012,421
"EUR","P_SAL_M","50-249","N78","D111","BG",2012,352
"EUR","P_SAL_M","50-249","N78","D1111","BG",2012,334
"EUR","P_SAL_M","50-249","N79","D01","BG",2012,482
"EUR","P_SAL_M","50-249","N79","D111","BG",2012,410
"EUR","P_SAL_M","50-249","N79","D1111","BG",2012,387
"EUR","P_SAL_M","50-249","N80","D01","BG",2012,232
"EUR","P_SAL_M","50-249","N80","D111","BG",2012,196
"EUR","P_SAL_M","50-249","N80","D1111","BG",2012,183
"EUR","P_SAL_M","50-249","N81","D01","BG",2012,171
"EUR","P_SAL_M","50-249","N81","D111","BG",2012,174
"EUR","P_SAL_M","50-249","N81","D1111","BG",2012,160
"EUR","P_SAL_M","50-249","N82","D01","BG",2012,445
"EUR","P_SAL_M","50-249","N82","D111","BG",2012,380
"EUR","P_SAL_M","50-249","N82","D1111","BG",2012,345
"EUR","P_SAL_M","50-249","O","D01","BG",2012,499
"EUR","P_SAL_M","50-249","O","D111","BG",2012,396
"EUR","P_SAL_M","50-249","O","D1111","BG",2012,345
"EUR","P_SAL_M","50-249","O-S","D01","BG",2012,480
"EUR","P_SAL_M","50-249","O-S","D111","BG",2012,394
"EUR","P_SAL_M","50-249","O-S","D1111","BG",2012,340
"EUR","P_SAL_M","50-249","O84","D01","BG",2012,499
"EUR","P_SAL_M","50-249","O84","D111","BG",2012,396
"EUR","P_SAL_M","50-249","O84","D1111","BG",2012,345
"EUR","P_SAL_M","50-249","P","D01","BG",2012,476
"EUR","P_SAL_M","50-249","P","D111","BG",2012,389
"EUR","P_SAL_M","50-249","P","D1111","BG",2012,318
"EUR","P_SAL_M","50-249","P-S","D01","BG",2012,472
"EUR","P_SAL_M","50-249","P-S","D111","BG",2012,393
"EUR","P_SAL_M","50-249","P-S","D1111","BG",2012,337
"EUR","P_SAL_M","50-249","P85","D01","BG",2012,476
"EUR","P_SAL_M","50-249","P85","D111","BG",2012,389
"EUR","P_SAL_M","50-249","P85","D1111","BG",2012,318
"EUR","P_SAL_M","50-249","Q","D01","BG",2012,463
"EUR","P_SAL_M","50-249","Q","D111","BG",2012,391
"EUR","P_SAL_M","50-249","Q","D1111","BG",2012,349
"EUR","P_SAL_M","50-249","Q86","D01","BG",2012,544
"EUR","P_SAL_M","50-249","Q86","D111","BG",2012,462
"EUR","P_SAL_M","50-249","Q86","D1111","BG",2012,414
"EUR","P_SAL_M","50-249","Q87","D01","BG",2012,301
"EUR","P_SAL_M","50-249","Q87","D111","BG",2012,250
"EUR","P_SAL_M","50-249","Q87","D1111","BG",2012,216
"EUR","P_SAL_M","50-249","Q88","D01","BG",2012,276
"EUR","P_SAL_M","50-249","Q88","D111","BG",2012,230
"EUR","P_SAL_M","50-249","Q88","D1111","BG",2012,200
"EUR","P_SAL_M","50-249","R","D01","BG",2012,495
"EUR","P_SAL_M","50-249","R","D111","BG",2012,431
"EUR","P_SAL_M","50-249","R","D1111","BG",2012,394
"EUR","P_SAL_M","50-249","R90","D01","BG",2012,335
"EUR","P_SAL_M","50-249","R90","D111","BG",2012,275
"EUR","P_SAL_M","50-249","R90","D1111","BG",2012,239
"EUR","P_SAL_M","50-249","R91","D01","BG",2012,342
"EUR","P_SAL_M","50-249","R91","D111","BG",2012,283
"EUR","P_SAL_M","50-249","R91","D1111","BG",2012,244
"EUR","P_SAL_M","50-249","R92","D01","BG",2012,354
"EUR","P_SAL_M","50-249","R92","D111","BG",2012,298
"EUR","P_SAL_M","50-249","R92","D1111","BG",2012,273
"EUR","P_SAL_M","50-249","R93","D01","BG",2012,NA
"EUR","P_SAL_M","50-249","R93","D111","BG",2012,NA
"EUR","P_SAL_M","50-249","R93","D1111","BG",2012,NA
"EUR","P_SAL_M","50-249","S","D01","BG",2012,433
"EUR","P_SAL_M","50-249","S","D111","BG",2012,364
"EUR","P_SAL_M","50-249","S","D1111","BG",2012,325
"EUR","P_SAL_M","50-249","S94","D01","BG",2012,451
"EUR","P_SAL_M","50-249","S94","D111","BG",2012,380
"EUR","P_SAL_M","50-249","S94","D1111","BG",2012,337
"EUR","P_SAL_M","50-249","S95","D01","BG",2012,NA
"EUR","P_SAL_M","50-249","S95","D111","BG",2012,NA
"EUR","P_SAL_M","50-249","S95","D1111","BG",2012,NA
"EUR","P_SAL_M","50-249","S96","D01","BG",2012,313
"EUR","P_SAL_M","50-249","S96","D111","BG",2012,262
"EUR","P_SAL_M","50-249","S96","D1111","BG",2012,237
"EUR","P_SAL_M","500-999","B","D01","BG",2012,526
"EUR","P_SAL_M","500-999","B","D111","BG",2012,405
"EUR","P_SAL_M","500-999","B","D1111","BG",2012,362
"EUR","P_SAL_M","500-999","B-E","D01","BG",2012,539
"EUR","P_SAL_M","500-999","B-E","D111","BG",2012,442
"EUR","P_SAL_M","500-999","B-E","D1111","BG",2012,387
"EUR","P_SAL_M","500-999","B-F","D01","BG",2012,551
"EUR","P_SAL_M","500-999","B-F","D111","BG",2012,454
"EUR","P_SAL_M","500-999","B-F","D1111","BG",2012,400
"EUR","P_SAL_M","500-999","B-N","D01","BG",2012,567
"EUR","P_SAL_M","500-999","B-N","D111","BG",2012,473
"EUR","P_SAL_M","500-999","B-N","D1111","BG",2012,420
"EUR","P_SAL_M","500-999","B-S","D01","BG",2012,577
"EUR","P_SAL_M","500-999","B-S","D111","BG",2012,480
"EUR","P_SAL_M","500-999","B-S","D1111","BG",2012,425
"EUR","P_SAL_M","500-999","B-S_X_O","D01","BG",2012,565
"EUR","P_SAL_M","500-999","B-S_X_O","D111","BG",2012,472
"EUR","P_SAL_M","500-999","B-S_X_O","D1111","BG",2012,417
"EUR","P_SAL_M","500-999","B05","D01","BG",2012,NA
"EUR","P_SAL_M","500-999","B05","D111","BG",2012,NA
"EUR","P_SAL_M","500-999","B05","D1111","BG",2012,NA
"EUR","P_SAL_M","500-999","B06","D01","BG",2012,NA
"EUR","P_SAL_M","500-999","B06","D111","BG",2012,NA
"EUR","P_SAL_M","500-999","B06","D1111","BG",2012,NA
"EUR","P_SAL_M","500-999","B07","D01","BG",2012,NA
"EUR","P_SAL_M","500-999","B07","D111","BG",2012,NA
"EUR","P_SAL_M","500-999","B07","D1111","BG",2012,NA
"EUR","P_SAL_M","500-999","B08","D01","BG",2012,NA
"EUR","P_SAL_M","500-999","B08","D111","BG",2012,NA
"EUR","P_SAL_M","500-999","B08","D1111","BG",2012,NA
"EUR","P_SAL_M","500-999","C","D01","BG",2012,545
"EUR","P_SAL_M","500-999","C","D111","BG",2012,448
"EUR","P_SAL_M","500-999","C","D1111","BG",2012,394
"EUR","P_SAL_M","500-999","C10","D01","BG",2012,574
"EUR","P_SAL_M","500-999","C10","D111","BG",2012,489
"EUR","P_SAL_M","500-999","C10","D1111","BG",2012,438
"EUR","P_SAL_M","500-999","C11","D01","BG",2012,627
"EUR","P_SAL_M","500-999","C11","D111","BG",2012,525
"EUR","P_SAL_M","500-999","C11","D1111","BG",2012,461
"EUR","P_SAL_M","500-999","C12","D01","BG",2012,NA
"EUR","P_SAL_M","500-999","C12","D111","BG",2012,NA
"EUR","P_SAL_M","500-999","C12","D1111","BG",2012,NA
"EUR","P_SAL_M","500-999","C13","D01","BG",2012,NA
"EUR","P_SAL_M","500-999","C13","D111","BG",2012,NA
"EUR","P_SAL_M","500-999","C13","D1111","BG",2012,NA
"EUR","P_SAL_M","500-999","C14","D01","BG",2012,304
"EUR","P_SAL_M","500-999","C14","D111","BG",2012,255
"EUR","P_SAL_M","500-999","C14","D1111","BG",2012,226
"EUR","P_SAL_M","500-999","C15","D01","BG",2012,NA
"EUR","P_SAL_M","500-999","C15","D111","BG",2012,NA
"EUR","P_SAL_M","500-999","C15","D1111","BG",2012,NA
"EUR","P_SAL_M","500-999","C16","D01","BG",2012,NA
"EUR","P_SAL_M","500-999","C16","D111","BG",2012,NA
"EUR","P_SAL_M","500-999","C16","D1111","BG",2012,NA
"EUR","P_SAL_M","500-999","C17","D01","BG",2012,NA
"EUR","P_SAL_M","500-999","C17","D111","BG",2012,NA
"EUR","P_SAL_M","500-999","C17","D1111","BG",2012,NA
"EUR","P_SAL_M","500-999","C20","D01","BG",2012,NA
"EUR","P_SAL_M","500-999","C20","D111","BG",2012,NA
"EUR","P_SAL_M","500-999","C20","D1111","BG",2012,NA
"EUR","P_SAL_M","500-999","C21","D01","BG",2012,NA
"EUR","P_SAL_M","500-999","C21","D111","BG",2012,NA
"EUR","P_SAL_M","500-999","C21","D1111","BG",2012,NA
"EUR","P_SAL_M","500-999","C22","D01","BG",2012,374
"EUR","P_SAL_M","500-999","C22","D111","BG",2012,311
"EUR","P_SAL_M","500-999","C22","D1111","BG",2012,283
"EUR","P_SAL_M","500-999","C23","D01","BG",2012,617
"EUR","P_SAL_M","500-999","C23","D111","BG",2012,502
"EUR","P_SAL_M","500-999","C23","D1111","BG",2012,431
"EUR","P_SAL_M","500-999","C24","D01","BG",2012,984
"EUR","P_SAL_M","500-999","C24","D111","BG",2012,784
"EUR","P_SAL_M","500-999","C24","D1111","BG",2012,694
"EUR","P_SAL_M","500-999","C25","D01","BG",2012,452
"EUR","P_SAL_M","500-999","C25","D111","BG",2012,379
"EUR","P_SAL_M","500-999","C25","D1111","BG",2012,327
"EUR","P_SAL_M","500-999","C27","D01","BG",2012,591
"EUR","P_SAL_M","500-999","C27","D111","BG",2012,465
"EUR","P_SAL_M","500-999","C27","D1111","BG",2012,405
"EUR","P_SAL_M","500-999","C28","D01","BG",2012,465
"EUR","P_SAL_M","500-999","C28","D111","BG",2012,390
"EUR","P_SAL_M","500-999","C28","D1111","BG",2012,349
"EUR","P_SAL_M","500-999","C29","D01","BG",2012,433
"EUR","P_SAL_M","500-999","C29","D111","BG",2012,364
"EUR","P_SAL_M","500-999","C29","D1111","BG",2012,313
"EUR","P_SAL_M","500-999","C30","D01","BG",2012,471
"EUR","P_SAL_M","500-999","C30","D111","BG",2012,393
"EUR","P_SAL_M","500-999","C30","D1111","BG",2012,361
"EUR","P_SAL_M","500-999","C31","D01","BG",2012,NA
"EUR","P_SAL_M","500-999","C31","D111","BG",2012,NA
"EUR","P_SAL_M","500-999","C31","D1111","BG",2012,NA
"EUR","P_SAL_M","500-999","C32","D01","BG",2012,403
"EUR","P_SAL_M","500-999","C32","D111","BG",2012,335
"EUR","P_SAL_M","500-999","C32","D1111","BG",2012,298
"EUR","P_SAL_M","500-999","C33","D01","BG",2012,669
"EUR","P_SAL_M","500-999","C33","D111","BG",2012,551
"EUR","P_SAL_M","500-999","C33","D1111","BG",2012,475
"EUR","P_SAL_M","500-999","D","D01","BG",2012,559
"EUR","P_SAL_M","500-999","D","D111","BG",2012,438
"EUR","P_SAL_M","500-999","D","D1111","BG",2012,390
"EUR","P_SAL_M","500-999","D35","D01","BG",2012,559
"EUR","P_SAL_M","500-999","D35","D111","BG",2012,438
"EUR","P_SAL_M","500-999","D35","D1111","BG",2012,390
"EUR","P_SAL_M","500-999","E","D01","BG",2012,493
"EUR","P_SAL_M","500-999","E","D111","BG",2012,411
"EUR","P_SAL_M","500-999","E","D1111","BG",2012,341
"EUR","P_SAL_M","500-999","E36","D01","BG",2012,452
"EUR","P_SAL_M","500-999","E36","D111","BG",2012,374
"EUR","P_SAL_M","500-999","E36","D1111","BG",2012,297
"EUR","P_SAL_M","500-999","E38","D01","BG",2012,583
"EUR","P_SAL_M","500-999","E38","D111","BG",2012,492
"EUR","P_SAL_M","500-999","E38","D1111","BG",2012,437
"EUR","P_SAL_M","500-999","F","D01","BG",2012,NA
"EUR","P_SAL_M","500-999","F","D111","BG",2012,NA
"EUR","P_SAL_M","500-999","F","D1111","BG",2012,NA
"EUR","P_SAL_M","500-999","F41","D01","BG",2012,566
"EUR","P_SAL_M","500-999","F41","D111","BG",2012,483
"EUR","P_SAL_M","500-999","F41","D1111","BG",2012,451
"EUR","P_SAL_M","500-999","F42","D01","BG",2012,608
"EUR","P_SAL_M","500-999","F42","D111","BG",2012,510
"EUR","P_SAL_M","500-999","F42","D1111","BG",2012,459
"EUR","P_SAL_M","500-999","F43","D01","BG",2012,NA
"EUR","P_SAL_M","500-999","F43","D111","BG",2012,NA
"EUR","P_SAL_M","500-999","F43","D1111","BG",2012,NA
"EUR","P_SAL_M","500-999","G","D01","BG",2012,585
"EUR","P_SAL_M","500-999","G","D111","BG",2012,496
"EUR","P_SAL_M","500-999","G","D1111","BG",2012,455
"EUR","P_SAL_M","500-999","G-J","D01","BG",2012,645
"EUR","P_SAL_M","500-999","G-J","D111","BG",2012,547
"EUR","P_SAL_M","500-999","G-J","D1111","BG",2012,483
"EUR","P_SAL_M","500-999","G-N","D01","BG",2012,591
"EUR","P_SAL_M","500-999","G-N","D111","BG",2012,501
"EUR","P_SAL_M","500-999","G-N","D1111","BG",2012,451
"EUR","P_SAL_M","500-999","G-S_X_O","D01","BG",2012,579
"EUR","P_SAL_M","500-999","G-S_X_O","D111","BG",2012,488
"EUR","P_SAL_M","500-999","G-S_X_O","D1111","BG",2012,434
"EUR","P_SAL_M","500-999","G45","D01","BG",2012,608
"EUR","P_SAL_M","500-999","G45","D111","BG",2012,512
"EUR","P_SAL_M","500-999","G45","D1111","BG",2012,473
"EUR","P_SAL_M","500-999","G46","D01","BG",2012,NA
"EUR","P_SAL_M","500-999","G46","D111","BG",2012,NA
"EUR","P_SAL_M","500-999","G46","D1111","BG",2012,NA
"EUR","P_SAL_M","500-999","G47","D01","BG",2012,484
"EUR","P_SAL_M","500-999","G47","D111","BG",2012,406
"EUR","P_SAL_M","500-999","G47","D1111","BG",2012,373
"EUR","P_SAL_M","500-999","H","D01","BG",2012,553
"EUR","P_SAL_M","500-999","H","D111","BG",2012,459
"EUR","P_SAL_M","500-999","H","D1111","BG",2012,397
"EUR","P_SAL_M","500-999","H49","D01","BG",2012,443
"EUR","P_SAL_M","500-999","H49","D111","BG",2012,358
"EUR","P_SAL_M","500-999","H49","D1111","BG",2012,297
"EUR","P_SAL_M","500-999","H50","D01","BG",2012,NA
"EUR","P_SAL_M","500-999","H50","D111","BG",2012,NA
"EUR","P_SAL_M","500-999","H50","D1111","BG",2012,NA
"EUR","P_SAL_M","500-999","H51","D01","BG",2012,NA
"EUR","P_SAL_M","500-999","H51","D111","BG",2012,NA
"EUR","P_SAL_M","500-999","H51","D1111","BG",2012,NA
"EUR","P_SAL_M","500-999","H52","D01","BG",2012,NA
"EUR","P_SAL_M","500-999","H52","D111","BG",2012,NA
"EUR","P_SAL_M","500-999","H52","D1111","BG",2012,NA
"EUR","P_SAL_M","500-999","H53","D01","BG",2012,616
"EUR","P_SAL_M","500-999","H53","D111","BG",2012,529
"EUR","P_SAL_M","500-999","H53","D1111","BG",2012,495
"EUR","P_SAL_M","500-999","I","D01","BG",2012,NA
"EUR","P_SAL_M","500-999","I","D111","BG",2012,NA
"EUR","P_SAL_M","500-999","I","D1111","BG",2012,NA
"EUR","P_SAL_M","500-999","I55","D01","BG",2012,370
"EUR","P_SAL_M","500-999","I55","D111","BG",2012,301
"EUR","P_SAL_M","500-999","I55","D1111","BG",2012,271
"EUR","P_SAL_M","500-999","I56","D01","BG",2012,NA
"EUR","P_SAL_M","500-999","I56","D111","BG",2012,NA
"EUR","P_SAL_M","500-999","I56","D1111","BG",2012,NA
"EUR","P_SAL_M","500-999","J","D01","BG",2012,1606
"EUR","P_SAL_M","500-999","J","D111","BG",2012,1403
"EUR","P_SAL_M","500-999","J","D1111","BG",2012,1170
"EUR","P_SAL_M","500-999","J58","D01","BG",2012,NA
"EUR","P_SAL_M","500-999","J58","D111","BG",2012,NA
"EUR","P_SAL_M","500-999","J58","D1111","BG",2012,NA
"EUR","P_SAL_M","500-999","J60","D01","BG",2012,NA
"EUR","P_SAL_M","500-999","J60","D111","BG",2012,NA
"EUR","P_SAL_M","500-999","J60","D1111","BG",2012,NA
"EUR","P_SAL_M","500-999","J61","D01","BG",2012,NA
"EUR","P_SAL_M","500-999","J61","D111","BG",2012,NA
"EUR","P_SAL_M","500-999","J61","D1111","BG",2012,NA
"EUR","P_SAL_M","500-999","J62","D01","BG",2012,NA
"EUR","P_SAL_M","500-999","J62","D111","BG",2012,NA
"EUR","P_SAL_M","500-999","J62","D1111","BG",2012,NA
"EUR","P_SAL_M","500-999","K","D01","BG",2012,887
"EUR","P_SAL_M","500-999","K","D111","BG",2012,750
"EUR","P_SAL_M","500-999","K","D1111","BG",2012,692
"EUR","P_SAL_M","500-999","K-N","D01","BG",2012,536
"EUR","P_SAL_M","500-999","K-N","D111","BG",2012,453
"EUR","P_SAL_M","500-999","K-N","D1111","BG",2012,418
"EUR","P_SAL_M","500-999","K64","D01","BG",2012,859
"EUR","P_SAL_M","500-999","K64","D111","BG",2012,721
"EUR","P_SAL_M","500-999","K64","D1111","BG",2012,662
"EUR","P_SAL_M","500-999","K65","D01","BG",2012,1002
"EUR","P_SAL_M","500-999","K65","D111","BG",2012,868
"EUR","P_SAL_M","500-999","K65","D1111","BG",2012,812
"EUR","P_SAL_M","500-999","M","D01","BG",2012,818
"EUR","P_SAL_M","500-999","M","D111","BG",2012,682
"EUR","P_SAL_M","500-999","M","D1111","BG",2012,602
"EUR","P_SAL_M","500-999","M70","D01","BG",2012,NA
"EUR","P_SAL_M","500-999","M70","D111","BG",2012,NA
"EUR","P_SAL_M","500-999","M70","D1111","BG",2012,NA
"EUR","P_SAL_M","500-999","M73","D01","BG",2012,NA
"EUR","P_SAL_M","500-999","M73","D111","BG",2012,NA
"EUR","P_SAL_M","500-999","M73","D1111","BG",2012,NA
"EUR","P_SAL_M","500-999","N","D01","BG",2012,329
"EUR","P_SAL_M","500-999","N","D111","BG",2012,280
"EUR","P_SAL_M","500-999","N","D1111","BG",2012,260
"EUR","P_SAL_M","500-999","N78","D01","BG",2012,NA
"EUR","P_SAL_M","500-999","N78","D111","BG",2012,NA
"EUR","P_SAL_M","500-999","N78","D1111","BG",2012,NA
"EUR","P_SAL_M","500-999","N80","D01","BG",2012,218
"EUR","P_SAL_M","500-999","N80","D111","BG",2012,184
"EUR","P_SAL_M","500-999","N80","D1111","BG",2012,171
"EUR","P_SAL_M","500-999","N81","D01","BG",2012,245
"EUR","P_SAL_M","500-999","N81","D111","BG",2012,204
"EUR","P_SAL_M","500-999","N81","D1111","BG",2012,189
"EUR","P_SAL_M","500-999","N82","D01","BG",2012,737
"EUR","P_SAL_M","500-999","N82","D111","BG",2012,633
"EUR","P_SAL_M","500-999","N82","D1111","BG",2012,588
"EUR","P_SAL_M","500-999","O","D01","BG",2012,805
"EUR","P_SAL_M","500-999","O","D111","BG",2012,639
"EUR","P_SAL_M","500-999","O","D1111","BG",2012,580
"EUR","P_SAL_M","500-999","O-S","D01","BG",2012,610
"EUR","P_SAL_M","500-999","O-S","D111","BG",2012,503
"EUR","P_SAL_M","500-999","O-S","D1111","BG",2012,442
"EUR","P_SAL_M","500-999","O84","D01","BG",2012,805
"EUR","P_SAL_M","500-999","O84","D111","BG",2012,639
"EUR","P_SAL_M","500-999","O84","D1111","BG",2012,580
"EUR","P_SAL_M","500-999","P","D01","BG",2012,700
"EUR","P_SAL_M","500-999","P","D111","BG",2012,586
"EUR","P_SAL_M","500-999","P","D1111","BG",2012,494
"EUR","P_SAL_M","500-999","P-S","D01","BG",2012,556
"EUR","P_SAL_M","500-999","P-S","D111","BG",2012,466
"EUR","P_SAL_M","500-999","P-S","D1111","BG",2012,404
"EUR","P_SAL_M","500-999","P85","D01","BG",2012,700
"EUR","P_SAL_M","500-999","P85","D111","BG",2012,586
"EUR","P_SAL_M","500-999","P85","D1111","BG",2012,494
"EUR","P_SAL_M","500-999","Q","D01","BG",2012,486
"EUR","P_SAL_M","500-999","Q","D111","BG",2012,407
"EUR","P_SAL_M","500-999","Q","D1111","BG",2012,360
"EUR","P_SAL_M","500-999","Q86","D01","BG",2012,507
"EUR","P_SAL_M","500-999","Q86","D111","BG",2012,425
"EUR","P_SAL_M","500-999","Q86","D1111","BG",2012,376
"EUR","P_SAL_M","500-999","Q87","D01","BG",2012,NA
"EUR","P_SAL_M","500-999","Q87","D111","BG",2012,NA
"EUR","P_SAL_M","500-999","Q87","D1111","BG",2012,NA
"EUR","P_SAL_M","500-999","Q88","D01","BG",2012,NA
"EUR","P_SAL_M","500-999","Q88","D111","BG",2012,NA
"EUR","P_SAL_M","500-999","Q88","D1111","BG",2012,NA
"EUR","P_SAL_M","GE10","B","D01","BG",2012,890
"EUR","P_SAL_M","GE10","B","D111","BG",2012,678
"EUR","P_SAL_M","GE10","B","D1111","BG",2012,573
"EUR","P_SAL_M","GE10","B-E","D01","BG",2012,472
"EUR","P_SAL_M","GE10","B-E","D111","BG",2012,388
"EUR","P_SAL_M","GE10","B-E","D1111","BG",2012,339
"EUR","P_SAL_M","GE10","B-F","D01","BG",2012,463
"EUR","P_SAL_M","GE10","B-F","D111","BG",2012,382
"EUR","P_SAL_M","GE10","B-F","D1111","BG",2012,336
"EUR","P_SAL_M","GE10","B-N","D01","BG",2012,498
"EUR","P_SAL_M","GE10","B-N","D111","BG",2012,421
"EUR","P_SAL_M","GE10","B-N","D1111","BG",2012,376
"EUR","P_SAL_M","GE10","B-S","D01","BG",2012,498
"EUR","P_SAL_M","GE10","B-S","D111","BG",2012,417
"EUR","P_SAL_M","GE10","B-S","D1111","BG",2012,370
"EUR","P_SAL_M","GE10","B-S_X_O","D01","BG",2012,491
"EUR","P_SAL_M","GE10","B-S_X_O","D111","BG",2012,414
"EUR","P_SAL_M","GE10","B-S_X_O","D1111","BG",2012,367
"EUR","P_SAL_M","GE10","B05","D01","BG",2012,968
"EUR","P_SAL_M","GE10","B05","D111","BG",2012,714
"EUR","P_SAL_M","GE10","B05","D1111","BG",2012,581
"EUR","P_SAL_M","GE10","B06","D01","BG",2012,NA
"EUR","P_SAL_M","GE10","B06","D111","BG",2012,NA
"EUR","P_SAL_M","GE10","B06","D1111","BG",2012,NA
"EUR","P_SAL_M","GE10","B07","D01","BG",2012,1007
"EUR","P_SAL_M","GE10","B07","D111","BG",2012,795
"EUR","P_SAL_M","GE10","B07","D1111","BG",2012,699
"EUR","P_SAL_M","GE10","B08","D01","BG",2012,483
"EUR","P_SAL_M","GE10","B08","D111","BG",2012,393
"EUR","P_SAL_M","GE10","B08","D1111","BG",2012,351
"EUR","P_SAL_M","GE10","B09","D01","BG",2012,NA
"EUR","P_SAL_M","GE10","B09","D111","BG",2012,NA
"EUR","P_SAL_M","GE10","B09","D1111","BG",2012,NA
"EUR","P_SAL_M","GE10","C","D01","BG",2012,405
"EUR","P_SAL_M","GE10","C","D111","BG",2012,337
"EUR","P_SAL_M","GE10","C","D1111","BG",2012,302
"EUR","P_SAL_M","GE10","C10","D01","BG",2012,360
"EUR","P_SAL_M","GE10","C10","D111","BG",2012,303
"EUR","P_SAL_M","GE10","C10","D1111","BG",2012,278
"EUR","P_SAL_M","GE10","C11","D01","BG",2012,551
"EUR","P_SAL_M","GE10","C11","D111","BG",2012,464
"EUR","P_SAL_M","GE10","C11","D1111","BG",2012,412
"EUR","P_SAL_M","GE10","C12","D01","BG",2012,1068
"EUR","P_SAL_M","GE10","C12","D111","BG",2012,855
"EUR","P_SAL_M","GE10","C12","D1111","BG",2012,727
"EUR","P_SAL_M","GE10","C13","D01","BG",2012,362
"EUR","P_SAL_M","GE10","C13","D111","BG",2012,301
"EUR","P_SAL_M","GE10","C13","D1111","BG",2012,273
"EUR","P_SAL_M","GE10","C14","D01","BG",2012,262
"EUR","P_SAL_M","GE10","C14","D111","BG",2012,217
"EUR","P_SAL_M","GE10","C14","D1111","BG",2012,196
"EUR","P_SAL_M","GE10","C15","D01","BG",2012,240
"EUR","P_SAL_M","GE10","C15","D111","BG",2012,201
"EUR","P_SAL_M","GE10","C15","D1111","BG",2012,182
"EUR","P_SAL_M","GE10","C16","D01","BG",2012,286
"EUR","P_SAL_M","GE10","C16","D111","BG",2012,240
"EUR","P_SAL_M","GE10","C16","D1111","BG",2012,215
"EUR","P_SAL_M","GE10","C17","D01","BG",2012,392
"EUR","P_SAL_M","GE10","C17","D111","BG",2012,326
"EUR","P_SAL_M","GE10","C17","D1111","BG",2012,289
"EUR","P_SAL_M","GE10","C18","D01","BG",2012,430
"EUR","P_SAL_M","GE10","C18","D111","BG",2012,363
"EUR","P_SAL_M","GE10","C18","D1111","BG",2012,331
"EUR","P_SAL_M","GE10","C19","D01","BG",2012,1512
"EUR","P_SAL_M","GE10","C19","D111","BG",2012,1212
"EUR","P_SAL_M","GE10","C19","D1111","BG",2012,1081
"EUR","P_SAL_M","GE10","C20","D01","BG",2012,580
"EUR","P_SAL_M","GE10","C20","D111","BG",2012,481
"EUR","P_SAL_M","GE10","C20","D1111","BG",2012,433
"EUR","P_SAL_M","GE10","C21","D01","BG",2012,576
"EUR","P_SAL_M","GE10","C21","D111","BG",2012,480
"EUR","P_SAL_M","GE10","C21","D1111","BG",2012,426
"EUR","P_SAL_M","GE10","C22","D01","BG",2012,351
"EUR","P_SAL_M","GE10","C22","D111","BG",2012,295
"EUR","P_SAL_M","GE10","C22","D1111","BG",2012,270
"EUR","P_SAL_M","GE10","C23","D01","BG",2012,507
"EUR","P_SAL_M","GE10","C23","D111","BG",2012,419
"EUR","P_SAL_M","GE10","C23","D1111","BG",2012,372
"EUR","P_SAL_M","GE10","C24","D01","BG",2012,698
"EUR","P_SAL_M","GE10","C24","D111","BG",2012,553
"EUR","P_SAL_M","GE10","C24","D1111","BG",2012,488
"EUR","P_SAL_M","GE10","C25","D01","BG",2012,382
"EUR","P_SAL_M","GE10","C25","D111","BG",2012,318
"EUR","P_SAL_M","GE10","C25","D1111","BG",2012,283
"EUR","P_SAL_M","GE10","C26","D01","BG",2012,583
"EUR","P_SAL_M","GE10","C26","D111","BG",2012,498
"EUR","P_SAL_M","GE10","C26","D1111","BG",2012,444
"EUR","P_SAL_M","GE10","C27","D01","BG",2012,530
"EUR","P_SAL_M","GE10","C27","D111","BG",2012,441
"EUR","P_SAL_M","GE10","C27","D1111","BG",2012,396
"EUR","P_SAL_M","GE10","C28","D01","BG",2012,521
"EUR","P_SAL_M","GE10","C28","D111","BG",2012,434
"EUR","P_SAL_M","GE10","C28","D1111","BG",2012,386
"EUR","P_SAL_M","GE10","C29","D01","BG",2012,431
"EUR","P_SAL_M","GE10","C29","D111","BG",2012,364
"EUR","P_SAL_M","GE10","C29","D1111","BG",2012,316
"EUR","P_SAL_M","GE10","C30","D01","BG",2012,464
"EUR","P_SAL_M","GE10","C30","D111","BG",2012,388
"EUR","P_SAL_M","GE10","C30","D1111","BG",2012,354
"EUR","P_SAL_M","GE10","C31","D01","BG",2012,277
"EUR","P_SAL_M","GE10","C31","D111","BG",2012,232
"EUR","P_SAL_M","GE10","C31","D1111","BG",2012,212
"EUR","P_SAL_M","GE10","C32","D01","BG",2012,403
"EUR","P_SAL_M","GE10","C32","D111","BG",2012,339
"EUR","P_SAL_M","GE10","C32","D1111","BG",2012,306
"EUR","P_SAL_M","GE10","C33","D01","BG",2012,581
"EUR","P_SAL_M","GE10","C33","D111","BG",2012,479
"EUR","P_SAL_M","GE10","C33","D1111","BG",2012,423
"EUR","P_SAL_M","GE10","D","D01","BG",2012,1141
"EUR","P_SAL_M","GE10","D","D111","BG",2012,919
"EUR","P_SAL_M","GE10","D","D1111","BG",2012,710
"EUR","P_SAL_M","GE10","D35","D01","BG",2012,1141
"EUR","P_SAL_M","GE10","D35","D111","BG",2012,919
"EUR","P_SAL_M","GE10","D35","D1111","BG",2012,710
"EUR","P_SAL_M","GE10","E","D01","BG",2012,441
"EUR","P_SAL_M","GE10","E","D111","BG",2012,368
"EUR","P_SAL_M","GE10","E","D1111","BG",2012,317
"EUR","P_SAL_M","GE10","E36","D01","BG",2012,480
"EUR","P_SAL_M","GE10","E36","D111","BG",2012,398
"EUR","P_SAL_M","GE10","E36","D1111","BG",2012,326
"EUR","P_SAL_M","GE10","E37","D01","BG",2012,353
"EUR","P_SAL_M","GE10","E37","D111","BG",2012,295
"EUR","P_SAL_M","GE10","E37","D1111","BG",2012,269
"EUR","P_SAL_M","GE10","E38","D01","BG",2012,400
"EUR","P_SAL_M","GE10","E38","D111","BG",2012,337
"EUR","P_SAL_M","GE10","E38","D1111","BG",2012,306
"EUR","P_SAL_M","GE10","E39","D01","BG",2012,474
"EUR","P_SAL_M","GE10","E39","D111","BG",2012,400
"EUR","P_SAL_M","GE10","E39","D1111","BG",2012,350
"EUR","P_SAL_M","GE10","F","D01","BG",2012,416
"EUR","P_SAL_M","GE10","F","D111","BG",2012,351
"EUR","P_SAL_M","GE10","F","D1111","BG",2012,323
"EUR","P_SAL_M","GE10","F41","D01","BG",2012,357
"EUR","P_SAL_M","GE10","F41","D111","BG",2012,302
"EUR","P_SAL_M","GE10","F41","D1111","BG",2012,279
"EUR","P_SAL_M","GE10","F42","D01","BG",2012,486
"EUR","P_SAL_M","GE10","F42","D111","BG",2012,409
"EUR","P_SAL_M","GE10","F42","D1111","BG",2012,375
"EUR","P_SAL_M","GE10","F43","D01","BG",2012,421
"EUR","P_SAL_M","GE10","F43","D111","BG",2012,356
"EUR","P_SAL_M","GE10","F43","D1111","BG",2012,330
"EUR","P_SAL_M","GE10","G","D01","BG",2012,459
"EUR","P_SAL_M","GE10","G","D111","BG",2012,392
"EUR","P_SAL_M","GE10","G","D1111","BG",2012,362
"EUR","P_SAL_M","GE10","G-J","D01","BG",2012,528
"EUR","P_SAL_M","GE10","G-J","D111","BG",2012,455
"EUR","P_SAL_M","GE10","G-J","D1111","BG",2012,409
"EUR","P_SAL_M","GE10","G-N","D01","BG",2012,532
"EUR","P_SAL_M","GE10","G-N","D111","BG",2012,459
"EUR","P_SAL_M","GE10","G-N","D1111","BG",2012,414
"EUR","P_SAL_M","GE10","G-S_X_O","D01","BG",2012,510
"EUR","P_SAL_M","GE10","G-S_X_O","D111","BG",2012,435
"EUR","P_SAL_M","GE10","G-S_X_O","D1111","BG",2012,387
"EUR","P_SAL_M","GE10","G45","D01","BG",2012,523
"EUR","P_SAL_M","GE10","G45","D111","BG",2012,446
"EUR","P_SAL_M","GE10","G45","D1111","BG",2012,410
"EUR","P_SAL_M","GE10","G46","D01","BG",2012,540
"EUR","P_SAL_M","GE10","G46","D111","BG",2012,465
"EUR","P_SAL_M","GE10","G46","D1111","BG",2012,430
"EUR","P_SAL_M","GE10","G47","D01","BG",2012,374
"EUR","P_SAL_M","GE10","G47","D111","BG",2012,315
"EUR","P_SAL_M","GE10","G47","D1111","BG",2012,290
"EUR","P_SAL_M","GE10","H","D01","BG",2012,515
"EUR","P_SAL_M","GE10","H","D111","BG",2012,452
"EUR","P_SAL_M","GE10","H","D1111","BG",2012,374
"EUR","P_SAL_M","GE10","H49","D01","BG",2012,426
"EUR","P_SAL_M","GE10","H49","D111","BG",2012,343
"EUR","P_SAL_M","GE10","H49","D1111","BG",2012,287
"EUR","P_SAL_M","GE10","H50","D01","BG",2012,1031
"EUR","P_SAL_M","GE10","H50","D111","BG",2012,947
"EUR","P_SAL_M","GE10","H50","D1111","BG",2012,793
"EUR","P_SAL_M","GE10","H51","D01","BG",2012,1291
"EUR","P_SAL_M","GE10","H51","D111","BG",2012,1079
"EUR","P_SAL_M","GE10","H51","D1111","BG",2012,954
"EUR","P_SAL_M","GE10","H52","D01","BG",2012,651
"EUR","P_SAL_M","GE10","H52","D111","BG",2012,652
"EUR","P_SAL_M","GE10","H52","D1111","BG",2012,521
"EUR","P_SAL_M","GE10","H53","D01","BG",2012,426
"EUR","P_SAL_M","GE10","H53","D111","BG",2012,354
"EUR","P_SAL_M","GE10","H53","D1111","BG",2012,304
"EUR","P_SAL_M","GE10","I","D01","BG",2012,319
"EUR","P_SAL_M","GE10","I","D111","BG",2012,267
"EUR","P_SAL_M","GE10","I","D1111","BG",2012,249
"EUR","P_SAL_M","GE10","I55","D01","BG",2012,377
"EUR","P_SAL_M","GE10","I55","D111","BG",2012,316
"EUR","P_SAL_M","GE10","I55","D1111","BG",2012,294
"EUR","P_SAL_M","GE10","I56","D01","BG",2012,274
"EUR","P_SAL_M","GE10","I56","D111","BG",2012,228
"EUR","P_SAL_M","GE10","I56","D1111","BG",2012,214
"EUR","P_SAL_M","GE10","J","D01","BG",2012,1094
"EUR","P_SAL_M","GE10","J","D111","BG",2012,953
"EUR","P_SAL_M","GE10","J","D1111","BG",2012,870
"EUR","P_SAL_M","GE10","J58","D01","BG",2012,726
"EUR","P_SAL_M","GE10","J58","D111","BG",2012,627
"EUR","P_SAL_M","GE10","J58","D1111","BG",2012,569
"EUR","P_SAL_M","GE10","J59","D01","BG",2012,856
"EUR","P_SAL_M","GE10","J59","D111","BG",2012,758
"EUR","P_SAL_M","GE10","J59","D1111","BG",2012,703
"EUR","P_SAL_M","GE10","J60","D01","BG",2012,787
"EUR","P_SAL_M","GE10","J60","D111","BG",2012,679
"EUR","P_SAL_M","GE10","J60","D1111","BG",2012,614
"EUR","P_SAL_M","GE10","J61","D01","BG",2012,901
"EUR","P_SAL_M","GE10","J61","D111","BG",2012,770
"EUR","P_SAL_M","GE10","J61","D1111","BG",2012,700
"EUR","P_SAL_M","GE10","J62","D01","BG",2012,1472
"EUR","P_SAL_M","GE10","J62","D111","BG",2012,1297
"EUR","P_SAL_M","GE10","J62","D1111","BG",2012,1188
"EUR","P_SAL_M","GE10","J63","D01","BG",2012,905
"EUR","P_SAL_M","GE10","J63","D111","BG",2012,786
"EUR","P_SAL_M","GE10","J63","D1111","BG",2012,718
"EUR","P_SAL_M","GE10","K","D01","BG",2012,921
"EUR","P_SAL_M","GE10","K","D111","BG",2012,790
"EUR","P_SAL_M","GE10","K","D1111","BG",2012,708
"EUR","P_SAL_M","GE10","K-N","D01","BG",2012,543
"EUR","P_SAL_M","GE10","K-N","D111","BG",2012,469
"EUR","P_SAL_M","GE10","K-N","D1111","BG",2012,426
"EUR","P_SAL_M","GE10","K64","D01","BG",2012,930
"EUR","P_SAL_M","GE10","K64","D111","BG",2012,794
"EUR","P_SAL_M","GE10","K64","D1111","BG",2012,707
"EUR","P_SAL_M","GE10","K65","D01","BG",2012,1010
"EUR","P_SAL_M","GE10","K65","D111","BG",2012,880
"EUR","P_SAL_M","GE10","K65","D1111","BG",2012,811
"EUR","P_SAL_M","GE10","K66","D01","BG",2012,706
"EUR","P_SAL_M","GE10","K66","D111","BG",2012,614
"EUR","P_SAL_M","GE10","K66","D1111","BG",2012,570
"EUR","P_SAL_M","GE10","L","D01","BG",2012,479
"EUR","P_SAL_M","GE10","L","D111","BG",2012,410
"EUR","P_SAL_M","GE10","L","D1111","BG",2012,374
"EUR","P_SAL_M","GE10","L68","D01","BG",2012,479
"EUR","P_SAL_M","GE10","L68","D111","BG",2012,410
"EUR","P_SAL_M","GE10","L68","D1111","BG",2012,374
"EUR","P_SAL_M","GE10","M","D01","BG",2012,791
"EUR","P_SAL_M","GE10","M","D111","BG",2012,687
"EUR","P_SAL_M","GE10","M","D1111","BG",2012,627
"EUR","P_SAL_M","GE10","M69","D01","BG",2012,918
"EUR","P_SAL_M","GE10","M69","D111","BG",2012,806
"EUR","P_SAL_M","GE10","M69","D1111","BG",2012,739
"EUR","P_SAL_M","GE10","M70","D01","BG",2012,1032
"EUR","P_SAL_M","GE10","M70","D111","BG",2012,910
"EUR","P_SAL_M","GE10","M70","D1111","BG",2012,831
"EUR","P_SAL_M","GE10","M71","D01","BG",2012,863
"EUR","P_SAL_M","GE10","M71","D111","BG",2012,744
"EUR","P_SAL_M","GE10","M71","D1111","BG",2012,684
"EUR","P_SAL_M","GE10","M72","D01","BG",2012,480
"EUR","P_SAL_M","GE10","M72","D111","BG",2012,405
"EUR","P_SAL_M","GE10","M72","D1111","BG",2012,356
"EUR","P_SAL_M","GE10","M73","D01","BG",2012,907
"EUR","P_SAL_M","GE10","M73","D111","BG",2012,797
"EUR","P_SAL_M","GE10","M73","D1111","BG",2012,743
"EUR","P_SAL_M","GE10","M74","D01","BG",2012,860
"EUR","P_SAL_M","GE10","M74","D111","BG",2012,751
"EUR","P_SAL_M","GE10","M74","D1111","BG",2012,690
"EUR","P_SAL_M","GE10","M75","D01","BG",2012,270
"EUR","P_SAL_M","GE10","M75","D111","BG",2012,230
"EUR","P_SAL_M","GE10","M75","D1111","BG",2012,213
"EUR","P_SAL_M","GE10","N","D01","BG",2012,283
"EUR","P_SAL_M","GE10","N","D111","BG",2012,247
"EUR","P_SAL_M","GE10","N","D1111","BG",2012,228
"EUR","P_SAL_M","GE10","N77","D01","BG",2012,532
"EUR","P_SAL_M","GE10","N77","D111","BG",2012,451
"EUR","P_SAL_M","GE10","N77","D1111","BG",2012,419
"EUR","P_SAL_M","GE10","N78","D01","BG",2012,588
"EUR","P_SAL_M","GE10","N78","D111","BG",2012,496
"EUR","P_SAL_M","GE10","N78","D1111","BG",2012,455
"EUR","P_SAL_M","GE10","N79","D01","BG",2012,474
"EUR","P_SAL_M","GE10","N79","D111","BG",2012,404
"EUR","P_SAL_M","GE10","N79","D1111","BG",2012,380
"EUR","P_SAL_M","GE10","N80","D01","BG",2012,246
"EUR","P_SAL_M","GE10","N80","D111","BG",2012,208
"EUR","P_SAL_M","GE10","N80","D1111","BG",2012,192
"EUR","P_SAL_M","GE10","N81","D01","BG",2012,182
"EUR","P_SAL_M","GE10","N81","D111","BG",2012,177
"EUR","P_SAL_M","GE10","N81","D1111","BG",2012,162
"EUR","P_SAL_M","GE10","N82","D01","BG",2012,597
"EUR","P_SAL_M","GE10","N82","D111","BG",2012,510
"EUR","P_SAL_M","GE10","N82","D1111","BG",2012,471
"EUR","P_SAL_M","GE10","O","D01","BG",2012,592
"EUR","P_SAL_M","GE10","O","D111","BG",2012,465
"EUR","P_SAL_M","GE10","O","D1111","BG",2012,408
"EUR","P_SAL_M","GE10","O-S","D01","BG",2012,495
"EUR","P_SAL_M","GE10","O-S","D111","BG",2012,405
"EUR","P_SAL_M","GE10","O-S","D1111","BG",2012,350
"EUR","P_SAL_M","GE10","O84","D01","BG",2012,592
"EUR","P_SAL_M","GE10","O84","D111","BG",2012,465
"EUR","P_SAL_M","GE10","O84","D1111","BG",2012,408
"EUR","P_SAL_M","GE10","P","D01","BG",2012,464
"EUR","P_SAL_M","GE10","P","D111","BG",2012,380
"EUR","P_SAL_M","GE10","P","D1111","BG",2012,314
"EUR","P_SAL_M","GE10","P-S","D01","BG",2012,461
"EUR","P_SAL_M","GE10","P-S","D111","BG",2012,383
"EUR","P_SAL_M","GE10","P-S","D1111","BG",2012,330
"EUR","P_SAL_M","GE10","P85","D01","BG",2012,464
"EUR","P_SAL_M","GE10","P85","D111","BG",2012,380
"EUR","P_SAL_M","GE10","P85","D1111","BG",2012,314
"EUR","P_SAL_M","GE10","Q","D01","BG",2012,476
"EUR","P_SAL_M","GE10","Q","D111","BG",2012,401
"EUR","P_SAL_M","GE10","Q","D1111","BG",2012,356
"EUR","P_SAL_M","GE10","Q86","D01","BG",2012,534
"EUR","P_SAL_M","GE10","Q86","D111","BG",2012,450
"EUR","P_SAL_M","GE10","Q86","D1111","BG",2012,401
"EUR","P_SAL_M","GE10","Q87","D01","BG",2012,293
"EUR","P_SAL_M","GE10","Q87","D111","BG",2012,242
"EUR","P_SAL_M","GE10","Q87","D1111","BG",2012,210
"EUR","P_SAL_M","GE10","Q88","D01","BG",2012,268
"EUR","P_SAL_M","GE10","Q88","D111","BG",2012,224
"EUR","P_SAL_M","GE10","Q88","D1111","BG",2012,196
"EUR","P_SAL_M","GE10","R","D01","BG",2012,417
"EUR","P_SAL_M","GE10","R","D111","BG",2012,357
"EUR","P_SAL_M","GE10","R","D1111","BG",2012,325
"EUR","P_SAL_M","GE10","R90","D01","BG",2012,348
"EUR","P_SAL_M","GE10","R90","D111","BG",2012,287
"EUR","P_SAL_M","GE10","R90","D1111","BG",2012,250
"EUR","P_SAL_M","GE10","R91","D01","BG",2012,323
"EUR","P_SAL_M","GE10","R91","D111","BG",2012,267
"EUR","P_SAL_M","GE10","R91","D1111","BG",2012,231
"EUR","P_SAL_M","GE10","R92","D01","BG",2012,347
"EUR","P_SAL_M","GE10","R92","D111","BG",2012,290
"EUR","P_SAL_M","GE10","R92","D1111","BG",2012,267
"EUR","P_SAL_M","GE10","R93","D01","BG",2012,640
"EUR","P_SAL_M","GE10","R93","D111","BG",2012,573
"EUR","P_SAL_M","GE10","R93","D1111","BG",2012,537
"EUR","P_SAL_M","GE10","S","D01","BG",2012,368
"EUR","P_SAL_M","GE10","S","D111","BG",2012,318
"EUR","P_SAL_M","GE10","S","D1111","BG",2012,288
"EUR","P_SAL_M","GE10","S94","D01","BG",2012,412
"EUR","P_SAL_M","GE10","S94","D111","BG",2012,360
"EUR","P_SAL_M","GE10","S94","D1111","BG",2012,325
"EUR","P_SAL_M","GE10","S95","D01","BG",2012,421
"EUR","P_SAL_M","GE10","S95","D111","BG",2012,356
"EUR","P_SAL_M","GE10","S95","D1111","BG",2012,325
"EUR","P_SAL_M","GE10","S96","D01","BG",2012,258
"EUR","P_SAL_M","GE10","S96","D111","BG",2012,215
"EUR","P_SAL_M","GE10","S96","D1111","BG",2012,197
"EUR","P_SAL_M","GE1000","B","D01","BG",2012,1141
"EUR","P_SAL_M","GE1000","B","D111","BG",2012,861
"EUR","P_SAL_M","GE1000","B","D1111","BG",2012,714
"EUR","P_SAL_M","GE1000","B-E","D01","BG",2012,842
"EUR","P_SAL_M","GE1000","B-E","D111","BG",2012,671
"EUR","P_SAL_M","GE1000","B-E","D1111","BG",2012,546
"EUR","P_SAL_M","GE1000","B-F","D01","BG",2012,843
"EUR","P_SAL_M","GE1000","B-F","D111","BG",2012,671
"EUR","P_SAL_M","GE1000","B-F","D1111","BG",2012,547
"EUR","P_SAL_M","GE1000","B-N","D01","BG",2012,758
"EUR","P_SAL_M","GE1000","B-N","D111","BG",2012,637
"EUR","P_SAL_M","GE1000","B-N","D1111","BG",2012,533
"EUR","P_SAL_M","GE1000","B-S","D01","BG",2012,732
"EUR","P_SAL_M","GE1000","B-S","D111","BG",2012,612
"EUR","P_SAL_M","GE1000","B-S","D1111","BG",2012,516
"EUR","P_SAL_M","GE1000","B-S_X_O","D01","BG",2012,743
"EUR","P_SAL_M","GE1000","B-S_X_O","D111","BG",2012,624
"EUR","P_SAL_M","GE1000","B-S_X_O","D1111","BG",2012,524
"EUR","P_SAL_M","GE1000","B05","D01","BG",2012,1078
"EUR","P_SAL_M","GE1000","B05","D111","BG",2012,792
"EUR","P_SAL_M","GE1000","B05","D1111","BG",2012,638
"EUR","P_SAL_M","GE1000","B07","D01","BG",2012,1303
"EUR","P_SAL_M","GE1000","B07","D111","BG",2012,1040
"EUR","P_SAL_M","GE1000","B07","D1111","BG",2012,911
"EUR","P_SAL_M","GE1000","C","D01","BG",2012,584
"EUR","P_SAL_M","GE1000","C","D111","BG",2012,476
"EUR","P_SAL_M","GE1000","C","D1111","BG",2012,415
"EUR","P_SAL_M","GE1000","C10","D01","BG",2012,NA
"EUR","P_SAL_M","GE1000","C10","D111","BG",2012,NA
"EUR","P_SAL_M","GE1000","C10","D1111","BG",2012,NA
"EUR","P_SAL_M","GE1000","C11","D01","BG",2012,NA
"EUR","P_SAL_M","GE1000","C11","D111","BG",2012,NA
"EUR","P_SAL_M","GE1000","C11","D1111","BG",2012,NA
"EUR","P_SAL_M","GE1000","C12","D01","BG",2012,NA
"EUR","P_SAL_M","GE1000","C12","D111","BG",2012,NA
"EUR","P_SAL_M","GE1000","C12","D1111","BG",2012,NA
"EUR","P_SAL_M","GE1000","C13","D01","BG",2012,453
"EUR","P_SAL_M","GE1000","C13","D111","BG",2012,381
"EUR","P_SAL_M","GE1000","C13","D1111","BG",2012,349
"EUR","P_SAL_M","GE1000","C14","D01","BG",2012,490
"EUR","P_SAL_M","GE1000","C14","D111","BG",2012,370
"EUR","P_SAL_M","GE1000","C14","D1111","BG",2012,332
"EUR","P_SAL_M","GE1000","C19","D01","BG",2012,NA
"EUR","P_SAL_M","GE1000","C19","D111","BG",2012,NA
"EUR","P_SAL_M","GE1000","C19","D1111","BG",2012,NA
"EUR","P_SAL_M","GE1000","C20","D01","BG",2012,NA
"EUR","P_SAL_M","GE1000","C20","D111","BG",2012,NA
"EUR","P_SAL_M","GE1000","C20","D1111","BG",2012,NA
"EUR","P_SAL_M","GE1000","C21","D01","BG",2012,537
"EUR","P_SAL_M","GE1000","C21","D111","BG",2012,444
"EUR","P_SAL_M","GE1000","C21","D1111","BG",2012,383
"EUR","P_SAL_M","GE1000","C22","D01","BG",2012,NA
"EUR","P_SAL_M","GE1000","C22","D111","BG",2012,NA
"EUR","P_SAL_M","GE1000","C22","D1111","BG",2012,NA
"EUR","P_SAL_M","GE1000","C23","D01","BG",2012,NA
"EUR","P_SAL_M","GE1000","C23","D111","BG",2012,NA
"EUR","P_SAL_M","GE1000","C23","D1111","BG",2012,NA
"EUR","P_SAL_M","GE1000","C24","D01","BG",2012,NA
"EUR","P_SAL_M","GE1000","C24","D111","BG",2012,NA
"EUR","P_SAL_M","GE1000","C24","D1111","BG",2012,NA
"EUR","P_SAL_M","GE1000","C25","D01","BG",2012,347
"EUR","P_SAL_M","GE1000","C25","D111","BG",2012,282
"EUR","P_SAL_M","GE1000","C25","D1111","BG",2012,240
"EUR","P_SAL_M","GE1000","C27","D01","BG",2012,NA
"EUR","P_SAL_M","GE1000","C27","D111","BG",2012,NA
"EUR","P_SAL_M","GE1000","C27","D1111","BG",2012,NA
"EUR","P_SAL_M","GE1000","C28","D01","BG",2012,709
"EUR","P_SAL_M","GE1000","C28","D111","BG",2012,586
"EUR","P_SAL_M","GE1000","C28","D1111","BG",2012,495
"EUR","P_SAL_M","GE1000","C29","D01","BG",2012,449
"EUR","P_SAL_M","GE1000","C29","D111","BG",2012,381
"EUR","P_SAL_M","GE1000","C29","D1111","BG",2012,326
"EUR","P_SAL_M","GE1000","C30","D01","BG",2012,NA
"EUR","P_SAL_M","GE1000","C30","D111","BG",2012,NA
"EUR","P_SAL_M","GE1000","C30","D1111","BG",2012,NA
"EUR","P_SAL_M","GE1000","C33","D01","BG",2012,NA
"EUR","P_SAL_M","GE1000","C33","D111","BG",2012,NA
"EUR","P_SAL_M","GE1000","C33","D1111","BG",2012,NA
"EUR","P_SAL_M","GE1000","D","D01","BG",2012,1223
"EUR","P_SAL_M","GE1000","D","D111","BG",2012,978
"EUR","P_SAL_M","GE1000","D","D1111","BG",2012,731
"EUR","P_SAL_M","GE1000","D35","D01","BG",2012,1223
"EUR","P_SAL_M","GE1000","D35","D111","BG",2012,978
"EUR","P_SAL_M","GE1000","D35","D1111","BG",2012,731
"EUR","P_SAL_M","GE1000","E","D01","BG",2012,597
"EUR","P_SAL_M","GE1000","E","D111","BG",2012,493
"EUR","P_SAL_M","GE1000","E","D1111","BG",2012,414
"EUR","P_SAL_M","GE1000","E36","D01","BG",2012,597
"EUR","P_SAL_M","GE1000","E36","D111","BG",2012,493
"EUR","P_SAL_M","GE1000","E36","D1111","BG",2012,414
"EUR","P_SAL_M","GE1000","F","D01","BG",2012,NA
"EUR","P_SAL_M","GE1000","F","D111","BG",2012,NA
"EUR","P_SAL_M","GE1000","F","D1111","BG",2012,NA
"EUR","P_SAL_M","GE1000","F41","D01","BG",2012,NA
"EUR","P_SAL_M","GE1000","F41","D111","BG",2012,NA
"EUR","P_SAL_M","GE1000","F41","D1111","BG",2012,NA
"EUR","P_SAL_M","GE1000","G","D01","BG",2012,601
"EUR","P_SAL_M","GE1000","G","D111","BG",2012,512
"EUR","P_SAL_M","GE1000","G","D1111","BG",2012,465
"EUR","P_SAL_M","GE1000","G-J","D01","BG",2012,697
"EUR","P_SAL_M","GE1000","G-J","D111","BG",2012,621
"EUR","P_SAL_M","GE1000","G-J","D1111","BG",2012,521
"EUR","P_SAL_M","GE1000","G-N","D01","BG",2012,700
"EUR","P_SAL_M","GE1000","G-N","D111","BG",2012,614
"EUR","P_SAL_M","GE1000","G-N","D1111","BG",2012,523
"EUR","P_SAL_M","GE1000","G-S_X_O","D01","BG",2012,685
"EUR","P_SAL_M","GE1000","G-S_X_O","D111","BG",2012,597
"EUR","P_SAL_M","GE1000","G-S_X_O","D1111","BG",2012,511
"EUR","P_SAL_M","GE1000","G46","D01","BG",2012,NA
"EUR","P_SAL_M","GE1000","G46","D111","BG",2012,NA
"EUR","P_SAL_M","GE1000","G46","D1111","BG",2012,NA
"EUR","P_SAL_M","GE1000","G47","D01","BG",2012,553
"EUR","P_SAL_M","GE1000","G47","D111","BG",2012,469
"EUR","P_SAL_M","GE1000","G47","D1111","BG",2012,422
"EUR","P_SAL_M","GE1000","H","D01","BG",2012,614
"EUR","P_SAL_M","GE1000","H","D111","BG",2012,572
"EUR","P_SAL_M","GE1000","H","D1111","BG",2012,440
"EUR","P_SAL_M","GE1000","H49","D01","BG",2012,673
"EUR","P_SAL_M","GE1000","H49","D111","BG",2012,541
"EUR","P_SAL_M","GE1000","H49","D1111","BG",2012,405
"EUR","P_SAL_M","GE1000","H50","D01","BG",2012,NA
"EUR","P_SAL_M","GE1000","H50","D111","BG",2012,NA
"EUR","P_SAL_M","GE1000","H50","D1111","BG",2012,NA
"EUR","P_SAL_M","GE1000","H52","D01","BG",2012,637
"EUR","P_SAL_M","GE1000","H52","D111","BG",2012,682
"EUR","P_SAL_M","GE1000","H52","D1111","BG",2012,522
"EUR","P_SAL_M","GE1000","H53","D01","BG",2012,360
"EUR","P_SAL_M","GE1000","H53","D111","BG",2012,293
"EUR","P_SAL_M","GE1000","H53","D1111","BG",2012,236
"EUR","P_SAL_M","GE1000","I","D01","BG",2012,NA
"EUR","P_SAL_M","GE1000","I","D111","BG",2012,NA
"EUR","P_SAL_M","GE1000","I","D1111","BG",2012,NA
"EUR","P_SAL_M","GE1000","I56","D01","BG",2012,NA
"EUR","P_SAL_M","GE1000","I56","D111","BG",2012,NA
"EUR","P_SAL_M","GE1000","I56","D1111","BG",2012,NA
"EUR","P_SAL_M","GE1000","J","D01","BG",2012,1040
"EUR","P_SAL_M","GE1000","J","D111","BG",2012,887
"EUR","P_SAL_M","GE1000","J","D1111","BG",2012,808
"EUR","P_SAL_M","GE1000","J60","D01","BG",2012,605
"EUR","P_SAL_M","GE1000","J60","D111","BG",2012,517
"EUR","P_SAL_M","GE1000","J60","D1111","BG",2012,456
"EUR","P_SAL_M","GE1000","J61","D01","BG",2012,966
"EUR","P_SAL_M","GE1000","J61","D111","BG",2012,828
"EUR","P_SAL_M","GE1000","J61","D1111","BG",2012,749
"EUR","P_SAL_M","GE1000","J62","D01","BG",2012,NA
"EUR","P_SAL_M","GE1000","J62","D111","BG",2012,NA
"EUR","P_SAL_M","GE1000","J62","D1111","BG",2012,NA
"EUR","P_SAL_M","GE1000","K","D01","BG",2012,926
"EUR","P_SAL_M","GE1000","K","D111","BG",2012,788
"EUR","P_SAL_M","GE1000","K","D1111","BG",2012,694
"EUR","P_SAL_M","GE1000","K-N","D01","BG",2012,706
"EUR","P_SAL_M","GE1000","K-N","D111","BG",2012,599
"EUR","P_SAL_M","GE1000","K-N","D1111","BG",2012,530
"EUR","P_SAL_M","GE1000","K64","D01","BG",2012,926
"EUR","P_SAL_M","GE1000","K64","D111","BG",2012,788
"EUR","P_SAL_M","GE1000","K64","D1111","BG",2012,694
"EUR","P_SAL_M","GE1000","M","D01","BG",2012,484
"EUR","P_SAL_M","GE1000","M","D111","BG",2012,363
"EUR","P_SAL_M","GE1000","M","D1111","BG",2012,305
"EUR","P_SAL_M","GE1000","M71","D01","BG",2012,NA
"EUR","P_SAL_M","GE1000","M71","D111","BG",2012,NA
"EUR","P_SAL_M","GE1000","M71","D1111","BG",2012,NA
"EUR","P_SAL_M","GE1000","M72","D01","BG",2012,NA
"EUR","P_SAL_M","GE1000","M72","D111","BG",2012,NA
"EUR","P_SAL_M","GE1000","M72","D1111","BG",2012,NA
"EUR","P_SAL_M","GE1000","N","D01","BG",2012,361
"EUR","P_SAL_M","GE1000","N","D111","BG",2012,305
"EUR","P_SAL_M","GE1000","N","D1111","BG",2012,274
"EUR","P_SAL_M","GE1000","N78","D01","BG",2012,NA
"EUR","P_SAL_M","GE1000","N78","D111","BG",2012,NA
"EUR","P_SAL_M","GE1000","N78","D1111","BG",2012,NA
"EUR","P_SAL_M","GE1000","N80","D01","BG",2012,284
"EUR","P_SAL_M","GE1000","N80","D111","BG",2012,240
"EUR","P_SAL_M","GE1000","N80","D1111","BG",2012,215
"EUR","P_SAL_M","GE1000","O","D01","BG",2012,602
"EUR","P_SAL_M","GE1000","O","D111","BG",2012,461
"EUR","P_SAL_M","GE1000","O","D1111","BG",2012,413
"EUR","P_SAL_M","GE1000","O-S","D01","BG",2012,605
"EUR","P_SAL_M","GE1000","O-S","D111","BG",2012,489
"EUR","P_SAL_M","GE1000","O-S","D1111","BG",2012,433
"EUR","P_SAL_M","GE1000","O84","D01","BG",2012,602
"EUR","P_SAL_M","GE1000","O84","D111","BG",2012,461
"EUR","P_SAL_M","GE1000","O84","D1111","BG",2012,413
"EUR","P_SAL_M","GE1000","P","D01","BG",2012,645
"EUR","P_SAL_M","GE1000","P","D111","BG",2012,545
"EUR","P_SAL_M","GE1000","P","D1111","BG",2012,472
"EUR","P_SAL_M","GE1000","P-S","D01","BG",2012,608
"EUR","P_SAL_M","GE1000","P-S","D111","BG",2012,511
"EUR","P_SAL_M","GE1000","P-S","D1111","BG",2012,448
"EUR","P_SAL_M","GE1000","P85","D01","BG",2012,645
"EUR","P_SAL_M","GE1000","P85","D111","BG",2012,545
"EUR","P_SAL_M","GE1000","P85","D1111","BG",2012,472
"EUR","P_SAL_M","GE1000","Q","D01","BG",2012,603
"EUR","P_SAL_M","GE1000","Q","D111","BG",2012,506
"EUR","P_SAL_M","GE1000","Q","D1111","BG",2012,445
"EUR","P_SAL_M","GE1000","Q86","D01","BG",2012,603
"EUR","P_SAL_M","GE1000","Q86","D111","BG",2012,506
"EUR","P_SAL_M","GE1000","Q86","D1111","BG",2012,445
"EUR","P_SAL_M","GE1000","R","D01","BG",2012,509
"EUR","P_SAL_M","GE1000","R","D111","BG",2012,421
"EUR","P_SAL_M","GE1000","R","D1111","BG",2012,379
"EUR","P_SAL_M","GE1000","R92","D01","BG",2012,509
"EUR","P_SAL_M","GE1000","R92","D111","BG",2012,421
"EUR","P_SAL_M","GE1000","R92","D1111","BG",2012,379
"EUR","P_SAL_M","LT10","B","D01","BG",2012,451
"EUR","P_SAL_M","LT10","B","D111","BG",2012,381
"EUR","P_SAL_M","LT10","B","D1111","BG",2012,359
"EUR","P_SAL_M","LT10","B-E","D01","BG",2012,244
"EUR","P_SAL_M","LT10","B-E","D111","BG",2012,204
"EUR","P_SAL_M","LT10","B-E","D1111","BG",2012,193
"EUR","P_SAL_M","LT10","B-F","D01","BG",2012,259
"EUR","P_SAL_M","LT10","B-F","D111","BG",2012,217
"EUR","P_SAL_M","LT10","B-F","D1111","BG",2012,205
"EUR","P_SAL_M","LT10","B-N","D01","BG",2012,298
"EUR","P_SAL_M","LT10","B-N","D111","BG",2012,252
"EUR","P_SAL_M","LT10","B-N","D1111","BG",2012,237
"EUR","P_SAL_M","LT10","B-S","D01","BG",2012,295
"EUR","P_SAL_M","LT10","B-S","D111","BG",2012,249
"EUR","P_SAL_M","LT10","B-S","D1111","BG",2012,235
"EUR","P_SAL_M","LT10","B-S_X_O","D01","BG",2012,295
"EUR","P_SAL_M","LT10","B-S_X_O","D111","BG",2012,249
"EUR","P_SAL_M","LT10","B-S_X_O","D1111","BG",2012,234
"EUR","P_SAL_M","LT10","B05","D01","BG",2012,609
"EUR","P_SAL_M","LT10","B05","D111","BG",2012,489
"EUR","P_SAL_M","LT10","B05","D1111","BG",2012,469
"EUR","P_SAL_M","LT10","B06","D01","BG",2012,NA
"EUR","P_SAL_M","LT10","B06","D111","BG",2012,NA
"EUR","P_SAL_M","LT10","B06","D1111","BG",2012,NA
"EUR","P_SAL_M","LT10","B07","D01","BG",2012,376
"EUR","P_SAL_M","LT10","B07","D111","BG",2012,318
"EUR","P_SAL_M","LT10","B07","D1111","BG",2012,307
"EUR","P_SAL_M","LT10","B08","D01","BG",2012,352
"EUR","P_SAL_M","LT10","B08","D111","BG",2012,292
"EUR","P_SAL_M","LT10","B08","D1111","BG",2012,273
"EUR","P_SAL_M","LT10","B09","D01","BG",2012,948
"EUR","P_SAL_M","LT10","B09","D111","BG",2012,840
"EUR","P_SAL_M","LT10","B09","D1111","BG",2012,796
"EUR","P_SAL_M","LT10","C","D01","BG",2012,231
"EUR","P_SAL_M","LT10","C","D111","BG",2012,193
"EUR","P_SAL_M","LT10","C","D1111","BG",2012,182
"EUR","P_SAL_M","LT10","C10","D01","BG",2012,221
"EUR","P_SAL_M","LT10","C10","D111","BG",2012,184
"EUR","P_SAL_M","LT10","C10","D1111","BG",2012,175
"EUR","P_SAL_M","LT10","C11","D01","BG",2012,NA
"EUR","P_SAL_M","LT10","C11","D111","BG",2012,NA
"EUR","P_SAL_M","LT10","C11","D1111","BG",2012,NA
"EUR","P_SAL_M","LT10","C12","D01","BG",2012,475
"EUR","P_SAL_M","LT10","C12","D111","BG",2012,390
"EUR","P_SAL_M","LT10","C12","D1111","BG",2012,350
"EUR","P_SAL_M","LT10","C13","D01","BG",2012,NA
"EUR","P_SAL_M","LT10","C13","D111","BG",2012,NA
"EUR","P_SAL_M","LT10","C13","D1111","BG",2012,NA
"EUR","P_SAL_M","LT10","C14","D01","BG",2012,197
"EUR","P_SAL_M","LT10","C14","D111","BG",2012,164
"EUR","P_SAL_M","LT10","C14","D1111","BG",2012,156
"EUR","P_SAL_M","LT10","C15","D01","BG",2012,NA
"EUR","P_SAL_M","LT10","C15","D111","BG",2012,NA
"EUR","P_SAL_M","LT10","C15","D1111","BG",2012,NA
"EUR","P_SAL_M","LT10","C16","D01","BG",2012,193
"EUR","P_SAL_M","LT10","C16","D111","BG",2012,159
"EUR","P_SAL_M","LT10","C16","D1111","BG",2012,150
"EUR","P_SAL_M","LT10","C17","D01","BG",2012,NA
"EUR","P_SAL_M","LT10","C17","D111","BG",2012,NA
"EUR","P_SAL_M","LT10","C17","D1111","BG",2012,NA
"EUR","P_SAL_M","LT10","C18","D01","BG",2012,228
"EUR","P_SAL_M","LT10","C18","D111","BG",2012,191
"EUR","P_SAL_M","LT10","C18","D1111","BG",2012,178
"EUR","P_SAL_M","LT10","C19","D01","BG",2012,NA
"EUR","P_SAL_M","LT10","C19","D111","BG",2012,NA
"EUR","P_SAL_M","LT10","C19","D1111","BG",2012,NA
"EUR","P_SAL_M","LT10","C20","D01","BG",2012,295
"EUR","P_SAL_M","LT10","C20","D111","BG",2012,249
"EUR","P_SAL_M","LT10","C20","D1111","BG",2012,233
"EUR","P_SAL_M","LT10","C21","D01","BG",2012,NA
"EUR","P_SAL_M","LT10","C21","D111","BG",2012,NA
"EUR","P_SAL_M","LT10","C21","D1111","BG",2012,NA
"EUR","P_SAL_M","LT10","C22","D01","BG",2012,217
"EUR","P_SAL_M","LT10","C22","D111","BG",2012,180
"EUR","P_SAL_M","LT10","C22","D1111","BG",2012,169
"EUR","P_SAL_M","LT10","C23","D01","BG",2012,254
"EUR","P_SAL_M","LT10","C23","D111","BG",2012,211
"EUR","P_SAL_M","LT10","C23","D1111","BG",2012,198
"EUR","P_SAL_M","LT10","C24","D01","BG",2012,NA
"EUR","P_SAL_M","LT10","C24","D111","BG",2012,NA
"EUR","P_SAL_M","LT10","C24","D1111","BG",2012,NA
"EUR","P_SAL_M","LT10","C25","D01","BG",2012,238
"EUR","P_SAL_M","LT10","C25","D111","BG",2012,199
"EUR","P_SAL_M","LT10","C25","D1111","BG",2012,186
"EUR","P_SAL_M","LT10","C26","D01","BG",2012,373
"EUR","P_SAL_M","LT10","C26","D111","BG",2012,316
"EUR","P_SAL_M","LT10","C26","D1111","BG",2012,296
"EUR","P_SAL_M","LT10","C27","D01","BG",2012,NA
"EUR","P_SAL_M","LT10","C27","D111","BG",2012,NA
"EUR","P_SAL_M","LT10","C27","D1111","BG",2012,NA
"EUR","P_SAL_M","LT10","C28","D01","BG",2012,304
"EUR","P_SAL_M","LT10","C28","D111","BG",2012,253
"EUR","P_SAL_M","LT10","C28","D1111","BG",2012,236
"EUR","P_SAL_M","LT10","C29","D01","BG",2012,251
"EUR","P_SAL_M","LT10","C29","D111","BG",2012,209
"EUR","P_SAL_M","LT10","C29","D1111","BG",2012,195
"EUR","P_SAL_M","LT10","C30","D01","BG",2012,390
"EUR","P_SAL_M","LT10","C30","D111","BG",2012,328
"EUR","P_SAL_M","LT10","C30","D1111","BG",2012,314
"EUR","P_SAL_M","LT10","C31","D01","BG",2012,190
"EUR","P_SAL_M","LT10","C31","D111","BG",2012,159
"EUR","P_SAL_M","LT10","C31","D1111","BG",2012,150
"EUR","P_SAL_M","LT10","C32","D01","BG",2012,224
"EUR","P_SAL_M","LT10","C32","D111","BG",2012,187
"EUR","P_SAL_M","LT10","C32","D1111","BG",2012,175
"EUR","P_SAL_M","LT10","C33","D01","BG",2012,323
"EUR","P_SAL_M","LT10","C33","D111","BG",2012,274
"EUR","P_SAL_M","LT10","C33","D1111","BG",2012,258
"EUR","P_SAL_M","LT10","D","D01","BG",2012,583
"EUR","P_SAL_M","LT10","D","D111","BG",2012,510
"EUR","P_SAL_M","LT10","D","D1111","BG",2012,482
"EUR","P_SAL_M","LT10","D35","D01","BG",2012,583
"EUR","P_SAL_M","LT10","D35","D111","BG",2012,510
"EUR","P_SAL_M","LT10","D35","D1111","BG",2012,482
"EUR","P_SAL_M","LT10","E","D01","BG",2012,332
"EUR","P_SAL_M","LT10","E","D111","BG",2012,284
"EUR","P_SAL_M","LT10","E","D1111","BG",2012,266
"EUR","P_SAL_M","LT10","E36","D01","BG",2012,543
"EUR","P_SAL_M","LT10","E36","D111","BG",2012,460
"EUR","P_SAL_M","LT10","E36","D1111","BG",2012,418
"EUR","P_SAL_M","LT10","E37","D01","BG",2012,291
"EUR","P_SAL_M","LT10","E37","D111","BG",2012,245
"EUR","P_SAL_M","LT10","E37","D1111","BG",2012,236
"EUR","P_SAL_M","LT10","E38","D01","BG",2012,322
"EUR","P_SAL_M","LT10","E38","D111","BG",2012,275
"EUR","P_SAL_M","LT10","E38","D1111","BG",2012,258
"EUR","P_SAL_M","LT10","E39","D01","BG",2012,387
"EUR","P_SAL_M","LT10","E39","D111","BG",2012,336
"EUR","P_SAL_M","LT10","E39","D1111","BG",2012,312
"EUR","P_SAL_M","LT10","F","D01","BG",2012,288
"EUR","P_SAL_M","LT10","F","D111","BG",2012,243
"EUR","P_SAL_M","LT10","F","D1111","BG",2012,229
"EUR","P_SAL_M","LT10","F41","D01","BG",2012,277
"EUR","P_SAL_M","LT10","F41","D111","BG",2012,232
"EUR","P_SAL_M","LT10","F41","D1111","BG",2012,219
"EUR","P_SAL_M","LT10","F42","D01","BG",2012,376
"EUR","P_SAL_M","LT10","F42","D111","BG",2012,321
"EUR","P_SAL_M","LT10","F42","D1111","BG",2012,301
"EUR","P_SAL_M","LT10","F43","D01","BG",2012,281
"EUR","P_SAL_M","LT10","F43","D111","BG",2012,236
"EUR","P_SAL_M","LT10","F43","D1111","BG",2012,223
"EUR","P_SAL_M","LT10","G","D01","BG",2012,279
"EUR","P_SAL_M","LT10","G","D111","BG",2012,234
"EUR","P_SAL_M","LT10","G","D1111","BG",2012,221
"EUR","P_SAL_M","LT10","G-J","D01","BG",2012,282
"EUR","P_SAL_M","LT10","G-J","D111","BG",2012,237
"EUR","P_SAL_M","LT10","G-J","D1111","BG",2012,224
"EUR","P_SAL_M","LT10","G-N","D01","BG",2012,308
"EUR","P_SAL_M","LT10","G-N","D111","BG",2012,260
"EUR","P_SAL_M","LT10","G-N","D1111","BG",2012,246
"EUR","P_SAL_M","LT10","G-S_X_O","D01","BG",2012,302
"EUR","P_SAL_M","LT10","G-S_X_O","D111","BG",2012,256
"EUR","P_SAL_M","LT10","G-S_X_O","D1111","BG",2012,241
"EUR","P_SAL_M","LT10","G45","D01","BG",2012,263
"EUR","P_SAL_M","LT10","G45","D111","BG",2012,220
"EUR","P_SAL_M","LT10","G45","D1111","BG",2012,207
"EUR","P_SAL_M","LT10","G46","D01","BG",2012,395
"EUR","P_SAL_M","LT10","G46","D111","BG",2012,337
"EUR","P_SAL_M","LT10","G46","D1111","BG",2012,316
"EUR","P_SAL_M","LT10","G47","D01","BG",2012,238
"EUR","P_SAL_M","LT10","G47","D111","BG",2012,198
"EUR","P_SAL_M","LT10","G47","D1111","BG",2012,188
"EUR","P_SAL_M","LT10","H","D01","BG",2012,275
"EUR","P_SAL_M","LT10","H","D111","BG",2012,225
"EUR","P_SAL_M","LT10","H","D1111","BG",2012,213
"EUR","P_SAL_M","LT10","H49","D01","BG",2012,249
"EUR","P_SAL_M","LT10","H49","D111","BG",2012,201
"EUR","P_SAL_M","LT10","H49","D1111","BG",2012,190
"EUR","P_SAL_M","LT10","H50","D01","BG",2012,496
"EUR","P_SAL_M","LT10","H50","D111","BG",2012,423
"EUR","P_SAL_M","LT10","H50","D1111","BG",2012,409
"EUR","P_SAL_M","LT10","H51","D01","BG",2012,NA
"EUR","P_SAL_M","LT10","H51","D111","BG",2012,NA
"EUR","P_SAL_M","LT10","H51","D1111","BG",2012,NA
"EUR","P_SAL_M","LT10","H52","D01","BG",2012,467
"EUR","P_SAL_M","LT10","H52","D111","BG",2012,402
"EUR","P_SAL_M","LT10","H52","D1111","BG",2012,377
"EUR","P_SAL_M","LT10","H53","D01","BG",2012,226
"EUR","P_SAL_M","LT10","H53","D111","BG",2012,189
"EUR","P_SAL_M","LT10","H53","D1111","BG",2012,179
"EUR","P_SAL_M","LT10","I","D01","BG",2012,220
"EUR","P_SAL_M","LT10","I","D111","BG",2012,183
"EUR","P_SAL_M","LT10","I","D1111","BG",2012,175
"EUR","P_SAL_M","LT10","I55","D01","BG",2012,257
"EUR","P_SAL_M","LT10","I55","D111","BG",2012,213
"EUR","P_SAL_M","LT10","I55","D1111","BG",2012,203
"EUR","P_SAL_M","LT10","I56","D01","BG",2012,215
"EUR","P_SAL_M","LT10","I56","D111","BG",2012,179
"EUR","P_SAL_M","LT10","I56","D1111","BG",2012,172
"EUR","P_SAL_M","LT10","J","D01","BG",2012,583
"EUR","P_SAL_M","LT10","J","D111","BG",2012,510
"EUR","P_SAL_M","LT10","J","D1111","BG",2012,479
"EUR","P_SAL_M","LT10","J58","D01","BG",2012,NA
"EUR","P_SAL_M","LT10","J58","D111","BG",2012,NA
"EUR","P_SAL_M","LT10","J58","D1111","BG",2012,NA
"EUR","P_SAL_M","LT10","J59","D01","BG",2012,426
"EUR","P_SAL_M","LT10","J59","D111","BG",2012,369
"EUR","P_SAL_M","LT10","J59","D1111","BG",2012,349
"EUR","P_SAL_M","LT10","J60","D01","BG",2012,370
"EUR","P_SAL_M","LT10","J60","D111","BG",2012,311
"EUR","P_SAL_M","LT10","J60","D1111","BG",2012,290
"EUR","P_SAL_M","LT10","J61","D01","BG",2012,NA
"EUR","P_SAL_M","LT10","J61","D111","BG",2012,NA
"EUR","P_SAL_M","LT10","J61","D1111","BG",2012,NA
"EUR","P_SAL_M","LT10","J62","D01","BG",2012,720
"EUR","P_SAL_M","LT10","J62","D111","BG",2012,636
"EUR","P_SAL_M","LT10","J62","D1111","BG",2012,598
"EUR","P_SAL_M","LT10","J63","D01","BG",2012,515
"EUR","P_SAL_M","LT10","J63","D111","BG",2012,448
"EUR","P_SAL_M","LT10","J63","D1111","BG",2012,422
"EUR","P_SAL_M","LT10","K","D01","BG",2012,531
"EUR","P_SAL_M","LT10","K","D111","BG",2012,464
"EUR","P_SAL_M","LT10","K","D1111","BG",2012,439
"EUR","P_SAL_M","LT10","K-N","D01","BG",2012,408
"EUR","P_SAL_M","LT10","K-N","D111","BG",2012,351
"EUR","P_SAL_M","LT10","K-N","D1111","BG",2012,330
"EUR","P_SAL_M","LT10","K64","D01","BG",2012,602
"EUR","P_SAL_M","LT10","K64","D111","BG",2012,528
"EUR","P_SAL_M","LT10","K64","D1111","BG",2012,499
"EUR","P_SAL_M","LT10","K65","D01","BG",2012,1485
"EUR","P_SAL_M","LT10","K65","D111","BG",2012,1345
"EUR","P_SAL_M","LT10","K65","D1111","BG",2012,1218
"EUR","P_SAL_M","LT10","K66","D01","BG",2012,430
"EUR","P_SAL_M","LT10","K66","D111","BG",2012,373
"EUR","P_SAL_M","LT10","K66","D1111","BG",2012,354
"EUR","P_SAL_M","LT10","L","D01","BG",2012,404
"EUR","P_SAL_M","LT10","L","D111","BG",2012,347
"EUR","P_SAL_M","LT10","L","D1111","BG",2012,326
"EUR","P_SAL_M","LT10","L68","D01","BG",2012,404
"EUR","P_SAL_M","LT10","L68","D111","BG",2012,347
"EUR","P_SAL_M","LT10","L68","D1111","BG",2012,326
"EUR","P_SAL_M","LT10","M","D01","BG",2012,418
"EUR","P_SAL_M","LT10","M","D111","BG",2012,360
"EUR","P_SAL_M","LT10","M","D1111","BG",2012,339
"EUR","P_SAL_M","LT10","M69","D01","BG",2012,328
"EUR","P_SAL_M","LT10","M69","D111","BG",2012,278
"EUR","P_SAL_M","LT10","M69","D1111","BG",2012,261
"EUR","P_SAL_M","LT10","M70","D01","BG",2012,718
"EUR","P_SAL_M","LT10","M70","D111","BG",2012,636
"EUR","P_SAL_M","LT10","M70","D1111","BG",2012,605
"EUR","P_SAL_M","LT10","M71","D01","BG",2012,439
"EUR","P_SAL_M","LT10","M71","D111","BG",2012,375
"EUR","P_SAL_M","LT10","M71","D1111","BG",2012,352
"EUR","P_SAL_M","LT10","M72","D01","BG",2012,NA
"EUR","P_SAL_M","LT10","M72","D111","BG",2012,NA
"EUR","P_SAL_M","LT10","M72","D1111","BG",2012,NA
"EUR","P_SAL_M","LT10","M73","D01","BG",2012,418
"EUR","P_SAL_M","LT10","M73","D111","BG",2012,360
"EUR","P_SAL_M","LT10","M73","D1111","BG",2012,339
"EUR","P_SAL_M","LT10","M74","D01","BG",2012,417
"EUR","P_SAL_M","LT10","M74","D111","BG",2012,360
"EUR","P_SAL_M","LT10","M74","D1111","BG",2012,339
"EUR","P_SAL_M","LT10","M75","D01","BG",2012,256
"EUR","P_SAL_M","LT10","M75","D111","BG",2012,215
"EUR","P_SAL_M","LT10","M75","D1111","BG",2012,204
"EUR","P_SAL_M","LT10","N","D01","BG",2012,312
"EUR","P_SAL_M","LT10","N","D111","BG",2012,264
"EUR","P_SAL_M","LT10","N","D1111","BG",2012,248
"EUR","P_SAL_M","LT10","N77","D01","BG",2012,389
"EUR","P_SAL_M","LT10","N77","D111","BG",2012,330
"EUR","P_SAL_M","LT10","N77","D1111","BG",2012,311
"EUR","P_SAL_M","LT10","N78","D01","BG",2012,434
"EUR","P_SAL_M","LT10","N78","D111","BG",2012,368
"EUR","P_SAL_M","LT10","N78","D1111","BG",2012,347
"EUR","P_SAL_M","LT10","N79","D01","BG",2012,374
"EUR","P_SAL_M","LT10","N79","D111","BG",2012,318
"EUR","P_SAL_M","LT10","N79","D1111","BG",2012,299
"EUR","P_SAL_M","LT10","N80","D01","BG",2012,221
"EUR","P_SAL_M","LT10","N80","D111","BG",2012,187
"EUR","P_SAL_M","LT10","N80","D1111","BG",2012,176
"EUR","P_SAL_M","LT10","N81","D01","BG",2012,227
"EUR","P_SAL_M","LT10","N81","D111","BG",2012,190
"EUR","P_SAL_M","LT10","N81","D1111","BG",2012,178
"EUR","P_SAL_M","LT10","N82","D01","BG",2012,353
"EUR","P_SAL_M","LT10","N82","D111","BG",2012,299
"EUR","P_SAL_M","LT10","N82","D1111","BG",2012,280
"EUR","P_SAL_M","LT10","O","D01","BG",2012,663
"EUR","P_SAL_M","LT10","O","D111","BG",2012,524
"EUR","P_SAL_M","LT10","O","D1111","BG",2012,449
"EUR","P_SAL_M","LT10","O-S","D01","BG",2012,276
"EUR","P_SAL_M","LT10","O-S","D111","BG",2012,232
"EUR","P_SAL_M","LT10","O-S","D1111","BG",2012,216
"EUR","P_SAL_M","LT10","O84","D01","BG",2012,663
"EUR","P_SAL_M","LT10","O84","D111","BG",2012,524
"EUR","P_SAL_M","LT10","O84","D1111","BG",2012,449
"EUR","P_SAL_M","LT10","P","D01","BG",2012,308
"EUR","P_SAL_M","LT10","P","D111","BG",2012,252
"EUR","P_SAL_M","LT10","P","D1111","BG",2012,221
"EUR","P_SAL_M","LT10","P-S","D01","BG",2012,270
"EUR","P_SAL_M","LT10","P-S","D111","BG",2012,228
"EUR","P_SAL_M","LT10","P-S","D1111","BG",2012,212
"EUR","P_SAL_M","LT10","P85","D01","BG",2012,308
"EUR","P_SAL_M","LT10","P85","D111","BG",2012,252
"EUR","P_SAL_M","LT10","P85","D1111","BG",2012,221
"EUR","P_SAL_M","LT10","Q","D01","BG",2012,281
"EUR","P_SAL_M","LT10","Q","D111","BG",2012,237
"EUR","P_SAL_M","LT10","Q","D1111","BG",2012,225
"EUR","P_SAL_M","LT10","Q86","D01","BG",2012,286
"EUR","P_SAL_M","LT10","Q86","D111","BG",2012,241
"EUR","P_SAL_M","LT10","Q86","D1111","BG",2012,230
"EUR","P_SAL_M","LT10","Q87","D01","BG",2012,NA
"EUR","P_SAL_M","LT10","Q87","D111","BG",2012,NA
"EUR","P_SAL_M","LT10","Q87","D1111","BG",2012,NA
"EUR","P_SAL_M","LT10","Q88","D01","BG",2012,NA
"EUR","P_SAL_M","LT10","Q88","D111","BG",2012,NA
"EUR","P_SAL_M","LT10","Q88","D1111","BG",2012,NA
"EUR","P_SAL_M","LT10","R","D01","BG",2012,250
"EUR","P_SAL_M","LT10","R","D111","BG",2012,210
"EUR","P_SAL_M","LT10","R","D1111","BG",2012,198
"EUR","P_SAL_M","LT10","R90","D01","BG",2012,281
"EUR","P_SAL_M","LT10","R90","D111","BG",2012,236
"EUR","P_SAL_M","LT10","R90","D1111","BG",2012,220
"EUR","P_SAL_M","LT10","R91","D01","BG",2012,NA
"EUR","P_SAL_M","LT10","R91","D111","BG",2012,NA
"EUR","P_SAL_M","LT10","R91","D1111","BG",2012,NA
"EUR","P_SAL_M","LT10","R92","D01","BG",2012,214
"EUR","P_SAL_M","LT10","R92","D111","BG",2012,179
"EUR","P_SAL_M","LT10","R92","D1111","BG",2012,169
"EUR","P_SAL_M","LT10","R93","D01","BG",2012,252
"EUR","P_SAL_M","LT10","R93","D111","BG",2012,212
"EUR","P_SAL_M","LT10","R93","D1111","BG",2012,201
"EUR","P_SAL_M","LT10","S","D01","BG",2012,255
"EUR","P_SAL_M","LT10","S","D111","BG",2012,219
"EUR","P_SAL_M","LT10","S","D1111","BG",2012,205
"EUR","P_SAL_M","LT10","S94","D01","BG",2012,337
"EUR","P_SAL_M","LT10","S94","D111","BG",2012,295
"EUR","P_SAL_M","LT10","S94","D1111","BG",2012,272
"EUR","P_SAL_M","LT10","S95","D01","BG",2012,212
"EUR","P_SAL_M","LT10","S95","D111","BG",2012,178
"EUR","P_SAL_M","LT10","S95","D1111","BG",2012,169
"EUR","P_SAL_M","LT10","S96","D01","BG",2012,191
"EUR","P_SAL_M","LT10","S96","D111","BG",2012,160
"EUR","P_SAL_M","LT10","S96","D1111","BG",2012,152
"EUR","P_SAL_M","TOTAL","B","D01","BG",2012,882
"EUR","P_SAL_M","TOTAL","B","D111","BG",2012,673
"EUR","P_SAL_M","TOTAL","B","D1111","BG",2012,569
"EUR","P_SAL_M","TOTAL","B-E","D01","BG",2012,454
"EUR","P_SAL_M","TOTAL","B-E","D111","BG",2012,374
"EUR","P_SAL_M","TOTAL","B-E","D1111","BG",2012,327
"EUR","P_SAL_M","TOTAL","B-F","D01","BG",2012,443
"EUR","P_SAL_M","TOTAL","B-F","D111","BG",2012,366
"EUR","P_SAL_M","TOTAL","B-F","D1111","BG",2012,324
"EUR","P_SAL_M","TOTAL","B-N","D01","BG",2012,457
"EUR","P_SAL_M","TOTAL","B-N","D111","BG",2012,386
"EUR","P_SAL_M","TOTAL","B-N","D1111","BG",2012,347
"EUR","P_SAL_M","TOTAL","B-S","D01","BG",2012,460
"EUR","P_SAL_M","TOTAL","B-S","D111","BG",2012,386
"EUR","P_SAL_M","TOTAL","B-S","D1111","BG",2012,345
"EUR","P_SAL_M","TOTAL","B-S_X_O","D01","BG",2012,453
"EUR","P_SAL_M","TOTAL","B-S_X_O","D111","BG",2012,382
"EUR","P_SAL_M","TOTAL","B-S_X_O","D1111","BG",2012,341
"EUR","P_SAL_M","TOTAL","B05","D01","BG",2012,967
"EUR","P_SAL_M","TOTAL","B05","D111","BG",2012,713
"EUR","P_SAL_M","TOTAL","B05","D1111","BG",2012,581
"EUR","P_SAL_M","TOTAL","B06","D01","BG",2012,538
"EUR","P_SAL_M","TOTAL","B06","D111","BG",2012,460
"EUR","P_SAL_M","TOTAL","B06","D1111","BG",2012,423
"EUR","P_SAL_M","TOTAL","B07","D01","BG",2012,1005
"EUR","P_SAL_M","TOTAL","B07","D111","BG",2012,793
"EUR","P_SAL_M","TOTAL","B07","D1111","BG",2012,698
"EUR","P_SAL_M","TOTAL","B08","D01","BG",2012,471
"EUR","P_SAL_M","TOTAL","B08","D111","BG",2012,383
"EUR","P_SAL_M","TOTAL","B08","D1111","BG",2012,343
"EUR","P_SAL_M","TOTAL","B09","D01","BG",2012,768
"EUR","P_SAL_M","TOTAL","B09","D111","BG",2012,654
"EUR","P_SAL_M","TOTAL","B09","D1111","BG",2012,619
"EUR","P_SAL_M","TOTAL","C","D01","BG",2012,390
"EUR","P_SAL_M","TOTAL","C","D111","BG",2012,324
"EUR","P_SAL_M","TOTAL","C","D1111","BG",2012,291
"EUR","P_SAL_M","TOTAL","C10","D01","BG",2012,345
"EUR","P_SAL_M","TOTAL","C10","D111","BG",2012,290
"EUR","P_SAL_M","TOTAL","C10","D1111","BG",2012,266
"EUR","P_SAL_M","TOTAL","C11","D01","BG",2012,536
"EUR","P_SAL_M","TOTAL","C11","D111","BG",2012,451
"EUR","P_SAL_M","TOTAL","C11","D1111","BG",2012,401
"EUR","P_SAL_M","TOTAL","C12","D01","BG",2012,1060
"EUR","P_SAL_M","TOTAL","C12","D111","BG",2012,849
"EUR","P_SAL_M","TOTAL","C12","D1111","BG",2012,722
"EUR","P_SAL_M","TOTAL","C13","D01","BG",2012,350
"EUR","P_SAL_M","TOTAL","C13","D111","BG",2012,291
"EUR","P_SAL_M","TOTAL","C13","D1111","BG",2012,264
"EUR","P_SAL_M","TOTAL","C14","D01","BG",2012,258
"EUR","P_SAL_M","TOTAL","C14","D111","BG",2012,213
"EUR","P_SAL_M","TOTAL","C14","D1111","BG",2012,193
"EUR","P_SAL_M","TOTAL","C15","D01","BG",2012,238
"EUR","P_SAL_M","TOTAL","C15","D111","BG",2012,199
"EUR","P_SAL_M","TOTAL","C15","D1111","BG",2012,181
"EUR","P_SAL_M","TOTAL","C16","D01","BG",2012,267
"EUR","P_SAL_M","TOTAL","C16","D111","BG",2012,223
"EUR","P_SAL_M","TOTAL","C16","D1111","BG",2012,202
"EUR","P_SAL_M","TOTAL","C17","D01","BG",2012,377
"EUR","P_SAL_M","TOTAL","C17","D111","BG",2012,314
"EUR","P_SAL_M","TOTAL","C17","D1111","BG",2012,279
"EUR","P_SAL_M","TOTAL","C18","D01","BG",2012,394
"EUR","P_SAL_M","TOTAL","C18","D111","BG",2012,332
"EUR","P_SAL_M","TOTAL","C18","D1111","BG",2012,303
"EUR","P_SAL_M","TOTAL","C19","D01","BG",2012,1509
"EUR","P_SAL_M","TOTAL","C19","D111","BG",2012,1210
"EUR","P_SAL_M","TOTAL","C19","D1111","BG",2012,1079
"EUR","P_SAL_M","TOTAL","C20","D01","BG",2012,561
"EUR","P_SAL_M","TOTAL","C20","D111","BG",2012,466
"EUR","P_SAL_M","TOTAL","C20","D1111","BG",2012,420
"EUR","P_SAL_M","TOTAL","C21","D01","BG",2012,576
"EUR","P_SAL_M","TOTAL","C21","D111","BG",2012,480
"EUR","P_SAL_M","TOTAL","C21","D1111","BG",2012,427
"EUR","P_SAL_M","TOTAL","C22","D01","BG",2012,335
"EUR","P_SAL_M","TOTAL","C22","D111","BG",2012,281
"EUR","P_SAL_M","TOTAL","C22","D1111","BG",2012,257
"EUR","P_SAL_M","TOTAL","C23","D01","BG",2012,480
"EUR","P_SAL_M","TOTAL","C23","D111","BG",2012,397
"EUR","P_SAL_M","TOTAL","C23","D1111","BG",2012,354
"EUR","P_SAL_M","TOTAL","C24","D01","BG",2012,691
"EUR","P_SAL_M","TOTAL","C24","D111","BG",2012,548
"EUR","P_SAL_M","TOTAL","C24","D1111","BG",2012,484
"EUR","P_SAL_M","TOTAL","C25","D01","BG",2012,367
"EUR","P_SAL_M","TOTAL","C25","D111","BG",2012,305
"EUR","P_SAL_M","TOTAL","C25","D1111","BG",2012,273
"EUR","P_SAL_M","TOTAL","C26","D01","BG",2012,570
"EUR","P_SAL_M","TOTAL","C26","D111","BG",2012,487
"EUR","P_SAL_M","TOTAL","C26","D1111","BG",2012,435
"EUR","P_SAL_M","TOTAL","C27","D01","BG",2012,523
"EUR","P_SAL_M","TOTAL","C27","D111","BG",2012,435
"EUR","P_SAL_M","TOTAL","C27","D1111","BG",2012,391
"EUR","P_SAL_M","TOTAL","C28","D01","BG",2012,511
"EUR","P_SAL_M","TOTAL","C28","D111","BG",2012,426
"EUR","P_SAL_M","TOTAL","C28","D1111","BG",2012,379
"EUR","P_SAL_M","TOTAL","C29","D01","BG",2012,429
"EUR","P_SAL_M","TOTAL","C29","D111","BG",2012,362
"EUR","P_SAL_M","TOTAL","C29","D1111","BG",2012,315
"EUR","P_SAL_M","TOTAL","C30","D01","BG",2012,463
"EUR","P_SAL_M","TOTAL","C30","D111","BG",2012,387
"EUR","P_SAL_M","TOTAL","C30","D1111","BG",2012,354
"EUR","P_SAL_M","TOTAL","C31","D01","BG",2012,262
"EUR","P_SAL_M","TOTAL","C31","D111","BG",2012,219
"EUR","P_SAL_M","TOTAL","C31","D1111","BG",2012,201
"EUR","P_SAL_M","TOTAL","C32","D01","BG",2012,366
"EUR","P_SAL_M","TOTAL","C32","D111","BG",2012,308
"EUR","P_SAL_M","TOTAL","C32","D1111","BG",2012,279
"EUR","P_SAL_M","TOTAL","C33","D01","BG",2012,542
"EUR","P_SAL_M","TOTAL","C33","D111","BG",2012,448
"EUR","P_SAL_M","TOTAL","C33","D1111","BG",2012,399
"EUR","P_SAL_M","TOTAL","D","D01","BG",2012,1122
"EUR","P_SAL_M","TOTAL","D","D111","BG",2012,905
"EUR","P_SAL_M","TOTAL","D","D1111","BG",2012,702
"EUR","P_SAL_M","TOTAL","D35","D01","BG",2012,1122
"EUR","P_SAL_M","TOTAL","D35","D111","BG",2012,905
"EUR","P_SAL_M","TOTAL","D35","D1111","BG",2012,702
"EUR","P_SAL_M","TOTAL","E","D01","BG",2012,438
"EUR","P_SAL_M","TOTAL","E","D111","BG",2012,366
"EUR","P_SAL_M","TOTAL","E","D1111","BG",2012,315
"EUR","P_SAL_M","TOTAL","E36","D01","BG",2012,480
"EUR","P_SAL_M","TOTAL","E36","D111","BG",2012,398
"EUR","P_SAL_M","TOTAL","E36","D1111","BG",2012,327
"EUR","P_SAL_M","TOTAL","E37","D01","BG",2012,345
"EUR","P_SAL_M","TOTAL","E37","D111","BG",2012,288
"EUR","P_SAL_M","TOTAL","E37","D1111","BG",2012,265
"EUR","P_SAL_M","TOTAL","E38","D01","BG",2012,396
"EUR","P_SAL_M","TOTAL","E38","D111","BG",2012,334
"EUR","P_SAL_M","TOTAL","E38","D1111","BG",2012,304
"EUR","P_SAL_M","TOTAL","E39","D01","BG",2012,463
"EUR","P_SAL_M","TOTAL","E39","D111","BG",2012,392
"EUR","P_SAL_M","TOTAL","E39","D1111","BG",2012,345
"EUR","P_SAL_M","TOTAL","F","D01","BG",2012,393
"EUR","P_SAL_M","TOTAL","F","D111","BG",2012,331
"EUR","P_SAL_M","TOTAL","F","D1111","BG",2012,306
"EUR","P_SAL_M","TOTAL","F41","D01","BG",2012,344
"EUR","P_SAL_M","TOTAL","F41","D111","BG",2012,290
"EUR","P_SAL_M","TOTAL","F41","D1111","BG",2012,269
"EUR","P_SAL_M","TOTAL","F42","D01","BG",2012,480
"EUR","P_SAL_M","TOTAL","F42","D111","BG",2012,404
"EUR","P_SAL_M","TOTAL","F42","D1111","BG",2012,370
"EUR","P_SAL_M","TOTAL","F43","D01","BG",2012,376
"EUR","P_SAL_M","TOTAL","F43","D111","BG",2012,317
"EUR","P_SAL_M","TOTAL","F43","D1111","BG",2012,295
"EUR","P_SAL_M","TOTAL","G","D01","BG",2012,388
"EUR","P_SAL_M","TOTAL","G","D111","BG",2012,329
"EUR","P_SAL_M","TOTAL","G","D1111","BG",2012,306
"EUR","P_SAL_M","TOTAL","G-J","D01","BG",2012,449
"EUR","P_SAL_M","TOTAL","G-J","D111","BG",2012,385
"EUR","P_SAL_M","TOTAL","G-J","D1111","BG",2012,350
"EUR","P_SAL_M","TOTAL","G-N","D01","BG",2012,467
"EUR","P_SAL_M","TOTAL","G-N","D111","BG",2012,401
"EUR","P_SAL_M","TOTAL","G-N","D1111","BG",2012,365
"EUR","P_SAL_M","TOTAL","G-S_X_O","D01","BG",2012,458
"EUR","P_SAL_M","TOTAL","G-S_X_O","D111","BG",2012,391
"EUR","P_SAL_M","TOTAL","G-S_X_O","D1111","BG",2012,351
"EUR","P_SAL_M","TOTAL","G45","D01","BG",2012,408
"EUR","P_SAL_M","TOTAL","G45","D111","BG",2012,346
"EUR","P_SAL_M","TOTAL","G45","D1111","BG",2012,320
"EUR","P_SAL_M","TOTAL","G46","D01","BG",2012,501
"EUR","P_SAL_M","TOTAL","G46","D111","BG",2012,431
"EUR","P_SAL_M","TOTAL","G46","D1111","BG",2012,400
"EUR","P_SAL_M","TOTAL","G47","D01","BG",2012,309
"EUR","P_SAL_M","TOTAL","G47","D111","BG",2012,259
"EUR","P_SAL_M","TOTAL","G47","D1111","BG",2012,242
"EUR","P_SAL_M","TOTAL","H","D01","BG",2012,473
"EUR","P_SAL_M","TOTAL","H","D111","BG",2012,412
"EUR","P_SAL_M","TOTAL","H","D1111","BG",2012,346
"EUR","P_SAL_M","TOTAL","H49","D01","BG",2012,382
"EUR","P_SAL_M","TOTAL","H49","D111","BG",2012,308
"EUR","P_SAL_M","TOTAL","H49","D1111","BG",2012,263
"EUR","P_SAL_M","TOTAL","H50","D01","BG",2012,1009
"EUR","P_SAL_M","TOTAL","H50","D111","BG",2012,926
"EUR","P_SAL_M","TOTAL","H50","D1111","BG",2012,777
"EUR","P_SAL_M","TOTAL","H51","D01","BG",2012,1278
"EUR","P_SAL_M","TOTAL","H51","D111","BG",2012,1069
"EUR","P_SAL_M","TOTAL","H51","D1111","BG",2012,946
"EUR","P_SAL_M","TOTAL","H52","D01","BG",2012,636
"EUR","P_SAL_M","TOTAL","H52","D111","BG",2012,631
"EUR","P_SAL_M","TOTAL","H52","D1111","BG",2012,509
"EUR","P_SAL_M","TOTAL","H53","D01","BG",2012,418
"EUR","P_SAL_M","TOTAL","H53","D111","BG",2012,347
"EUR","P_SAL_M","TOTAL","H53","D1111","BG",2012,299
"EUR","P_SAL_M","TOTAL","I","D01","BG",2012,285
"EUR","P_SAL_M","TOTAL","I","D111","BG",2012,238
"EUR","P_SAL_M","TOTAL","I","D1111","BG",2012,224
"EUR","P_SAL_M","TOTAL","I55","D01","BG",2012,363
"EUR","P_SAL_M","TOTAL","I55","D111","BG",2012,304
"EUR","P_SAL_M","TOTAL","I55","D1111","BG",2012,283
"EUR","P_SAL_M","TOTAL","I56","D01","BG",2012,248
"EUR","P_SAL_M","TOTAL","I56","D111","BG",2012,206
"EUR","P_SAL_M","TOTAL","I56","D1111","BG",2012,195
"EUR","P_SAL_M","TOTAL","J","D01","BG",2012,1019
"EUR","P_SAL_M","TOTAL","J","D111","BG",2012,888
"EUR","P_SAL_M","TOTAL","J","D1111","BG",2012,813
"EUR","P_SAL_M","TOTAL","J58","D01","BG",2012,655
"EUR","P_SAL_M","TOTAL","J58","D111","BG",2012,564
"EUR","P_SAL_M","TOTAL","J58","D1111","BG",2012,513
"EUR","P_SAL_M","TOTAL","J59","D01","BG",2012,714
"EUR","P_SAL_M","TOTAL","J59","D111","BG",2012,629
"EUR","P_SAL_M","TOTAL","J59","D1111","BG",2012,586
"EUR","P_SAL_M","TOTAL","J60","D01","BG",2012,760
"EUR","P_SAL_M","TOTAL","J60","D111","BG",2012,655
"EUR","P_SAL_M","TOTAL","J60","D1111","BG",2012,593
"EUR","P_SAL_M","TOTAL","J61","D01","BG",2012,876
"EUR","P_SAL_M","TOTAL","J61","D111","BG",2012,748
"EUR","P_SAL_M","TOTAL","J61","D1111","BG",2012,681
"EUR","P_SAL_M","TOTAL","J62","D01","BG",2012,1327
"EUR","P_SAL_M","TOTAL","J62","D111","BG",2012,1170
"EUR","P_SAL_M","TOTAL","J62","D1111","BG",2012,1074
"EUR","P_SAL_M","TOTAL","J63","D01","BG",2012,823
"EUR","P_SAL_M","TOTAL","J63","D111","BG",2012,716
"EUR","P_SAL_M","TOTAL","J63","D1111","BG",2012,656
"EUR","P_SAL_M","TOTAL","K","D01","BG",2012,889
"EUR","P_SAL_M","TOTAL","K","D111","BG",2012,762
"EUR","P_SAL_M","TOTAL","K","D1111","BG",2012,685
"EUR","P_SAL_M","TOTAL","K-N","D01","BG",2012,514
"EUR","P_SAL_M","TOTAL","K-N","D111","BG",2012,443
"EUR","P_SAL_M","TOTAL","K-N","D1111","BG",2012,405
"EUR","P_SAL_M","TOTAL","K64","D01","BG",2012,912
"EUR","P_SAL_M","TOTAL","K64","D111","BG",2012,780
"EUR","P_SAL_M","TOTAL","K64","D1111","BG",2012,695
"EUR","P_SAL_M","TOTAL","K65","D01","BG",2012,1014
"EUR","P_SAL_M","TOTAL","K65","D111","BG",2012,885
"EUR","P_SAL_M","TOTAL","K65","D1111","BG",2012,815
"EUR","P_SAL_M","TOTAL","K66","D01","BG",2012,608
"EUR","P_SAL_M","TOTAL","K66","D111","BG",2012,529
"EUR","P_SAL_M","TOTAL","K66","D1111","BG",2012,494
"EUR","P_SAL_M","TOTAL","L","D01","BG",2012,445
"EUR","P_SAL_M","TOTAL","L","D111","BG",2012,381
"EUR","P_SAL_M","TOTAL","L","D1111","BG",2012,352
"EUR","P_SAL_M","TOTAL","L68","D01","BG",2012,445
"EUR","P_SAL_M","TOTAL","L68","D111","BG",2012,381
"EUR","P_SAL_M","TOTAL","L68","D1111","BG",2012,352
"EUR","P_SAL_M","TOTAL","M","D01","BG",2012,617
"EUR","P_SAL_M","TOTAL","M","D111","BG",2012,535
"EUR","P_SAL_M","TOTAL","M","D1111","BG",2012,493
"EUR","P_SAL_M","TOTAL","M69","D01","BG",2012,481
"EUR","P_SAL_M","TOTAL","M69","D111","BG",2012,415
"EUR","P_SAL_M","TOTAL","M69","D1111","BG",2012,385
"EUR","P_SAL_M","TOTAL","M70","D01","BG",2012,916
"EUR","P_SAL_M","TOTAL","M70","D111","BG",2012,809
"EUR","P_SAL_M","TOTAL","M70","D1111","BG",2012,747
"EUR","P_SAL_M","TOTAL","M71","D01","BG",2012,649
"EUR","P_SAL_M","TOTAL","M71","D111","BG",2012,558
"EUR","P_SAL_M","TOTAL","M71","D1111","BG",2012,516
"EUR","P_SAL_M","TOTAL","M72","D01","BG",2012,489
"EUR","P_SAL_M","TOTAL","M72","D111","BG",2012,413
"EUR","P_SAL_M","TOTAL","M72","D1111","BG",2012,364
"EUR","P_SAL_M","TOTAL","M73","D01","BG",2012,696
"EUR","P_SAL_M","TOTAL","M73","D111","BG",2012,608
"EUR","P_SAL_M","TOTAL","M73","D1111","BG",2012,568
"EUR","P_SAL_M","TOTAL","M74","D01","BG",2012,635
"EUR","P_SAL_M","TOTAL","M74","D111","BG",2012,553
"EUR","P_SAL_M","TOTAL","M74","D1111","BG",2012,512
"EUR","P_SAL_M","TOTAL","M75","D01","BG",2012,261
"EUR","P_SAL_M","TOTAL","M75","D111","BG",2012,220
"EUR","P_SAL_M","TOTAL","M75","D1111","BG",2012,207
"EUR","P_SAL_M","TOTAL","N","D01","BG",2012,285
"EUR","P_SAL_M","TOTAL","N","D111","BG",2012,248
"EUR","P_SAL_M","TOTAL","N","D1111","BG",2012,229
"EUR","P_SAL_M","TOTAL","N77","D01","BG",2012,470
"EUR","P_SAL_M","TOTAL","N77","D111","BG",2012,399
"EUR","P_SAL_M","TOTAL","N77","D1111","BG",2012,372
"EUR","P_SAL_M","TOTAL","N78","D01","BG",2012,575
"EUR","P_SAL_M","TOTAL","N78","D111","BG",2012,485
"EUR","P_SAL_M","TOTAL","N78","D1111","BG",2012,446
"EUR","P_SAL_M","TOTAL","N79","D01","BG",2012,427
"EUR","P_SAL_M","TOTAL","N79","D111","BG",2012,364
"EUR","P_SAL_M","TOTAL","N79","D1111","BG",2012,342
"EUR","P_SAL_M","TOTAL","N80","D01","BG",2012,245
"EUR","P_SAL_M","TOTAL","N80","D111","BG",2012,207
"EUR","P_SAL_M","TOTAL","N80","D1111","BG",2012,191
"EUR","P_SAL_M","TOTAL","N81","D01","BG",2012,185
"EUR","P_SAL_M","TOTAL","N81","D111","BG",2012,177
"EUR","P_SAL_M","TOTAL","N81","D1111","BG",2012,163
"EUR","P_SAL_M","TOTAL","N82","D01","BG",2012,558
"EUR","P_SAL_M","TOTAL","N82","D111","BG",2012,477
"EUR","P_SAL_M","TOTAL","N82","D1111","BG",2012,440
"EUR","P_SAL_M","TOTAL","O","D01","BG",2012,592
"EUR","P_SAL_M","TOTAL","O","D111","BG",2012,465
"EUR","P_SAL_M","TOTAL","O","D1111","BG",2012,408
"EUR","P_SAL_M","TOTAL","O-S","D01","BG",2012,473
"EUR","P_SAL_M","TOTAL","O-S","D111","BG",2012,387
"EUR","P_SAL_M","TOTAL","O-S","D1111","BG",2012,336
"EUR","P_SAL_M","TOTAL","O84","D01","BG",2012,592
"EUR","P_SAL_M","TOTAL","O84","D111","BG",2012,465
"EUR","P_SAL_M","TOTAL","O84","D1111","BG",2012,408
"EUR","P_SAL_M","TOTAL","P","D01","BG",2012,458
"EUR","P_SAL_M","TOTAL","P","D111","BG",2012,375
"EUR","P_SAL_M","TOTAL","P","D1111","BG",2012,310
"EUR","P_SAL_M","TOTAL","P-S","D01","BG",2012,436
"EUR","P_SAL_M","TOTAL","P-S","D111","BG",2012,363
"EUR","P_SAL_M","TOTAL","P-S","D1111","BG",2012,314
"EUR","P_SAL_M","TOTAL","P85","D01","BG",2012,458
"EUR","P_SAL_M","TOTAL","P85","D111","BG",2012,375
"EUR","P_SAL_M","TOTAL","P85","D1111","BG",2012,310
"EUR","P_SAL_M","TOTAL","Q","D01","BG",2012,456
"EUR","P_SAL_M","TOTAL","Q","D111","BG",2012,384
"EUR","P_SAL_M","TOTAL","Q","D1111","BG",2012,342
"EUR","P_SAL_M","TOTAL","Q86","D01","BG",2012,505
"EUR","P_SAL_M","TOTAL","Q86","D111","BG",2012,426
"EUR","P_SAL_M","TOTAL","Q86","D1111","BG",2012,381
"EUR","P_SAL_M","TOTAL","Q87","D01","BG",2012,291
"EUR","P_SAL_M","TOTAL","Q87","D111","BG",2012,241
"EUR","P_SAL_M","TOTAL","Q87","D1111","BG",2012,209
"EUR","P_SAL_M","TOTAL","Q88","D01","BG",2012,266
"EUR","P_SAL_M","TOTAL","Q88","D111","BG",2012,223
"EUR","P_SAL_M","TOTAL","Q88","D1111","BG",2012,195
"EUR","P_SAL_M","TOTAL","R","D01","BG",2012,385
"EUR","P_SAL_M","TOTAL","R","D111","BG",2012,329
"EUR","P_SAL_M","TOTAL","R","D1111","BG",2012,300
"EUR","P_SAL_M","TOTAL","R90","D01","BG",2012,342
"EUR","P_SAL_M","TOTAL","R90","D111","BG",2012,283
"EUR","P_SAL_M","TOTAL","R90","D1111","BG",2012,248
"EUR","P_SAL_M","TOTAL","R91","D01","BG",2012,323
"EUR","P_SAL_M","TOTAL","R91","D111","BG",2012,267
"EUR","P_SAL_M","TOTAL","R91","D1111","BG",2012,232
"EUR","P_SAL_M","TOTAL","R92","D01","BG",2012,327
"EUR","P_SAL_M","TOTAL","R92","D111","BG",2012,274
"EUR","P_SAL_M","TOTAL","R92","D1111","BG",2012,252
"EUR","P_SAL_M","TOTAL","R93","D01","BG",2012,502
"EUR","P_SAL_M","TOTAL","R93","D111","BG",2012,445
"EUR","P_SAL_M","TOTAL","R93","D1111","BG",2012,417
"EUR","P_SAL_M","TOTAL","S","D01","BG",2012,301
"EUR","P_SAL_M","TOTAL","S","D111","BG",2012,259
"EUR","P_SAL_M","TOTAL","S","D1111","BG",2012,238
"EUR","P_SAL_M","TOTAL","S94","D01","BG",2012,376
"EUR","P_SAL_M","TOTAL","S94","D111","BG",2012,328
"EUR","P_SAL_M","TOTAL","S94","D1111","BG",2012,299
"EUR","P_SAL_M","TOTAL","S95","D01","BG",2012,266
"EUR","P_SAL_M","TOTAL","S95","D111","BG",2012,224
"EUR","P_SAL_M","TOTAL","S95","D1111","BG",2012,209
"EUR","P_SAL_M","TOTAL","S96","D01","BG",2012,210
"EUR","P_SAL_M","TOTAL","S96","D111","BG",2012,176
"EUR","P_SAL_M","TOTAL","S96","D1111","BG",2012,165
"EUR","P_SAL_Y","10-49","B","D01","BG",2012,5896
"EUR","P_SAL_Y","10-49","B","D111","BG",2012,4906
"EUR","P_SAL_Y","10-49","B","D1111","BG",2012,4468
"EUR","P_SAL_Y","10-49","B-E","D01","BG",2012,3458
"EUR","P_SAL_Y","10-49","B-E","D111","BG",2012,2903
"EUR","P_SAL_Y","10-49","B-E","D1111","BG",2012,2676
"EUR","P_SAL_Y","10-49","B-F","D01","BG",2012,3627
"EUR","P_SAL_Y","10-49","B-F","D111","BG",2012,3053
"EUR","P_SAL_Y","10-49","B-F","D1111","BG",2012,2824
"EUR","P_SAL_Y","10-49","B-N","D01","BG",2012,4512
"EUR","P_SAL_Y","10-49","B-N","D111","BG",2012,3844
"EUR","P_SAL_Y","10-49","B-N","D1111","BG",2012,3571
"EUR","P_SAL_Y","10-49","B-S","D01","BG",2012,4623
"EUR","P_SAL_Y","10-49","B-S","D111","BG",2012,3893
"EUR","P_SAL_Y","10-49","B-S","D1111","BG",2012,3538
"EUR","P_SAL_Y","10-49","B-S_X_O","D01","BG",2012,4518
"EUR","P_SAL_Y","10-49","B-S_X_O","D111","BG",2012,3820
"EUR","P_SAL_Y","10-49","B-S_X_O","D1111","BG",2012,3483
"EUR","P_SAL_Y","10-49","B05","D01","BG",2012,NA
"EUR","P_SAL_Y","10-49","B05","D111","BG",2012,NA
"EUR","P_SAL_Y","10-49","B05","D1111","BG",2012,NA
"EUR","P_SAL_Y","10-49","B06","D01","BG",2012,18846
"EUR","P_SAL_Y","10-49","B06","D111","BG",2012,16846
"EUR","P_SAL_Y","10-49","B06","D1111","BG",2012,15746
"EUR","P_SAL_Y","10-49","B07","D01","BG",2012,NA
"EUR","P_SAL_Y","10-49","B07","D111","BG",2012,NA
"EUR","P_SAL_Y","10-49","B07","D1111","BG",2012,NA
"EUR","P_SAL_Y","10-49","B08","D01","BG",2012,5464
"EUR","P_SAL_Y","10-49","B08","D111","BG",2012,4513
"EUR","P_SAL_Y","10-49","B08","D1111","BG",2012,4097
"EUR","P_SAL_Y","10-49","B09","D01","BG",2012,NA
"EUR","P_SAL_Y","10-49","B09","D111","BG",2012,NA
"EUR","P_SAL_Y","10-49","B09","D1111","BG",2012,NA
"EUR","P_SAL_Y","10-49","C","D01","BG",2012,3314
"EUR","P_SAL_Y","10-49","C","D111","BG",2012,2777
"EUR","P_SAL_Y","10-49","C","D1111","BG",2012,2564
"EUR","P_SAL_Y","10-49","C10","D01","BG",2012,3107
"EUR","P_SAL_Y","10-49","C10","D111","BG",2012,2595
"EUR","P_SAL_Y","10-49","C10","D1111","BG",2012,2406
"EUR","P_SAL_Y","10-49","C11","D01","BG",2012,3916
"EUR","P_SAL_Y","10-49","C11","D111","BG",2012,3296
"EUR","P_SAL_Y","10-49","C11","D1111","BG",2012,3024
"EUR","P_SAL_Y","10-49","C12","D01","BG",2012,NA
"EUR","P_SAL_Y","10-49","C12","D111","BG",2012,NA
"EUR","P_SAL_Y","10-49","C12","D1111","BG",2012,NA
"EUR","P_SAL_Y","10-49","C13","D01","BG",2012,3244
"EUR","P_SAL_Y","10-49","C13","D111","BG",2012,2698
"EUR","P_SAL_Y","10-49","C13","D1111","BG",2012,2476
"EUR","P_SAL_Y","10-49","C14","D01","BG",2012,2421
"EUR","P_SAL_Y","10-49","C14","D111","BG",2012,2012
"EUR","P_SAL_Y","10-49","C14","D1111","BG",2012,1861
"EUR","P_SAL_Y","10-49","C15","D01","BG",2012,2438
"EUR","P_SAL_Y","10-49","C15","D111","BG",2012,2036
"EUR","P_SAL_Y","10-49","C15","D1111","BG",2012,1879
"EUR","P_SAL_Y","10-49","C16","D01","BG",2012,2436
"EUR","P_SAL_Y","10-49","C16","D111","BG",2012,2033
"EUR","P_SAL_Y","10-49","C16","D1111","BG",2012,1881
"EUR","P_SAL_Y","10-49","C17","D01","BG",2012,3039
"EUR","P_SAL_Y","10-49","C17","D111","BG",2012,2542
"EUR","P_SAL_Y","10-49","C17","D1111","BG",2012,2333
"EUR","P_SAL_Y","10-49","C18","D01","BG",2012,3671
"EUR","P_SAL_Y","10-49","C18","D111","BG",2012,3104
"EUR","P_SAL_Y","10-49","C18","D1111","BG",2012,2854
"EUR","P_SAL_Y","10-49","C19","D01","BG",2012,NA
"EUR","P_SAL_Y","10-49","C19","D111","BG",2012,NA
"EUR","P_SAL_Y","10-49","C19","D1111","BG",2012,NA
"EUR","P_SAL_Y","10-49","C20","D01","BG",2012,4325
"EUR","P_SAL_Y","10-49","C20","D111","BG",2012,3645
"EUR","P_SAL_Y","10-49","C20","D1111","BG",2012,3389
"EUR","P_SAL_Y","10-49","C21","D01","BG",2012,4939
"EUR","P_SAL_Y","10-49","C21","D111","BG",2012,4185
"EUR","P_SAL_Y","10-49","C21","D1111","BG",2012,3868
"EUR","P_SAL_Y","10-49","C22","D01","BG",2012,3500
"EUR","P_SAL_Y","10-49","C22","D111","BG",2012,2935
"EUR","P_SAL_Y","10-49","C22","D1111","BG",2012,2697
"EUR","P_SAL_Y","10-49","C23","D01","BG",2012,3891
"EUR","P_SAL_Y","10-49","C23","D111","BG",2012,3217
"EUR","P_SAL_Y","10-49","C23","D1111","BG",2012,2969
"EUR","P_SAL_Y","10-49","C24","D01","BG",2012,4241
"EUR","P_SAL_Y","10-49","C24","D111","BG",2012,3476
"EUR","P_SAL_Y","10-49","C24","D1111","BG",2012,3201
"EUR","P_SAL_Y","10-49","C25","D01","BG",2012,3858
"EUR","P_SAL_Y","10-49","C25","D111","BG",2012,3233
"EUR","P_SAL_Y","10-49","C25","D1111","BG",2012,2973
"EUR","P_SAL_Y","10-49","C26","D01","BG",2012,5684
"EUR","P_SAL_Y","10-49","C26","D111","BG",2012,4860
"EUR","P_SAL_Y","10-49","C26","D1111","BG",2012,4477
"EUR","P_SAL_Y","10-49","C27","D01","BG",2012,5485
"EUR","P_SAL_Y","10-49","C27","D111","BG",2012,4756
"EUR","P_SAL_Y","10-49","C27","D1111","BG",2012,4436
"EUR","P_SAL_Y","10-49","C28","D01","BG",2012,4366
"EUR","P_SAL_Y","10-49","C28","D111","BG",2012,3672
"EUR","P_SAL_Y","10-49","C28","D1111","BG",2012,3379
"EUR","P_SAL_Y","10-49","C29","D01","BG",2012,5208
"EUR","P_SAL_Y","10-49","C29","D111","BG",2012,4410
"EUR","P_SAL_Y","10-49","C29","D1111","BG",2012,4065
"EUR","P_SAL_Y","10-49","C30","D01","BG",2012,4045
"EUR","P_SAL_Y","10-49","C30","D111","BG",2012,3390
"EUR","P_SAL_Y","10-49","C30","D1111","BG",2012,3182
"EUR","P_SAL_Y","10-49","C31","D01","BG",2012,2579
"EUR","P_SAL_Y","10-49","C31","D111","BG",2012,2161
"EUR","P_SAL_Y","10-49","C31","D1111","BG",2012,1993
"EUR","P_SAL_Y","10-49","C32","D01","BG",2012,NA
"EUR","P_SAL_Y","10-49","C32","D111","BG",2012,NA
"EUR","P_SAL_Y","10-49","C32","D1111","BG",2012,NA
"EUR","P_SAL_Y","10-49","C33","D01","BG",2012,5153
"EUR","P_SAL_Y","10-49","C33","D111","BG",2012,4343
"EUR","P_SAL_Y","10-49","C33","D1111","BG",2012,4028
"EUR","P_SAL_Y","10-49","D","D01","BG",2012,10151
"EUR","P_SAL_Y","10-49","D","D111","BG",2012,8915
"EUR","P_SAL_Y","10-49","D","D1111","BG",2012,8002
"EUR","P_SAL_Y","10-49","D35","D01","BG",2012,10151
"EUR","P_SAL_Y","10-49","D35","D111","BG",2012,8915
"EUR","P_SAL_Y","10-49","D35","D1111","BG",2012,8002
"EUR","P_SAL_Y","10-49","E","D01","BG",2012,3983
"EUR","P_SAL_Y","10-49","E","D111","BG",2012,3363
"EUR","P_SAL_Y","10-49","E","D1111","BG",2012,3068
"EUR","P_SAL_Y","10-49","E36","D01","BG",2012,4178
"EUR","P_SAL_Y","10-49","E36","D111","BG",2012,3473
"EUR","P_SAL_Y","10-49","E36","D1111","BG",2012,2885
"EUR","P_SAL_Y","10-49","E37","D01","BG",2012,3837
"EUR","P_SAL_Y","10-49","E37","D111","BG",2012,3208
"EUR","P_SAL_Y","10-49","E37","D1111","BG",2012,2957
"EUR","P_SAL_Y","10-49","E38","D01","BG",2012,3766
"EUR","P_SAL_Y","10-49","E38","D111","BG",2012,3175
"EUR","P_SAL_Y","10-49","E38","D1111","BG",2012,2920
"EUR","P_SAL_Y","10-49","E39","D01","BG",2012,6580
"EUR","P_SAL_Y","10-49","E39","D111","BG",2012,5719
"EUR","P_SAL_Y","10-49","E39","D1111","BG",2012,5279
"EUR","P_SAL_Y","10-49","F","D01","BG",2012,4073
"EUR","P_SAL_Y","10-49","F","D111","BG",2012,3445
"EUR","P_SAL_Y","10-49","F","D1111","BG",2012,3213
"EUR","P_SAL_Y","10-49","F41","D01","BG",2012,3560
"EUR","P_SAL_Y","10-49","F41","D111","BG",2012,2998
"EUR","P_SAL_Y","10-49","F41","D1111","BG",2012,2793
"EUR","P_SAL_Y","10-49","F42","D01","BG",2012,5129
"EUR","P_SAL_Y","10-49","F42","D111","BG",2012,4379
"EUR","P_SAL_Y","10-49","F42","D1111","BG",2012,4102
"EUR","P_SAL_Y","10-49","F43","D01","BG",2012,4218
"EUR","P_SAL_Y","10-49","F43","D111","BG",2012,3563
"EUR","P_SAL_Y","10-49","F43","D1111","BG",2012,3317
"EUR","P_SAL_Y","10-49","G","D01","BG",2012,4614
"EUR","P_SAL_Y","10-49","G","D111","BG",2012,3933
"EUR","P_SAL_Y","10-49","G","D1111","BG",2012,3658
"EUR","P_SAL_Y","10-49","G-J","D01","BG",2012,4674
"EUR","P_SAL_Y","10-49","G-J","D111","BG",2012,3977
"EUR","P_SAL_Y","10-49","G-J","D1111","BG",2012,3705
"EUR","P_SAL_Y","10-49","G-N","D01","BG",2012,5099
"EUR","P_SAL_Y","10-49","G-N","D111","BG",2012,4369
"EUR","P_SAL_Y","10-49","G-N","D1111","BG",2012,4067
"EUR","P_SAL_Y","10-49","G-S_X_O","D01","BG",2012,4919
"EUR","P_SAL_Y","10-49","G-S_X_O","D111","BG",2012,4164
"EUR","P_SAL_Y","10-49","G-S_X_O","D1111","BG",2012,3779
"EUR","P_SAL_Y","10-49","G45","D01","BG",2012,4891
"EUR","P_SAL_Y","10-49","G45","D111","BG",2012,4150
"EUR","P_SAL_Y","10-49","G45","D1111","BG",2012,3854
"EUR","P_SAL_Y","10-49","G46","D01","BG",2012,5732
"EUR","P_SAL_Y","10-49","G46","D111","BG",2012,4953
"EUR","P_SAL_Y","10-49","G46","D1111","BG",2012,4608
"EUR","P_SAL_Y","10-49","G47","D01","BG",2012,3468
"EUR","P_SAL_Y","10-49","G47","D111","BG",2012,2895
"EUR","P_SAL_Y","10-49","G47","D1111","BG",2012,2693
"EUR","P_SAL_Y","10-49","H","D01","BG",2012,4093
"EUR","P_SAL_Y","10-49","H","D111","BG",2012,3361
"EUR","P_SAL_Y","10-49","H","D1111","BG",2012,3130
"EUR","P_SAL_Y","10-49","H49","D01","BG",2012,3405
"EUR","P_SAL_Y","10-49","H49","D111","BG",2012,2741
"EUR","P_SAL_Y","10-49","H49","D1111","BG",2012,2558
"EUR","P_SAL_Y","10-49","H50","D01","BG",2012,6412
"EUR","P_SAL_Y","10-49","H50","D111","BG",2012,5539
"EUR","P_SAL_Y","10-49","H50","D1111","BG",2012,5327
"EUR","P_SAL_Y","10-49","H51","D01","BG",2012,12356
"EUR","P_SAL_Y","10-49","H51","D111","BG",2012,10230
"EUR","P_SAL_Y","10-49","H51","D1111","BG",2012,9333
"EUR","P_SAL_Y","10-49","H52","D01","BG",2012,7783
"EUR","P_SAL_Y","10-49","H52","D111","BG",2012,6700
"EUR","P_SAL_Y","10-49","H52","D1111","BG",2012,6208
"EUR","P_SAL_Y","10-49","H53","D01","BG",2012,NA
"EUR","P_SAL_Y","10-49","H53","D111","BG",2012,NA
"EUR","P_SAL_Y","10-49","H53","D1111","BG",2012,NA
"EUR","P_SAL_Y","10-49","I","D01","BG",2012,3211
"EUR","P_SAL_Y","10-49","I","D111","BG",2012,2675
"EUR","P_SAL_Y","10-49","I","D1111","BG",2012,2514
"EUR","P_SAL_Y","10-49","I55","D01","BG",2012,3817
"EUR","P_SAL_Y","10-49","I55","D111","BG",2012,3180
"EUR","P_SAL_Y","10-49","I55","D1111","BG",2012,2978
"EUR","P_SAL_Y","10-49","I56","D01","BG",2012,2948
"EUR","P_SAL_Y","10-49","I56","D111","BG",2012,2456
"EUR","P_SAL_Y","10-49","I56","D1111","BG",2012,2313
"EUR","P_SAL_Y","10-49","J","D01","BG",2012,10446
"EUR","P_SAL_Y","10-49","J","D111","BG",2012,9217
"EUR","P_SAL_Y","10-49","J","D1111","BG",2012,8572
"EUR","P_SAL_Y","10-49","J58","D01","BG",2012,6172
"EUR","P_SAL_Y","10-49","J58","D111","BG",2012,5324
"EUR","P_SAL_Y","10-49","J58","D1111","BG",2012,4939
"EUR","P_SAL_Y","10-49","J59","D01","BG",2012,11067
"EUR","P_SAL_Y","10-49","J59","D111","BG",2012,9840
"EUR","P_SAL_Y","10-49","J59","D1111","BG",2012,9216
"EUR","P_SAL_Y","10-49","J60","D01","BG",2012,6865
"EUR","P_SAL_Y","10-49","J60","D111","BG",2012,5846
"EUR","P_SAL_Y","10-49","J60","D1111","BG",2012,5419
"EUR","P_SAL_Y","10-49","J61","D01","BG",2012,4682
"EUR","P_SAL_Y","10-49","J61","D111","BG",2012,3951
"EUR","P_SAL_Y","10-49","J61","D1111","BG",2012,3635
"EUR","P_SAL_Y","10-49","J62","D01","BG",2012,13777
"EUR","P_SAL_Y","10-49","J62","D111","BG",2012,12251
"EUR","P_SAL_Y","10-49","J62","D1111","BG",2012,11399
"EUR","P_SAL_Y","10-49","J63","D01","BG",2012,9855
"EUR","P_SAL_Y","10-49","J63","D111","BG",2012,8735
"EUR","P_SAL_Y","10-49","J63","D1111","BG",2012,8159
"EUR","P_SAL_Y","10-49","K","D01","BG",2012,10568
"EUR","P_SAL_Y","10-49","K","D111","BG",2012,9335
"EUR","P_SAL_Y","10-49","K","D1111","BG",2012,8634
"EUR","P_SAL_Y","10-49","K-N","D01","BG",2012,6804
"EUR","P_SAL_Y","10-49","K-N","D111","BG",2012,5944
"EUR","P_SAL_Y","10-49","K-N","D1111","BG",2012,5518
"EUR","P_SAL_Y","10-49","K64","D01","BG",2012,11202
"EUR","P_SAL_Y","10-49","K64","D111","BG",2012,9922
"EUR","P_SAL_Y","10-49","K64","D1111","BG",2012,9173
"EUR","P_SAL_Y","10-49","K65","D01","BG",2012,14077
"EUR","P_SAL_Y","10-49","K65","D111","BG",2012,12383
"EUR","P_SAL_Y","10-49","K65","D1111","BG",2012,11206
"EUR","P_SAL_Y","10-49","K66","D01","BG",2012,8307
"EUR","P_SAL_Y","10-49","K66","D111","BG",2012,7309
"EUR","P_SAL_Y","10-49","K66","D1111","BG",2012,6848
"EUR","P_SAL_Y","10-49","L","D01","BG",2012,5871
"EUR","P_SAL_Y","10-49","L","D111","BG",2012,5039
"EUR","P_SAL_Y","10-49","L","D1111","BG",2012,4620
"EUR","P_SAL_Y","10-49","L68","D01","BG",2012,5871
"EUR","P_SAL_Y","10-49","L68","D111","BG",2012,5039
"EUR","P_SAL_Y","10-49","L68","D1111","BG",2012,4620
"EUR","P_SAL_Y","10-49","M","D01","BG",2012,9502
"EUR","P_SAL_Y","10-49","M","D111","BG",2012,8393
"EUR","P_SAL_Y","10-49","M","D1111","BG",2012,7823
"EUR","P_SAL_Y","10-49","M69","D01","BG",2012,7396
"EUR","P_SAL_Y","10-49","M69","D111","BG",2012,6404
"EUR","P_SAL_Y","10-49","M69","D1111","BG",2012,5968
"EUR","P_SAL_Y","10-49","M70","D01","BG",2012,16521
"EUR","P_SAL_Y","10-49","M70","D111","BG",2012,15155
"EUR","P_SAL_Y","10-49","M70","D1111","BG",2012,14383
"EUR","P_SAL_Y","10-49","M71","D01","BG",2012,9380
"EUR","P_SAL_Y","10-49","M71","D111","BG",2012,8185
"EUR","P_SAL_Y","10-49","M71","D1111","BG",2012,7581
"EUR","P_SAL_Y","10-49","M72","D01","BG",2012,6130
"EUR","P_SAL_Y","10-49","M72","D111","BG",2012,5198
"EUR","P_SAL_Y","10-49","M72","D1111","BG",2012,4663
"EUR","P_SAL_Y","10-49","M73","D01","BG",2012,9367
"EUR","P_SAL_Y","10-49","M73","D111","BG",2012,8297
"EUR","P_SAL_Y","10-49","M73","D1111","BG",2012,7734
"EUR","P_SAL_Y","10-49","M74","D01","BG",2012,9468
"EUR","P_SAL_Y","10-49","M74","D111","BG",2012,8387
"EUR","P_SAL_Y","10-49","M74","D1111","BG",2012,7821
"EUR","P_SAL_Y","10-49","M75","D01","BG",2012,3242
"EUR","P_SAL_Y","10-49","M75","D111","BG",2012,2760
"EUR","P_SAL_Y","10-49","M75","D1111","BG",2012,2554
"EUR","P_SAL_Y","10-49","N","D01","BG",2012,3694
"EUR","P_SAL_Y","10-49","N","D111","BG",2012,3156
"EUR","P_SAL_Y","10-49","N","D1111","BG",2012,2939
"EUR","P_SAL_Y","10-49","N77","D01","BG",2012,6848
"EUR","P_SAL_Y","10-49","N77","D111","BG",2012,5843
"EUR","P_SAL_Y","10-49","N77","D1111","BG",2012,5458
"EUR","P_SAL_Y","10-49","N78","D01","BG",2012,6234
"EUR","P_SAL_Y","10-49","N78","D111","BG",2012,5256
"EUR","P_SAL_Y","10-49","N78","D1111","BG",2012,4867
"EUR","P_SAL_Y","10-49","N79","D01","BG",2012,5632
"EUR","P_SAL_Y","10-49","N79","D111","BG",2012,4812
"EUR","P_SAL_Y","10-49","N79","D1111","BG",2012,4510
"EUR","P_SAL_Y","10-49","N80","D01","BG",2012,2723
"EUR","P_SAL_Y","10-49","N80","D111","BG",2012,2298
"EUR","P_SAL_Y","10-49","N80","D1111","BG",2012,2154
"EUR","P_SAL_Y","10-49","N81","D01","BG",2012,2682
"EUR","P_SAL_Y","10-49","N81","D111","BG",2012,2338
"EUR","P_SAL_Y","10-49","N81","D1111","BG",2012,2156
"EUR","P_SAL_Y","10-49","N82","D01","BG",2012,5505
"EUR","P_SAL_Y","10-49","N82","D111","BG",2012,4764
"EUR","P_SAL_Y","10-49","N82","D1111","BG",2012,4424
"EUR","P_SAL_Y","10-49","O","D01","BG",2012,7965
"EUR","P_SAL_Y","10-49","O","D111","BG",2012,6246
"EUR","P_SAL_Y","10-49","O","D1111","BG",2012,5313
"EUR","P_SAL_Y","10-49","O-S","D01","BG",2012,4961
"EUR","P_SAL_Y","10-49","O-S","D111","BG",2012,4043
"EUR","P_SAL_Y","10-49","O-S","D1111","BG",2012,3439
"EUR","P_SAL_Y","10-49","O84","D01","BG",2012,7965
"EUR","P_SAL_Y","10-49","O84","D111","BG",2012,6246
"EUR","P_SAL_Y","10-49","O84","D1111","BG",2012,5313
"EUR","P_SAL_Y","10-49","P","D01","BG",2012,4726
"EUR","P_SAL_Y","10-49","P","D111","BG",2012,3835
"EUR","P_SAL_Y","10-49","P","D1111","BG",2012,3152
"EUR","P_SAL_Y","10-49","P-S","D01","BG",2012,4541
"EUR","P_SAL_Y","10-49","P-S","D111","BG",2012,3735
"EUR","P_SAL_Y","10-49","P-S","D1111","BG",2012,3177
"EUR","P_SAL_Y","10-49","P85","D01","BG",2012,4726
"EUR","P_SAL_Y","10-49","P85","D111","BG",2012,3835
"EUR","P_SAL_Y","10-49","P85","D1111","BG",2012,3152
"EUR","P_SAL_Y","10-49","Q","D01","BG",2012,4358
"EUR","P_SAL_Y","10-49","Q","D111","BG",2012,3675
"EUR","P_SAL_Y","10-49","Q","D1111","BG",2012,3325
"EUR","P_SAL_Y","10-49","Q86","D01","BG",2012,5321
"EUR","P_SAL_Y","10-49","Q86","D111","BG",2012,4522
"EUR","P_SAL_Y","10-49","Q86","D1111","BG",2012,4163
"EUR","P_SAL_Y","10-49","Q87","D01","BG",2012,3394
"EUR","P_SAL_Y","10-49","Q87","D111","BG",2012,2793
"EUR","P_SAL_Y","10-49","Q87","D1111","BG",2012,2440
"EUR","P_SAL_Y","10-49","Q88","D01","BG",2012,3136
"EUR","P_SAL_Y","10-49","Q88","D111","BG",2012,2633
"EUR","P_SAL_Y","10-49","Q88","D1111","BG",2012,2308
"EUR","P_SAL_Y","10-49","R","D01","BG",2012,3804
"EUR","P_SAL_Y","10-49","R","D111","BG",2012,3193
"EUR","P_SAL_Y","10-49","R","D1111","BG",2012,2919
"EUR","P_SAL_Y","10-49","R90","D01","BG",2012,4017
"EUR","P_SAL_Y","10-49","R90","D111","BG",2012,3317
"EUR","P_SAL_Y","10-49","R90","D1111","BG",2012,2935
"EUR","P_SAL_Y","10-49","R91","D01","BG",2012,3709
"EUR","P_SAL_Y","10-49","R91","D111","BG",2012,3068
"EUR","P_SAL_Y","10-49","R91","D1111","BG",2012,2671
"EUR","P_SAL_Y","10-49","R92","D01","BG",2012,3205
"EUR","P_SAL_Y","10-49","R92","D111","BG",2012,2686
"EUR","P_SAL_Y","10-49","R92","D1111","BG",2012,2521
"EUR","P_SAL_Y","10-49","R93","D01","BG",2012,4388
"EUR","P_SAL_Y","10-49","R93","D111","BG",2012,3750
"EUR","P_SAL_Y","10-49","R93","D1111","BG",2012,3503
"EUR","P_SAL_Y","10-49","S","D01","BG",2012,4250
"EUR","P_SAL_Y","10-49","S","D111","BG",2012,3646
"EUR","P_SAL_Y","10-49","S","D1111","BG",2012,3318
"EUR","P_SAL_Y","10-49","S94","D01","BG",2012,5101
"EUR","P_SAL_Y","10-49","S94","D111","BG",2012,4437
"EUR","P_SAL_Y","10-49","S94","D1111","BG",2012,4020
"EUR","P_SAL_Y","10-49","S95","D01","BG",2012,NA
"EUR","P_SAL_Y","10-49","S95","D111","BG",2012,NA
"EUR","P_SAL_Y","10-49","S95","D1111","BG",2012,NA
"EUR","P_SAL_Y","10-49","S96","D01","BG",2012,2979
"EUR","P_SAL_Y","10-49","S96","D111","BG",2012,2480
"EUR","P_SAL_Y","10-49","S96","D1111","BG",2012,2279
"EUR","P_SAL_Y","250-499","B","D01","BG",2012,5910
"EUR","P_SAL_Y","250-499","B","D111","BG",2012,4561
"EUR","P_SAL_Y","250-499","B","D1111","BG",2012,4076
"EUR","P_SAL_Y","250-499","B-E","D01","BG",2012,5944
"EUR","P_SAL_Y","250-499","B-E","D111","BG",2012,4940
"EUR","P_SAL_Y","250-499","B-E","D1111","BG",2012,4343
"EUR","P_SAL_Y","250-499","B-F","D01","BG",2012,6039
"EUR","P_SAL_Y","250-499","B-F","D111","BG",2012,5027
"EUR","P_SAL_Y","250-499","B-F","D1111","BG",2012,4439
"EUR","P_SAL_Y","250-499","B-N","D01","BG",2012,6559
"EUR","P_SAL_Y","250-499","B-N","D111","BG",2012,5539
"EUR","P_SAL_Y","250-499","B-N","D1111","BG",2012,4944
"EUR","P_SAL_Y","250-499","B-S","D01","BG",2012,6689
"EUR","P_SAL_Y","250-499","B-S","D111","BG",2012,5594
"EUR","P_SAL_Y","250-499","B-S","D1111","BG",2012,4965
"EUR","P_SAL_Y","250-499","B-S_X_O","D01","BG",2012,6529
"EUR","P_SAL_Y","250-499","B-S_X_O","D111","BG",2012,5509
"EUR","P_SAL_Y","250-499","B-S_X_O","D1111","BG",2012,4896
"EUR","P_SAL_Y","250-499","B05","D01","BG",2012,4680
"EUR","P_SAL_Y","250-499","B05","D111","BG",2012,3559
"EUR","P_SAL_Y","250-499","B05","D1111","BG",2012,3209
"EUR","P_SAL_Y","250-499","B06","D01","BG",2012,NA
"EUR","P_SAL_Y","250-499","B06","D111","BG",2012,NA
"EUR","P_SAL_Y","250-499","B06","D1111","BG",2012,NA
"EUR","P_SAL_Y","250-499","B07","D01","BG",2012,7010
"EUR","P_SAL_Y","250-499","B07","D111","BG",2012,5376
"EUR","P_SAL_Y","250-499","B07","D1111","BG",2012,4844
"EUR","P_SAL_Y","250-499","B08","D01","BG",2012,5326
"EUR","P_SAL_Y","250-499","B08","D111","BG",2012,4275
"EUR","P_SAL_Y","250-499","B08","D1111","BG",2012,3682
"EUR","P_SAL_Y","250-499","C","D01","BG",2012,5724
"EUR","P_SAL_Y","250-499","C","D111","BG",2012,4781
"EUR","P_SAL_Y","250-499","C","D1111","BG",2012,4229
"EUR","P_SAL_Y","250-499","C10","D01","BG",2012,NA
"EUR","P_SAL_Y","250-499","C10","D111","BG",2012,NA
"EUR","P_SAL_Y","250-499","C10","D1111","BG",2012,NA
"EUR","P_SAL_Y","250-499","C11","D01","BG",2012,7297
"EUR","P_SAL_Y","250-499","C11","D111","BG",2012,6198
"EUR","P_SAL_Y","250-499","C11","D1111","BG",2012,5671
"EUR","P_SAL_Y","250-499","C12","D01","BG",2012,10594
"EUR","P_SAL_Y","250-499","C12","D111","BG",2012,9118
"EUR","P_SAL_Y","250-499","C12","D1111","BG",2012,7944
"EUR","P_SAL_Y","250-499","C13","D01","BG",2012,3864
"EUR","P_SAL_Y","250-499","C13","D111","BG",2012,3142
"EUR","P_SAL_Y","250-499","C13","D1111","BG",2012,2736
"EUR","P_SAL_Y","250-499","C14","D01","BG",2012,3624
"EUR","P_SAL_Y","250-499","C14","D111","BG",2012,3041
"EUR","P_SAL_Y","250-499","C14","D1111","BG",2012,2697
"EUR","P_SAL_Y","250-499","C15","D01","BG",2012,3862
"EUR","P_SAL_Y","250-499","C15","D111","BG",2012,3280
"EUR","P_SAL_Y","250-499","C15","D1111","BG",2012,2834
"EUR","P_SAL_Y","250-499","C16","D01","BG",2012,NA
"EUR","P_SAL_Y","250-499","C16","D111","BG",2012,NA
"EUR","P_SAL_Y","250-499","C16","D1111","BG",2012,NA
"EUR","P_SAL_Y","250-499","C17","D01","BG",2012,5718
"EUR","P_SAL_Y","250-499","C17","D111","BG",2012,4685
"EUR","P_SAL_Y","250-499","C17","D1111","BG",2012,4043
"EUR","P_SAL_Y","250-499","C18","D01","BG",2012,8188
"EUR","P_SAL_Y","250-499","C18","D111","BG",2012,7019
"EUR","P_SAL_Y","250-499","C18","D1111","BG",2012,6343
"EUR","P_SAL_Y","250-499","C19","D01","BG",2012,NA
"EUR","P_SAL_Y","250-499","C19","D111","BG",2012,NA
"EUR","P_SAL_Y","250-499","C19","D1111","BG",2012,NA
"EUR","P_SAL_Y","250-499","C20","D01","BG",2012,10547
"EUR","P_SAL_Y","250-499","C20","D111","BG",2012,8772
"EUR","P_SAL_Y","250-499","C20","D1111","BG",2012,7653
"EUR","P_SAL_Y","250-499","C21","D01","BG",2012,7178
"EUR","P_SAL_Y","250-499","C21","D111","BG",2012,6028
"EUR","P_SAL_Y","250-499","C21","D1111","BG",2012,5221
"EUR","P_SAL_Y","250-499","C22","D01","BG",2012,4490
"EUR","P_SAL_Y","250-499","C22","D111","BG",2012,3797
"EUR","P_SAL_Y","250-499","C22","D1111","BG",2012,3516
"EUR","P_SAL_Y","250-499","C23","D01","BG",2012,NA
"EUR","P_SAL_Y","250-499","C23","D111","BG",2012,NA
"EUR","P_SAL_Y","250-499","C23","D1111","BG",2012,NA
"EUR","P_SAL_Y","250-499","C24","D01","BG",2012,6657
"EUR","P_SAL_Y","250-499","C24","D111","BG",2012,5281
"EUR","P_SAL_Y","250-499","C24","D1111","BG",2012,4473
"EUR","P_SAL_Y","250-499","C25","D01","BG",2012,5378
"EUR","P_SAL_Y","250-499","C25","D111","BG",2012,4473
"EUR","P_SAL_Y","250-499","C25","D1111","BG",2012,3846
"EUR","P_SAL_Y","250-499","C26","D01","BG",2012,7538
"EUR","P_SAL_Y","250-499","C26","D111","BG",2012,6436
"EUR","P_SAL_Y","250-499","C26","D1111","BG",2012,5416
"EUR","P_SAL_Y","250-499","C27","D01","BG",2012,6426
"EUR","P_SAL_Y","250-499","C27","D111","BG",2012,5417
"EUR","P_SAL_Y","250-499","C27","D1111","BG",2012,4834
"EUR","P_SAL_Y","250-499","C28","D01","BG",2012,6740
"EUR","P_SAL_Y","250-499","C28","D111","BG",2012,5628
"EUR","P_SAL_Y","250-499","C28","D1111","BG",2012,5043
"EUR","P_SAL_Y","250-499","C29","D01","BG",2012,5224
"EUR","P_SAL_Y","250-499","C29","D111","BG",2012,4366
"EUR","P_SAL_Y","250-499","C29","D1111","BG",2012,3906
"EUR","P_SAL_Y","250-499","C30","D01","BG",2012,5827
"EUR","P_SAL_Y","250-499","C30","D111","BG",2012,4810
"EUR","P_SAL_Y","250-499","C30","D1111","BG",2012,4383
"EUR","P_SAL_Y","250-499","C31","D01","BG",2012,NA
"EUR","P_SAL_Y","250-499","C31","D111","BG",2012,NA
"EUR","P_SAL_Y","250-499","C31","D1111","BG",2012,NA
"EUR","P_SAL_Y","250-499","C32","D01","BG",2012,NA
"EUR","P_SAL_Y","250-499","C32","D111","BG",2012,NA
"EUR","P_SAL_Y","250-499","C32","D1111","BG",2012,NA
"EUR","P_SAL_Y","250-499","C33","D01","BG",2012,6420
"EUR","P_SAL_Y","250-499","C33","D111","BG",2012,4938
"EUR","P_SAL_Y","250-499","C33","D1111","BG",2012,4335
"EUR","P_SAL_Y","250-499","D","D01","BG",2012,15927
"EUR","P_SAL_Y","250-499","D","D111","BG",2012,13026
"EUR","P_SAL_Y","250-499","D","D1111","BG",2012,11142
"EUR","P_SAL_Y","250-499","D35","D01","BG",2012,15927
"EUR","P_SAL_Y","250-499","D35","D111","BG",2012,13026
"EUR","P_SAL_Y","250-499","D35","D1111","BG",2012,11142
"EUR","P_SAL_Y","250-499","E","D01","BG",2012,4750
"EUR","P_SAL_Y","250-499","E","D111","BG",2012,3960
"EUR","P_SAL_Y","250-499","E","D1111","BG",2012,3384
"EUR","P_SAL_Y","250-499","E36","D01","BG",2012,5123
"EUR","P_SAL_Y","250-499","E36","D111","BG",2012,4264
"EUR","P_SAL_Y","250-499","E36","D1111","BG",2012,3491
"EUR","P_SAL_Y","250-499","E37","D01","BG",2012,NA
"EUR","P_SAL_Y","250-499","E37","D111","BG",2012,NA
"EUR","P_SAL_Y","250-499","E37","D1111","BG",2012,NA
"EUR","P_SAL_Y","250-499","E38","D01","BG",2012,4329
"EUR","P_SAL_Y","250-499","E38","D111","BG",2012,3620
"EUR","P_SAL_Y","250-499","E38","D1111","BG",2012,3296
"EUR","P_SAL_Y","250-499","F","D01","BG",2012,6681
"EUR","P_SAL_Y","250-499","F","D111","BG",2012,5616
"EUR","P_SAL_Y","250-499","F","D1111","BG",2012,5085
"EUR","P_SAL_Y","250-499","F41","D01","BG",2012,NA
"EUR","P_SAL_Y","250-499","F41","D111","BG",2012,NA
"EUR","P_SAL_Y","250-499","F41","D1111","BG",2012,NA
"EUR","P_SAL_Y","250-499","F42","D01","BG",2012,6829
"EUR","P_SAL_Y","250-499","F42","D111","BG",2012,5738
"EUR","P_SAL_Y","250-499","F42","D1111","BG",2012,5221
"EUR","P_SAL_Y","250-499","F43","D01","BG",2012,NA
"EUR","P_SAL_Y","250-499","F43","D111","BG",2012,NA
"EUR","P_SAL_Y","250-499","F43","D1111","BG",2012,NA
"EUR","P_SAL_Y","250-499","G","D01","BG",2012,6610
"EUR","P_SAL_Y","250-499","G","D111","BG",2012,5625
"EUR","P_SAL_Y","250-499","G","D1111","BG",2012,5167
"EUR","P_SAL_Y","250-499","G-J","D01","BG",2012,8939
"EUR","P_SAL_Y","250-499","G-J","D111","BG",2012,7661
"EUR","P_SAL_Y","250-499","G-J","D1111","BG",2012,6921
"EUR","P_SAL_Y","250-499","G-N","D01","BG",2012,7328
"EUR","P_SAL_Y","250-499","G-N","D111","BG",2012,6296
"EUR","P_SAL_Y","250-499","G-N","D1111","BG",2012,5692
"EUR","P_SAL_Y","250-499","G-S_X_O","D01","BG",2012,7031
"EUR","P_SAL_Y","250-499","G-S_X_O","D111","BG",2012,6002
"EUR","P_SAL_Y","250-499","G-S_X_O","D1111","BG",2012,5363
"EUR","P_SAL_Y","250-499","G45","D01","BG",2012,8348
"EUR","P_SAL_Y","250-499","G45","D111","BG",2012,7119
"EUR","P_SAL_Y","250-499","G45","D1111","BG",2012,6490
"EUR","P_SAL_Y","250-499","G46","D01","BG",2012,7069
"EUR","P_SAL_Y","250-499","G46","D111","BG",2012,6031
"EUR","P_SAL_Y","250-499","G46","D1111","BG",2012,5497
"EUR","P_SAL_Y","250-499","G47","D01","BG",2012,5784
"EUR","P_SAL_Y","250-499","G47","D111","BG",2012,4907
"EUR","P_SAL_Y","250-499","G47","D1111","BG",2012,4555
"EUR","P_SAL_Y","250-499","H","D01","BG",2012,5799
"EUR","P_SAL_Y","250-499","H","D111","BG",2012,4564
"EUR","P_SAL_Y","250-499","H","D1111","BG",2012,3836
"EUR","P_SAL_Y","250-499","H49","D01","BG",2012,5452
"EUR","P_SAL_Y","250-499","H49","D111","BG",2012,4245
"EUR","P_SAL_Y","250-499","H49","D1111","BG",2012,3582
"EUR","P_SAL_Y","250-499","H50","D01","BG",2012,NA
"EUR","P_SAL_Y","250-499","H50","D111","BG",2012,NA
"EUR","P_SAL_Y","250-499","H50","D1111","BG",2012,NA
"EUR","P_SAL_Y","250-499","H51","D01","BG",2012,NA
"EUR","P_SAL_Y","250-499","H51","D111","BG",2012,NA
"EUR","P_SAL_Y","250-499","H51","D1111","BG",2012,NA
"EUR","P_SAL_Y","250-499","H52","D01","BG",2012,NA
"EUR","P_SAL_Y","250-499","H52","D111","BG",2012,NA
"EUR","P_SAL_Y","250-499","H52","D1111","BG",2012,NA
"EUR","P_SAL_Y","250-499","H53","D01","BG",2012,NA
"EUR","P_SAL_Y","250-499","H53","D111","BG",2012,NA
"EUR","P_SAL_Y","250-499","H53","D1111","BG",2012,NA
"EUR","P_SAL_Y","250-499","I","D01","BG",2012,4213
"EUR","P_SAL_Y","250-499","I","D111","BG",2012,3514
"EUR","P_SAL_Y","250-499","I","D1111","BG",2012,3185
"EUR","P_SAL_Y","250-499","I55","D01","BG",2012,4890
"EUR","P_SAL_Y","250-499","I55","D111","BG",2012,4082
"EUR","P_SAL_Y","250-499","I55","D1111","BG",2012,3663
"EUR","P_SAL_Y","250-499","I56","D01","BG",2012,2809
"EUR","P_SAL_Y","250-499","I56","D111","BG",2012,2336
"EUR","P_SAL_Y","250-499","I56","D1111","BG",2012,2195
"EUR","P_SAL_Y","250-499","J","D01","BG",2012,18825
"EUR","P_SAL_Y","250-499","J","D111","BG",2012,16569
"EUR","P_SAL_Y","250-499","J","D1111","BG",2012,15031
"EUR","P_SAL_Y","250-499","J58","D01","BG",2012,NA
"EUR","P_SAL_Y","250-499","J58","D111","BG",2012,NA
"EUR","P_SAL_Y","250-499","J58","D1111","BG",2012,NA
"EUR","P_SAL_Y","250-499","J60","D01","BG",2012,18256
"EUR","P_SAL_Y","250-499","J60","D111","BG",2012,15988
"EUR","P_SAL_Y","250-499","J60","D1111","BG",2012,14549
"EUR","P_SAL_Y","250-499","J61","D01","BG",2012,8986
"EUR","P_SAL_Y","250-499","J61","D111","BG",2012,7319
"EUR","P_SAL_Y","250-499","J61","D1111","BG",2012,6668
"EUR","P_SAL_Y","250-499","J62","D01","BG",2012,25564
"EUR","P_SAL_Y","250-499","J62","D111","BG",2012,22802
"EUR","P_SAL_Y","250-499","J62","D1111","BG",2012,20682
"EUR","P_SAL_Y","250-499","J63","D01","BG",2012,12974
"EUR","P_SAL_Y","250-499","J63","D111","BG",2012,11280
"EUR","P_SAL_Y","250-499","J63","D1111","BG",2012,10196
"EUR","P_SAL_Y","250-499","K","D01","BG",2012,10204
"EUR","P_SAL_Y","250-499","K","D111","BG",2012,8856
"EUR","P_SAL_Y","250-499","K","D1111","BG",2012,7993
"EUR","P_SAL_Y","250-499","K-N","D01","BG",2012,5441
"EUR","P_SAL_Y","250-499","K-N","D111","BG",2012,4699
"EUR","P_SAL_Y","250-499","K-N","D1111","BG",2012,4253
"EUR","P_SAL_Y","250-499","K64","D01","BG",2012,10562
"EUR","P_SAL_Y","250-499","K64","D111","BG",2012,9111
"EUR","P_SAL_Y","250-499","K64","D1111","BG",2012,8078
"EUR","P_SAL_Y","250-499","K65","D01","BG",2012,11159
"EUR","P_SAL_Y","250-499","K65","D111","BG",2012,9716
"EUR","P_SAL_Y","250-499","K65","D1111","BG",2012,8916
"EUR","P_SAL_Y","250-499","K66","D01","BG",2012,NA
"EUR","P_SAL_Y","250-499","K66","D111","BG",2012,NA
"EUR","P_SAL_Y","250-499","K66","D1111","BG",2012,NA
"EUR","P_SAL_Y","250-499","L","D01","BG",2012,8946
"EUR","P_SAL_Y","250-499","L","D111","BG",2012,7509
"EUR","P_SAL_Y","250-499","L","D1111","BG",2012,6820
"EUR","P_SAL_Y","250-499","L68","D01","BG",2012,8946
"EUR","P_SAL_Y","250-499","L68","D111","BG",2012,7509
"EUR","P_SAL_Y","250-499","L68","D1111","BG",2012,6820
"EUR","P_SAL_Y","250-499","M","D01","BG",2012,8822
"EUR","P_SAL_Y","250-499","M","D111","BG",2012,7382
"EUR","P_SAL_Y","250-499","M","D1111","BG",2012,6537
"EUR","P_SAL_Y","250-499","M69","D01","BG",2012,NA
"EUR","P_SAL_Y","250-499","M69","D111","BG",2012,NA
"EUR","P_SAL_Y","250-499","M69","D1111","BG",2012,NA
"EUR","P_SAL_Y","250-499","M70","D01","BG",2012,NA
"EUR","P_SAL_Y","250-499","M70","D111","BG",2012,NA
"EUR","P_SAL_Y","250-499","M70","D1111","BG",2012,NA
"EUR","P_SAL_Y","250-499","M71","D01","BG",2012,NA
"EUR","P_SAL_Y","250-499","M71","D111","BG",2012,NA
"EUR","P_SAL_Y","250-499","M71","D1111","BG",2012,NA
"EUR","P_SAL_Y","250-499","M72","D01","BG",2012,4592
"EUR","P_SAL_Y","250-499","M72","D111","BG",2012,3789
"EUR","P_SAL_Y","250-499","M72","D1111","BG",2012,3414
"EUR","P_SAL_Y","250-499","M73","D01","BG",2012,NA
"EUR","P_SAL_Y","250-499","M73","D111","BG",2012,NA
"EUR","P_SAL_Y","250-499","M73","D1111","BG",2012,NA
"EUR","P_SAL_Y","250-499","M74","D01","BG",2012,15012
"EUR","P_SAL_Y","250-499","M74","D111","BG",2012,12746
"EUR","P_SAL_Y","250-499","M74","D1111","BG",2012,11649
"EUR","P_SAL_Y","250-499","N","D01","BG",2012,3221
"EUR","P_SAL_Y","250-499","N","D111","BG",2012,2832
"EUR","P_SAL_Y","250-499","N","D1111","BG",2012,2604
"EUR","P_SAL_Y","250-499","N78","D01","BG",2012,5973
"EUR","P_SAL_Y","250-499","N78","D111","BG",2012,5056
"EUR","P_SAL_Y","250-499","N78","D1111","BG",2012,4685
"EUR","P_SAL_Y","250-499","N80","D01","BG",2012,3145
"EUR","P_SAL_Y","250-499","N80","D111","BG",2012,2669
"EUR","P_SAL_Y","250-499","N80","D1111","BG",2012,2477
"EUR","P_SAL_Y","250-499","N81","D01","BG",2012,2010
"EUR","P_SAL_Y","250-499","N81","D111","BG",2012,1974
"EUR","P_SAL_Y","250-499","N81","D1111","BG",2012,1790
"EUR","P_SAL_Y","250-499","N82","D01","BG",2012,8064
"EUR","P_SAL_Y","250-499","N82","D111","BG",2012,6768
"EUR","P_SAL_Y","250-499","N82","D1111","BG",2012,6168
"EUR","P_SAL_Y","250-499","O","D01","BG",2012,8097
"EUR","P_SAL_Y","250-499","O","D111","BG",2012,6348
"EUR","P_SAL_Y","250-499","O","D1111","BG",2012,5581
"EUR","P_SAL_Y","250-499","O-S","D01","BG",2012,7102
"EUR","P_SAL_Y","250-499","O-S","D111","BG",2012,5770
"EUR","P_SAL_Y","250-499","O-S","D1111","BG",2012,5033
"EUR","P_SAL_Y","250-499","O84","D01","BG",2012,8097
"EUR","P_SAL_Y","250-499","O84","D111","BG",2012,6348
"EUR","P_SAL_Y","250-499","O84","D1111","BG",2012,5581
"EUR","P_SAL_Y","250-499","P","D01","BG",2012,7946
"EUR","P_SAL_Y","250-499","P","D111","BG",2012,6597
"EUR","P_SAL_Y","250-499","P","D1111","BG",2012,5483
"EUR","P_SAL_Y","250-499","P-S","D01","BG",2012,6362
"EUR","P_SAL_Y","250-499","P-S","D111","BG",2012,5340
"EUR","P_SAL_Y","250-499","P-S","D1111","BG",2012,4624
"EUR","P_SAL_Y","250-499","P85","D01","BG",2012,7946
"EUR","P_SAL_Y","250-499","P85","D111","BG",2012,6597
"EUR","P_SAL_Y","250-499","P85","D1111","BG",2012,5483
"EUR","P_SAL_Y","250-499","Q","D01","BG",2012,6184
"EUR","P_SAL_Y","250-499","Q","D111","BG",2012,5172
"EUR","P_SAL_Y","250-499","Q","D1111","BG",2012,4543
"EUR","P_SAL_Y","250-499","Q86","D01","BG",2012,6420
"EUR","P_SAL_Y","250-499","Q86","D111","BG",2012,5371
"EUR","P_SAL_Y","250-499","Q86","D1111","BG",2012,4726
"EUR","P_SAL_Y","250-499","Q87","D01","BG",2012,NA
"EUR","P_SAL_Y","250-499","Q87","D111","BG",2012,NA
"EUR","P_SAL_Y","250-499","Q87","D1111","BG",2012,NA
"EUR","P_SAL_Y","250-499","Q88","D01","BG",2012,3724
"EUR","P_SAL_Y","250-499","Q88","D111","BG",2012,3108
"EUR","P_SAL_Y","250-499","Q88","D1111","BG",2012,2637
"EUR","P_SAL_Y","250-499","R","D01","BG",2012,4969
"EUR","P_SAL_Y","250-499","R","D111","BG",2012,4158
"EUR","P_SAL_Y","250-499","R","D1111","BG",2012,3658
"EUR","P_SAL_Y","250-499","R90","D01","BG",2012,4722
"EUR","P_SAL_Y","250-499","R90","D111","BG",2012,3927
"EUR","P_SAL_Y","250-499","R90","D1111","BG",2012,3405
"EUR","P_SAL_Y","250-499","R91","D01","BG",2012,NA
"EUR","P_SAL_Y","250-499","R91","D111","BG",2012,NA
"EUR","P_SAL_Y","250-499","R91","D1111","BG",2012,NA
"EUR","P_SAL_Y","250-499","R92","D01","BG",2012,NA
"EUR","P_SAL_Y","250-499","R92","D111","BG",2012,NA
"EUR","P_SAL_Y","250-499","R92","D1111","BG",2012,NA
"EUR","P_SAL_Y","250-499","R93","D01","BG",2012,NA
"EUR","P_SAL_Y","250-499","R93","D111","BG",2012,NA
"EUR","P_SAL_Y","250-499","R93","D1111","BG",2012,NA
"EUR","P_SAL_Y","250-499","S","D01","BG",2012,3440
"EUR","P_SAL_Y","250-499","S","D111","BG",2012,3425
"EUR","P_SAL_Y","250-499","S","D1111","BG",2012,3196
"EUR","P_SAL_Y","250-499","S94","D01","BG",2012,3440
"EUR","P_SAL_Y","250-499","S94","D111","BG",2012,3425
"EUR","P_SAL_Y","250-499","S94","D1111","BG",2012,3196
"EUR","P_SAL_Y","50-249","B","D01","BG",2012,6273
"EUR","P_SAL_Y","50-249","B","D111","BG",2012,4937
"EUR","P_SAL_Y","50-249","B","D1111","BG",2012,4388
"EUR","P_SAL_Y","50-249","B-E","D01","BG",2012,4533
"EUR","P_SAL_Y","50-249","B-E","D111","BG",2012,3795
"EUR","P_SAL_Y","50-249","B-E","D1111","BG",2012,3435
"EUR","P_SAL_Y","50-249","B-F","D01","BG",2012,4612
"EUR","P_SAL_Y","50-249","B-F","D111","BG",2012,3864
"EUR","P_SAL_Y","50-249","B-F","D1111","BG",2012,3512
"EUR","P_SAL_Y","50-249","B-N","D01","BG",2012,5345
"EUR","P_SAL_Y","50-249","B-N","D111","BG",2012,4545
"EUR","P_SAL_Y","50-249","B-N","D1111","BG",2012,4149
"EUR","P_SAL_Y","50-249","B-S","D01","BG",2012,5464
"EUR","P_SAL_Y","50-249","B-S","D111","BG",2012,4598
"EUR","P_SAL_Y","50-249","B-S","D1111","BG",2012,4128
"EUR","P_SAL_Y","50-249","B-S_X_O","D01","BG",2012,5414
"EUR","P_SAL_Y","50-249","B-S_X_O","D111","BG",2012,4583
"EUR","P_SAL_Y","50-249","B-S_X_O","D1111","BG",2012,4127
"EUR","P_SAL_Y","50-249","B05","D01","BG",2012,5637
"EUR","P_SAL_Y","50-249","B05","D111","BG",2012,4379
"EUR","P_SAL_Y","50-249","B05","D1111","BG",2012,3924
"EUR","P_SAL_Y","50-249","B07","D01","BG",2012,6965
"EUR","P_SAL_Y","50-249","B07","D111","BG",2012,5128
"EUR","P_SAL_Y","50-249","B07","D1111","BG",2012,4411
"EUR","P_SAL_Y","50-249","B08","D01","BG",2012,6244
"EUR","P_SAL_Y","50-249","B08","D111","BG",2012,5038
"EUR","P_SAL_Y","50-249","B08","D1111","BG",2012,4484
"EUR","P_SAL_Y","50-249","B09","D01","BG",2012,NA
"EUR","P_SAL_Y","50-249","B09","D111","BG",2012,NA
"EUR","P_SAL_Y","50-249","B09","D1111","BG",2012,NA
"EUR","P_SAL_Y","50-249","C","D01","BG",2012,4408
"EUR","P_SAL_Y","50-249","C","D111","BG",2012,3697
"EUR","P_SAL_Y","50-249","C","D1111","BG",2012,3358
"EUR","P_SAL_Y","50-249","C10","D01","BG",2012,4228
"EUR","P_SAL_Y","50-249","C10","D111","BG",2012,3561
"EUR","P_SAL_Y","50-249","C10","D1111","BG",2012,3270
"EUR","P_SAL_Y","50-249","C11","D01","BG",2012,4991
"EUR","P_SAL_Y","50-249","C11","D111","BG",2012,4177
"EUR","P_SAL_Y","50-249","C11","D1111","BG",2012,3773
"EUR","P_SAL_Y","50-249","C12","D01","BG",2012,5566
"EUR","P_SAL_Y","50-249","C12","D111","BG",2012,4470
"EUR","P_SAL_Y","50-249","C12","D1111","BG",2012,4116
"EUR","P_SAL_Y","50-249","C13","D01","BG",2012,3940
"EUR","P_SAL_Y","50-249","C13","D111","BG",2012,3243
"EUR","P_SAL_Y","50-249","C13","D1111","BG",2012,2922
"EUR","P_SAL_Y","50-249","C14","D01","BG",2012,2915
"EUR","P_SAL_Y","50-249","C14","D111","BG",2012,2439
"EUR","P_SAL_Y","50-249","C14","D1111","BG",2012,2215
"EUR","P_SAL_Y","50-249","C15","D01","BG",2012,2838
"EUR","P_SAL_Y","50-249","C15","D111","BG",2012,2371
"EUR","P_SAL_Y","50-249","C15","D1111","BG",2012,2159
"EUR","P_SAL_Y","50-249","C16","D01","BG",2012,3545
"EUR","P_SAL_Y","50-249","C16","D111","BG",2012,2982
"EUR","P_SAL_Y","50-249","C16","D1111","BG",2012,2684
"EUR","P_SAL_Y","50-249","C17","D01","BG",2012,4202
"EUR","P_SAL_Y","50-249","C17","D111","BG",2012,3516
"EUR","P_SAL_Y","50-249","C17","D1111","BG",2012,3251
"EUR","P_SAL_Y","50-249","C18","D01","BG",2012,5830
"EUR","P_SAL_Y","50-249","C18","D111","BG",2012,4870
"EUR","P_SAL_Y","50-249","C18","D1111","BG",2012,4426
"EUR","P_SAL_Y","50-249","C19","D01","BG",2012,6951
"EUR","P_SAL_Y","50-249","C19","D111","BG",2012,5804
"EUR","P_SAL_Y","50-249","C19","D1111","BG",2012,5321
"EUR","P_SAL_Y","50-249","C20","D01","BG",2012,6120
"EUR","P_SAL_Y","50-249","C20","D111","BG",2012,5131
"EUR","P_SAL_Y","50-249","C20","D1111","BG",2012,4688
"EUR","P_SAL_Y","50-249","C21","D01","BG",2012,6345
"EUR","P_SAL_Y","50-249","C21","D111","BG",2012,5350
"EUR","P_SAL_Y","50-249","C21","D1111","BG",2012,4900
"EUR","P_SAL_Y","50-249","C22","D01","BG",2012,4605
"EUR","P_SAL_Y","50-249","C22","D111","BG",2012,3884
"EUR","P_SAL_Y","50-249","C22","D1111","BG",2012,3534
"EUR","P_SAL_Y","50-249","C23","D01","BG",2012,6673
"EUR","P_SAL_Y","50-249","C23","D111","BG",2012,5576
"EUR","P_SAL_Y","50-249","C23","D1111","BG",2012,4933
"EUR","P_SAL_Y","50-249","C24","D01","BG",2012,5375
"EUR","P_SAL_Y","50-249","C24","D111","BG",2012,4406
"EUR","P_SAL_Y","50-249","C24","D1111","BG",2012,3957
"EUR","P_SAL_Y","50-249","C25","D01","BG",2012,4986
"EUR","P_SAL_Y","50-249","C25","D111","BG",2012,4179
"EUR","P_SAL_Y","50-249","C25","D1111","BG",2012,3791
"EUR","P_SAL_Y","50-249","C26","D01","BG",2012,7384
"EUR","P_SAL_Y","50-249","C26","D111","BG",2012,6317
"EUR","P_SAL_Y","50-249","C26","D1111","BG",2012,5745
"EUR","P_SAL_Y","50-249","C27","D01","BG",2012,5469
"EUR","P_SAL_Y","50-249","C27","D111","BG",2012,4594
"EUR","P_SAL_Y","50-249","C27","D1111","BG",2012,4209
"EUR","P_SAL_Y","50-249","C28","D01","BG",2012,6116
"EUR","P_SAL_Y","50-249","C28","D111","BG",2012,5108
"EUR","P_SAL_Y","50-249","C28","D1111","BG",2012,4634
"EUR","P_SAL_Y","50-249","C29","D01","BG",2012,3994
"EUR","P_SAL_Y","50-249","C29","D111","BG",2012,3350
"EUR","P_SAL_Y","50-249","C29","D1111","BG",2012,3046
"EUR","P_SAL_Y","50-249","C30","D01","BG",2012,5417
"EUR","P_SAL_Y","50-249","C30","D111","BG",2012,4596
"EUR","P_SAL_Y","50-249","C30","D1111","BG",2012,4166
"EUR","P_SAL_Y","50-249","C31","D01","BG",2012,3675
"EUR","P_SAL_Y","50-249","C31","D111","BG",2012,3089
"EUR","P_SAL_Y","50-249","C31","D1111","BG",2012,2817
"EUR","P_SAL_Y","50-249","C32","D01","BG",2012,4503
"EUR","P_SAL_Y","50-249","C32","D111","BG",2012,3772
"EUR","P_SAL_Y","50-249","C32","D1111","BG",2012,3387
"EUR","P_SAL_Y","50-249","C33","D01","BG",2012,7345
"EUR","P_SAL_Y","50-249","C33","D111","BG",2012,6168
"EUR","P_SAL_Y","50-249","C33","D1111","BG",2012,5491
"EUR","P_SAL_Y","50-249","D","D01","BG",2012,10303
"EUR","P_SAL_Y","50-249","D","D111","BG",2012,8594
"EUR","P_SAL_Y","50-249","D","D1111","BG",2012,7072
"EUR","P_SAL_Y","50-249","D35","D01","BG",2012,10303
"EUR","P_SAL_Y","50-249","D35","D111","BG",2012,8594
"EUR","P_SAL_Y","50-249","D35","D1111","BG",2012,7072
"EUR","P_SAL_Y","50-249","E","D01","BG",2012,4830
"EUR","P_SAL_Y","50-249","E","D111","BG",2012,4055
"EUR","P_SAL_Y","50-249","E","D1111","BG",2012,3638
"EUR","P_SAL_Y","50-249","E36","D01","BG",2012,4840
"EUR","P_SAL_Y","50-249","E36","D111","BG",2012,3967
"EUR","P_SAL_Y","50-249","E36","D1111","BG",2012,3285
"EUR","P_SAL_Y","50-249","E37","D01","BG",2012,NA
"EUR","P_SAL_Y","50-249","E37","D111","BG",2012,NA
"EUR","P_SAL_Y","50-249","E37","D1111","BG",2012,NA
"EUR","P_SAL_Y","50-249","E38","D01","BG",2012,4774
"EUR","P_SAL_Y","50-249","E38","D111","BG",2012,4032
"EUR","P_SAL_Y","50-249","E38","D1111","BG",2012,3690
"EUR","P_SAL_Y","50-249","E39","D01","BG",2012,5192
"EUR","P_SAL_Y","50-249","E39","D111","BG",2012,4289
"EUR","P_SAL_Y","50-249","E39","D1111","BG",2012,3604
"EUR","P_SAL_Y","50-249","F","D01","BG",2012,4935
"EUR","P_SAL_Y","50-249","F","D111","BG",2012,4149
"EUR","P_SAL_Y","50-249","F","D1111","BG",2012,3830
"EUR","P_SAL_Y","50-249","F41","D01","BG",2012,4428
"EUR","P_SAL_Y","50-249","F41","D111","BG",2012,3744
"EUR","P_SAL_Y","50-249","F41","D1111","BG",2012,3460
"EUR","P_SAL_Y","50-249","F42","D01","BG",2012,5350
"EUR","P_SAL_Y","50-249","F42","D111","BG",2012,4474
"EUR","P_SAL_Y","50-249","F42","D1111","BG",2012,4105
"EUR","P_SAL_Y","50-249","F43","D01","BG",2012,5300
"EUR","P_SAL_Y","50-249","F43","D111","BG",2012,4452
"EUR","P_SAL_Y","50-249","F43","D1111","BG",2012,4149
"EUR","P_SAL_Y","50-249","G","D01","BG",2012,6141
"EUR","P_SAL_Y","50-249","G","D111","BG",2012,5257
"EUR","P_SAL_Y","50-249","G","D1111","BG",2012,4843
"EUR","P_SAL_Y","50-249","G-J","D01","BG",2012,6556
"EUR","P_SAL_Y","50-249","G-J","D111","BG",2012,5602
"EUR","P_SAL_Y","50-249","G-J","D1111","BG",2012,5155
"EUR","P_SAL_Y","50-249","G-N","D01","BG",2012,6224
"EUR","P_SAL_Y","50-249","G-N","D111","BG",2012,5362
"EUR","P_SAL_Y","50-249","G-N","D1111","BG",2012,4914
"EUR","P_SAL_Y","50-249","G-S_X_O","D01","BG",2012,6008
"EUR","P_SAL_Y","50-249","G-S_X_O","D111","BG",2012,5115
"EUR","P_SAL_Y","50-249","G-S_X_O","D1111","BG",2012,4583
"EUR","P_SAL_Y","50-249","G45","D01","BG",2012,7992
"EUR","P_SAL_Y","50-249","G45","D111","BG",2012,6868
"EUR","P_SAL_Y","50-249","G45","D1111","BG",2012,6237
"EUR","P_SAL_Y","50-249","G46","D01","BG",2012,6892
"EUR","P_SAL_Y","50-249","G46","D111","BG",2012,5927
"EUR","P_SAL_Y","50-249","G46","D1111","BG",2012,5460
"EUR","P_SAL_Y","50-249","G47","D01","BG",2012,4797
"EUR","P_SAL_Y","50-249","G47","D111","BG",2012,4068
"EUR","P_SAL_Y","50-249","G47","D1111","BG",2012,3766
"EUR","P_SAL_Y","50-249","H","D01","BG",2012,5857
"EUR","P_SAL_Y","50-249","H","D111","BG",2012,4855
"EUR","P_SAL_Y","50-249","H","D1111","BG",2012,4385
"EUR","P_SAL_Y","50-249","H49","D01","BG",2012,4119
"EUR","P_SAL_Y","50-249","H49","D111","BG",2012,3333
"EUR","P_SAL_Y","50-249","H49","D1111","BG",2012,3068
"EUR","P_SAL_Y","50-249","H50","D01","BG",2012,7405
"EUR","P_SAL_Y","50-249","H50","D111","BG",2012,6072
"EUR","P_SAL_Y","50-249","H50","D1111","BG",2012,5332
"EUR","P_SAL_Y","50-249","H51","D01","BG",2012,16356
"EUR","P_SAL_Y","50-249","H51","D111","BG",2012,13547
"EUR","P_SAL_Y","50-249","H51","D1111","BG",2012,12053
"EUR","P_SAL_Y","50-249","H52","D01","BG",2012,9128
"EUR","P_SAL_Y","50-249","H52","D111","BG",2012,7866
"EUR","P_SAL_Y","50-249","H52","D1111","BG",2012,6890
"EUR","P_SAL_Y","50-249","H53","D01","BG",2012,5448
"EUR","P_SAL_Y","50-249","H53","D111","BG",2012,4539
"EUR","P_SAL_Y","50-249","H53","D1111","BG",2012,4207
"EUR","P_SAL_Y","50-249","I","D01","BG",2012,4551
"EUR","P_SAL_Y","50-249","I","D111","BG",2012,3832
"EUR","P_SAL_Y","50-249","I","D1111","BG",2012,3581
"EUR","P_SAL_Y","50-249","I55","D01","BG",2012,5002
"EUR","P_SAL_Y","50-249","I55","D111","BG",2012,4222
"EUR","P_SAL_Y","50-249","I55","D1111","BG",2012,3942
"EUR","P_SAL_Y","50-249","I56","D01","BG",2012,3708
"EUR","P_SAL_Y","50-249","I56","D111","BG",2012,3103
"EUR","P_SAL_Y","50-249","I56","D1111","BG",2012,2907
"EUR","P_SAL_Y","50-249","J","D01","BG",2012,12699
"EUR","P_SAL_Y","50-249","J","D111","BG",2012,11134
"EUR","P_SAL_Y","50-249","J","D1111","BG",2012,10269
"EUR","P_SAL_Y","50-249","J58","D01","BG",2012,7366
"EUR","P_SAL_Y","50-249","J58","D111","BG",2012,6336
"EUR","P_SAL_Y","50-249","J58","D1111","BG",2012,5845
"EUR","P_SAL_Y","50-249","J59","D01","BG",2012,9219
"EUR","P_SAL_Y","50-249","J59","D111","BG",2012,8100
"EUR","P_SAL_Y","50-249","J59","D1111","BG",2012,7394
"EUR","P_SAL_Y","50-249","J60","D01","BG",2012,8037
"EUR","P_SAL_Y","50-249","J60","D111","BG",2012,6921
"EUR","P_SAL_Y","50-249","J60","D1111","BG",2012,6357
"EUR","P_SAL_Y","50-249","J61","D01","BG",2012,10562
"EUR","P_SAL_Y","50-249","J61","D111","BG",2012,9004
"EUR","P_SAL_Y","50-249","J61","D1111","BG",2012,8365
"EUR","P_SAL_Y","50-249","J62","D01","BG",2012,17042
"EUR","P_SAL_Y","50-249","J62","D111","BG",2012,15135
"EUR","P_SAL_Y","50-249","J62","D1111","BG",2012,13964
"EUR","P_SAL_Y","50-249","J63","D01","BG",2012,8779
"EUR","P_SAL_Y","50-249","J63","D111","BG",2012,7493
"EUR","P_SAL_Y","50-249","J63","D1111","BG",2012,6831
"EUR","P_SAL_Y","50-249","K","D01","BG",2012,12377
"EUR","P_SAL_Y","50-249","K","D111","BG",2012,10684
"EUR","P_SAL_Y","50-249","K","D1111","BG",2012,9549
"EUR","P_SAL_Y","50-249","K-N","D01","BG",2012,5559
"EUR","P_SAL_Y","50-249","K-N","D111","BG",2012,4881
"EUR","P_SAL_Y","50-249","K-N","D1111","BG",2012,4431
"EUR","P_SAL_Y","50-249","K64","D01","BG",2012,13621
"EUR","P_SAL_Y","50-249","K64","D111","BG",2012,11730
"EUR","P_SAL_Y","50-249","K64","D1111","BG",2012,10260
"EUR","P_SAL_Y","50-249","K65","D01","BG",2012,12399
"EUR","P_SAL_Y","50-249","K65","D111","BG",2012,10834
"EUR","P_SAL_Y","50-249","K65","D1111","BG",2012,9964
"EUR","P_SAL_Y","50-249","K66","D01","BG",2012,NA
"EUR","P_SAL_Y","50-249","K66","D111","BG",2012,NA
"EUR","P_SAL_Y","50-249","K66","D1111","BG",2012,NA
"EUR","P_SAL_Y","50-249","L","D01","BG",2012,5265
"EUR","P_SAL_Y","50-249","L","D111","BG",2012,4474
"EUR","P_SAL_Y","50-249","L","D1111","BG",2012,4024
"EUR","P_SAL_Y","50-249","L68","D01","BG",2012,5265
"EUR","P_SAL_Y","50-249","L68","D111","BG",2012,4474
"EUR","P_SAL_Y","50-249","L68","D1111","BG",2012,4024
"EUR","P_SAL_Y","50-249","M","D01","BG",2012,9687
"EUR","P_SAL_Y","50-249","M","D111","BG",2012,8392
"EUR","P_SAL_Y","50-249","M","D1111","BG",2012,7574
"EUR","P_SAL_Y","50-249","M69","D01","BG",2012,NA
"EUR","P_SAL_Y","50-249","M69","D111","BG",2012,NA
"EUR","P_SAL_Y","50-249","M69","D1111","BG",2012,NA
"EUR","P_SAL_Y","50-249","M70","D01","BG",2012,11923
"EUR","P_SAL_Y","50-249","M70","D111","BG",2012,10551
"EUR","P_SAL_Y","50-249","M70","D1111","BG",2012,9614
"EUR","P_SAL_Y","50-249","M71","D01","BG",2012,12819
"EUR","P_SAL_Y","50-249","M71","D111","BG",2012,11030
"EUR","P_SAL_Y","50-249","M71","D1111","BG",2012,10074
"EUR","P_SAL_Y","50-249","M72","D01","BG",2012,5982
"EUR","P_SAL_Y","50-249","M72","D111","BG",2012,5064
"EUR","P_SAL_Y","50-249","M72","D1111","BG",2012,4414
"EUR","P_SAL_Y","50-249","M73","D01","BG",2012,NA
"EUR","P_SAL_Y","50-249","M73","D111","BG",2012,NA
"EUR","P_SAL_Y","50-249","M73","D1111","BG",2012,NA
"EUR","P_SAL_Y","50-249","M74","D01","BG",2012,10314
"EUR","P_SAL_Y","50-249","M74","D111","BG",2012,8908
"EUR","P_SAL_Y","50-249","M74","D1111","BG",2012,8017
"EUR","P_SAL_Y","50-249","N","D01","BG",2012,2720
"EUR","P_SAL_Y","50-249","N","D111","BG",2012,2483
"EUR","P_SAL_Y","50-249","N","D1111","BG",2012,2302
"EUR","P_SAL_Y","50-249","N77","D01","BG",2012,5364
"EUR","P_SAL_Y","50-249","N77","D111","BG",2012,4497
"EUR","P_SAL_Y","50-249","N77","D1111","BG",2012,4086
"EUR","P_SAL_Y","50-249","N78","D01","BG",2012,5057
"EUR","P_SAL_Y","50-249","N78","D111","BG",2012,4229
"EUR","P_SAL_Y","50-249","N78","D1111","BG",2012,4004
"EUR","P_SAL_Y","50-249","N79","D01","BG",2012,5782
"EUR","P_SAL_Y","50-249","N79","D111","BG",2012,4916
"EUR","P_SAL_Y","50-249","N79","D1111","BG",2012,4645
"EUR","P_SAL_Y","50-249","N80","D01","BG",2012,2779
"EUR","P_SAL_Y","50-249","N80","D111","BG",2012,2353
"EUR","P_SAL_Y","50-249","N80","D1111","BG",2012,2199
"EUR","P_SAL_Y","50-249","N81","D01","BG",2012,2054
"EUR","P_SAL_Y","50-249","N81","D111","BG",2012,2084
"EUR","P_SAL_Y","50-249","N81","D1111","BG",2012,1920
"EUR","P_SAL_Y","50-249","N82","D01","BG",2012,5344
"EUR","P_SAL_Y","50-249","N82","D111","BG",2012,4555
"EUR","P_SAL_Y","50-249","N82","D1111","BG",2012,4143
"EUR","P_SAL_Y","50-249","O","D01","BG",2012,5994
"EUR","P_SAL_Y","50-249","O","D111","BG",2012,4756
"EUR","P_SAL_Y","50-249","O","D1111","BG",2012,4144
"EUR","P_SAL_Y","50-249","O-S","D01","BG",2012,5760
"EUR","P_SAL_Y","50-249","O-S","D111","BG",2012,4729
"EUR","P_SAL_Y","50-249","O-S","D1111","BG",2012,4076
"EUR","P_SAL_Y","50-249","O84","D01","BG",2012,5994
"EUR","P_SAL_Y","50-249","O84","D111","BG",2012,4756
"EUR","P_SAL_Y","50-249","O84","D1111","BG",2012,4144
"EUR","P_SAL_Y","50-249","P","D01","BG",2012,5714
"EUR","P_SAL_Y","50-249","P","D111","BG",2012,4666
"EUR","P_SAL_Y","50-249","P","D1111","BG",2012,3816
"EUR","P_SAL_Y","50-249","P-S","D01","BG",2012,5660
"EUR","P_SAL_Y","50-249","P-S","D111","BG",2012,4717
"EUR","P_SAL_Y","50-249","P-S","D1111","BG",2012,4047
"EUR","P_SAL_Y","50-249","P85","D01","BG",2012,5714
"EUR","P_SAL_Y","50-249","P85","D111","BG",2012,4666
"EUR","P_SAL_Y","50-249","P85","D1111","BG",2012,3816
"EUR","P_SAL_Y","50-249","Q","D01","BG",2012,5558
"EUR","P_SAL_Y","50-249","Q","D111","BG",2012,4696
"EUR","P_SAL_Y","50-249","Q","D1111","BG",2012,4188
"EUR","P_SAL_Y","50-249","Q86","D01","BG",2012,6532
"EUR","P_SAL_Y","50-249","Q86","D111","BG",2012,5539
"EUR","P_SAL_Y","50-249","Q86","D1111","BG",2012,4974
"EUR","P_SAL_Y","50-249","Q87","D01","BG",2012,3618
"EUR","P_SAL_Y","50-249","Q87","D111","BG",2012,3003
"EUR","P_SAL_Y","50-249","Q87","D1111","BG",2012,2595
"EUR","P_SAL_Y","50-249","Q88","D01","BG",2012,3308
"EUR","P_SAL_Y","50-249","Q88","D111","BG",2012,2765
"EUR","P_SAL_Y","50-249","Q88","D1111","BG",2012,2404
"EUR","P_SAL_Y","50-249","R","D01","BG",2012,5934
"EUR","P_SAL_Y","50-249","R","D111","BG",2012,5174
"EUR","P_SAL_Y","50-249","R","D1111","BG",2012,4733
"EUR","P_SAL_Y","50-249","R90","D01","BG",2012,4015
"EUR","P_SAL_Y","50-249","R90","D111","BG",2012,3301
"EUR","P_SAL_Y","50-249","R90","D1111","BG",2012,2868
"EUR","P_SAL_Y","50-249","R91","D01","BG",2012,4107
"EUR","P_SAL_Y","50-249","R91","D111","BG",2012,3395
"EUR","P_SAL_Y","50-249","R91","D1111","BG",2012,2928
"EUR","P_SAL_Y","50-249","R92","D01","BG",2012,4250
"EUR","P_SAL_Y","50-249","R92","D111","BG",2012,3576
"EUR","P_SAL_Y","50-249","R92","D1111","BG",2012,3278
"EUR","P_SAL_Y","50-249","R93","D01","BG",2012,NA
"EUR","P_SAL_Y","50-249","R93","D111","BG",2012,NA
"EUR","P_SAL_Y","50-249","R93","D1111","BG",2012,NA
"EUR","P_SAL_Y","50-249","S","D01","BG",2012,5200
"EUR","P_SAL_Y","50-249","S","D111","BG",2012,4373
"EUR","P_SAL_Y","50-249","S","D1111","BG",2012,3898
"EUR","P_SAL_Y","50-249","S94","D01","BG",2012,5416
"EUR","P_SAL_Y","50-249","S94","D111","BG",2012,4556
"EUR","P_SAL_Y","50-249","S94","D1111","BG",2012,4050
"EUR","P_SAL_Y","50-249","S95","D01","BG",2012,NA
"EUR","P_SAL_Y","50-249","S95","D111","BG",2012,NA
"EUR","P_SAL_Y","50-249","S95","D1111","BG",2012,NA
"EUR","P_SAL_Y","50-249","S96","D01","BG",2012,3756
"EUR","P_SAL_Y","50-249","S96","D111","BG",2012,3150
"EUR","P_SAL_Y","50-249","S96","D1111","BG",2012,2845
"EUR","P_SAL_Y","500-999","B","D01","BG",2012,6309
"EUR","P_SAL_Y","500-999","B","D111","BG",2012,4857
"EUR","P_SAL_Y","500-999","B","D1111","BG",2012,4343
"EUR","P_SAL_Y","500-999","B-E","D01","BG",2012,6471
"EUR","P_SAL_Y","500-999","B-E","D111","BG",2012,5309
"EUR","P_SAL_Y","500-999","B-E","D1111","BG",2012,4649
"EUR","P_SAL_Y","500-999","B-F","D01","BG",2012,6615
"EUR","P_SAL_Y","500-999","B-F","D111","BG",2012,5452
"EUR","P_SAL_Y","500-999","B-F","D1111","BG",2012,4803
"EUR","P_SAL_Y","500-999","B-N","D01","BG",2012,6805
"EUR","P_SAL_Y","500-999","B-N","D111","BG",2012,5673
"EUR","P_SAL_Y","500-999","B-N","D1111","BG",2012,5044
"EUR","P_SAL_Y","500-999","B-S","D01","BG",2012,6918
"EUR","P_SAL_Y","500-999","B-S","D111","BG",2012,5754
"EUR","P_SAL_Y","500-999","B-S","D1111","BG",2012,5101
"EUR","P_SAL_Y","500-999","B-S_X_O","D01","BG",2012,6781
"EUR","P_SAL_Y","500-999","B-S_X_O","D111","BG",2012,5659
"EUR","P_SAL_Y","500-999","B-S_X_O","D1111","BG",2012,5008
"EUR","P_SAL_Y","500-999","B05","D01","BG",2012,NA
"EUR","P_SAL_Y","500-999","B05","D111","BG",2012,NA
"EUR","P_SAL_Y","500-999","B05","D1111","BG",2012,NA
"EUR","P_SAL_Y","500-999","B06","D01","BG",2012,NA
"EUR","P_SAL_Y","500-999","B06","D111","BG",2012,NA
"EUR","P_SAL_Y","500-999","B06","D1111","BG",2012,NA
"EUR","P_SAL_Y","500-999","B07","D01","BG",2012,NA
"EUR","P_SAL_Y","500-999","B07","D111","BG",2012,NA
"EUR","P_SAL_Y","500-999","B07","D1111","BG",2012,NA
"EUR","P_SAL_Y","500-999","B08","D01","BG",2012,NA
"EUR","P_SAL_Y","500-999","B08","D111","BG",2012,NA
"EUR","P_SAL_Y","500-999","B08","D1111","BG",2012,NA
"EUR","P_SAL_Y","500-999","C","D01","BG",2012,6535
"EUR","P_SAL_Y","500-999","C","D111","BG",2012,5371
"EUR","P_SAL_Y","500-999","C","D1111","BG",2012,4725
"EUR","P_SAL_Y","500-999","C10","D01","BG",2012,6883
"EUR","P_SAL_Y","500-999","C10","D111","BG",2012,5870
"EUR","P_SAL_Y","500-999","C10","D1111","BG",2012,5259
"EUR","P_SAL_Y","500-999","C11","D01","BG",2012,7518
"EUR","P_SAL_Y","500-999","C11","D111","BG",2012,6306
"EUR","P_SAL_Y","500-999","C11","D1111","BG",2012,5531
"EUR","P_SAL_Y","500-999","C12","D01","BG",2012,NA
"EUR","P_SAL_Y","500-999","C12","D111","BG",2012,NA
"EUR","P_SAL_Y","500-999","C12","D1111","BG",2012,NA
"EUR","P_SAL_Y","500-999","C13","D01","BG",2012,NA
"EUR","P_SAL_Y","500-999","C13","D111","BG",2012,NA
"EUR","P_SAL_Y","500-999","C13","D1111","BG",2012,NA
"EUR","P_SAL_Y","500-999","C14","D01","BG",2012,3645
"EUR","P_SAL_Y","500-999","C14","D111","BG",2012,3065
"EUR","P_SAL_Y","500-999","C14","D1111","BG",2012,2718
"EUR","P_SAL_Y","500-999","C15","D01","BG",2012,NA
"EUR","P_SAL_Y","500-999","C15","D111","BG",2012,NA
"EUR","P_SAL_Y","500-999","C15","D1111","BG",2012,NA
"EUR","P_SAL_Y","500-999","C16","D01","BG",2012,NA
"EUR","P_SAL_Y","500-999","C16","D111","BG",2012,NA
"EUR","P_SAL_Y","500-999","C16","D1111","BG",2012,NA
"EUR","P_SAL_Y","500-999","C17","D01","BG",2012,NA
"EUR","P_SAL_Y","500-999","C17","D111","BG",2012,NA
"EUR","P_SAL_Y","500-999","C17","D1111","BG",2012,NA
"EUR","P_SAL_Y","500-999","C20","D01","BG",2012,NA
"EUR","P_SAL_Y","500-999","C20","D111","BG",2012,NA
"EUR","P_SAL_Y","500-999","C20","D1111","BG",2012,NA
"EUR","P_SAL_Y","500-999","C21","D01","BG",2012,NA
"EUR","P_SAL_Y","500-999","C21","D111","BG",2012,NA
"EUR","P_SAL_Y","500-999","C21","D1111","BG",2012,NA
"EUR","P_SAL_Y","500-999","C22","D01","BG",2012,4482
"EUR","P_SAL_Y","500-999","C22","D111","BG",2012,3736
"EUR","P_SAL_Y","500-999","C22","D1111","BG",2012,3399
"EUR","P_SAL_Y","500-999","C23","D01","BG",2012,7399
"EUR","P_SAL_Y","500-999","C23","D111","BG",2012,6023
"EUR","P_SAL_Y","500-999","C23","D1111","BG",2012,5171
"EUR","P_SAL_Y","500-999","C24","D01","BG",2012,11804
"EUR","P_SAL_Y","500-999","C24","D111","BG",2012,9413
"EUR","P_SAL_Y","500-999","C24","D1111","BG",2012,8334
"EUR","P_SAL_Y","500-999","C25","D01","BG",2012,5429
"EUR","P_SAL_Y","500-999","C25","D111","BG",2012,4545
"EUR","P_SAL_Y","500-999","C25","D1111","BG",2012,3923
"EUR","P_SAL_Y","500-999","C27","D01","BG",2012,7092
"EUR","P_SAL_Y","500-999","C27","D111","BG",2012,5578
"EUR","P_SAL_Y","500-999","C27","D1111","BG",2012,4855
"EUR","P_SAL_Y","500-999","C28","D01","BG",2012,5585
"EUR","P_SAL_Y","500-999","C28","D111","BG",2012,4675
"EUR","P_SAL_Y","500-999","C28","D1111","BG",2012,4192
"EUR","P_SAL_Y","500-999","C29","D01","BG",2012,5200
"EUR","P_SAL_Y","500-999","C29","D111","BG",2012,4363
"EUR","P_SAL_Y","500-999","C29","D1111","BG",2012,3750
"EUR","P_SAL_Y","500-999","C30","D01","BG",2012,5657
"EUR","P_SAL_Y","500-999","C30","D111","BG",2012,4711
"EUR","P_SAL_Y","500-999","C30","D1111","BG",2012,4330
"EUR","P_SAL_Y","500-999","C31","D01","BG",2012,NA
"EUR","P_SAL_Y","500-999","C31","D111","BG",2012,NA
"EUR","P_SAL_Y","500-999","C31","D1111","BG",2012,NA
"EUR","P_SAL_Y","500-999","C32","D01","BG",2012,4832
"EUR","P_SAL_Y","500-999","C32","D111","BG",2012,4015
"EUR","P_SAL_Y","500-999","C32","D1111","BG",2012,3578
"EUR","P_SAL_Y","500-999","C33","D01","BG",2012,8033
"EUR","P_SAL_Y","500-999","C33","D111","BG",2012,6617
"EUR","P_SAL_Y","500-999","C33","D1111","BG",2012,5703
"EUR","P_SAL_Y","500-999","D","D01","BG",2012,6706
"EUR","P_SAL_Y","500-999","D","D111","BG",2012,5253
"EUR","P_SAL_Y","500-999","D","D1111","BG",2012,4677
"EUR","P_SAL_Y","500-999","D35","D01","BG",2012,6706
"EUR","P_SAL_Y","500-999","D35","D111","BG",2012,5253
"EUR","P_SAL_Y","500-999","D35","D1111","BG",2012,4677
"EUR","P_SAL_Y","500-999","E","D01","BG",2012,5915
"EUR","P_SAL_Y","500-999","E","D111","BG",2012,4937
"EUR","P_SAL_Y","500-999","E","D1111","BG",2012,4095
"EUR","P_SAL_Y","500-999","E36","D01","BG",2012,5421
"EUR","P_SAL_Y","500-999","E36","D111","BG",2012,4491
"EUR","P_SAL_Y","500-999","E36","D1111","BG",2012,3567
"EUR","P_SAL_Y","500-999","E38","D01","BG",2012,6992
"EUR","P_SAL_Y","500-999","E38","D111","BG",2012,5909
"EUR","P_SAL_Y","500-999","E38","D1111","BG",2012,5245
"EUR","P_SAL_Y","500-999","F","D01","BG",2012,NA
"EUR","P_SAL_Y","500-999","F","D111","BG",2012,NA
"EUR","P_SAL_Y","500-999","F","D1111","BG",2012,NA
"EUR","P_SAL_Y","500-999","F41","D01","BG",2012,6790
"EUR","P_SAL_Y","500-999","F41","D111","BG",2012,5800
"EUR","P_SAL_Y","500-999","F41","D1111","BG",2012,5412
"EUR","P_SAL_Y","500-999","F42","D01","BG",2012,7301
"EUR","P_SAL_Y","500-999","F42","D111","BG",2012,6122
"EUR","P_SAL_Y","500-999","F42","D1111","BG",2012,5505
"EUR","P_SAL_Y","500-999","F43","D01","BG",2012,NA
"EUR","P_SAL_Y","500-999","F43","D111","BG",2012,NA
"EUR","P_SAL_Y","500-999","F43","D1111","BG",2012,NA
"EUR","P_SAL_Y","500-999","G","D01","BG",2012,7016
"EUR","P_SAL_Y","500-999","G","D111","BG",2012,5956
"EUR","P_SAL_Y","500-999","G","D1111","BG",2012,5465
"EUR","P_SAL_Y","500-999","G-J","D01","BG",2012,7741
"EUR","P_SAL_Y","500-999","G-J","D111","BG",2012,6563
"EUR","P_SAL_Y","500-999","G-J","D1111","BG",2012,5799
"EUR","P_SAL_Y","500-999","G-N","D01","BG",2012,7095
"EUR","P_SAL_Y","500-999","G-N","D111","BG",2012,6009
"EUR","P_SAL_Y","500-999","G-N","D1111","BG",2012,5410
"EUR","P_SAL_Y","500-999","G-S_X_O","D01","BG",2012,6943
"EUR","P_SAL_Y","500-999","G-S_X_O","D111","BG",2012,5860
"EUR","P_SAL_Y","500-999","G-S_X_O","D1111","BG",2012,5209
"EUR","P_SAL_Y","500-999","G45","D01","BG",2012,7291
"EUR","P_SAL_Y","500-999","G45","D111","BG",2012,6138
"EUR","P_SAL_Y","500-999","G45","D1111","BG",2012,5672
"EUR","P_SAL_Y","500-999","G46","D01","BG",2012,NA
"EUR","P_SAL_Y","500-999","G46","D111","BG",2012,NA
"EUR","P_SAL_Y","500-999","G46","D1111","BG",2012,NA
"EUR","P_SAL_Y","500-999","G47","D01","BG",2012,5803
"EUR","P_SAL_Y","500-999","G47","D111","BG",2012,4873
"EUR","P_SAL_Y","500-999","G47","D1111","BG",2012,4481
"EUR","P_SAL_Y","500-999","H","D01","BG",2012,6633
"EUR","P_SAL_Y","500-999","H","D111","BG",2012,5512
"EUR","P_SAL_Y","500-999","H","D1111","BG",2012,4764
"EUR","P_SAL_Y","500-999","H49","D01","BG",2012,5313
"EUR","P_SAL_Y","500-999","H49","D111","BG",2012,4301
"EUR","P_SAL_Y","500-999","H49","D1111","BG",2012,3568
"EUR","P_SAL_Y","500-999","H50","D01","BG",2012,NA
"EUR","P_SAL_Y","500-999","H50","D111","BG",2012,NA
"EUR","P_SAL_Y","500-999","H50","D1111","BG",2012,NA
"EUR","P_SAL_Y","500-999","H51","D01","BG",2012,NA
"EUR","P_SAL_Y","500-999","H51","D111","BG",2012,NA
"EUR","P_SAL_Y","500-999","H51","D1111","BG",2012,NA
"EUR","P_SAL_Y","500-999","H52","D01","BG",2012,NA
"EUR","P_SAL_Y","500-999","H52","D111","BG",2012,NA
"EUR","P_SAL_Y","500-999","H52","D1111","BG",2012,NA
"EUR","P_SAL_Y","500-999","H53","D01","BG",2012,7395
"EUR","P_SAL_Y","500-999","H53","D111","BG",2012,6345
"EUR","P_SAL_Y","500-999","H53","D1111","BG",2012,5944
"EUR","P_SAL_Y","500-999","I","D01","BG",2012,NA
"EUR","P_SAL_Y","500-999","I","D111","BG",2012,NA
"EUR","P_SAL_Y","500-999","I","D1111","BG",2012,NA
"EUR","P_SAL_Y","500-999","I55","D01","BG",2012,4439
"EUR","P_SAL_Y","500-999","I55","D111","BG",2012,3616
"EUR","P_SAL_Y","500-999","I55","D1111","BG",2012,3251
"EUR","P_SAL_Y","500-999","I56","D01","BG",2012,NA
"EUR","P_SAL_Y","500-999","I56","D111","BG",2012,NA
"EUR","P_SAL_Y","500-999","I56","D1111","BG",2012,NA
"EUR","P_SAL_Y","500-999","J","D01","BG",2012,19273
"EUR","P_SAL_Y","500-999","J","D111","BG",2012,16837
"EUR","P_SAL_Y","500-999","J","D1111","BG",2012,14046
"EUR","P_SAL_Y","500-999","J58","D01","BG",2012,NA
"EUR","P_SAL_Y","500-999","J58","D111","BG",2012,NA
"EUR","P_SAL_Y","500-999","J58","D1111","BG",2012,NA
"EUR","P_SAL_Y","500-999","J60","D01","BG",2012,NA
"EUR","P_SAL_Y","500-999","J60","D111","BG",2012,NA
"EUR","P_SAL_Y","500-999","J60","D1111","BG",2012,NA
"EUR","P_SAL_Y","500-999","J61","D01","BG",2012,NA
"EUR","P_SAL_Y","500-999","J61","D111","BG",2012,NA
"EUR","P_SAL_Y","500-999","J61","D1111","BG",2012,NA
"EUR","P_SAL_Y","500-999","J62","D01","BG",2012,NA
"EUR","P_SAL_Y","500-999","J62","D111","BG",2012,NA
"EUR","P_SAL_Y","500-999","J62","D1111","BG",2012,NA
"EUR","P_SAL_Y","500-999","K","D01","BG",2012,10645
"EUR","P_SAL_Y","500-999","K","D111","BG",2012,9003
"EUR","P_SAL_Y","500-999","K","D1111","BG",2012,8300
"EUR","P_SAL_Y","500-999","K-N","D01","BG",2012,6431
"EUR","P_SAL_Y","500-999","K-N","D111","BG",2012,5440
"EUR","P_SAL_Y","500-999","K-N","D1111","BG",2012,5011
"EUR","P_SAL_Y","500-999","K64","D01","BG",2012,10307
"EUR","P_SAL_Y","500-999","K64","D111","BG",2012,8655
"EUR","P_SAL_Y","500-999","K64","D1111","BG",2012,7946
"EUR","P_SAL_Y","500-999","K65","D01","BG",2012,12025
"EUR","P_SAL_Y","500-999","K65","D111","BG",2012,10420
"EUR","P_SAL_Y","500-999","K65","D1111","BG",2012,9743
"EUR","P_SAL_Y","500-999","M","D01","BG",2012,9817
"EUR","P_SAL_Y","500-999","M","D111","BG",2012,8187
"EUR","P_SAL_Y","500-999","M","D1111","BG",2012,7218
"EUR","P_SAL_Y","500-999","M70","D01","BG",2012,NA
"EUR","P_SAL_Y","500-999","M70","D111","BG",2012,NA
"EUR","P_SAL_Y","500-999","M70","D1111","BG",2012,NA
"EUR","P_SAL_Y","500-999","M73","D01","BG",2012,NA
"EUR","P_SAL_Y","500-999","M73","D111","BG",2012,NA
"EUR","P_SAL_Y","500-999","M73","D1111","BG",2012,NA
"EUR","P_SAL_Y","500-999","N","D01","BG",2012,3953
"EUR","P_SAL_Y","500-999","N","D111","BG",2012,3354
"EUR","P_SAL_Y","500-999","N","D1111","BG",2012,3116
"EUR","P_SAL_Y","500-999","N78","D01","BG",2012,NA
"EUR","P_SAL_Y","500-999","N78","D111","BG",2012,NA
"EUR","P_SAL_Y","500-999","N78","D1111","BG",2012,NA
"EUR","P_SAL_Y","500-999","N80","D01","BG",2012,2619
"EUR","P_SAL_Y","500-999","N80","D111","BG",2012,2206
"EUR","P_SAL_Y","500-999","N80","D1111","BG",2012,2057
"EUR","P_SAL_Y","500-999","N81","D01","BG",2012,2943
"EUR","P_SAL_Y","500-999","N81","D111","BG",2012,2446
"EUR","P_SAL_Y","500-999","N81","D1111","BG",2012,2268
"EUR","P_SAL_Y","500-999","N82","D01","BG",2012,8841
"EUR","P_SAL_Y","500-999","N82","D111","BG",2012,7595
"EUR","P_SAL_Y","500-999","N82","D1111","BG",2012,7059
"EUR","P_SAL_Y","500-999","O","D01","BG",2012,9664
"EUR","P_SAL_Y","500-999","O","D111","BG",2012,7666
"EUR","P_SAL_Y","500-999","O","D1111","BG",2012,6961
"EUR","P_SAL_Y","500-999","O-S","D01","BG",2012,7317
"EUR","P_SAL_Y","500-999","O-S","D111","BG",2012,6040
"EUR","P_SAL_Y","500-999","O-S","D1111","BG",2012,5304
"EUR","P_SAL_Y","500-999","O84","D01","BG",2012,9664
"EUR","P_SAL_Y","500-999","O84","D111","BG",2012,7666
"EUR","P_SAL_Y","500-999","O84","D1111","BG",2012,6961
"EUR","P_SAL_Y","500-999","P","D01","BG",2012,8400
"EUR","P_SAL_Y","500-999","P","D111","BG",2012,7036
"EUR","P_SAL_Y","500-999","P","D1111","BG",2012,5932
"EUR","P_SAL_Y","500-999","P-S","D01","BG",2012,6672
"EUR","P_SAL_Y","500-999","P-S","D111","BG",2012,5593
"EUR","P_SAL_Y","500-999","P-S","D1111","BG",2012,4849
"EUR","P_SAL_Y","500-999","P85","D01","BG",2012,8400
"EUR","P_SAL_Y","500-999","P85","D111","BG",2012,7036
"EUR","P_SAL_Y","500-999","P85","D1111","BG",2012,5932
"EUR","P_SAL_Y","500-999","Q","D01","BG",2012,5828
"EUR","P_SAL_Y","500-999","Q","D111","BG",2012,4889
"EUR","P_SAL_Y","500-999","Q","D1111","BG",2012,4319
"EUR","P_SAL_Y","500-999","Q86","D01","BG",2012,6086
"EUR","P_SAL_Y","500-999","Q86","D111","BG",2012,5105
"EUR","P_SAL_Y","500-999","Q86","D1111","BG",2012,4508
"EUR","P_SAL_Y","500-999","Q87","D01","BG",2012,NA
"EUR","P_SAL_Y","500-999","Q87","D111","BG",2012,NA
"EUR","P_SAL_Y","500-999","Q87","D1111","BG",2012,NA
"EUR","P_SAL_Y","500-999","Q88","D01","BG",2012,NA
"EUR","P_SAL_Y","500-999","Q88","D111","BG",2012,NA
"EUR","P_SAL_Y","500-999","Q88","D1111","BG",2012,NA
"EUR","P_SAL_Y","GE10","B","D01","BG",2012,10686
"EUR","P_SAL_Y","GE10","B","D111","BG",2012,8142
"EUR","P_SAL_Y","GE10","B","D1111","BG",2012,6880
"EUR","P_SAL_Y","GE10","B-E","D01","BG",2012,5667
"EUR","P_SAL_Y","GE10","B-E","D111","BG",2012,4659
"EUR","P_SAL_Y","GE10","B-E","D1111","BG",2012,4069
"EUR","P_SAL_Y","GE10","B-F","D01","BG",2012,5552
"EUR","P_SAL_Y","GE10","B-F","D111","BG",2012,4582
"EUR","P_SAL_Y","GE10","B-F","D1111","BG",2012,4037
"EUR","P_SAL_Y","GE10","B-N","D01","BG",2012,5979
"EUR","P_SAL_Y","GE10","B-N","D111","BG",2012,5057
"EUR","P_SAL_Y","GE10","B-N","D1111","BG",2012,4513
"EUR","P_SAL_Y","GE10","B-S","D01","BG",2012,5971
"EUR","P_SAL_Y","GE10","B-S","D111","BG",2012,5008
"EUR","P_SAL_Y","GE10","B-S","D1111","BG",2012,4437
"EUR","P_SAL_Y","GE10","B-S_X_O","D01","BG",2012,5893
"EUR","P_SAL_Y","GE10","B-S_X_O","D111","BG",2012,4968
"EUR","P_SAL_Y","GE10","B-S_X_O","D1111","BG",2012,4405
"EUR","P_SAL_Y","GE10","B05","D01","BG",2012,11618
"EUR","P_SAL_Y","GE10","B05","D111","BG",2012,8563
"EUR","P_SAL_Y","GE10","B05","D1111","BG",2012,6973
"EUR","P_SAL_Y","GE10","B06","D01","BG",2012,NA
"EUR","P_SAL_Y","GE10","B06","D111","BG",2012,NA
"EUR","P_SAL_Y","GE10","B06","D1111","BG",2012,NA
"EUR","P_SAL_Y","GE10","B07","D01","BG",2012,12086
"EUR","P_SAL_Y","GE10","B07","D111","BG",2012,9535
"EUR","P_SAL_Y","GE10","B07","D1111","BG",2012,8386
"EUR","P_SAL_Y","GE10","B08","D01","BG",2012,5793
"EUR","P_SAL_Y","GE10","B08","D111","BG",2012,4712
"EUR","P_SAL_Y","GE10","B08","D1111","BG",2012,4207
"EUR","P_SAL_Y","GE10","B09","D01","BG",2012,NA
"EUR","P_SAL_Y","GE10","B09","D111","BG",2012,NA
"EUR","P_SAL_Y","GE10","B09","D1111","BG",2012,NA
"EUR","P_SAL_Y","GE10","C","D01","BG",2012,4863
"EUR","P_SAL_Y","GE10","C","D111","BG",2012,4044
"EUR","P_SAL_Y","GE10","C","D1111","BG",2012,3627
"EUR","P_SAL_Y","GE10","C10","D01","BG",2012,4325
"EUR","P_SAL_Y","GE10","C10","D111","BG",2012,3635
"EUR","P_SAL_Y","GE10","C10","D1111","BG",2012,3333
"EUR","P_SAL_Y","GE10","C11","D01","BG",2012,6608
"EUR","P_SAL_Y","GE10","C11","D111","BG",2012,5567
"EUR","P_SAL_Y","GE10","C11","D1111","BG",2012,4939
"EUR","P_SAL_Y","GE10","C12","D01","BG",2012,12818
"EUR","P_SAL_Y","GE10","C12","D111","BG",2012,10259
"EUR","P_SAL_Y","GE10","C12","D1111","BG",2012,8728
"EUR","P_SAL_Y","GE10","C13","D01","BG",2012,4343
"EUR","P_SAL_Y","GE10","C13","D111","BG",2012,3609
"EUR","P_SAL_Y","GE10","C13","D1111","BG",2012,3273
"EUR","P_SAL_Y","GE10","C14","D01","BG",2012,3145
"EUR","P_SAL_Y","GE10","C14","D111","BG",2012,2604
"EUR","P_SAL_Y","GE10","C14","D1111","BG",2012,2353
"EUR","P_SAL_Y","GE10","C15","D01","BG",2012,2878
"EUR","P_SAL_Y","GE10","C15","D111","BG",2012,2411
"EUR","P_SAL_Y","GE10","C15","D1111","BG",2012,2184
"EUR","P_SAL_Y","GE10","C16","D01","BG",2012,3432
"EUR","P_SAL_Y","GE10","C16","D111","BG",2012,2875
"EUR","P_SAL_Y","GE10","C16","D1111","BG",2012,2584
"EUR","P_SAL_Y","GE10","C17","D01","BG",2012,4704
"EUR","P_SAL_Y","GE10","C17","D111","BG",2012,3916
"EUR","P_SAL_Y","GE10","C17","D1111","BG",2012,3470
"EUR","P_SAL_Y","GE10","C18","D01","BG",2012,5165
"EUR","P_SAL_Y","GE10","C18","D111","BG",2012,4356
"EUR","P_SAL_Y","GE10","C18","D1111","BG",2012,3968
"EUR","P_SAL_Y","GE10","C19","D01","BG",2012,18146
"EUR","P_SAL_Y","GE10","C19","D111","BG",2012,14550
"EUR","P_SAL_Y","GE10","C19","D1111","BG",2012,12974
"EUR","P_SAL_Y","GE10","C20","D01","BG",2012,6956
"EUR","P_SAL_Y","GE10","C20","D111","BG",2012,5775
"EUR","P_SAL_Y","GE10","C20","D1111","BG",2012,5196
"EUR","P_SAL_Y","GE10","C21","D01","BG",2012,6913
"EUR","P_SAL_Y","GE10","C21","D111","BG",2012,5765
"EUR","P_SAL_Y","GE10","C21","D1111","BG",2012,5114
"EUR","P_SAL_Y","GE10","C22","D01","BG",2012,4212
"EUR","P_SAL_Y","GE10","C22","D111","BG",2012,3538
"EUR","P_SAL_Y","GE10","C22","D1111","BG",2012,3234
"EUR","P_SAL_Y","GE10","C23","D01","BG",2012,6084
"EUR","P_SAL_Y","GE10","C23","D111","BG",2012,5025
"EUR","P_SAL_Y","GE10","C23","D1111","BG",2012,4464
"EUR","P_SAL_Y","GE10","C24","D01","BG",2012,8374
"EUR","P_SAL_Y","GE10","C24","D111","BG",2012,6632
"EUR","P_SAL_Y","GE10","C24","D1111","BG",2012,5860
"EUR","P_SAL_Y","GE10","C25","D01","BG",2012,4588
"EUR","P_SAL_Y","GE10","C25","D111","BG",2012,3818
"EUR","P_SAL_Y","GE10","C25","D1111","BG",2012,3395
"EUR","P_SAL_Y","GE10","C26","D01","BG",2012,6993
"EUR","P_SAL_Y","GE10","C26","D111","BG",2012,5978
"EUR","P_SAL_Y","GE10","C26","D1111","BG",2012,5324
"EUR","P_SAL_Y","GE10","C27","D01","BG",2012,6357
"EUR","P_SAL_Y","GE10","C27","D111","BG",2012,5290
"EUR","P_SAL_Y","GE10","C27","D1111","BG",2012,4747
"EUR","P_SAL_Y","GE10","C28","D01","BG",2012,6248
"EUR","P_SAL_Y","GE10","C28","D111","BG",2012,5209
"EUR","P_SAL_Y","GE10","C28","D1111","BG",2012,4629
"EUR","P_SAL_Y","GE10","C29","D01","BG",2012,5176
"EUR","P_SAL_Y","GE10","C29","D111","BG",2012,4370
"EUR","P_SAL_Y","GE10","C29","D1111","BG",2012,3794
"EUR","P_SAL_Y","GE10","C30","D01","BG",2012,5572
"EUR","P_SAL_Y","GE10","C30","D111","BG",2012,4652
"EUR","P_SAL_Y","GE10","C30","D1111","BG",2012,4252
"EUR","P_SAL_Y","GE10","C31","D01","BG",2012,3330
"EUR","P_SAL_Y","GE10","C31","D111","BG",2012,2784
"EUR","P_SAL_Y","GE10","C31","D1111","BG",2012,2546
"EUR","P_SAL_Y","GE10","C32","D01","BG",2012,4830
"EUR","P_SAL_Y","GE10","C32","D111","BG",2012,4072
"EUR","P_SAL_Y","GE10","C32","D1111","BG",2012,3673
"EUR","P_SAL_Y","GE10","C33","D01","BG",2012,6969
"EUR","P_SAL_Y","GE10","C33","D111","BG",2012,5748
"EUR","P_SAL_Y","GE10","C33","D1111","BG",2012,5078
"EUR","P_SAL_Y","GE10","D","D01","BG",2012,13696
"EUR","P_SAL_Y","GE10","D","D111","BG",2012,11033
"EUR","P_SAL_Y","GE10","D","D1111","BG",2012,8518
"EUR","P_SAL_Y","GE10","D35","D01","BG",2012,13696
"EUR","P_SAL_Y","GE10","D35","D111","BG",2012,11033
"EUR","P_SAL_Y","GE10","D35","D1111","BG",2012,8518
"EUR","P_SAL_Y","GE10","E","D01","BG",2012,5297
"EUR","P_SAL_Y","GE10","E","D111","BG",2012,4420
"EUR","P_SAL_Y","GE10","E","D1111","BG",2012,3802
"EUR","P_SAL_Y","GE10","E36","D01","BG",2012,5764
"EUR","P_SAL_Y","GE10","E36","D111","BG",2012,4773
"EUR","P_SAL_Y","GE10","E36","D1111","BG",2012,3918
"EUR","P_SAL_Y","GE10","E37","D01","BG",2012,4239
"EUR","P_SAL_Y","GE10","E37","D111","BG",2012,3540
"EUR","P_SAL_Y","GE10","E37","D1111","BG",2012,3228
"EUR","P_SAL_Y","GE10","E38","D01","BG",2012,4802
"EUR","P_SAL_Y","GE10","E38","D111","BG",2012,4046
"EUR","P_SAL_Y","GE10","E38","D1111","BG",2012,3678
"EUR","P_SAL_Y","GE10","E39","D01","BG",2012,5690
"EUR","P_SAL_Y","GE10","E39","D111","BG",2012,4802
"EUR","P_SAL_Y","GE10","E39","D1111","BG",2012,4205
"EUR","P_SAL_Y","GE10","F","D01","BG",2012,4988
"EUR","P_SAL_Y","GE10","F","D111","BG",2012,4207
"EUR","P_SAL_Y","GE10","F","D1111","BG",2012,3882
"EUR","P_SAL_Y","GE10","F41","D01","BG",2012,4284
"EUR","P_SAL_Y","GE10","F41","D111","BG",2012,3620
"EUR","P_SAL_Y","GE10","F41","D1111","BG",2012,3353
"EUR","P_SAL_Y","GE10","F42","D01","BG",2012,5833
"EUR","P_SAL_Y","GE10","F42","D111","BG",2012,4905
"EUR","P_SAL_Y","GE10","F42","D1111","BG",2012,4498
"EUR","P_SAL_Y","GE10","F43","D01","BG",2012,5055
"EUR","P_SAL_Y","GE10","F43","D111","BG",2012,4270
"EUR","P_SAL_Y","GE10","F43","D1111","BG",2012,3957
"EUR","P_SAL_Y","GE10","G","D01","BG",2012,5512
"EUR","P_SAL_Y","GE10","G","D111","BG",2012,4703
"EUR","P_SAL_Y","GE10","G","D1111","BG",2012,4342
"EUR","P_SAL_Y","GE10","G-J","D01","BG",2012,6332
"EUR","P_SAL_Y","GE10","G-J","D111","BG",2012,5458
"EUR","P_SAL_Y","GE10","G-J","D1111","BG",2012,4905
"EUR","P_SAL_Y","GE10","G-N","D01","BG",2012,6389
"EUR","P_SAL_Y","GE10","G-N","D111","BG",2012,5511
"EUR","P_SAL_Y","GE10","G-N","D1111","BG",2012,4970
"EUR","P_SAL_Y","GE10","G-S_X_O","D01","BG",2012,6114
"EUR","P_SAL_Y","GE10","G-S_X_O","D111","BG",2012,5220
"EUR","P_SAL_Y","GE10","G-S_X_O","D1111","BG",2012,4645
"EUR","P_SAL_Y","GE10","G45","D01","BG",2012,6276
"EUR","P_SAL_Y","GE10","G45","D111","BG",2012,5351
"EUR","P_SAL_Y","GE10","G45","D1111","BG",2012,4915
"EUR","P_SAL_Y","GE10","G46","D01","BG",2012,6480
"EUR","P_SAL_Y","GE10","G46","D111","BG",2012,5583
"EUR","P_SAL_Y","GE10","G46","D1111","BG",2012,5163
"EUR","P_SAL_Y","GE10","G47","D01","BG",2012,4482
"EUR","P_SAL_Y","GE10","G47","D111","BG",2012,3775
"EUR","P_SAL_Y","GE10","G47","D1111","BG",2012,3482
"EUR","P_SAL_Y","GE10","H","D01","BG",2012,6177
"EUR","P_SAL_Y","GE10","H","D111","BG",2012,5427
"EUR","P_SAL_Y","GE10","H","D1111","BG",2012,4494
"EUR","P_SAL_Y","GE10","H49","D01","BG",2012,5115
"EUR","P_SAL_Y","GE10","H49","D111","BG",2012,4111
"EUR","P_SAL_Y","GE10","H49","D1111","BG",2012,3445
"EUR","P_SAL_Y","GE10","H50","D01","BG",2012,12373
"EUR","P_SAL_Y","GE10","H50","D111","BG",2012,11365
"EUR","P_SAL_Y","GE10","H50","D1111","BG",2012,9516
"EUR","P_SAL_Y","GE10","H51","D01","BG",2012,15489
"EUR","P_SAL_Y","GE10","H51","D111","BG",2012,12947
"EUR","P_SAL_Y","GE10","H51","D1111","BG",2012,11452
"EUR","P_SAL_Y","GE10","H52","D01","BG",2012,7816
"EUR","P_SAL_Y","GE10","H52","D111","BG",2012,7826
"EUR","P_SAL_Y","GE10","H52","D1111","BG",2012,6255
"EUR","P_SAL_Y","GE10","H53","D01","BG",2012,5112
"EUR","P_SAL_Y","GE10","H53","D111","BG",2012,4251
"EUR","P_SAL_Y","GE10","H53","D1111","BG",2012,3650
"EUR","P_SAL_Y","GE10","I","D01","BG",2012,3827
"EUR","P_SAL_Y","GE10","I","D111","BG",2012,3201
"EUR","P_SAL_Y","GE10","I","D1111","BG",2012,2987
"EUR","P_SAL_Y","GE10","I55","D01","BG",2012,4527
"EUR","P_SAL_Y","GE10","I55","D111","BG",2012,3795
"EUR","P_SAL_Y","GE10","I55","D1111","BG",2012,3525
"EUR","P_SAL_Y","GE10","I56","D01","BG",2012,3284
"EUR","P_SAL_Y","GE10","I56","D111","BG",2012,2740
"EUR","P_SAL_Y","GE10","I56","D1111","BG",2012,2571
"EUR","P_SAL_Y","GE10","J","D01","BG",2012,13130
"EUR","P_SAL_Y","GE10","J","D111","BG",2012,11436
"EUR","P_SAL_Y","GE10","J","D1111","BG",2012,10436
"EUR","P_SAL_Y","GE10","J58","D01","BG",2012,8714
"EUR","P_SAL_Y","GE10","J58","D111","BG",2012,7529
"EUR","P_SAL_Y","GE10","J58","D1111","BG",2012,6827
"EUR","P_SAL_Y","GE10","J59","D01","BG",2012,10273
"EUR","P_SAL_Y","GE10","J59","D111","BG",2012,9092
"EUR","P_SAL_Y","GE10","J59","D1111","BG",2012,8433
"EUR","P_SAL_Y","GE10","J60","D01","BG",2012,9448
"EUR","P_SAL_Y","GE10","J60","D111","BG",2012,8154
"EUR","P_SAL_Y","GE10","J60","D1111","BG",2012,7364
"EUR","P_SAL_Y","GE10","J61","D01","BG",2012,10812
"EUR","P_SAL_Y","GE10","J61","D111","BG",2012,9241
"EUR","P_SAL_Y","GE10","J61","D1111","BG",2012,8397
"EUR","P_SAL_Y","GE10","J62","D01","BG",2012,17664
"EUR","P_SAL_Y","GE10","J62","D111","BG",2012,15563
"EUR","P_SAL_Y","GE10","J62","D1111","BG",2012,14252
"EUR","P_SAL_Y","GE10","J63","D01","BG",2012,10858
"EUR","P_SAL_Y","GE10","J63","D111","BG",2012,9437
"EUR","P_SAL_Y","GE10","J63","D1111","BG",2012,8614
"EUR","P_SAL_Y","GE10","K","D01","BG",2012,11057
"EUR","P_SAL_Y","GE10","K","D111","BG",2012,9475
"EUR","P_SAL_Y","GE10","K","D1111","BG",2012,8490
"EUR","P_SAL_Y","GE10","K-N","D01","BG",2012,6518
"EUR","P_SAL_Y","GE10","K-N","D111","BG",2012,5632
"EUR","P_SAL_Y","GE10","K-N","D1111","BG",2012,5116
"EUR","P_SAL_Y","GE10","K64","D01","BG",2012,11164
"EUR","P_SAL_Y","GE10","K64","D111","BG",2012,9531
"EUR","P_SAL_Y","GE10","K64","D1111","BG",2012,8479
"EUR","P_SAL_Y","GE10","K65","D01","BG",2012,12115
"EUR","P_SAL_Y","GE10","K65","D111","BG",2012,10560
"EUR","P_SAL_Y","GE10","K65","D1111","BG",2012,9732
"EUR","P_SAL_Y","GE10","K66","D01","BG",2012,8469
"EUR","P_SAL_Y","GE10","K66","D111","BG",2012,7370
"EUR","P_SAL_Y","GE10","K66","D1111","BG",2012,6845
"EUR","P_SAL_Y","GE10","L","D01","BG",2012,5753
"EUR","P_SAL_Y","GE10","L","D111","BG",2012,4919
"EUR","P_SAL_Y","GE10","L","D1111","BG",2012,4485
"EUR","P_SAL_Y","GE10","L68","D01","BG",2012,5753
"EUR","P_SAL_Y","GE10","L68","D111","BG",2012,4919
"EUR","P_SAL_Y","GE10","L68","D1111","BG",2012,4485
"EUR","P_SAL_Y","GE10","M","D01","BG",2012,9487
"EUR","P_SAL_Y","GE10","M","D111","BG",2012,8242
"EUR","P_SAL_Y","GE10","M","D1111","BG",2012,7523
"EUR","P_SAL_Y","GE10","M69","D01","BG",2012,11017
"EUR","P_SAL_Y","GE10","M69","D111","BG",2012,9668
"EUR","P_SAL_Y","GE10","M69","D1111","BG",2012,8864
"EUR","P_SAL_Y","GE10","M70","D01","BG",2012,12384
"EUR","P_SAL_Y","GE10","M70","D111","BG",2012,10917
"EUR","P_SAL_Y","GE10","M70","D1111","BG",2012,9970
"EUR","P_SAL_Y","GE10","M71","D01","BG",2012,10359
"EUR","P_SAL_Y","GE10","M71","D111","BG",2012,8933
"EUR","P_SAL_Y","GE10","M71","D1111","BG",2012,8205
"EUR","P_SAL_Y","GE10","M72","D01","BG",2012,5765
"EUR","P_SAL_Y","GE10","M72","D111","BG",2012,4864
"EUR","P_SAL_Y","GE10","M72","D1111","BG",2012,4270
"EUR","P_SAL_Y","GE10","M73","D01","BG",2012,10885
"EUR","P_SAL_Y","GE10","M73","D111","BG",2012,9567
"EUR","P_SAL_Y","GE10","M73","D1111","BG",2012,8912
"EUR","P_SAL_Y","GE10","M74","D01","BG",2012,10321
"EUR","P_SAL_Y","GE10","M74","D111","BG",2012,9010
"EUR","P_SAL_Y","GE10","M74","D1111","BG",2012,8283
"EUR","P_SAL_Y","GE10","M75","D01","BG",2012,3242
"EUR","P_SAL_Y","GE10","M75","D111","BG",2012,2760
"EUR","P_SAL_Y","GE10","M75","D1111","BG",2012,2554
"EUR","P_SAL_Y","GE10","N","D01","BG",2012,3398
"EUR","P_SAL_Y","GE10","N","D111","BG",2012,2964
"EUR","P_SAL_Y","GE10","N","D1111","BG",2012,2732
"EUR","P_SAL_Y","GE10","N77","D01","BG",2012,6379
"EUR","P_SAL_Y","GE10","N77","D111","BG",2012,5417
"EUR","P_SAL_Y","GE10","N77","D1111","BG",2012,5024
"EUR","P_SAL_Y","GE10","N78","D01","BG",2012,7050
"EUR","P_SAL_Y","GE10","N78","D111","BG",2012,5946
"EUR","P_SAL_Y","GE10","N78","D1111","BG",2012,5458
"EUR","P_SAL_Y","GE10","N79","D01","BG",2012,5682
"EUR","P_SAL_Y","GE10","N79","D111","BG",2012,4847
"EUR","P_SAL_Y","GE10","N79","D1111","BG",2012,4555
"EUR","P_SAL_Y","GE10","N80","D01","BG",2012,2951
"EUR","P_SAL_Y","GE10","N80","D111","BG",2012,2494
"EUR","P_SAL_Y","GE10","N80","D1111","BG",2012,2300
"EUR","P_SAL_Y","GE10","N81","D01","BG",2012,2185
"EUR","P_SAL_Y","GE10","N81","D111","BG",2012,2119
"EUR","P_SAL_Y","GE10","N81","D1111","BG",2012,1947
"EUR","P_SAL_Y","GE10","N82","D01","BG",2012,7158
"EUR","P_SAL_Y","GE10","N82","D111","BG",2012,6124
"EUR","P_SAL_Y","GE10","N82","D1111","BG",2012,5651
"EUR","P_SAL_Y","GE10","O","D01","BG",2012,7098
"EUR","P_SAL_Y","GE10","O","D111","BG",2012,5575
"EUR","P_SAL_Y","GE10","O","D1111","BG",2012,4890
"EUR","P_SAL_Y","GE10","O-S","D01","BG",2012,5944
"EUR","P_SAL_Y","GE10","O-S","D111","BG",2012,4858
"EUR","P_SAL_Y","GE10","O-S","D1111","BG",2012,4201
"EUR","P_SAL_Y","GE10","O84","D01","BG",2012,7098
"EUR","P_SAL_Y","GE10","O84","D111","BG",2012,5575
"EUR","P_SAL_Y","GE10","O84","D1111","BG",2012,4890
"EUR","P_SAL_Y","GE10","P","D01","BG",2012,5573
"EUR","P_SAL_Y","GE10","P","D111","BG",2012,4563
"EUR","P_SAL_Y","GE10","P","D1111","BG",2012,3767
"EUR","P_SAL_Y","GE10","P-S","D01","BG",2012,5530
"EUR","P_SAL_Y","GE10","P-S","D111","BG",2012,4601
"EUR","P_SAL_Y","GE10","P-S","D1111","BG",2012,3954
"EUR","P_SAL_Y","GE10","P85","D01","BG",2012,5573
"EUR","P_SAL_Y","GE10","P85","D111","BG",2012,4563
"EUR","P_SAL_Y","GE10","P85","D1111","BG",2012,3767
"EUR","P_SAL_Y","GE10","Q","D01","BG",2012,5714
"EUR","P_SAL_Y","GE10","Q","D111","BG",2012,4808
"EUR","P_SAL_Y","GE10","Q","D1111","BG",2012,4269
"EUR","P_SAL_Y","GE10","Q86","D01","BG",2012,6410
"EUR","P_SAL_Y","GE10","Q86","D111","BG",2012,5402
"EUR","P_SAL_Y","GE10","Q86","D1111","BG",2012,4811
"EUR","P_SAL_Y","GE10","Q87","D01","BG",2012,3514
"EUR","P_SAL_Y","GE10","Q87","D111","BG",2012,2908
"EUR","P_SAL_Y","GE10","Q87","D1111","BG",2012,2522
"EUR","P_SAL_Y","GE10","Q88","D01","BG",2012,3215
"EUR","P_SAL_Y","GE10","Q88","D111","BG",2012,2692
"EUR","P_SAL_Y","GE10","Q88","D1111","BG",2012,2349
"EUR","P_SAL_Y","GE10","R","D01","BG",2012,5002
"EUR","P_SAL_Y","GE10","R","D111","BG",2012,4281
"EUR","P_SAL_Y","GE10","R","D1111","BG",2012,3898
"EUR","P_SAL_Y","GE10","R90","D01","BG",2012,4172
"EUR","P_SAL_Y","GE10","R90","D111","BG",2012,3444
"EUR","P_SAL_Y","GE10","R90","D1111","BG",2012,3004
"EUR","P_SAL_Y","GE10","R91","D01","BG",2012,3872
"EUR","P_SAL_Y","GE10","R91","D111","BG",2012,3200
"EUR","P_SAL_Y","GE10","R91","D1111","BG",2012,2768
"EUR","P_SAL_Y","GE10","R92","D01","BG",2012,4162
"EUR","P_SAL_Y","GE10","R92","D111","BG",2012,3484
"EUR","P_SAL_Y","GE10","R92","D1111","BG",2012,3201
"EUR","P_SAL_Y","GE10","R93","D01","BG",2012,7685
"EUR","P_SAL_Y","GE10","R93","D111","BG",2012,6881
"EUR","P_SAL_Y","GE10","R93","D1111","BG",2012,6447
"EUR","P_SAL_Y","GE10","S","D01","BG",2012,4415
"EUR","P_SAL_Y","GE10","S","D111","BG",2012,3813
"EUR","P_SAL_Y","GE10","S","D1111","BG",2012,3456
"EUR","P_SAL_Y","GE10","S94","D01","BG",2012,4946
"EUR","P_SAL_Y","GE10","S94","D111","BG",2012,4320
"EUR","P_SAL_Y","GE10","S94","D1111","BG",2012,3903
"EUR","P_SAL_Y","GE10","S95","D01","BG",2012,5055
"EUR","P_SAL_Y","GE10","S95","D111","BG",2012,4266
"EUR","P_SAL_Y","GE10","S95","D1111","BG",2012,3901
"EUR","P_SAL_Y","GE10","S96","D01","BG",2012,3091
"EUR","P_SAL_Y","GE10","S96","D111","BG",2012,2577
"EUR","P_SAL_Y","GE10","S96","D1111","BG",2012,2361
"EUR","P_SAL_Y","GE1000","B","D01","BG",2012,13688
"EUR","P_SAL_Y","GE1000","B","D111","BG",2012,10331
"EUR","P_SAL_Y","GE1000","B","D1111","BG",2012,8572
"EUR","P_SAL_Y","GE1000","B-E","D01","BG",2012,10107
"EUR","P_SAL_Y","GE1000","B-E","D111","BG",2012,8047
"EUR","P_SAL_Y","GE1000","B-E","D1111","BG",2012,6557
"EUR","P_SAL_Y","GE1000","B-F","D01","BG",2012,10113
"EUR","P_SAL_Y","GE1000","B-F","D111","BG",2012,8050
"EUR","P_SAL_Y","GE1000","B-F","D1111","BG",2012,6559
"EUR","P_SAL_Y","GE1000","B-N","D01","BG",2012,9101
"EUR","P_SAL_Y","GE1000","B-N","D111","BG",2012,7649
"EUR","P_SAL_Y","GE1000","B-N","D1111","BG",2012,6395
"EUR","P_SAL_Y","GE1000","B-S","D01","BG",2012,8787
"EUR","P_SAL_Y","GE1000","B-S","D111","BG",2012,7345
"EUR","P_SAL_Y","GE1000","B-S","D1111","BG",2012,6189
"EUR","P_SAL_Y","GE1000","B-S_X_O","D01","BG",2012,8910
"EUR","P_SAL_Y","GE1000","B-S_X_O","D111","BG",2012,7488
"EUR","P_SAL_Y","GE1000","B-S_X_O","D1111","BG",2012,6286
"EUR","P_SAL_Y","GE1000","B05","D01","BG",2012,12932
"EUR","P_SAL_Y","GE1000","B05","D111","BG",2012,9498
"EUR","P_SAL_Y","GE1000","B05","D1111","BG",2012,7657
"EUR","P_SAL_Y","GE1000","B07","D01","BG",2012,15639
"EUR","P_SAL_Y","GE1000","B07","D111","BG",2012,12478
"EUR","P_SAL_Y","GE1000","B07","D1111","BG",2012,10933
"EUR","P_SAL_Y","GE1000","C","D01","BG",2012,7007
"EUR","P_SAL_Y","GE1000","C","D111","BG",2012,5713
"EUR","P_SAL_Y","GE1000","C","D1111","BG",2012,4984
"EUR","P_SAL_Y","GE1000","C10","D01","BG",2012,NA
"EUR","P_SAL_Y","GE1000","C10","D111","BG",2012,NA
"EUR","P_SAL_Y","GE1000","C10","D1111","BG",2012,NA
"EUR","P_SAL_Y","GE1000","C11","D01","BG",2012,NA
"EUR","P_SAL_Y","GE1000","C11","D111","BG",2012,NA
"EUR","P_SAL_Y","GE1000","C11","D1111","BG",2012,NA
"EUR","P_SAL_Y","GE1000","C12","D01","BG",2012,NA
"EUR","P_SAL_Y","GE1000","C12","D111","BG",2012,NA
"EUR","P_SAL_Y","GE1000","C12","D1111","BG",2012,NA
"EUR","P_SAL_Y","GE1000","C13","D01","BG",2012,5441
"EUR","P_SAL_Y","GE1000","C13","D111","BG",2012,4576
"EUR","P_SAL_Y","GE1000","C13","D1111","BG",2012,4188
"EUR","P_SAL_Y","GE1000","C14","D01","BG",2012,5877
"EUR","P_SAL_Y","GE1000","C14","D111","BG",2012,4438
"EUR","P_SAL_Y","GE1000","C14","D1111","BG",2012,3982
"EUR","P_SAL_Y","GE1000","C19","D01","BG",2012,NA
"EUR","P_SAL_Y","GE1000","C19","D111","BG",2012,NA
"EUR","P_SAL_Y","GE1000","C19","D1111","BG",2012,NA
"EUR","P_SAL_Y","GE1000","C20","D01","BG",2012,NA
"EUR","P_SAL_Y","GE1000","C20","D111","BG",2012,NA
"EUR","P_SAL_Y","GE1000","C20","D1111","BG",2012,NA
"EUR","P_SAL_Y","GE1000","C21","D01","BG",2012,6447
"EUR","P_SAL_Y","GE1000","C21","D111","BG",2012,5323
"EUR","P_SAL_Y","GE1000","C21","D1111","BG",2012,4597
"EUR","P_SAL_Y","GE1000","C22","D01","BG",2012,NA
"EUR","P_SAL_Y","GE1000","C22","D111","BG",2012,NA
"EUR","P_SAL_Y","GE1000","C22","D1111","BG",2012,NA
"EUR","P_SAL_Y","GE1000","C23","D01","BG",2012,NA
"EUR","P_SAL_Y","GE1000","C23","D111","BG",2012,NA
"EUR","P_SAL_Y","GE1000","C23","D1111","BG",2012,NA
"EUR","P_SAL_Y","GE1000","C24","D01","BG",2012,NA
"EUR","P_SAL_Y","GE1000","C24","D111","BG",2012,NA
"EUR","P_SAL_Y","GE1000","C24","D1111","BG",2012,NA
"EUR","P_SAL_Y","GE1000","C25","D01","BG",2012,4164
"EUR","P_SAL_Y","GE1000","C25","D111","BG",2012,3387
"EUR","P_SAL_Y","GE1000","C25","D1111","BG",2012,2885
"EUR","P_SAL_Y","GE1000","C27","D01","BG",2012,NA
"EUR","P_SAL_Y","GE1000","C27","D111","BG",2012,NA
"EUR","P_SAL_Y","GE1000","C27","D1111","BG",2012,NA
"EUR","P_SAL_Y","GE1000","C28","D01","BG",2012,8507
"EUR","P_SAL_Y","GE1000","C28","D111","BG",2012,7031
"EUR","P_SAL_Y","GE1000","C28","D1111","BG",2012,5937
"EUR","P_SAL_Y","GE1000","C29","D01","BG",2012,5392
"EUR","P_SAL_Y","GE1000","C29","D111","BG",2012,4569
"EUR","P_SAL_Y","GE1000","C29","D1111","BG",2012,3916
"EUR","P_SAL_Y","GE1000","C30","D01","BG",2012,NA
"EUR","P_SAL_Y","GE1000","C30","D111","BG",2012,NA
"EUR","P_SAL_Y","GE1000","C30","D1111","BG",2012,NA
"EUR","P_SAL_Y","GE1000","C33","D01","BG",2012,NA
"EUR","P_SAL_Y","GE1000","C33","D111","BG",2012,NA
"EUR","P_SAL_Y","GE1000","C33","D1111","BG",2012,NA
"EUR","P_SAL_Y","GE1000","D","D01","BG",2012,14682
"EUR","P_SAL_Y","GE1000","D","D111","BG",2012,11740
"EUR","P_SAL_Y","GE1000","D","D1111","BG",2012,8771
"EUR","P_SAL_Y","GE1000","D35","D01","BG",2012,14682
"EUR","P_SAL_Y","GE1000","D35","D111","BG",2012,11740
"EUR","P_SAL_Y","GE1000","D35","D1111","BG",2012,8771
"EUR","P_SAL_Y","GE1000","E","D01","BG",2012,7161
"EUR","P_SAL_Y","GE1000","E","D111","BG",2012,5915
"EUR","P_SAL_Y","GE1000","E","D1111","BG",2012,4973
"EUR","P_SAL_Y","GE1000","E36","D01","BG",2012,7161
"EUR","P_SAL_Y","GE1000","E36","D111","BG",2012,5915
"EUR","P_SAL_Y","GE1000","E36","D1111","BG",2012,4973
"EUR","P_SAL_Y","GE1000","F","D01","BG",2012,NA
"EUR","P_SAL_Y","GE1000","F","D111","BG",2012,NA
"EUR","P_SAL_Y","GE1000","F","D1111","BG",2012,NA
"EUR","P_SAL_Y","GE1000","F41","D01","BG",2012,NA
"EUR","P_SAL_Y","GE1000","F41","D111","BG",2012,NA
"EUR","P_SAL_Y","GE1000","F41","D1111","BG",2012,NA
"EUR","P_SAL_Y","GE1000","G","D01","BG",2012,7209
"EUR","P_SAL_Y","GE1000","G","D111","BG",2012,6141
"EUR","P_SAL_Y","GE1000","G","D1111","BG",2012,5577
"EUR","P_SAL_Y","GE1000","G-J","D01","BG",2012,8369
"EUR","P_SAL_Y","GE1000","G-J","D111","BG",2012,7454
"EUR","P_SAL_Y","GE1000","G-J","D1111","BG",2012,6247
"EUR","P_SAL_Y","GE1000","G-N","D01","BG",2012,8400
"EUR","P_SAL_Y","GE1000","G-N","D111","BG",2012,7370
"EUR","P_SAL_Y","GE1000","G-N","D1111","BG",2012,6281
"EUR","P_SAL_Y","GE1000","G-S_X_O","D01","BG",2012,8215
"EUR","P_SAL_Y","GE1000","G-S_X_O","D111","BG",2012,7163
"EUR","P_SAL_Y","GE1000","G-S_X_O","D1111","BG",2012,6129
"EUR","P_SAL_Y","GE1000","G46","D01","BG",2012,NA
"EUR","P_SAL_Y","GE1000","G46","D111","BG",2012,NA
"EUR","P_SAL_Y","GE1000","G46","D1111","BG",2012,NA
"EUR","P_SAL_Y","GE1000","G47","D01","BG",2012,6631
"EUR","P_SAL_Y","GE1000","G47","D111","BG",2012,5629
"EUR","P_SAL_Y","GE1000","G47","D1111","BG",2012,5063
"EUR","P_SAL_Y","GE1000","H","D01","BG",2012,7373
"EUR","P_SAL_Y","GE1000","H","D111","BG",2012,6863
"EUR","P_SAL_Y","GE1000","H","D1111","BG",2012,5278
"EUR","P_SAL_Y","GE1000","H49","D01","BG",2012,8080
"EUR","P_SAL_Y","GE1000","H49","D111","BG",2012,6491
"EUR","P_SAL_Y","GE1000","H49","D1111","BG",2012,4855
"EUR","P_SAL_Y","GE1000","H50","D01","BG",2012,NA
"EUR","P_SAL_Y","GE1000","H50","D111","BG",2012,NA
"EUR","P_SAL_Y","GE1000","H50","D1111","BG",2012,NA
"EUR","P_SAL_Y","GE1000","H52","D01","BG",2012,7641
"EUR","P_SAL_Y","GE1000","H52","D111","BG",2012,8184
"EUR","P_SAL_Y","GE1000","H52","D1111","BG",2012,6261
"EUR","P_SAL_Y","GE1000","H53","D01","BG",2012,4320
"EUR","P_SAL_Y","GE1000","H53","D111","BG",2012,3521
"EUR","P_SAL_Y","GE1000","H53","D1111","BG",2012,2836
"EUR","P_SAL_Y","GE1000","I","D01","BG",2012,NA
"EUR","P_SAL_Y","GE1000","I","D111","BG",2012,NA
"EUR","P_SAL_Y","GE1000","I","D1111","BG",2012,NA
"EUR","P_SAL_Y","GE1000","I56","D01","BG",2012,NA
"EUR","P_SAL_Y","GE1000","I56","D111","BG",2012,NA
"EUR","P_SAL_Y","GE1000","I56","D1111","BG",2012,NA
"EUR","P_SAL_Y","GE1000","J","D01","BG",2012,12474
"EUR","P_SAL_Y","GE1000","J","D111","BG",2012,10640
"EUR","P_SAL_Y","GE1000","J","D1111","BG",2012,9697
"EUR","P_SAL_Y","GE1000","J60","D01","BG",2012,7265
"EUR","P_SAL_Y","GE1000","J60","D111","BG",2012,6205
"EUR","P_SAL_Y","GE1000","J60","D1111","BG",2012,5476
"EUR","P_SAL_Y","GE1000","J61","D01","BG",2012,11590
"EUR","P_SAL_Y","GE1000","J61","D111","BG",2012,9932
"EUR","P_SAL_Y","GE1000","J61","D1111","BG",2012,8988
"EUR","P_SAL_Y","GE1000","J62","D01","BG",2012,NA
"EUR","P_SAL_Y","GE1000","J62","D111","BG",2012,NA
"EUR","P_SAL_Y","GE1000","J62","D1111","BG",2012,NA
"EUR","P_SAL_Y","GE1000","K","D01","BG",2012,11113
"EUR","P_SAL_Y","GE1000","K","D111","BG",2012,9455
"EUR","P_SAL_Y","GE1000","K","D1111","BG",2012,8325
"EUR","P_SAL_Y","GE1000","K-N","D01","BG",2012,8467
"EUR","P_SAL_Y","GE1000","K-N","D111","BG",2012,7189
"EUR","P_SAL_Y","GE1000","K-N","D1111","BG",2012,6354
"EUR","P_SAL_Y","GE1000","K64","D01","BG",2012,11113
"EUR","P_SAL_Y","GE1000","K64","D111","BG",2012,9455
"EUR","P_SAL_Y","GE1000","K64","D1111","BG",2012,8325
"EUR","P_SAL_Y","GE1000","M","D01","BG",2012,5812
"EUR","P_SAL_Y","GE1000","M","D111","BG",2012,4358
"EUR","P_SAL_Y","GE1000","M","D1111","BG",2012,3659
"EUR","P_SAL_Y","GE1000","M71","D01","BG",2012,NA
"EUR","P_SAL_Y","GE1000","M71","D111","BG",2012,NA
"EUR","P_SAL_Y","GE1000","M71","D1111","BG",2012,NA
"EUR","P_SAL_Y","GE1000","M72","D01","BG",2012,NA
"EUR","P_SAL_Y","GE1000","M72","D111","BG",2012,NA
"EUR","P_SAL_Y","GE1000","M72","D1111","BG",2012,NA
"EUR","P_SAL_Y","GE1000","N","D01","BG",2012,4326
"EUR","P_SAL_Y","GE1000","N","D111","BG",2012,3654
"EUR","P_SAL_Y","GE1000","N","D1111","BG",2012,3284
"EUR","P_SAL_Y","GE1000","N78","D01","BG",2012,NA
"EUR","P_SAL_Y","GE1000","N78","D111","BG",2012,NA
"EUR","P_SAL_Y","GE1000","N78","D1111","BG",2012,NA
"EUR","P_SAL_Y","GE1000","N80","D01","BG",2012,3405
"EUR","P_SAL_Y","GE1000","N80","D111","BG",2012,2875
"EUR","P_SAL_Y","GE1000","N80","D1111","BG",2012,2575
"EUR","P_SAL_Y","GE1000","O","D01","BG",2012,7222
"EUR","P_SAL_Y","GE1000","O","D111","BG",2012,5528
"EUR","P_SAL_Y","GE1000","O","D1111","BG",2012,4954
"EUR","P_SAL_Y","GE1000","O-S","D01","BG",2012,7264
"EUR","P_SAL_Y","GE1000","O-S","D111","BG",2012,5874
"EUR","P_SAL_Y","GE1000","O-S","D1111","BG",2012,5194
"EUR","P_SAL_Y","GE1000","O84","D01","BG",2012,7222
"EUR","P_SAL_Y","GE1000","O84","D111","BG",2012,5528
"EUR","P_SAL_Y","GE1000","O84","D1111","BG",2012,4954
"EUR","P_SAL_Y","GE1000","P","D01","BG",2012,7735
"EUR","P_SAL_Y","GE1000","P","D111","BG",2012,6544
"EUR","P_SAL_Y","GE1000","P","D1111","BG",2012,5667
"EUR","P_SAL_Y","GE1000","P-S","D01","BG",2012,7294
"EUR","P_SAL_Y","GE1000","P-S","D111","BG",2012,6130
"EUR","P_SAL_Y","GE1000","P-S","D1111","BG",2012,5372
"EUR","P_SAL_Y","GE1000","P85","D01","BG",2012,7735
"EUR","P_SAL_Y","GE1000","P85","D111","BG",2012,6544
"EUR","P_SAL_Y","GE1000","P85","D1111","BG",2012,5667
"EUR","P_SAL_Y","GE1000","Q","D01","BG",2012,7234
"EUR","P_SAL_Y","GE1000","Q","D111","BG",2012,6071
"EUR","P_SAL_Y","GE1000","Q","D1111","BG",2012,5334
"EUR","P_SAL_Y","GE1000","Q86","D01","BG",2012,7234
"EUR","P_SAL_Y","GE1000","Q86","D111","BG",2012,6071
"EUR","P_SAL_Y","GE1000","Q86","D1111","BG",2012,5334
"EUR","P_SAL_Y","GE1000","R","D01","BG",2012,6104
"EUR","P_SAL_Y","GE1000","R","D111","BG",2012,5051
"EUR","P_SAL_Y","GE1000","R","D1111","BG",2012,4542
"EUR","P_SAL_Y","GE1000","R92","D01","BG",2012,6104
"EUR","P_SAL_Y","GE1000","R92","D111","BG",2012,5051
"EUR","P_SAL_Y","GE1000","R92","D1111","BG",2012,4542
"EUR","P_SAL_Y","LT10","B","D01","BG",2012,5407
"EUR","P_SAL_Y","LT10","B","D111","BG",2012,4571
"EUR","P_SAL_Y","LT10","B","D1111","BG",2012,4305
"EUR","P_SAL_Y","LT10","B-E","D01","BG",2012,2927
"EUR","P_SAL_Y","LT10","B-E","D111","BG",2012,2452
"EUR","P_SAL_Y","LT10","B-E","D1111","BG",2012,2311
"EUR","P_SAL_Y","LT10","B-F","D01","BG",2012,3110
"EUR","P_SAL_Y","LT10","B-F","D111","BG",2012,2609
"EUR","P_SAL_Y","LT10","B-F","D1111","BG",2012,2460
"EUR","P_SAL_Y","LT10","B-N","D01","BG",2012,3575
"EUR","P_SAL_Y","LT10","B-N","D111","BG",2012,3019
"EUR","P_SAL_Y","LT10","B-N","D1111","BG",2012,2850
"EUR","P_SAL_Y","LT10","B-S","D01","BG",2012,3542
"EUR","P_SAL_Y","LT10","B-S","D111","BG",2012,2991
"EUR","P_SAL_Y","LT10","B-S","D1111","BG",2012,2818
"EUR","P_SAL_Y","LT10","B-S_X_O","D01","BG",2012,3534
"EUR","P_SAL_Y","LT10","B-S_X_O","D111","BG",2012,2985
"EUR","P_SAL_Y","LT10","B-S_X_O","D1111","BG",2012,2813
"EUR","P_SAL_Y","LT10","B05","D01","BG",2012,7308
"EUR","P_SAL_Y","LT10","B05","D111","BG",2012,5869
"EUR","P_SAL_Y","LT10","B05","D1111","BG",2012,5625
"EUR","P_SAL_Y","LT10","B06","D01","BG",2012,NA
"EUR","P_SAL_Y","LT10","B06","D111","BG",2012,NA
"EUR","P_SAL_Y","LT10","B06","D1111","BG",2012,NA
"EUR","P_SAL_Y","LT10","B07","D01","BG",2012,4511
"EUR","P_SAL_Y","LT10","B07","D111","BG",2012,3822
"EUR","P_SAL_Y","LT10","B07","D1111","BG",2012,3688
"EUR","P_SAL_Y","LT10","B08","D01","BG",2012,4227
"EUR","P_SAL_Y","LT10","B08","D111","BG",2012,3503
"EUR","P_SAL_Y","LT10","B08","D1111","BG",2012,3273
"EUR","P_SAL_Y","LT10","B09","D01","BG",2012,11377
"EUR","P_SAL_Y","LT10","B09","D111","BG",2012,10085
"EUR","P_SAL_Y","LT10","B09","D1111","BG",2012,9550
"EUR","P_SAL_Y","LT10","C","D01","BG",2012,2771
"EUR","P_SAL_Y","LT10","C","D111","BG",2012,2313
"EUR","P_SAL_Y","LT10","C","D1111","BG",2012,2180
"EUR","P_SAL_Y","LT10","C10","D01","BG",2012,2657
"EUR","P_SAL_Y","LT10","C10","D111","BG",2012,2210
"EUR","P_SAL_Y","LT10","C10","D1111","BG",2012,2103
"EUR","P_SAL_Y","LT10","C11","D01","BG",2012,NA
"EUR","P_SAL_Y","LT10","C11","D111","BG",2012,NA
"EUR","P_SAL_Y","LT10","C11","D1111","BG",2012,NA
"EUR","P_SAL_Y","LT10","C12","D01","BG",2012,5705
"EUR","P_SAL_Y","LT10","C12","D111","BG",2012,4685
"EUR","P_SAL_Y","LT10","C12","D1111","BG",2012,4201
"EUR","P_SAL_Y","LT10","C13","D01","BG",2012,NA
"EUR","P_SAL_Y","LT10","C13","D111","BG",2012,NA
"EUR","P_SAL_Y","LT10","C13","D1111","BG",2012,NA
"EUR","P_SAL_Y","LT10","C14","D01","BG",2012,2360
"EUR","P_SAL_Y","LT10","C14","D111","BG",2012,1970
"EUR","P_SAL_Y","LT10","C14","D1111","BG",2012,1873
"EUR","P_SAL_Y","LT10","C15","D01","BG",2012,NA
"EUR","P_SAL_Y","LT10","C15","D111","BG",2012,NA
"EUR","P_SAL_Y","LT10","C15","D1111","BG",2012,NA
"EUR","P_SAL_Y","LT10","C16","D01","BG",2012,2312
"EUR","P_SAL_Y","LT10","C16","D111","BG",2012,1913
"EUR","P_SAL_Y","LT10","C16","D1111","BG",2012,1800
"EUR","P_SAL_Y","LT10","C17","D01","BG",2012,NA
"EUR","P_SAL_Y","LT10","C17","D111","BG",2012,NA
"EUR","P_SAL_Y","LT10","C17","D1111","BG",2012,NA
"EUR","P_SAL_Y","LT10","C18","D01","BG",2012,2741
"EUR","P_SAL_Y","LT10","C18","D111","BG",2012,2291
"EUR","P_SAL_Y","LT10","C18","D1111","BG",2012,2141
"EUR","P_SAL_Y","LT10","C19","D01","BG",2012,NA
"EUR","P_SAL_Y","LT10","C19","D111","BG",2012,NA
"EUR","P_SAL_Y","LT10","C19","D1111","BG",2012,NA
"EUR","P_SAL_Y","LT10","C20","D01","BG",2012,3545
"EUR","P_SAL_Y","LT10","C20","D111","BG",2012,2982
"EUR","P_SAL_Y","LT10","C20","D1111","BG",2012,2790
"EUR","P_SAL_Y","LT10","C21","D01","BG",2012,NA
"EUR","P_SAL_Y","LT10","C21","D111","BG",2012,NA
"EUR","P_SAL_Y","LT10","C21","D1111","BG",2012,NA
"EUR","P_SAL_Y","LT10","C22","D01","BG",2012,2603
"EUR","P_SAL_Y","LT10","C22","D111","BG",2012,2162
"EUR","P_SAL_Y","LT10","C22","D1111","BG",2012,2027
"EUR","P_SAL_Y","LT10","C23","D01","BG",2012,3044
"EUR","P_SAL_Y","LT10","C23","D111","BG",2012,2528
"EUR","P_SAL_Y","LT10","C23","D1111","BG",2012,2381
"EUR","P_SAL_Y","LT10","C24","D01","BG",2012,NA
"EUR","P_SAL_Y","LT10","C24","D111","BG",2012,NA
"EUR","P_SAL_Y","LT10","C24","D1111","BG",2012,NA
"EUR","P_SAL_Y","LT10","C25","D01","BG",2012,2859
"EUR","P_SAL_Y","LT10","C25","D111","BG",2012,2383
"EUR","P_SAL_Y","LT10","C25","D1111","BG",2012,2237
"EUR","P_SAL_Y","LT10","C26","D01","BG",2012,4480
"EUR","P_SAL_Y","LT10","C26","D111","BG",2012,3791
"EUR","P_SAL_Y","LT10","C26","D1111","BG",2012,3556
"EUR","P_SAL_Y","LT10","C27","D01","BG",2012,NA
"EUR","P_SAL_Y","LT10","C27","D111","BG",2012,NA
"EUR","P_SAL_Y","LT10","C27","D1111","BG",2012,NA
"EUR","P_SAL_Y","LT10","C28","D01","BG",2012,3644
"EUR","P_SAL_Y","LT10","C28","D111","BG",2012,3031
"EUR","P_SAL_Y","LT10","C28","D1111","BG",2012,2829
"EUR","P_SAL_Y","LT10","C29","D01","BG",2012,3009
"EUR","P_SAL_Y","LT10","C29","D111","BG",2012,2511
"EUR","P_SAL_Y","LT10","C29","D1111","BG",2012,2337
"EUR","P_SAL_Y","LT10","C30","D01","BG",2012,4674
"EUR","P_SAL_Y","LT10","C30","D111","BG",2012,3941
"EUR","P_SAL_Y","LT10","C30","D1111","BG",2012,3766
"EUR","P_SAL_Y","LT10","C31","D01","BG",2012,2285
"EUR","P_SAL_Y","LT10","C31","D111","BG",2012,1910
"EUR","P_SAL_Y","LT10","C31","D1111","BG",2012,1798
"EUR","P_SAL_Y","LT10","C32","D01","BG",2012,2683
"EUR","P_SAL_Y","LT10","C32","D111","BG",2012,2241
"EUR","P_SAL_Y","LT10","C32","D1111","BG",2012,2096
"EUR","P_SAL_Y","LT10","C33","D01","BG",2012,3875
"EUR","P_SAL_Y","LT10","C33","D111","BG",2012,3289
"EUR","P_SAL_Y","LT10","C33","D1111","BG",2012,3099
"EUR","P_SAL_Y","LT10","D","D01","BG",2012,6993
"EUR","P_SAL_Y","LT10","D","D111","BG",2012,6116
"EUR","P_SAL_Y","LT10","D","D1111","BG",2012,5783
"EUR","P_SAL_Y","LT10","D35","D01","BG",2012,6993
"EUR","P_SAL_Y","LT10","D35","D111","BG",2012,6116
"EUR","P_SAL_Y","LT10","D35","D1111","BG",2012,5783
"EUR","P_SAL_Y","LT10","E","D01","BG",2012,3987
"EUR","P_SAL_Y","LT10","E","D111","BG",2012,3403
"EUR","P_SAL_Y","LT10","E","D1111","BG",2012,3187
"EUR","P_SAL_Y","LT10","E36","D01","BG",2012,6520
"EUR","P_SAL_Y","LT10","E36","D111","BG",2012,5515
"EUR","P_SAL_Y","LT10","E36","D1111","BG",2012,5016
"EUR","P_SAL_Y","LT10","E37","D01","BG",2012,3498
"EUR","P_SAL_Y","LT10","E37","D111","BG",2012,2944
"EUR","P_SAL_Y","LT10","E37","D1111","BG",2012,2827
"EUR","P_SAL_Y","LT10","E38","D01","BG",2012,3867
"EUR","P_SAL_Y","LT10","E38","D111","BG",2012,3298
"EUR","P_SAL_Y","LT10","E38","D1111","BG",2012,3093
"EUR","P_SAL_Y","LT10","E39","D01","BG",2012,4643
"EUR","P_SAL_Y","LT10","E39","D111","BG",2012,4027
"EUR","P_SAL_Y","LT10","E39","D1111","BG",2012,3739
"EUR","P_SAL_Y","LT10","F","D01","BG",2012,3461
"EUR","P_SAL_Y","LT10","F","D111","BG",2012,2910
"EUR","P_SAL_Y","LT10","F","D1111","BG",2012,2745
"EUR","P_SAL_Y","LT10","F41","D01","BG",2012,3322
"EUR","P_SAL_Y","LT10","F41","D111","BG",2012,2786
"EUR","P_SAL_Y","LT10","F41","D1111","BG",2012,2626
"EUR","P_SAL_Y","LT10","F42","D01","BG",2012,4509
"EUR","P_SAL_Y","LT10","F42","D111","BG",2012,3852
"EUR","P_SAL_Y","LT10","F42","D1111","BG",2012,3615
"EUR","P_SAL_Y","LT10","F43","D01","BG",2012,3373
"EUR","P_SAL_Y","LT10","F43","D111","BG",2012,2830
"EUR","P_SAL_Y","LT10","F43","D1111","BG",2012,2673
"EUR","P_SAL_Y","LT10","G","D01","BG",2012,3347
"EUR","P_SAL_Y","LT10","G","D111","BG",2012,2812
"EUR","P_SAL_Y","LT10","G","D1111","BG",2012,2654
"EUR","P_SAL_Y","LT10","G-J","D01","BG",2012,3381
"EUR","P_SAL_Y","LT10","G-J","D111","BG",2012,2841
"EUR","P_SAL_Y","LT10","G-J","D1111","BG",2012,2686
"EUR","P_SAL_Y","LT10","G-N","D01","BG",2012,3693
"EUR","P_SAL_Y","LT10","G-N","D111","BG",2012,3124
"EUR","P_SAL_Y","LT10","G-N","D1111","BG",2012,2949
"EUR","P_SAL_Y","LT10","G-S_X_O","D01","BG",2012,3627
"EUR","P_SAL_Y","LT10","G-S_X_O","D111","BG",2012,3067
"EUR","P_SAL_Y","LT10","G-S_X_O","D1111","BG",2012,2890
"EUR","P_SAL_Y","LT10","G45","D01","BG",2012,3151
"EUR","P_SAL_Y","LT10","G45","D111","BG",2012,2639
"EUR","P_SAL_Y","LT10","G45","D1111","BG",2012,2481
"EUR","P_SAL_Y","LT10","G46","D01","BG",2012,4741
"EUR","P_SAL_Y","LT10","G46","D111","BG",2012,4041
"EUR","P_SAL_Y","LT10","G46","D1111","BG",2012,3792
"EUR","P_SAL_Y","LT10","G47","D01","BG",2012,2857
"EUR","P_SAL_Y","LT10","G47","D111","BG",2012,2380
"EUR","P_SAL_Y","LT10","G47","D1111","BG",2012,2256
"EUR","P_SAL_Y","LT10","H","D01","BG",2012,3300
"EUR","P_SAL_Y","LT10","H","D111","BG",2012,2705
"EUR","P_SAL_Y","LT10","H","D1111","BG",2012,2553
"EUR","P_SAL_Y","LT10","H49","D01","BG",2012,2984
"EUR","P_SAL_Y","LT10","H49","D111","BG",2012,2412
"EUR","P_SAL_Y","LT10","H49","D1111","BG",2012,2278
"EUR","P_SAL_Y","LT10","H50","D01","BG",2012,5952
"EUR","P_SAL_Y","LT10","H50","D111","BG",2012,5081
"EUR","P_SAL_Y","LT10","H50","D1111","BG",2012,4907
"EUR","P_SAL_Y","LT10","H51","D01","BG",2012,NA
"EUR","P_SAL_Y","LT10","H51","D111","BG",2012,NA
"EUR","P_SAL_Y","LT10","H51","D1111","BG",2012,NA
"EUR","P_SAL_Y","LT10","H52","D01","BG",2012,5603
"EUR","P_SAL_Y","LT10","H52","D111","BG",2012,4818
"EUR","P_SAL_Y","LT10","H52","D1111","BG",2012,4527
"EUR","P_SAL_Y","LT10","H53","D01","BG",2012,2707
"EUR","P_SAL_Y","LT10","H53","D111","BG",2012,2274
"EUR","P_SAL_Y","LT10","H53","D1111","BG",2012,2145
"EUR","P_SAL_Y","LT10","I","D01","BG",2012,2636
"EUR","P_SAL_Y","LT10","I","D111","BG",2012,2195
"EUR","P_SAL_Y","LT10","I","D1111","BG",2012,2105
"EUR","P_SAL_Y","LT10","I55","D01","BG",2012,3079
"EUR","P_SAL_Y","LT10","I55","D111","BG",2012,2560
"EUR","P_SAL_Y","LT10","I55","D1111","BG",2012,2433
"EUR","P_SAL_Y","LT10","I56","D01","BG",2012,2577
"EUR","P_SAL_Y","LT10","I56","D111","BG",2012,2146
"EUR","P_SAL_Y","LT10","I56","D1111","BG",2012,2061
"EUR","P_SAL_Y","LT10","J","D01","BG",2012,6993
"EUR","P_SAL_Y","LT10","J","D111","BG",2012,6121
"EUR","P_SAL_Y","LT10","J","D1111","BG",2012,5749
"EUR","P_SAL_Y","LT10","J58","D01","BG",2012,NA
"EUR","P_SAL_Y","LT10","J58","D111","BG",2012,NA
"EUR","P_SAL_Y","LT10","J58","D1111","BG",2012,NA
"EUR","P_SAL_Y","LT10","J59","D01","BG",2012,5111
"EUR","P_SAL_Y","LT10","J59","D111","BG",2012,4422
"EUR","P_SAL_Y","LT10","J59","D1111","BG",2012,4192
"EUR","P_SAL_Y","LT10","J60","D01","BG",2012,4442
"EUR","P_SAL_Y","LT10","J60","D111","BG",2012,3728
"EUR","P_SAL_Y","LT10","J60","D1111","BG",2012,3485
"EUR","P_SAL_Y","LT10","J61","D01","BG",2012,NA
"EUR","P_SAL_Y","LT10","J61","D111","BG",2012,NA
"EUR","P_SAL_Y","LT10","J61","D1111","BG",2012,NA
"EUR","P_SAL_Y","LT10","J62","D01","BG",2012,8634
"EUR","P_SAL_Y","LT10","J62","D111","BG",2012,7637
"EUR","P_SAL_Y","LT10","J62","D1111","BG",2012,7172
"EUR","P_SAL_Y","LT10","J63","D01","BG",2012,6183
"EUR","P_SAL_Y","LT10","J63","D111","BG",2012,5376
"EUR","P_SAL_Y","LT10","J63","D1111","BG",2012,5062
"EUR","P_SAL_Y","LT10","K","D01","BG",2012,6371
"EUR","P_SAL_Y","LT10","K","D111","BG",2012,5568
"EUR","P_SAL_Y","LT10","K","D1111","BG",2012,5266
"EUR","P_SAL_Y","LT10","K-N","D01","BG",2012,4891
"EUR","P_SAL_Y","LT10","K-N","D111","BG",2012,4207
"EUR","P_SAL_Y","LT10","K-N","D1111","BG",2012,3957
"EUR","P_SAL_Y","LT10","K64","D01","BG",2012,7226
"EUR","P_SAL_Y","LT10","K64","D111","BG",2012,6330
"EUR","P_SAL_Y","LT10","K64","D1111","BG",2012,5985
"EUR","P_SAL_Y","LT10","K65","D01","BG",2012,17821
"EUR","P_SAL_Y","LT10","K65","D111","BG",2012,16138
"EUR","P_SAL_Y","LT10","K65","D1111","BG",2012,14613
"EUR","P_SAL_Y","LT10","K66","D01","BG",2012,5154
"EUR","P_SAL_Y","LT10","K66","D111","BG",2012,4473
"EUR","P_SAL_Y","LT10","K66","D1111","BG",2012,4248
"EUR","P_SAL_Y","LT10","L","D01","BG",2012,4846
"EUR","P_SAL_Y","LT10","L","D111","BG",2012,4162
"EUR","P_SAL_Y","LT10","L","D1111","BG",2012,3907
"EUR","P_SAL_Y","LT10","L68","D01","BG",2012,4846
"EUR","P_SAL_Y","LT10","L68","D111","BG",2012,4162
"EUR","P_SAL_Y","LT10","L68","D1111","BG",2012,3907
"EUR","P_SAL_Y","LT10","M","D01","BG",2012,5022
"EUR","P_SAL_Y","LT10","M","D111","BG",2012,4323
"EUR","P_SAL_Y","LT10","M","D1111","BG",2012,4066
"EUR","P_SAL_Y","LT10","M69","D01","BG",2012,3930
"EUR","P_SAL_Y","LT10","M69","D111","BG",2012,3335
"EUR","P_SAL_Y","LT10","M69","D1111","BG",2012,3128
"EUR","P_SAL_Y","LT10","M70","D01","BG",2012,8615
"EUR","P_SAL_Y","LT10","M70","D111","BG",2012,7638
"EUR","P_SAL_Y","LT10","M70","D1111","BG",2012,7255
"EUR","P_SAL_Y","LT10","M71","D01","BG",2012,5269
"EUR","P_SAL_Y","LT10","M71","D111","BG",2012,4505
"EUR","P_SAL_Y","LT10","M71","D1111","BG",2012,4223
"EUR","P_SAL_Y","LT10","M72","D01","BG",2012,NA
"EUR","P_SAL_Y","LT10","M72","D111","BG",2012,NA
"EUR","P_SAL_Y","LT10","M72","D1111","BG",2012,NA
"EUR","P_SAL_Y","LT10","M73","D01","BG",2012,5016
"EUR","P_SAL_Y","LT10","M73","D111","BG",2012,4323
"EUR","P_SAL_Y","LT10","M73","D1111","BG",2012,4066
"EUR","P_SAL_Y","LT10","M74","D01","BG",2012,5002
"EUR","P_SAL_Y","LT10","M74","D111","BG",2012,4321
"EUR","P_SAL_Y","LT10","M74","D1111","BG",2012,4072
"EUR","P_SAL_Y","LT10","M75","D01","BG",2012,3076
"EUR","P_SAL_Y","LT10","M75","D111","BG",2012,2580
"EUR","P_SAL_Y","LT10","M75","D1111","BG",2012,2453
"EUR","P_SAL_Y","LT10","N","D01","BG",2012,3739
"EUR","P_SAL_Y","LT10","N","D111","BG",2012,3165
"EUR","P_SAL_Y","LT10","N","D1111","BG",2012,2974
"EUR","P_SAL_Y","LT10","N77","D01","BG",2012,4668
"EUR","P_SAL_Y","LT10","N77","D111","BG",2012,3957
"EUR","P_SAL_Y","LT10","N77","D1111","BG",2012,3732
"EUR","P_SAL_Y","LT10","N78","D01","BG",2012,5203
"EUR","P_SAL_Y","LT10","N78","D111","BG",2012,4421
"EUR","P_SAL_Y","LT10","N78","D1111","BG",2012,4164
"EUR","P_SAL_Y","LT10","N79","D01","BG",2012,4483
"EUR","P_SAL_Y","LT10","N79","D111","BG",2012,3813
"EUR","P_SAL_Y","LT10","N79","D1111","BG",2012,3592
"EUR","P_SAL_Y","LT10","N80","D01","BG",2012,2650
"EUR","P_SAL_Y","LT10","N80","D111","BG",2012,2242
"EUR","P_SAL_Y","LT10","N80","D1111","BG",2012,2114
"EUR","P_SAL_Y","LT10","N81","D01","BG",2012,2729
"EUR","P_SAL_Y","LT10","N81","D111","BG",2012,2280
"EUR","P_SAL_Y","LT10","N81","D1111","BG",2012,2131
"EUR","P_SAL_Y","LT10","N82","D01","BG",2012,4230
"EUR","P_SAL_Y","LT10","N82","D111","BG",2012,3592
"EUR","P_SAL_Y","LT10","N82","D1111","BG",2012,3356
"EUR","P_SAL_Y","LT10","O","D01","BG",2012,7950
"EUR","P_SAL_Y","LT10","O","D111","BG",2012,6292
"EUR","P_SAL_Y","LT10","O","D1111","BG",2012,5390
"EUR","P_SAL_Y","LT10","O-S","D01","BG",2012,3307
"EUR","P_SAL_Y","LT10","O-S","D111","BG",2012,2787
"EUR","P_SAL_Y","LT10","O-S","D1111","BG",2012,2587
"EUR","P_SAL_Y","LT10","O84","D01","BG",2012,7950
"EUR","P_SAL_Y","LT10","O84","D111","BG",2012,6292
"EUR","P_SAL_Y","LT10","O84","D1111","BG",2012,5390
"EUR","P_SAL_Y","LT10","P","D01","BG",2012,3693
"EUR","P_SAL_Y","LT10","P","D111","BG",2012,3028
"EUR","P_SAL_Y","LT10","P","D1111","BG",2012,2653
"EUR","P_SAL_Y","LT10","P-S","D01","BG",2012,3237
"EUR","P_SAL_Y","LT10","P-S","D111","BG",2012,2734
"EUR","P_SAL_Y","LT10","P-S","D1111","BG",2012,2545
"EUR","P_SAL_Y","LT10","P85","D01","BG",2012,3693
"EUR","P_SAL_Y","LT10","P85","D111","BG",2012,3028
"EUR","P_SAL_Y","LT10","P85","D1111","BG",2012,2653
"EUR","P_SAL_Y","LT10","Q","D01","BG",2012,3373
"EUR","P_SAL_Y","LT10","Q","D111","BG",2012,2840
"EUR","P_SAL_Y","LT10","Q","D1111","BG",2012,2702
"EUR","P_SAL_Y","LT10","Q86","D01","BG",2012,3427
"EUR","P_SAL_Y","LT10","Q86","D111","BG",2012,2888
"EUR","P_SAL_Y","LT10","Q86","D1111","BG",2012,2760
"EUR","P_SAL_Y","LT10","Q87","D01","BG",2012,NA
"EUR","P_SAL_Y","LT10","Q87","D111","BG",2012,NA
"EUR","P_SAL_Y","LT10","Q87","D1111","BG",2012,NA
"EUR","P_SAL_Y","LT10","Q88","D01","BG",2012,NA
"EUR","P_SAL_Y","LT10","Q88","D111","BG",2012,NA
"EUR","P_SAL_Y","LT10","Q88","D1111","BG",2012,NA
"EUR","P_SAL_Y","LT10","R","D01","BG",2012,3002
"EUR","P_SAL_Y","LT10","R","D111","BG",2012,2521
"EUR","P_SAL_Y","LT10","R","D1111","BG",2012,2374
"EUR","P_SAL_Y","LT10","R90","D01","BG",2012,3367
"EUR","P_SAL_Y","LT10","R90","D111","BG",2012,2831
"EUR","P_SAL_Y","LT10","R90","D1111","BG",2012,2634
"EUR","P_SAL_Y","LT10","R91","D01","BG",2012,NA
"EUR","P_SAL_Y","LT10","R91","D111","BG",2012,NA
"EUR","P_SAL_Y","LT10","R91","D1111","BG",2012,NA
"EUR","P_SAL_Y","LT10","R92","D01","BG",2012,2566
"EUR","P_SAL_Y","LT10","R92","D111","BG",2012,2145
"EUR","P_SAL_Y","LT10","R92","D1111","BG",2012,2030
"EUR","P_SAL_Y","LT10","R93","D01","BG",2012,3019
"EUR","P_SAL_Y","LT10","R93","D111","BG",2012,2543
"EUR","P_SAL_Y","LT10","R93","D1111","BG",2012,2409
"EUR","P_SAL_Y","LT10","S","D01","BG",2012,3065
"EUR","P_SAL_Y","LT10","S","D111","BG",2012,2628
"EUR","P_SAL_Y","LT10","S","D1111","BG",2012,2455
"EUR","P_SAL_Y","LT10","S94","D01","BG",2012,4050
"EUR","P_SAL_Y","LT10","S94","D111","BG",2012,3540
"EUR","P_SAL_Y","LT10","S94","D1111","BG",2012,3268
"EUR","P_SAL_Y","LT10","S95","D01","BG",2012,2545
"EUR","P_SAL_Y","LT10","S95","D111","BG",2012,2132
"EUR","P_SAL_Y","LT10","S95","D1111","BG",2012,2025
"EUR","P_SAL_Y","LT10","S96","D01","BG",2012,2296
"EUR","P_SAL_Y","LT10","S96","D111","BG",2012,1920
"EUR","P_SAL_Y","LT10","S96","D1111","BG",2012,1821
"EUR","P_SAL_Y","TOTAL","B","D01","BG",2012,10580
"EUR","P_SAL_Y","TOTAL","B","D111","BG",2012,8070
"EUR","P_SAL_Y","TOTAL","B","D1111","BG",2012,6828
"EUR","P_SAL_Y","TOTAL","B-E","D01","BG",2012,5449
"EUR","P_SAL_Y","TOTAL","B-E","D111","BG",2012,4483
"EUR","P_SAL_Y","TOTAL","B-E","D1111","BG",2012,3929
"EUR","P_SAL_Y","TOTAL","B-F","D01","BG",2012,5312
"EUR","P_SAL_Y","TOTAL","B-F","D111","BG",2012,4388
"EUR","P_SAL_Y","TOTAL","B-F","D1111","BG",2012,3882
"EUR","P_SAL_Y","TOTAL","B-N","D01","BG",2012,5479
"EUR","P_SAL_Y","TOTAL","B-N","D111","BG",2012,4632
"EUR","P_SAL_Y","TOTAL","B-N","D1111","BG",2012,4167
"EUR","P_SAL_Y","TOTAL","B-S","D01","BG",2012,5523
"EUR","P_SAL_Y","TOTAL","B-S","D111","BG",2012,4636
"EUR","P_SAL_Y","TOTAL","B-S","D1111","BG",2012,4138
"EUR","P_SAL_Y","TOTAL","B-S_X_O","D01","BG",2012,5434
"EUR","P_SAL_Y","TOTAL","B-S_X_O","D111","BG",2012,4583
"EUR","P_SAL_Y","TOTAL","B-S_X_O","D1111","BG",2012,4096
"EUR","P_SAL_Y","TOTAL","B05","D01","BG",2012,11609
"EUR","P_SAL_Y","TOTAL","B05","D111","BG",2012,8557
"EUR","P_SAL_Y","TOTAL","B05","D1111","BG",2012,6970
"EUR","P_SAL_Y","TOTAL","B06","D01","BG",2012,6451
"EUR","P_SAL_Y","TOTAL","B06","D111","BG",2012,5515
"EUR","P_SAL_Y","TOTAL","B06","D1111","BG",2012,5082
"EUR","P_SAL_Y","TOTAL","B07","D01","BG",2012,12065
"EUR","P_SAL_Y","TOTAL","B07","D111","BG",2012,9519
"EUR","P_SAL_Y","TOTAL","B07","D1111","BG",2012,8373
"EUR","P_SAL_Y","TOTAL","B08","D01","BG",2012,5649
"EUR","P_SAL_Y","TOTAL","B08","D111","BG",2012,4601
"EUR","P_SAL_Y","TOTAL","B08","D1111","BG",2012,4121
"EUR","P_SAL_Y","TOTAL","B09","D01","BG",2012,9214
"EUR","P_SAL_Y","TOTAL","B09","D111","BG",2012,7847
"EUR","P_SAL_Y","TOTAL","B09","D1111","BG",2012,7423
"EUR","P_SAL_Y","TOTAL","C","D01","BG",2012,4677
"EUR","P_SAL_Y","TOTAL","C","D111","BG",2012,3890
"EUR","P_SAL_Y","TOTAL","C","D1111","BG",2012,3498
"EUR","P_SAL_Y","TOTAL","C10","D01","BG",2012,4138
"EUR","P_SAL_Y","TOTAL","C10","D111","BG",2012,3475
"EUR","P_SAL_Y","TOTAL","C10","D1111","BG",2012,3194
"EUR","P_SAL_Y","TOTAL","C11","D01","BG",2012,6427
"EUR","P_SAL_Y","TOTAL","C11","D111","BG",2012,5413
"EUR","P_SAL_Y","TOTAL","C11","D1111","BG",2012,4809
"EUR","P_SAL_Y","TOTAL","C12","D01","BG",2012,12721
"EUR","P_SAL_Y","TOTAL","C12","D111","BG",2012,10183
"EUR","P_SAL_Y","TOTAL","C12","D1111","BG",2012,8666
"EUR","P_SAL_Y","TOTAL","C13","D01","BG",2012,4205
"EUR","P_SAL_Y","TOTAL","C13","D111","BG",2012,3494
"EUR","P_SAL_Y","TOTAL","C13","D1111","BG",2012,3174
"EUR","P_SAL_Y","TOTAL","C14","D01","BG",2012,3092
"EUR","P_SAL_Y","TOTAL","C14","D111","BG",2012,2561
"EUR","P_SAL_Y","TOTAL","C14","D1111","BG",2012,2321
"EUR","P_SAL_Y","TOTAL","C15","D01","BG",2012,2856
"EUR","P_SAL_Y","TOTAL","C15","D111","BG",2012,2393
"EUR","P_SAL_Y","TOTAL","C15","D1111","BG",2012,2170
"EUR","P_SAL_Y","TOTAL","C16","D01","BG",2012,3201
"EUR","P_SAL_Y","TOTAL","C16","D111","BG",2012,2677
"EUR","P_SAL_Y","TOTAL","C16","D1111","BG",2012,2422
"EUR","P_SAL_Y","TOTAL","C17","D01","BG",2012,4524
"EUR","P_SAL_Y","TOTAL","C17","D111","BG",2012,3766
"EUR","P_SAL_Y","TOTAL","C17","D1111","BG",2012,3348
"EUR","P_SAL_Y","TOTAL","C18","D01","BG",2012,4723
"EUR","P_SAL_Y","TOTAL","C18","D111","BG",2012,3980
"EUR","P_SAL_Y","TOTAL","C18","D1111","BG",2012,3635
"EUR","P_SAL_Y","TOTAL","C19","D01","BG",2012,18112
"EUR","P_SAL_Y","TOTAL","C19","D111","BG",2012,14523
"EUR","P_SAL_Y","TOTAL","C19","D1111","BG",2012,12951
"EUR","P_SAL_Y","TOTAL","C20","D01","BG",2012,6732
"EUR","P_SAL_Y","TOTAL","C20","D111","BG",2012,5592
"EUR","P_SAL_Y","TOTAL","C20","D1111","BG",2012,5038
"EUR","P_SAL_Y","TOTAL","C21","D01","BG",2012,6907
"EUR","P_SAL_Y","TOTAL","C21","D111","BG",2012,5765
"EUR","P_SAL_Y","TOTAL","C21","D1111","BG",2012,5120
"EUR","P_SAL_Y","TOTAL","C22","D01","BG",2012,4019
"EUR","P_SAL_Y","TOTAL","C22","D111","BG",2012,3373
"EUR","P_SAL_Y","TOTAL","C22","D1111","BG",2012,3089
"EUR","P_SAL_Y","TOTAL","C23","D01","BG",2012,5764
"EUR","P_SAL_Y","TOTAL","C23","D111","BG",2012,4763
"EUR","P_SAL_Y","TOTAL","C23","D1111","BG",2012,4245
"EUR","P_SAL_Y","TOTAL","C24","D01","BG",2012,8294
"EUR","P_SAL_Y","TOTAL","C24","D111","BG",2012,6571
"EUR","P_SAL_Y","TOTAL","C24","D1111","BG",2012,5809
"EUR","P_SAL_Y","TOTAL","C25","D01","BG",2012,4404
"EUR","P_SAL_Y","TOTAL","C25","D111","BG",2012,3666
"EUR","P_SAL_Y","TOTAL","C25","D1111","BG",2012,3272
"EUR","P_SAL_Y","TOTAL","C26","D01","BG",2012,6843
"EUR","P_SAL_Y","TOTAL","C26","D111","BG",2012,5848
"EUR","P_SAL_Y","TOTAL","C26","D1111","BG",2012,5219
"EUR","P_SAL_Y","TOTAL","C27","D01","BG",2012,6277
"EUR","P_SAL_Y","TOTAL","C27","D111","BG",2012,5223
"EUR","P_SAL_Y","TOTAL","C27","D1111","BG",2012,4691
"EUR","P_SAL_Y","TOTAL","C28","D01","BG",2012,6133
"EUR","P_SAL_Y","TOTAL","C28","D111","BG",2012,5114
"EUR","P_SAL_Y","TOTAL","C28","D1111","BG",2012,4550
"EUR","P_SAL_Y","TOTAL","C29","D01","BG",2012,5151
"EUR","P_SAL_Y","TOTAL","C29","D111","BG",2012,4348
"EUR","P_SAL_Y","TOTAL","C29","D1111","BG",2012,3776
"EUR","P_SAL_Y","TOTAL","C30","D01","BG",2012,5559
"EUR","P_SAL_Y","TOTAL","C30","D111","BG",2012,4643
"EUR","P_SAL_Y","TOTAL","C30","D1111","BG",2012,4245
"EUR","P_SAL_Y","TOTAL","C31","D01","BG",2012,3142
"EUR","P_SAL_Y","TOTAL","C31","D111","BG",2012,2627
"EUR","P_SAL_Y","TOTAL","C31","D1111","BG",2012,2412
"EUR","P_SAL_Y","TOTAL","C32","D01","BG",2012,4395
"EUR","P_SAL_Y","TOTAL","C32","D111","BG",2012,3701
"EUR","P_SAL_Y","TOTAL","C32","D1111","BG",2012,3354
"EUR","P_SAL_Y","TOTAL","C33","D01","BG",2012,6506
"EUR","P_SAL_Y","TOTAL","C33","D111","BG",2012,5381
"EUR","P_SAL_Y","TOTAL","C33","D1111","BG",2012,4782
"EUR","P_SAL_Y","TOTAL","D","D01","BG",2012,13468
"EUR","P_SAL_Y","TOTAL","D","D111","BG",2012,10865
"EUR","P_SAL_Y","TOTAL","D","D1111","BG",2012,8425
"EUR","P_SAL_Y","TOTAL","D35","D01","BG",2012,13468
"EUR","P_SAL_Y","TOTAL","D35","D111","BG",2012,10865
"EUR","P_SAL_Y","TOTAL","D35","D1111","BG",2012,8425
"EUR","P_SAL_Y","TOTAL","E","D01","BG",2012,5257
"EUR","P_SAL_Y","TOTAL","E","D111","BG",2012,4389
"EUR","P_SAL_Y","TOTAL","E","D1111","BG",2012,3784
"EUR","P_SAL_Y","TOTAL","E36","D01","BG",2012,5766
"EUR","P_SAL_Y","TOTAL","E36","D111","BG",2012,4774
"EUR","P_SAL_Y","TOTAL","E36","D1111","BG",2012,3920
"EUR","P_SAL_Y","TOTAL","E37","D01","BG",2012,4142
"EUR","P_SAL_Y","TOTAL","E37","D111","BG",2012,3462
"EUR","P_SAL_Y","TOTAL","E37","D1111","BG",2012,3176
"EUR","P_SAL_Y","TOTAL","E38","D01","BG",2012,4753
"EUR","P_SAL_Y","TOTAL","E38","D111","BG",2012,4007
"EUR","P_SAL_Y","TOTAL","E38","D1111","BG",2012,3647
"EUR","P_SAL_Y","TOTAL","E39","D01","BG",2012,5555
"EUR","P_SAL_Y","TOTAL","E39","D111","BG",2012,4702
"EUR","P_SAL_Y","TOTAL","E39","D1111","BG",2012,4145
"EUR","P_SAL_Y","TOTAL","F","D01","BG",2012,4712
"EUR","P_SAL_Y","TOTAL","F","D111","BG",2012,3972
"EUR","P_SAL_Y","TOTAL","F","D1111","BG",2012,3676
"EUR","P_SAL_Y","TOTAL","F41","D01","BG",2012,4126
"EUR","P_SAL_Y","TOTAL","F41","D111","BG",2012,3483
"EUR","P_SAL_Y","TOTAL","F41","D1111","BG",2012,3234
"EUR","P_SAL_Y","TOTAL","F42","D01","BG",2012,5755
"EUR","P_SAL_Y","TOTAL","F42","D111","BG",2012,4844
"EUR","P_SAL_Y","TOTAL","F42","D1111","BG",2012,4446
"EUR","P_SAL_Y","TOTAL","F43","D01","BG",2012,4507
"EUR","P_SAL_Y","TOTAL","F43","D111","BG",2012,3801
"EUR","P_SAL_Y","TOTAL","F43","D1111","BG",2012,3539
"EUR","P_SAL_Y","TOTAL","G","D01","BG",2012,4652
"EUR","P_SAL_Y","TOTAL","G","D111","BG",2012,3952
"EUR","P_SAL_Y","TOTAL","G","D1111","BG",2012,3672
"EUR","P_SAL_Y","TOTAL","G-J","D01","BG",2012,5391
"EUR","P_SAL_Y","TOTAL","G-J","D111","BG",2012,4623
"EUR","P_SAL_Y","TOTAL","G-J","D1111","BG",2012,4198
"EUR","P_SAL_Y","TOTAL","G-N","D01","BG",2012,5604
"EUR","P_SAL_Y","TOTAL","G-N","D111","BG",2012,4816
"EUR","P_SAL_Y","TOTAL","G-N","D1111","BG",2012,4382
"EUR","P_SAL_Y","TOTAL","G-S_X_O","D01","BG",2012,5501
"EUR","P_SAL_Y","TOTAL","G-S_X_O","D111","BG",2012,4689
"EUR","P_SAL_Y","TOTAL","G-S_X_O","D1111","BG",2012,4212
"EUR","P_SAL_Y","TOTAL","G45","D01","BG",2012,4891
"EUR","P_SAL_Y","TOTAL","G45","D111","BG",2012,4149
"EUR","P_SAL_Y","TOTAL","G45","D1111","BG",2012,3836
"EUR","P_SAL_Y","TOTAL","G46","D01","BG",2012,6014
"EUR","P_SAL_Y","TOTAL","G46","D111","BG",2012,5170
"EUR","P_SAL_Y","TOTAL","G46","D1111","BG",2012,4796
"EUR","P_SAL_Y","TOTAL","G47","D01","BG",2012,3710
"EUR","P_SAL_Y","TOTAL","G47","D111","BG",2012,3112
"EUR","P_SAL_Y","TOTAL","G47","D1111","BG",2012,2900
"EUR","P_SAL_Y","TOTAL","H","D01","BG",2012,5673
"EUR","P_SAL_Y","TOTAL","H","D111","BG",2012,4950
"EUR","P_SAL_Y","TOTAL","H","D1111","BG",2012,4153
"EUR","P_SAL_Y","TOTAL","H49","D01","BG",2012,4588
"EUR","P_SAL_Y","TOTAL","H49","D111","BG",2012,3691
"EUR","P_SAL_Y","TOTAL","H49","D1111","BG",2012,3157
"EUR","P_SAL_Y","TOTAL","H50","D01","BG",2012,12112
"EUR","P_SAL_Y","TOTAL","H50","D111","BG",2012,11110
"EUR","P_SAL_Y","TOTAL","H50","D1111","BG",2012,9329
"EUR","P_SAL_Y","TOTAL","H51","D01","BG",2012,15332
"EUR","P_SAL_Y","TOTAL","H51","D111","BG",2012,12829
"EUR","P_SAL_Y","TOTAL","H51","D1111","BG",2012,11357
"EUR","P_SAL_Y","TOTAL","H52","D01","BG",2012,7632
"EUR","P_SAL_Y","TOTAL","H52","D111","BG",2012,7577
"EUR","P_SAL_Y","TOTAL","H52","D1111","BG",2012,6112
"EUR","P_SAL_Y","TOTAL","H53","D01","BG",2012,5014
"EUR","P_SAL_Y","TOTAL","H53","D111","BG",2012,4170
"EUR","P_SAL_Y","TOTAL","H53","D1111","BG",2012,3588
"EUR","P_SAL_Y","TOTAL","I","D01","BG",2012,3425
"EUR","P_SAL_Y","TOTAL","I","D111","BG",2012,2862
"EUR","P_SAL_Y","TOTAL","I","D1111","BG",2012,2690
"EUR","P_SAL_Y","TOTAL","I55","D01","BG",2012,4352
"EUR","P_SAL_Y","TOTAL","I55","D111","BG",2012,3647
"EUR","P_SAL_Y","TOTAL","I55","D1111","BG",2012,3394
"EUR","P_SAL_Y","TOTAL","I56","D01","BG",2012,2971
"EUR","P_SAL_Y","TOTAL","I56","D111","BG",2012,2477
"EUR","P_SAL_Y","TOTAL","I56","D1111","BG",2012,2345
"EUR","P_SAL_Y","TOTAL","J","D01","BG",2012,12233
"EUR","P_SAL_Y","TOTAL","J","D111","BG",2012,10659
"EUR","P_SAL_Y","TOTAL","J","D1111","BG",2012,9751
"EUR","P_SAL_Y","TOTAL","J58","D01","BG",2012,7860
"EUR","P_SAL_Y","TOTAL","J58","D111","BG",2012,6772
"EUR","P_SAL_Y","TOTAL","J58","D1111","BG",2012,6162
"EUR","P_SAL_Y","TOTAL","J59","D01","BG",2012,8567
"EUR","P_SAL_Y","TOTAL","J59","D111","BG",2012,7549
"EUR","P_SAL_Y","TOTAL","J59","D1111","BG",2012,7032
"EUR","P_SAL_Y","TOTAL","J60","D01","BG",2012,9121
"EUR","P_SAL_Y","TOTAL","J60","D111","BG",2012,7865
"EUR","P_SAL_Y","TOTAL","J60","D1111","BG",2012,7111
"EUR","P_SAL_Y","TOTAL","J61","D01","BG",2012,10507
"EUR","P_SAL_Y","TOTAL","J61","D111","BG",2012,8980
"EUR","P_SAL_Y","TOTAL","J61","D1111","BG",2012,8167
"EUR","P_SAL_Y","TOTAL","J62","D01","BG",2012,15926
"EUR","P_SAL_Y","TOTAL","J62","D111","BG",2012,14037
"EUR","P_SAL_Y","TOTAL","J62","D1111","BG",2012,12889
"EUR","P_SAL_Y","TOTAL","J63","D01","BG",2012,9880
"EUR","P_SAL_Y","TOTAL","J63","D111","BG",2012,8588
"EUR","P_SAL_Y","TOTAL","J63","D1111","BG",2012,7871
"EUR","P_SAL_Y","TOTAL","K","D01","BG",2012,10665
"EUR","P_SAL_Y","TOTAL","K","D111","BG",2012,9148
"EUR","P_SAL_Y","TOTAL","K","D1111","BG",2012,8220
"EUR","P_SAL_Y","TOTAL","K-N","D01","BG",2012,6164
"EUR","P_SAL_Y","TOTAL","K-N","D111","BG",2012,5322
"EUR","P_SAL_Y","TOTAL","K-N","D1111","BG",2012,4863
"EUR","P_SAL_Y","TOTAL","K64","D01","BG",2012,10948
"EUR","P_SAL_Y","TOTAL","K64","D111","BG",2012,9355
"EUR","P_SAL_Y","TOTAL","K64","D1111","BG",2012,8342
"EUR","P_SAL_Y","TOTAL","K65","D01","BG",2012,12171
"EUR","P_SAL_Y","TOTAL","K65","D111","BG",2012,10614
"EUR","P_SAL_Y","TOTAL","K65","D1111","BG",2012,9780
"EUR","P_SAL_Y","TOTAL","K66","D01","BG",2012,7299
"EUR","P_SAL_Y","TOTAL","K66","D111","BG",2012,6347
"EUR","P_SAL_Y","TOTAL","K66","D1111","BG",2012,5928
"EUR","P_SAL_Y","TOTAL","L","D01","BG",2012,5334
"EUR","P_SAL_Y","TOTAL","L","D111","BG",2012,4570
"EUR","P_SAL_Y","TOTAL","L","D1111","BG",2012,4218
"EUR","P_SAL_Y","TOTAL","L68","D01","BG",2012,5334
"EUR","P_SAL_Y","TOTAL","L68","D111","BG",2012,4570
"EUR","P_SAL_Y","TOTAL","L68","D1111","BG",2012,4218
"EUR","P_SAL_Y","TOTAL","M","D01","BG",2012,7407
"EUR","P_SAL_Y","TOTAL","M","D111","BG",2012,6416
"EUR","P_SAL_Y","TOTAL","M","D1111","BG",2012,5912
"EUR","P_SAL_Y","TOTAL","M69","D01","BG",2012,5771
"EUR","P_SAL_Y","TOTAL","M69","D111","BG",2012,4980
"EUR","P_SAL_Y","TOTAL","M69","D1111","BG",2012,4618
"EUR","P_SAL_Y","TOTAL","M70","D01","BG",2012,10993
"EUR","P_SAL_Y","TOTAL","M70","D111","BG",2012,9707
"EUR","P_SAL_Y","TOTAL","M70","D1111","BG",2012,8968
"EUR","P_SAL_Y","TOTAL","M71","D01","BG",2012,7790
"EUR","P_SAL_Y","TOTAL","M71","D111","BG",2012,6698
"EUR","P_SAL_Y","TOTAL","M71","D1111","BG",2012,6195
"EUR","P_SAL_Y","TOTAL","M72","D01","BG",2012,5863
"EUR","P_SAL_Y","TOTAL","M72","D111","BG",2012,4958
"EUR","P_SAL_Y","TOTAL","M72","D1111","BG",2012,4365
"EUR","P_SAL_Y","TOTAL","M73","D01","BG",2012,8349
"EUR","P_SAL_Y","TOTAL","M73","D111","BG",2012,7301
"EUR","P_SAL_Y","TOTAL","M73","D1111","BG",2012,6818
"EUR","P_SAL_Y","TOTAL","M74","D01","BG",2012,7623
"EUR","P_SAL_Y","TOTAL","M74","D111","BG",2012,6632
"EUR","P_SAL_Y","TOTAL","M74","D1111","BG",2012,6147
"EUR","P_SAL_Y","TOTAL","M75","D01","BG",2012,3129
"EUR","P_SAL_Y","TOTAL","M75","D111","BG",2012,2638
"EUR","P_SAL_Y","TOTAL","M75","D1111","BG",2012,2486
"EUR","P_SAL_Y","TOTAL","N","D01","BG",2012,3425
"EUR","P_SAL_Y","TOTAL","N","D111","BG",2012,2980
"EUR","P_SAL_Y","TOTAL","N","D1111","BG",2012,2751
"EUR","P_SAL_Y","TOTAL","N77","D01","BG",2012,5635
"EUR","P_SAL_Y","TOTAL","N77","D111","BG",2012,4783
"EUR","P_SAL_Y","TOTAL","N77","D1111","BG",2012,4462
"EUR","P_SAL_Y","TOTAL","N78","D01","BG",2012,6904
"EUR","P_SAL_Y","TOTAL","N78","D111","BG",2012,5825
"EUR","P_SAL_Y","TOTAL","N78","D1111","BG",2012,5355
"EUR","P_SAL_Y","TOTAL","N79","D01","BG",2012,5126
"EUR","P_SAL_Y","TOTAL","N79","D111","BG",2012,4368
"EUR","P_SAL_Y","TOTAL","N79","D1111","BG",2012,4109
"EUR","P_SAL_Y","TOTAL","N80","D01","BG",2012,2941
"EUR","P_SAL_Y","TOTAL","N80","D111","BG",2012,2486
"EUR","P_SAL_Y","TOTAL","N80","D1111","BG",2012,2294
"EUR","P_SAL_Y","TOTAL","N81","D01","BG",2012,2218
"EUR","P_SAL_Y","TOTAL","N81","D111","BG",2012,2128
"EUR","P_SAL_Y","TOTAL","N81","D1111","BG",2012,1958
"EUR","P_SAL_Y","TOTAL","N82","D01","BG",2012,6692
"EUR","P_SAL_Y","TOTAL","N82","D111","BG",2012,5721
"EUR","P_SAL_Y","TOTAL","N82","D1111","BG",2012,5286
"EUR","P_SAL_Y","TOTAL","O","D01","BG",2012,7104
"EUR","P_SAL_Y","TOTAL","O","D111","BG",2012,5579
"EUR","P_SAL_Y","TOTAL","O","D1111","BG",2012,4893
"EUR","P_SAL_Y","TOTAL","O-S","D01","BG",2012,5677
"EUR","P_SAL_Y","TOTAL","O-S","D111","BG",2012,4648
"EUR","P_SAL_Y","TOTAL","O-S","D1111","BG",2012,4038
"EUR","P_SAL_Y","TOTAL","O84","D01","BG",2012,7104
"EUR","P_SAL_Y","TOTAL","O84","D111","BG",2012,5579
"EUR","P_SAL_Y","TOTAL","O84","D1111","BG",2012,4893
"EUR","P_SAL_Y","TOTAL","P","D01","BG",2012,5493
"EUR","P_SAL_Y","TOTAL","P","D111","BG",2012,4499
"EUR","P_SAL_Y","TOTAL","P","D1111","BG",2012,3720
"EUR","P_SAL_Y","TOTAL","P-S","D01","BG",2012,5230
"EUR","P_SAL_Y","TOTAL","P-S","D111","BG",2012,4357
"EUR","P_SAL_Y","TOTAL","P-S","D1111","BG",2012,3770
"EUR","P_SAL_Y","TOTAL","P85","D01","BG",2012,5493
"EUR","P_SAL_Y","TOTAL","P85","D111","BG",2012,4499
"EUR","P_SAL_Y","TOTAL","P85","D1111","BG",2012,3720
"EUR","P_SAL_Y","TOTAL","Q","D01","BG",2012,5475
"EUR","P_SAL_Y","TOTAL","Q","D111","BG",2012,4607
"EUR","P_SAL_Y","TOTAL","Q","D1111","BG",2012,4109
"EUR","P_SAL_Y","TOTAL","Q86","D01","BG",2012,6059
"EUR","P_SAL_Y","TOTAL","Q86","D111","BG",2012,5106
"EUR","P_SAL_Y","TOTAL","Q86","D1111","BG",2012,4570
"EUR","P_SAL_Y","TOTAL","Q87","D01","BG",2012,3492
"EUR","P_SAL_Y","TOTAL","Q87","D111","BG",2012,2890
"EUR","P_SAL_Y","TOTAL","Q87","D1111","BG",2012,2510
"EUR","P_SAL_Y","TOTAL","Q88","D01","BG",2012,3196
"EUR","P_SAL_Y","TOTAL","Q88","D111","BG",2012,2676
"EUR","P_SAL_Y","TOTAL","Q88","D1111","BG",2012,2339
"EUR","P_SAL_Y","TOTAL","R","D01","BG",2012,4618
"EUR","P_SAL_Y","TOTAL","R","D111","BG",2012,3943
"EUR","P_SAL_Y","TOTAL","R","D1111","BG",2012,3605
"EUR","P_SAL_Y","TOTAL","R90","D01","BG",2012,4106
"EUR","P_SAL_Y","TOTAL","R90","D111","BG",2012,3393
"EUR","P_SAL_Y","TOTAL","R90","D1111","BG",2012,2974
"EUR","P_SAL_Y","TOTAL","R91","D01","BG",2012,3879
"EUR","P_SAL_Y","TOTAL","R91","D111","BG",2012,3207
"EUR","P_SAL_Y","TOTAL","R91","D1111","BG",2012,2788
"EUR","P_SAL_Y","TOTAL","R92","D01","BG",2012,3923
"EUR","P_SAL_Y","TOTAL","R92","D111","BG",2012,3284
"EUR","P_SAL_Y","TOTAL","R92","D1111","BG",2012,3026
"EUR","P_SAL_Y","TOTAL","R93","D01","BG",2012,6022
"EUR","P_SAL_Y","TOTAL","R93","D111","BG",2012,5335
"EUR","P_SAL_Y","TOTAL","R93","D1111","BG",2012,5008
"EUR","P_SAL_Y","TOTAL","S","D01","BG",2012,3607
"EUR","P_SAL_Y","TOTAL","S","D111","BG",2012,3104
"EUR","P_SAL_Y","TOTAL","S","D1111","BG",2012,2857
"EUR","P_SAL_Y","TOTAL","S94","D01","BG",2012,4508
"EUR","P_SAL_Y","TOTAL","S94","D111","BG",2012,3938
"EUR","P_SAL_Y","TOTAL","S94","D1111","BG",2012,3592
"EUR","P_SAL_Y","TOTAL","S95","D01","BG",2012,3197
"EUR","P_SAL_Y","TOTAL","S95","D111","BG",2012,2687
"EUR","P_SAL_Y","TOTAL","S95","D1111","BG",2012,2513
"EUR","P_SAL_Y","TOTAL","S96","D01","BG",2012,2524
"EUR","P_SAL_Y","TOTAL","S96","D111","BG",2012,2108
"EUR","P_SAL_Y","TOTAL","S96","D1111","BG",2012,1975
"EUR","TOTAL","10-49","B","D01","BG",2012,9646195
"EUR","TOTAL","10-49","B","D111","BG",2012,8026281
"EUR","TOTAL","10-49","B","D1111","BG",2012,7309730
"EUR","TOTAL","10-49","B-E","D01","BG",2012,399752153
"EUR","TOTAL","10-49","B-E","D111","BG",2012,335630320
"EUR","TOTAL","10-49","B-E","D1111","BG",2012,309314645
"EUR","TOTAL","10-49","B-F","D01","BG",2012,578729547
"EUR","TOTAL","10-49","B-F","D111","BG",2012,487001503
"EUR","TOTAL","10-49","B-F","D1111","BG",2012,450468939
"EUR","TOTAL","10-49","B-N","D01","BG",2012,1804789072
"EUR","TOTAL","10-49","B-N","D111","BG",2012,1537665431
"EUR","TOTAL","10-49","B-N","D1111","BG",2012,1428340073
"EUR","TOTAL","10-49","B-S","D01","BG",2012,2453944352
"EUR","TOTAL","10-49","B-S","D111","BG",2012,2066750123
"EUR","TOTAL","10-49","B-S","D1111","BG",2012,1878340039
"EUR","TOTAL","10-49","B-S_X_O","D01","BG",2012,2326179794
"EUR","TOTAL","10-49","B-S_X_O","D111","BG",2012,1966554837
"EUR","TOTAL","10-49","B-S_X_O","D1111","BG",2012,1793106518
"EUR","TOTAL","10-49","B05","D01","BG",2012,NA
"EUR","TOTAL","10-49","B05","D111","BG",2012,NA
"EUR","TOTAL","10-49","B05","D1111","BG",2012,NA
"EUR","TOTAL","10-49","B06","D01","BG",2012,829206
"EUR","TOTAL","10-49","B06","D111","BG",2012,741239
"EUR","TOTAL","10-49","B06","D1111","BG",2012,692837
"EUR","TOTAL","10-49","B07","D01","BG",2012,NA
"EUR","TOTAL","10-49","B07","D111","BG",2012,NA
"EUR","TOTAL","10-49","B07","D1111","BG",2012,NA
"EUR","TOTAL","10-49","B08","D01","BG",2012,8152456
"EUR","TOTAL","10-49","B08","D111","BG",2012,6733542
"EUR","TOTAL","10-49","B08","D1111","BG",2012,6113370
"EUR","TOTAL","10-49","B09","D01","BG",2012,NA
"EUR","TOTAL","10-49","B09","D111","BG",2012,NA
"EUR","TOTAL","10-49","B09","D1111","BG",2012,NA
"EUR","TOTAL","10-49","C","D01","BG",2012,361257959
"EUR","TOTAL","10-49","C","D111","BG",2012,302735356
"EUR","TOTAL","10-49","C","D1111","BG",2012,279513152
"EUR","TOTAL","10-49","C10","D01","BG",2012,61904178
"EUR","TOTAL","10-49","C10","D111","BG",2012,51706477
"EUR","TOTAL","10-49","C10","D1111","BG",2012,47946033
"EUR","TOTAL","10-49","C11","D01","BG",2012,10545174
"EUR","TOTAL","10-49","C11","D111","BG",2012,8877239
"EUR","TOTAL","10-49","C11","D1111","BG",2012,8142481
"EUR","TOTAL","10-49","C12","D01","BG",2012,NA
"EUR","TOTAL","10-49","C12","D111","BG",2012,NA
"EUR","TOTAL","10-49","C12","D1111","BG",2012,NA
"EUR","TOTAL","10-49","C13","D01","BG",2012,6121057
"EUR","TOTAL","10-49","C13","D111","BG",2012,5091511
"EUR","TOTAL","10-49","C13","D1111","BG",2012,4672368
"EUR","TOTAL","10-49","C14","D01","BG",2012,54443583
"EUR","TOTAL","10-49","C14","D111","BG",2012,45252697
"EUR","TOTAL","10-49","C14","D1111","BG",2012,41845518
"EUR","TOTAL","10-49","C15","D01","BG",2012,8723710
"EUR","TOTAL","10-49","C15","D111","BG",2012,7284106
"EUR","TOTAL","10-49","C15","D1111","BG",2012,6722290
"EUR","TOTAL","10-49","C16","D01","BG",2012,15472186
"EUR","TOTAL","10-49","C16","D111","BG",2012,12913308
"EUR","TOTAL","10-49","C16","D1111","BG",2012,11946759
"EUR","TOTAL","10-49","C17","D01","BG",2012,7041572
"EUR","TOTAL","10-49","C17","D111","BG",2012,5890266
"EUR","TOTAL","10-49","C17","D1111","BG",2012,5404872
"EUR","TOTAL","10-49","C18","D01","BG",2012,10979348
"EUR","TOTAL","10-49","C18","D111","BG",2012,9285405
"EUR","TOTAL","10-49","C18","D1111","BG",2012,8535537
"EUR","TOTAL","10-49","C19","D01","BG",2012,NA
"EUR","TOTAL","10-49","C19","D111","BG",2012,NA
"EUR","TOTAL","10-49","C19","D1111","BG",2012,NA
"EUR","TOTAL","10-49","C20","D01","BG",2012,10019906
"EUR","TOTAL","10-49","C20","D111","BG",2012,8445896
"EUR","TOTAL","10-49","C20","D1111","BG",2012,7851461
"EUR","TOTAL","10-49","C21","D01","BG",2012,1363157
"EUR","TOTAL","10-49","C21","D111","BG",2012,1155190
"EUR","TOTAL","10-49","C21","D1111","BG",2012,1067657
"EUR","TOTAL","10-49","C22","D01","BG",2012,21988776
"EUR","TOTAL","10-49","C22","D111","BG",2012,18442472
"EUR","TOTAL","10-49","C22","D1111","BG",2012,16947257
"EUR","TOTAL","10-49","C23","D01","BG",2012,18416247
"EUR","TOTAL","10-49","C23","D111","BG",2012,15227974
"EUR","TOTAL","10-49","C23","D1111","BG",2012,14050505
"EUR","TOTAL","10-49","C24","D01","BG",2012,4775861
"EUR","TOTAL","10-49","C24","D111","BG",2012,3913862
"EUR","TOTAL","10-49","C24","D1111","BG",2012,3604041
"EUR","TOTAL","10-49","C25","D01","BG",2012,42680209
"EUR","TOTAL","10-49","C25","D111","BG",2012,35764374
"EUR","TOTAL","10-49","C25","D1111","BG",2012,32893279
"EUR","TOTAL","10-49","C26","D01","BG",2012,10555807
"EUR","TOTAL","10-49","C26","D111","BG",2012,9025007
"EUR","TOTAL","10-49","C26","D1111","BG",2012,8314386
"EUR","TOTAL","10-49","C27","D01","BG",2012,13930874
"EUR","TOTAL","10-49","C27","D111","BG",2012,12080168
"EUR","TOTAL","10-49","C27","D1111","BG",2012,11266604
"EUR","TOTAL","10-49","C28","D01","BG",2012,21866929
"EUR","TOTAL","10-49","C28","D111","BG",2012,18387297
"EUR","TOTAL","10-49","C28","D1111","BG",2012,16924091
"EUR","TOTAL","10-49","C29","D01","BG",2012,2609093
"EUR","TOTAL","10-49","C29","D111","BG",2012,2209179
"EUR","TOTAL","10-49","C29","D1111","BG",2012,2036599
"EUR","TOTAL","10-49","C30","D01","BG",2012,760489
"EUR","TOTAL","10-49","C30","D111","BG",2012,637239
"EUR","TOTAL","10-49","C30","D1111","BG",2012,598256
"EUR","TOTAL","10-49","C31","D01","BG",2012,16201232
"EUR","TOTAL","10-49","C31","D111","BG",2012,13576030
"EUR","TOTAL","10-49","C31","D1111","BG",2012,12519983
"EUR","TOTAL","10-49","C32","D01","BG",2012,NA
"EUR","TOTAL","10-49","C32","D111","BG",2012,NA
"EUR","TOTAL","10-49","C32","D1111","BG",2012,NA
"EUR","TOTAL","10-49","C33","D01","BG",2012,15592537
"EUR","TOTAL","10-49","C33","D111","BG",2012,13142654
"EUR","TOTAL","10-49","C33","D1111","BG",2012,12188647
"EUR","TOTAL","10-49","D","D01","BG",2012,14992648
"EUR","TOTAL","10-49","D","D111","BG",2012,13167233
"EUR","TOTAL","10-49","D","D1111","BG",2012,11818606
"EUR","TOTAL","10-49","D35","D01","BG",2012,14992648
"EUR","TOTAL","10-49","D35","D111","BG",2012,13167233
"EUR","TOTAL","10-49","D35","D1111","BG",2012,11818606
"EUR","TOTAL","10-49","E","D01","BG",2012,13855351
"EUR","TOTAL","10-49","E","D111","BG",2012,11701451
"EUR","TOTAL","10-49","E","D1111","BG",2012,10673157
"EUR","TOTAL","10-49","E36","D01","BG",2012,1245090
"EUR","TOTAL","10-49","E36","D111","BG",2012,1034937
"EUR","TOTAL","10-49","E36","D1111","BG",2012,859766
"EUR","TOTAL","10-49","E37","D01","BG",2012,399087
"EUR","TOTAL","10-49","E37","D111","BG",2012,333638
"EUR","TOTAL","10-49","E37","D1111","BG",2012,307499
"EUR","TOTAL","10-49","E38","D01","BG",2012,10756954
"EUR","TOTAL","10-49","E38","D111","BG",2012,9068978
"EUR","TOTAL","10-49","E38","D1111","BG",2012,8339187
"EUR","TOTAL","10-49","E39","D01","BG",2012,1454220
"EUR","TOTAL","10-49","E39","D111","BG",2012,1263898
"EUR","TOTAL","10-49","E39","D1111","BG",2012,1166705
"EUR","TOTAL","10-49","F","D01","BG",2012,178977394
"EUR","TOTAL","10-49","F","D111","BG",2012,151371183
"EUR","TOTAL","10-49","F","D1111","BG",2012,141154293
"EUR","TOTAL","10-49","F41","D01","BG",2012,73453212
"EUR","TOTAL","10-49","F41","D111","BG",2012,61864884
"EUR","TOTAL","10-49","F41","D1111","BG",2012,57626306
"EUR","TOTAL","10-49","F42","D01","BG",2012,40601535
"EUR","TOTAL","10-49","F42","D111","BG",2012,34666434
"EUR","TOTAL","10-49","F42","D1111","BG",2012,32475238
"EUR","TOTAL","10-49","F43","D01","BG",2012,64922647
"EUR","TOTAL","10-49","F43","D111","BG",2012,54839865
"EUR","TOTAL","10-49","F43","D1111","BG",2012,51052750
"EUR","TOTAL","10-49","G","D01","BG",2012,526328715
"EUR","TOTAL","10-49","G","D111","BG",2012,448623211
"EUR","TOTAL","10-49","G","D1111","BG",2012,417282365
"EUR","TOTAL","10-49","G-J","D01","BG",2012,899504098
"EUR","TOTAL","10-49","G-J","D111","BG",2012,765383690
"EUR","TOTAL","10-49","G-J","D1111","BG",2012,713031751
"EUR","TOTAL","10-49","G-N","D01","BG",2012,1226059525
"EUR","TOTAL","10-49","G-N","D111","BG",2012,1050663927
"EUR","TOTAL","10-49","G-N","D1111","BG",2012,977871135
"EUR","TOTAL","10-49","G-S_X_O","D01","BG",2012,1747450247
"EUR","TOTAL","10-49","G-S_X_O","D111","BG",2012,1479553334
"EUR","TOTAL","10-49","G-S_X_O","D1111","BG",2012,1342637579
"EUR","TOTAL","10-49","G45","D01","BG",2012,50205010
"EUR","TOTAL","10-49","G45","D111","BG",2012,42591615
"EUR","TOTAL","10-49","G45","D1111","BG",2012,39559951
"EUR","TOTAL","10-49","G46","D01","BG",2012,293987012
"EUR","TOTAL","10-49","G46","D111","BG",2012,254023267
"EUR","TOTAL","10-49","G46","D1111","BG",2012,236309605
"EUR","TOTAL","10-49","G47","D01","BG",2012,182136692
"EUR","TOTAL","10-49","G47","D111","BG",2012,152008329
"EUR","TOTAL","10-49","G47","D1111","BG",2012,141412809
"EUR","TOTAL","10-49","H","D01","BG",2012,101417453
"EUR","TOTAL","10-49","H","D111","BG",2012,83288819
"EUR","TOTAL","10-49","H","D1111","BG",2012,77558185
"EUR","TOTAL","10-49","H49","D01","BG",2012,69786645
"EUR","TOTAL","10-49","H49","D111","BG",2012,56173177
"EUR","TOTAL","10-49","H49","D1111","BG",2012,52418844
"EUR","TOTAL","10-49","H50","D01","BG",2012,1211919
"EUR","TOTAL","10-49","H50","D111","BG",2012,1046840
"EUR","TOTAL","10-49","H50","D1111","BG",2012,1006765
"EUR","TOTAL","10-49","H51","D01","BG",2012,1939886
"EUR","TOTAL","10-49","H51","D111","BG",2012,1606054
"EUR","TOTAL","10-49","H51","D1111","BG",2012,1465272
"EUR","TOTAL","10-49","H52","D01","BG",2012,26743419
"EUR","TOTAL","10-49","H52","D111","BG",2012,23021464
"EUR","TOTAL","10-49","H52","D1111","BG",2012,21332083
"EUR","TOTAL","10-49","H53","D01","BG",2012,NA
"EUR","TOTAL","10-49","H53","D111","BG",2012,NA
"EUR","TOTAL","10-49","H53","D1111","BG",2012,NA
"EUR","TOTAL","10-49","I","D01","BG",2012,127979580
"EUR","TOTAL","10-49","I","D111","BG",2012,106615601
"EUR","TOTAL","10-49","I","D1111","BG",2012,100203691
"EUR","TOTAL","10-49","I55","D01","BG",2012,45988423
"EUR","TOTAL","10-49","I55","D111","BG",2012,38314755
"EUR","TOTAL","10-49","I55","D1111","BG",2012,35881546
"EUR","TOTAL","10-49","I56","D01","BG",2012,81991157
"EUR","TOTAL","10-49","I56","D111","BG",2012,68300847
"EUR","TOTAL","10-49","I56","D1111","BG",2012,64322145
"EUR","TOTAL","10-49","J","D01","BG",2012,143778351
"EUR","TOTAL","10-49","J","D111","BG",2012,126856058
"EUR","TOTAL","10-49","J","D1111","BG",2012,117987509
"EUR","TOTAL","10-49","J58","D01","BG",2012,12250841
"EUR","TOTAL","10-49","J58","D111","BG",2012,10568829
"EUR","TOTAL","10-49","J58","D1111","BG",2012,9804592
"EUR","TOTAL","10-49","J59","D01","BG",2012,9041508
"EUR","TOTAL","10-49","J59","D111","BG",2012,8038886
"EUR","TOTAL","10-49","J59","D1111","BG",2012,7529248
"EUR","TOTAL","10-49","J60","D01","BG",2012,4929239
"EUR","TOTAL","10-49","J60","D111","BG",2012,4197692
"EUR","TOTAL","10-49","J60","D1111","BG",2012,3890967
"EUR","TOTAL","10-49","J61","D01","BG",2012,10028856
"EUR","TOTAL","10-49","J61","D111","BG",2012,8462059
"EUR","TOTAL","10-49","J61","D1111","BG",2012,7785293
"EUR","TOTAL","10-49","J62","D01","BG",2012,97248662
"EUR","TOTAL","10-49","J62","D111","BG",2012,86477766
"EUR","TOTAL","10-49","J62","D1111","BG",2012,80467772
"EUR","TOTAL","10-49","J63","D01","BG",2012,10279245
"EUR","TOTAL","10-49","J63","D111","BG",2012,9110826
"EUR","TOTAL","10-49","J63","D1111","BG",2012,8509636
"EUR","TOTAL","10-49","K","D01","BG",2012,59741165
"EUR","TOTAL","10-49","K","D111","BG",2012,52771150
"EUR","TOTAL","10-49","K","D1111","BG",2012,48806336
"EUR","TOTAL","10-49","K-N","D01","BG",2012,326555427
"EUR","TOTAL","10-49","K-N","D111","BG",2012,285280238
"EUR","TOTAL","10-49","K-N","D1111","BG",2012,264839384
"EUR","TOTAL","10-49","K64","D01","BG",2012,35858293
"EUR","TOTAL","10-49","K64","D111","BG",2012,31759509
"EUR","TOTAL","10-49","K64","D1111","BG",2012,29361660
"EUR","TOTAL","10-49","K65","D01","BG",2012,8573150
"EUR","TOTAL","10-49","K65","D111","BG",2012,7541049
"EUR","TOTAL","10-49","K65","D1111","BG",2012,6824168
"EUR","TOTAL","10-49","K66","D01","BG",2012,15309723
"EUR","TOTAL","10-49","K66","D111","BG",2012,13470592
"EUR","TOTAL","10-49","K66","D1111","BG",2012,12620507
"EUR","TOTAL","10-49","L","D01","BG",2012,49356764
"EUR","TOTAL","10-49","L","D111","BG",2012,42359959
"EUR","TOTAL","10-49","L","D1111","BG",2012,38842888
"EUR","TOTAL","10-49","L68","D01","BG",2012,49356764
"EUR","TOTAL","10-49","L68","D111","BG",2012,42359959
"EUR","TOTAL","10-49","L68","D1111","BG",2012,38842888
"EUR","TOTAL","10-49","M","D01","BG",2012,150681032
"EUR","TOTAL","10-49","M","D111","BG",2012,133100249
"EUR","TOTAL","10-49","M","D1111","BG",2012,124052812
"EUR","TOTAL","10-49","M69","D01","BG",2012,19073705
"EUR","TOTAL","10-49","M69","D111","BG",2012,16516517
"EUR","TOTAL","10-49","M69","D1111","BG",2012,15392206
"EUR","TOTAL","10-49","M70","D01","BG",2012,27541176
"EUR","TOTAL","10-49","M70","D111","BG",2012,25264119
"EUR","TOTAL","10-49","M70","D1111","BG",2012,23975874
"EUR","TOTAL","10-49","M71","D01","BG",2012,42211070
"EUR","TOTAL","10-49","M71","D111","BG",2012,36832609
"EUR","TOTAL","10-49","M71","D1111","BG",2012,34114227
"EUR","TOTAL","10-49","M72","D01","BG",2012,7594607
"EUR","TOTAL","10-49","M72","D111","BG",2012,6440435
"EUR","TOTAL","10-49","M72","D1111","BG",2012,5777670
"EUR","TOTAL","10-49","M73","D01","BG",2012,27033039
"EUR","TOTAL","10-49","M73","D111","BG",2012,23946372
"EUR","TOTAL","10-49","M73","D1111","BG",2012,22321300
"EUR","TOTAL","10-49","M74","D01","BG",2012,26679513
"EUR","TOTAL","10-49","M74","D111","BG",2012,23633735
"EUR","TOTAL","10-49","M74","D1111","BG",2012,22039849
"EUR","TOTAL","10-49","M75","D01","BG",2012,547921
"EUR","TOTAL","10-49","M75","D111","BG",2012,466462
"EUR","TOTAL","10-49","M75","D1111","BG",2012,431687
"EUR","TOTAL","10-49","N","D01","BG",2012,66776465
"EUR","TOTAL","10-49","N","D111","BG",2012,57048879
"EUR","TOTAL","10-49","N","D1111","BG",2012,53137348
"EUR","TOTAL","10-49","N77","D01","BG",2012,6156511
"EUR","TOTAL","10-49","N77","D111","BG",2012,5252894
"EUR","TOTAL","10-49","N77","D1111","BG",2012,4906811
"EUR","TOTAL","10-49","N78","D01","BG",2012,8865301
"EUR","TOTAL","10-49","N78","D111","BG",2012,7474643
"EUR","TOTAL","10-49","N78","D1111","BG",2012,6920593
"EUR","TOTAL","10-49","N79","D01","BG",2012,8892753
"EUR","TOTAL","10-49","N79","D111","BG",2012,7597739
"EUR","TOTAL","10-49","N79","D1111","BG",2012,7120691
"EUR","TOTAL","10-49","N80","D01","BG",2012,20985847
"EUR","TOTAL","10-49","N80","D111","BG",2012,17710297
"EUR","TOTAL","10-49","N80","D1111","BG",2012,16602847
"EUR","TOTAL","10-49","N81","D01","BG",2012,13056337
"EUR","TOTAL","10-49","N81","D111","BG",2012,11382017
"EUR","TOTAL","10-49","N81","D1111","BG",2012,10498360
"EUR","TOTAL","10-49","N82","D01","BG",2012,8819717
"EUR","TOTAL","10-49","N82","D111","BG",2012,7631289
"EUR","TOTAL","10-49","N82","D1111","BG",2012,7088046
"EUR","TOTAL","10-49","O","D01","BG",2012,127764558
"EUR","TOTAL","10-49","O","D111","BG",2012,100195286
"EUR","TOTAL","10-49","O","D1111","BG",2012,85233521
"EUR","TOTAL","10-49","O-S","D01","BG",2012,649155280
"EUR","TOTAL","10-49","O-S","D111","BG",2012,529084693
"EUR","TOTAL","10-49","O-S","D1111","BG",2012,449999966
"EUR","TOTAL","10-49","O84","D01","BG",2012,127764558
"EUR","TOTAL","10-49","O84","D111","BG",2012,100195286
"EUR","TOTAL","10-49","O84","D1111","BG",2012,85233521
"EUR","TOTAL","10-49","P","D01","BG",2012,352645261
"EUR","TOTAL","10-49","P","D111","BG",2012,286195235
"EUR","TOTAL","10-49","P","D1111","BG",2012,235188434
"EUR","TOTAL","10-49","P-S","D01","BG",2012,521390722
"EUR","TOTAL","10-49","P-S","D111","BG",2012,428889406
"EUR","TOTAL","10-49","P-S","D1111","BG",2012,364766444
"EUR","TOTAL","10-49","P85","D01","BG",2012,352645261
"EUR","TOTAL","10-49","P85","D111","BG",2012,286195235
"EUR","TOTAL","10-49","P85","D1111","BG",2012,235188434
"EUR","TOTAL","10-49","Q","D01","BG",2012,93628911
"EUR","TOTAL","10-49","Q","D111","BG",2012,78944992
"EUR","TOTAL","10-49","Q","D1111","BG",2012,71436871
"EUR","TOTAL","10-49","Q86","D01","BG",2012,60773187
"EUR","TOTAL","10-49","Q86","D111","BG",2012,51646142
"EUR","TOTAL","10-49","Q86","D1111","BG",2012,47544309
"EUR","TOTAL","10-49","Q87","D01","BG",2012,17071577
"EUR","TOTAL","10-49","Q87","D111","BG",2012,14048462
"EUR","TOTAL","10-49","Q87","D1111","BG",2012,12274951
"EUR","TOTAL","10-49","Q88","D01","BG",2012,15784147
"EUR","TOTAL","10-49","Q88","D111","BG",2012,13250388
"EUR","TOTAL","10-49","Q88","D1111","BG",2012,11617611
"EUR","TOTAL","10-49","R","D01","BG",2012,37665828
"EUR","TOTAL","10-49","R","D111","BG",2012,31621703
"EUR","TOTAL","10-49","R","D1111","BG",2012,28903849
"EUR","TOTAL","10-49","R90","D01","BG",2012,6331159
"EUR","TOTAL","10-49","R90","D111","BG",2012,5227329
"EUR","TOTAL","10-49","R90","D1111","BG",2012,4626170
"EUR","TOTAL","10-49","R91","D01","BG",2012,7892295
"EUR","TOTAL","10-49","R91","D111","BG",2012,6528053
"EUR","TOTAL","10-49","R91","D1111","BG",2012,5684328
"EUR","TOTAL","10-49","R92","D01","BG",2012,10176585
"EUR","TOTAL","10-49","R92","D111","BG",2012,8528584
"EUR","TOTAL","10-49","R92","D1111","BG",2012,8003781
"EUR","TOTAL","10-49","R93","D01","BG",2012,13265789
"EUR","TOTAL","10-49","R93","D111","BG",2012,11337736
"EUR","TOTAL","10-49","R93","D1111","BG",2012,10589570
"EUR","TOTAL","10-49","S","D01","BG",2012,37450722
"EUR","TOTAL","10-49","S","D111","BG",2012,32127476
"EUR","TOTAL","10-49","S","D1111","BG",2012,29237291
"EUR","TOTAL","10-49","S94","D01","BG",2012,24622595
"EUR","TOTAL","10-49","S94","D111","BG",2012,21416976
"EUR","TOTAL","10-49","S94","D1111","BG",2012,19404624
"EUR","TOTAL","10-49","S95","D01","BG",2012,NA
"EUR","TOTAL","10-49","S95","D111","BG",2012,NA
"EUR","TOTAL","10-49","S95","D1111","BG",2012,NA
"EUR","TOTAL","10-49","S96","D01","BG",2012,10175911
"EUR","TOTAL","10-49","S96","D111","BG",2012,8470127
"EUR","TOTAL","10-49","S96","D1111","BG",2012,7784594
"EUR","TOTAL","250-499","B","D01","BG",2012,17055732
"EUR","TOTAL","250-499","B","D111","BG",2012,13164233
"EUR","TOTAL","250-499","B","D1111","BG",2012,11763366
"EUR","TOTAL","250-499","B-E","D01","BG",2012,432344019
"EUR","TOTAL","250-499","B-E","D111","BG",2012,359285903
"EUR","TOTAL","250-499","B-E","D1111","BG",2012,315883796
"EUR","TOTAL","250-499","B-F","D01","BG",2012,504500505
"EUR","TOTAL","250-499","B-F","D111","BG",2012,419945880
"EUR","TOTAL","250-499","B-F","D1111","BG",2012,370805524
"EUR","TOTAL","250-499","B-N","D01","BG",2012,918510101
"EUR","TOTAL","250-499","B-N","D111","BG",2012,775670056
"EUR","TOTAL","250-499","B-N","D1111","BG",2012,692377420
"EUR","TOTAL","250-499","B-S","D01","BG",2012,1229272995
"EUR","TOTAL","250-499","B-S","D111","BG",2012,1028143548
"EUR","TOTAL","250-499","B-S","D1111","BG",2012,912577361
"EUR","TOTAL","250-499","B-S_X_O","D01","BG",2012,1078109220
"EUR","TOTAL","250-499","B-S_X_O","D111","BG",2012,909635588
"EUR","TOTAL","250-499","B-S_X_O","D1111","BG",2012,808371435
"EUR","TOTAL","250-499","B05","D01","BG",2012,4394776
"EUR","TOTAL","250-499","B05","D111","BG",2012,3341728
"EUR","TOTAL","250-499","B05","D1111","BG",2012,3013399
"EUR","TOTAL","250-499","B06","D01","BG",2012,NA
"EUR","TOTAL","250-499","B06","D111","BG",2012,NA
"EUR","TOTAL","250-499","B06","D1111","BG",2012,NA
"EUR","TOTAL","250-499","B07","D01","BG",2012,9540042
"EUR","TOTAL","250-499","B07","D111","BG",2012,7317138
"EUR","TOTAL","250-499","B07","D1111","BG",2012,6592039
"EUR","TOTAL","250-499","B08","D01","BG",2012,3120914
"EUR","TOTAL","250-499","B08","D111","BG",2012,2505367
"EUR","TOTAL","250-499","B08","D1111","BG",2012,2157928
"EUR","TOTAL","250-499","B09","D01","BG",2012,NA
"EUR","TOTAL","250-499","B09","D111","BG",2012,NA
"EUR","TOTAL","250-499","B09","D1111","BG",2012,NA
"EUR","TOTAL","250-499","C","D01","BG",2012,331267496
"EUR","TOTAL","250-499","C","D111","BG",2012,276692232
"EUR","TOTAL","250-499","C","D1111","BG",2012,244758601
"EUR","TOTAL","250-499","C10","D01","BG",2012,NA
"EUR","TOTAL","250-499","C10","D111","BG",2012,NA
"EUR","TOTAL","250-499","C10","D1111","BG",2012,NA
"EUR","TOTAL","250-499","C11","D01","BG",2012,9631557
"EUR","TOTAL","250-499","C11","D111","BG",2012,8181331
"EUR","TOTAL","250-499","C11","D1111","BG",2012,7485377
"EUR","TOTAL","250-499","C12","D01","BG",2012,16664316
"EUR","TOTAL","250-499","C12","D111","BG",2012,14343281
"EUR","TOTAL","250-499","C12","D1111","BG",2012,12495460
"EUR","TOTAL","250-499","C13","D01","BG",2012,4134499
"EUR","TOTAL","250-499","C13","D111","BG",2012,3362447
"EUR","TOTAL","250-499","C13","D1111","BG",2012,2927693
"EUR","TOTAL","250-499","C14","D01","BG",2012,53683474
"EUR","TOTAL","250-499","C14","D111","BG",2012,45038935
"EUR","TOTAL","250-499","C14","D1111","BG",2012,39951617
"EUR","TOTAL","250-499","C15","D01","BG",2012,8658451
"EUR","TOTAL","250-499","C15","D111","BG",2012,7353965
"EUR","TOTAL","250-499","C15","D1111","BG",2012,6353237
"EUR","TOTAL","250-499","C16","D01","BG",2012,NA
"EUR","TOTAL","250-499","C16","D111","BG",2012,NA
"EUR","TOTAL","250-499","C16","D1111","BG",2012,NA
"EUR","TOTAL","250-499","C17","D01","BG",2012,10041315
"EUR","TOTAL","250-499","C17","D111","BG",2012,8226590
"EUR","TOTAL","250-499","C17","D1111","BG",2012,7099238
"EUR","TOTAL","250-499","C18","D01","BG",2012,7140228
"EUR","TOTAL","250-499","C18","D111","BG",2012,6120511
"EUR","TOTAL","250-499","C18","D1111","BG",2012,5531087
"EUR","TOTAL","250-499","C19","D01","BG",2012,NA
"EUR","TOTAL","250-499","C19","D111","BG",2012,NA
"EUR","TOTAL","250-499","C19","D1111","BG",2012,NA
"EUR","TOTAL","250-499","C20","D01","BG",2012,24236033
"EUR","TOTAL","250-499","C20","D111","BG",2012,20159107
"EUR","TOTAL","250-499","C20","D1111","BG",2012,17586509
"EUR","TOTAL","250-499","C21","D01","BG",2012,10688021
"EUR","TOTAL","250-499","C21","D111","BG",2012,8976175
"EUR","TOTAL","250-499","C21","D1111","BG",2012,7773893
"EUR","TOTAL","250-499","C22","D01","BG",2012,8827889
"EUR","TOTAL","250-499","C22","D111","BG",2012,7464035
"EUR","TOTAL","250-499","C22","D1111","BG",2012,6912924
"EUR","TOTAL","250-499","C23","D01","BG",2012,NA
"EUR","TOTAL","250-499","C23","D111","BG",2012,NA
"EUR","TOTAL","250-499","C23","D1111","BG",2012,NA
"EUR","TOTAL","250-499","C24","D01","BG",2012,11057944
"EUR","TOTAL","250-499","C24","D111","BG",2012,8770984
"EUR","TOTAL","250-499","C24","D1111","BG",2012,7429889
"EUR","TOTAL","250-499","C25","D01","BG",2012,22007754
"EUR","TOTAL","250-499","C25","D111","BG",2012,18303343
"EUR","TOTAL","250-499","C25","D1111","BG",2012,15738155
"EUR","TOTAL","250-499","C26","D01","BG",2012,15836828
"EUR","TOTAL","250-499","C26","D111","BG",2012,13521205
"EUR","TOTAL","250-499","C26","D1111","BG",2012,11378477
"EUR","TOTAL","250-499","C27","D01","BG",2012,27206837
"EUR","TOTAL","250-499","C27","D111","BG",2012,22937566
"EUR","TOTAL","250-499","C27","D1111","BG",2012,20468957
"EUR","TOTAL","250-499","C28","D01","BG",2012,18831368
"EUR","TOTAL","250-499","C28","D111","BG",2012,15724658
"EUR","TOTAL","250-499","C28","D1111","BG",2012,14089604
"EUR","TOTAL","250-499","C29","D01","BG",2012,5396467
"EUR","TOTAL","250-499","C29","D111","BG",2012,4509638
"EUR","TOTAL","250-499","C29","D1111","BG",2012,4035257
"EUR","TOTAL","250-499","C30","D01","BG",2012,7651033
"EUR","TOTAL","250-499","C30","D111","BG",2012,6316096
"EUR","TOTAL","250-499","C30","D1111","BG",2012,5754969
"EUR","TOTAL","250-499","C31","D01","BG",2012,NA
"EUR","TOTAL","250-499","C31","D111","BG",2012,NA
"EUR","TOTAL","250-499","C31","D1111","BG",2012,NA
"EUR","TOTAL","250-499","C32","D01","BG",2012,NA
"EUR","TOTAL","250-499","C32","D111","BG",2012,NA
"EUR","TOTAL","250-499","C32","D1111","BG",2012,NA
"EUR","TOTAL","250-499","C33","D01","BG",2012,11189351
"EUR","TOTAL","250-499","C33","D111","BG",2012,8606724
"EUR","TOTAL","250-499","C33","D1111","BG",2012,7556564
"EUR","TOTAL","250-499","D","D01","BG",2012,38685779
"EUR","TOTAL","250-499","D","D111","BG",2012,31639872
"EUR","TOTAL","250-499","D","D1111","BG",2012,27063112
"EUR","TOTAL","250-499","D35","D01","BG",2012,38685779
"EUR","TOTAL","250-499","D35","D111","BG",2012,31639872
"EUR","TOTAL","250-499","D35","D1111","BG",2012,27063112
"EUR","TOTAL","250-499","E","D01","BG",2012,45335012
"EUR","TOTAL","250-499","E","D111","BG",2012,37789566
"EUR","TOTAL","250-499","E","D1111","BG",2012,32298717
"EUR","TOTAL","250-499","E36","D01","BG",2012,27450122
"EUR","TOTAL","250-499","E36","D111","BG",2012,22846672
"EUR","TOTAL","250-499","E36","D1111","BG",2012,18706867
"EUR","TOTAL","250-499","E37","D01","BG",2012,NA
"EUR","TOTAL","250-499","E37","D111","BG",2012,NA
"EUR","TOTAL","250-499","E37","D1111","BG",2012,NA
"EUR","TOTAL","250-499","E38","D01","BG",2012,16759289
"EUR","TOTAL","250-499","E38","D111","BG",2012,14011586
"EUR","TOTAL","250-499","E38","D1111","BG",2012,12757843
"EUR","TOTAL","250-499","E39","D01","BG",2012,NA
"EUR","TOTAL","250-499","E39","D111","BG",2012,NA
"EUR","TOTAL","250-499","E39","D1111","BG",2012,NA
"EUR","TOTAL","250-499","F","D01","BG",2012,72156486
"EUR","TOTAL","250-499","F","D111","BG",2012,60659978
"EUR","TOTAL","250-499","F","D1111","BG",2012,54921728
"EUR","TOTAL","250-499","F41","D01","BG",2012,NA
"EUR","TOTAL","250-499","F41","D111","BG",2012,NA
"EUR","TOTAL","250-499","F41","D1111","BG",2012,NA
"EUR","TOTAL","250-499","F42","D01","BG",2012,53139023
"EUR","TOTAL","250-499","F42","D111","BG",2012,44645150
"EUR","TOTAL","250-499","F42","D1111","BG",2012,40622978
"EUR","TOTAL","250-499","F43","D01","BG",2012,NA
"EUR","TOTAL","250-499","F43","D111","BG",2012,NA
"EUR","TOTAL","250-499","F43","D1111","BG",2012,NA
"EUR","TOTAL","250-499","G","D01","BG",2012,79719340
"EUR","TOTAL","250-499","G","D111","BG",2012,67845977
"EUR","TOTAL","250-499","G","D1111","BG",2012,62317121
"EUR","TOTAL","250-499","G-J","D01","BG",2012,272359152
"EUR","TOTAL","250-499","G-J","D111","BG",2012,233393656
"EUR","TOTAL","250-499","G-J","D1111","BG",2012,210860396
"EUR","TOTAL","250-499","G-N","D01","BG",2012,414009596
"EUR","TOTAL","250-499","G-N","D111","BG",2012,355724175
"EUR","TOTAL","250-499","G-N","D1111","BG",2012,321571896
"EUR","TOTAL","250-499","G-S_X_O","D01","BG",2012,573608715
"EUR","TOTAL","250-499","G-S_X_O","D111","BG",2012,489689708
"EUR","TOTAL","250-499","G-S_X_O","D1111","BG",2012,437565911
"EUR","TOTAL","250-499","G45","D01","BG",2012,11946326
"EUR","TOTAL","250-499","G45","D111","BG",2012,10186707
"EUR","TOTAL","250-499","G45","D1111","BG",2012,9287288
"EUR","TOTAL","250-499","G46","D01","BG",2012,34587597
"EUR","TOTAL","250-499","G46","D111","BG",2012,29508165
"EUR","TOTAL","250-499","G46","D1111","BG",2012,26896096
"EUR","TOTAL","250-499","G47","D01","BG",2012,33185417
"EUR","TOTAL","250-499","G47","D111","BG",2012,28151105
"EUR","TOTAL","250-499","G47","D1111","BG",2012,26133737
"EUR","TOTAL","250-499","H","D01","BG",2012,30964725
"EUR","TOTAL","250-499","H","D111","BG",2012,24369309
"EUR","TOTAL","250-499","H","D1111","BG",2012,20486681
"EUR","TOTAL","250-499","H49","D01","BG",2012,20303329
"EUR","TOTAL","250-499","H49","D111","BG",2012,15808209
"EUR","TOTAL","250-499","H49","D1111","BG",2012,13337768
"EUR","TOTAL","250-499","H50","D01","BG",2012,NA
"EUR","TOTAL","250-499","H50","D111","BG",2012,NA
"EUR","TOTAL","250-499","H50","D1111","BG",2012,NA
"EUR","TOTAL","250-499","H51","D01","BG",2012,NA
"EUR","TOTAL","250-499","H51","D111","BG",2012,NA
"EUR","TOTAL","250-499","H51","D1111","BG",2012,NA
"EUR","TOTAL","250-499","H52","D01","BG",2012,NA
"EUR","TOTAL","250-499","H52","D111","BG",2012,NA
"EUR","TOTAL","250-499","H52","D1111","BG",2012,NA
"EUR","TOTAL","250-499","H53","D01","BG",2012,NA
"EUR","TOTAL","250-499","H53","D111","BG",2012,NA
"EUR","TOTAL","250-499","H53","D1111","BG",2012,NA
"EUR","TOTAL","250-499","I","D01","BG",2012,24306309
"EUR","TOTAL","250-499","I","D111","BG",2012,20271598
"EUR","TOTAL","250-499","I","D1111","BG",2012,18376146
"EUR","TOTAL","250-499","I55","D01","BG",2012,19032953
"EUR","TOTAL","250-499","I55","D111","BG",2012,15886555
"EUR","TOTAL","250-499","I55","D1111","BG",2012,14255951
"EUR","TOTAL","250-499","I56","D01","BG",2012,5273356
"EUR","TOTAL","250-499","I56","D111","BG",2012,4385043
"EUR","TOTAL","250-499","I56","D1111","BG",2012,4120195
"EUR","TOTAL","250-499","J","D01","BG",2012,137368777
"EUR","TOTAL","250-499","J","D111","BG",2012,120906772
"EUR","TOTAL","250-499","J","D1111","BG",2012,109680447
"EUR","TOTAL","250-499","J58","D01","BG",2012,NA
"EUR","TOTAL","250-499","J58","D111","BG",2012,NA
"EUR","TOTAL","250-499","J58","D1111","BG",2012,NA
"EUR","TOTAL","250-499","J59","D01","BG",2012,NA
"EUR","TOTAL","250-499","J59","D111","BG",2012,NA
"EUR","TOTAL","250-499","J59","D1111","BG",2012,NA
"EUR","TOTAL","250-499","J60","D01","BG",2012,18639017
"EUR","TOTAL","250-499","J60","D111","BG",2012,16324253
"EUR","TOTAL","250-499","J60","D1111","BG",2012,14854176
"EUR","TOTAL","250-499","J61","D01","BG",2012,10153997
"EUR","TOTAL","250-499","J61","D111","BG",2012,8270119
"EUR","TOTAL","250-499","J61","D1111","BG",2012,7534424
"EUR","TOTAL","250-499","J62","D01","BG",2012,84898678
"EUR","TOTAL","250-499","J62","D111","BG",2012,75725667
"EUR","TOTAL","250-499","J62","D1111","BG",2012,68684610
"EUR","TOTAL","250-499","J63","D01","BG",2012,23677085
"EUR","TOTAL","250-499","J63","D111","BG",2012,20586733
"EUR","TOTAL","250-499","J63","D1111","BG",2012,18607237
"EUR","TOTAL","250-499","K","D01","BG",2012,48082067
"EUR","TOTAL","250-499","K","D111","BG",2012,41730331
"EUR","TOTAL","250-499","K","D1111","BG",2012,37665067
"EUR","TOTAL","250-499","K-N","D01","BG",2012,141650444
"EUR","TOTAL","250-499","K-N","D111","BG",2012,122330519
"EUR","TOTAL","250-499","K-N","D1111","BG",2012,110711501
"EUR","TOTAL","250-499","K64","D01","BG",2012,27407234
"EUR","TOTAL","250-499","K64","D111","BG",2012,23642509
"EUR","TOTAL","250-499","K64","D1111","BG",2012,20962566
"EUR","TOTAL","250-499","K65","D01","BG",2012,17977490
"EUR","TOTAL","250-499","K65","D111","BG",2012,15653019
"EUR","TOTAL","250-499","K65","D1111","BG",2012,14363741
"EUR","TOTAL","250-499","K66","D01","BG",2012,NA
"EUR","TOTAL","250-499","K66","D111","BG",2012,NA
"EUR","TOTAL","250-499","K66","D1111","BG",2012,NA
"EUR","TOTAL","250-499","L","D01","BG",2012,2603327
"EUR","TOTAL","250-499","L","D111","BG",2012,2185046
"EUR","TOTAL","250-499","L","D1111","BG",2012,1984703
"EUR","TOTAL","250-499","L68","D01","BG",2012,2603327
"EUR","TOTAL","250-499","L68","D111","BG",2012,2185046
"EUR","TOTAL","250-499","L68","D1111","BG",2012,1984703
"EUR","TOTAL","250-499","M","D01","BG",2012,36576349
"EUR","TOTAL","250-499","M","D111","BG",2012,30604637
"EUR","TOTAL","250-499","M","D1111","BG",2012,27102434
"EUR","TOTAL","250-499","M69","D01","BG",2012,NA
"EUR","TOTAL","250-499","M69","D111","BG",2012,NA
"EUR","TOTAL","250-499","M69","D1111","BG",2012,NA
"EUR","TOTAL","250-499","M70","D01","BG",2012,NA
"EUR","TOTAL","250-499","M70","D111","BG",2012,NA
"EUR","TOTAL","250-499","M70","D1111","BG",2012,NA
"EUR","TOTAL","250-499","M71","D01","BG",2012,NA
"EUR","TOTAL","250-499","M71","D111","BG",2012,NA
"EUR","TOTAL","250-499","M71","D1111","BG",2012,NA
"EUR","TOTAL","250-499","M72","D01","BG",2012,7457118
"EUR","TOTAL","250-499","M72","D111","BG",2012,6154015
"EUR","TOTAL","250-499","M72","D1111","BG",2012,5544422
"EUR","TOTAL","250-499","M73","D01","BG",2012,NA
"EUR","TOTAL","250-499","M73","D111","BG",2012,NA
"EUR","TOTAL","250-499","M73","D1111","BG",2012,NA
"EUR","TOTAL","250-499","M74","D01","BG",2012,7731092
"EUR","TOTAL","250-499","M74","D111","BG",2012,6564082
"EUR","TOTAL","250-499","M74","D1111","BG",2012,5999427
"EUR","TOTAL","250-499","M75","D01","BG",2012,NA
"EUR","TOTAL","250-499","M75","D111","BG",2012,NA
"EUR","TOTAL","250-499","M75","D1111","BG",2012,NA
"EUR","TOTAL","250-499","N","D01","BG",2012,54388701
"EUR","TOTAL","250-499","N","D111","BG",2012,47810506
"EUR","TOTAL","250-499","N","D1111","BG",2012,43959295
"EUR","TOTAL","250-499","N77","D01","BG",2012,NA
"EUR","TOTAL","250-499","N77","D111","BG",2012,NA
"EUR","TOTAL","250-499","N77","D1111","BG",2012,NA
"EUR","TOTAL","250-499","N78","D01","BG",2012,6719237
"EUR","TOTAL","250-499","N78","D111","BG",2012,5687755
"EUR","TOTAL","250-499","N78","D1111","BG",2012,5270502
"EUR","TOTAL","250-499","N79","D01","BG",2012,NA
"EUR","TOTAL","250-499","N79","D111","BG",2012,NA
"EUR","TOTAL","250-499","N79","D1111","BG",2012,NA
"EUR","TOTAL","250-499","N80","D01","BG",2012,25481128
"EUR","TOTAL","250-499","N80","D111","BG",2012,21624063
"EUR","TOTAL","250-499","N80","D1111","BG",2012,20067729
"EUR","TOTAL","250-499","N81","D01","BG",2012,13132414
"EUR","TOTAL","250-499","N81","D111","BG",2012,12898529
"EUR","TOTAL","250-499","N81","D1111","BG",2012,11694887
"EUR","TOTAL","250-499","N82","D01","BG",2012,9055922
"EUR","TOTAL","250-499","N82","D111","BG",2012,7600159
"EUR","TOTAL","250-499","N82","D1111","BG",2012,6926177
"EUR","TOTAL","250-499","O","D01","BG",2012,151163774
"EUR","TOTAL","250-499","O","D111","BG",2012,118507960
"EUR","TOTAL","250-499","O","D1111","BG",2012,104205926
"EUR","TOTAL","250-499","O-S","D01","BG",2012,310762893
"EUR","TOTAL","250-499","O-S","D111","BG",2012,252473492
"EUR","TOTAL","250-499","O-S","D1111","BG",2012,220199941
"EUR","TOTAL","250-499","O84","D01","BG",2012,151163774
"EUR","TOTAL","250-499","O84","D111","BG",2012,118507960
"EUR","TOTAL","250-499","O84","D1111","BG",2012,104205926
"EUR","TOTAL","250-499","P","D01","BG",2012,49581742
"EUR","TOTAL","250-499","P","D111","BG",2012,41165623
"EUR","TOTAL","250-499","P","D1111","BG",2012,34215951
"EUR","TOTAL","250-499","P-S","D01","BG",2012,159599119
"EUR","TOTAL","250-499","P-S","D111","BG",2012,133965532
"EUR","TOTAL","250-499","P-S","D1111","BG",2012,115994014
"EUR","TOTAL","250-499","P85","D01","BG",2012,49581742
"EUR","TOTAL","250-499","P85","D111","BG",2012,41165623
"EUR","TOTAL","250-499","P85","D1111","BG",2012,34215951
"EUR","TOTAL","250-499","Q","D01","BG",2012,94305391
"EUR","TOTAL","250-499","Q","D111","BG",2012,78885269
"EUR","TOTAL","250-499","Q","D1111","BG",2012,69279703
"EUR","TOTAL","250-499","Q86","D01","BG",2012,89314640
"EUR","TOTAL","250-499","Q86","D111","BG",2012,74721180
"EUR","TOTAL","250-499","Q86","D1111","BG",2012,65745918
"EUR","TOTAL","250-499","Q87","D01","BG",2012,NA
"EUR","TOTAL","250-499","Q87","D111","BG",2012,NA
"EUR","TOTAL","250-499","Q87","D1111","BG",2012,NA
"EUR","TOTAL","250-499","Q88","D01","BG",2012,4990751
"EUR","TOTAL","250-499","Q88","D111","BG",2012,4164089
"EUR","TOTAL","250-499","Q88","D1111","BG",2012,3533785
"EUR","TOTAL","250-499","R","D01","BG",2012,10881533
"EUR","TOTAL","250-499","R","D111","BG",2012,9105253
"EUR","TOTAL","250-499","R","D1111","BG",2012,8011485
"EUR","TOTAL","250-499","R90","D01","BG",2012,6299662
"EUR","TOTAL","250-499","R90","D111","BG",2012,5239066
"EUR","TOTAL","250-499","R90","D1111","BG",2012,4542162
"EUR","TOTAL","250-499","R91","D01","BG",2012,NA
"EUR","TOTAL","250-499","R91","D111","BG",2012,NA
"EUR","TOTAL","250-499","R91","D1111","BG",2012,NA
"EUR","TOTAL","250-499","R92","D01","BG",2012,NA
"EUR","TOTAL","250-499","R92","D111","BG",2012,NA
"EUR","TOTAL","250-499","R92","D1111","BG",2012,NA
"EUR","TOTAL","250-499","R93","D01","BG",2012,NA
"EUR","TOTAL","250-499","R93","D111","BG",2012,NA
"EUR","TOTAL","250-499","R93","D1111","BG",2012,NA
"EUR","TOTAL","250-499","S","D01","BG",2012,4830454
"EUR","TOTAL","250-499","S","D111","BG",2012,4809387
"EUR","TOTAL","250-499","S","D1111","BG",2012,4486875
"EUR","TOTAL","250-499","S94","D01","BG",2012,4830454
"EUR","TOTAL","250-499","S94","D111","BG",2012,4809387
"EUR","TOTAL","250-499","S94","D1111","BG",2012,4486875
"EUR","TOTAL","250-499","S95","D01","BG",2012,NA
"EUR","TOTAL","250-499","S95","D111","BG",2012,NA
"EUR","TOTAL","250-499","S95","D1111","BG",2012,NA
"EUR","TOTAL","250-499","S96","D01","BG",2012,NA
"EUR","TOTAL","250-499","S96","D111","BG",2012,NA
"EUR","TOTAL","250-499","S96","D1111","BG",2012,NA
"EUR","TOTAL","50-249","B","D01","BG",2012,19584427
"EUR","TOTAL","50-249","B","D111","BG",2012,15414817
"EUR","TOTAL","50-249","B","D1111","BG",2012,13699372
"EUR","TOTAL","50-249","B-E","D01","BG",2012,825555282
"EUR","TOTAL","50-249","B-E","D111","BG",2012,691175446
"EUR","TOTAL","50-249","B-E","D1111","BG",2012,625557967
"EUR","TOTAL","50-249","B-F","D01","BG",2012,1045161478
"EUR","TOTAL","50-249","B-F","D111","BG",2012,875804621
"EUR","TOTAL","50-249","B-F","D1111","BG",2012,795982805
"EUR","TOTAL","50-249","B-N","D01","BG",2012,2221434912
"EUR","TOTAL","50-249","B-N","D111","BG",2012,1889120559
"EUR","TOTAL","50-249","B-N","D1111","BG",2012,1724640999
"EUR","TOTAL","50-249","B-S","D01","BG",2012,3182418879
"EUR","TOTAL","50-249","B-S","D111","BG",2012,2678018202
"EUR","TOTAL","50-249","B-S","D1111","BG",2012,2404672878
"EUR","TOTAL","50-249","B-S_X_O","D01","BG",2012,2882344442
"EUR","TOTAL","50-249","B-S_X_O","D111","BG",2012,2439915588
"EUR","TOTAL","50-249","B-S_X_O","D1111","BG",2012,2197228126
"EUR","TOTAL","50-249","B05","D01","BG",2012,4521234
"EUR","TOTAL","50-249","B05","D111","BG",2012,3512100
"EUR","TOTAL","50-249","B05","D1111","BG",2012,3146713
"EUR","TOTAL","50-249","B06","D01","BG",2012,NA
"EUR","TOTAL","50-249","B06","D111","BG",2012,NA
"EUR","TOTAL","50-249","B06","D1111","BG",2012,NA
"EUR","TOTAL","50-249","B07","D01","BG",2012,3761034
"EUR","TOTAL","50-249","B07","D111","BG",2012,2768965
"EUR","TOTAL","50-249","B07","D1111","BG",2012,2381971
"EUR","TOTAL","50-249","B08","D01","BG",2012,10577195
"EUR","TOTAL","50-249","B08","D111","BG",2012,8533875
"EUR","TOTAL","50-249","B08","D1111","BG",2012,7595931
"EUR","TOTAL","50-249","B09","D01","BG",2012,NA
"EUR","TOTAL","50-249","B09","D111","BG",2012,NA
"EUR","TOTAL","50-249","B09","D1111","BG",2012,NA
"EUR","TOTAL","50-249","C","D01","BG",2012,741657259
"EUR","TOTAL","50-249","C","D111","BG",2012,621893692
"EUR","TOTAL","50-249","C","D1111","BG",2012,564961267
"EUR","TOTAL","50-249","C10","D01","BG",2012,137593892
"EUR","TOTAL","50-249","C10","D111","BG",2012,115869393
"EUR","TOTAL","50-249","C10","D1111","BG",2012,106397180
"EUR","TOTAL","50-249","C11","D01","BG",2012,15601270
"EUR","TOTAL","50-249","C11","D111","BG",2012,13056581
"EUR","TOTAL","50-249","C11","D1111","BG",2012,11794786
"EUR","TOTAL","50-249","C12","D01","BG",2012,3150201
"EUR","TOTAL","50-249","C12","D111","BG",2012,2530035
"EUR","TOTAL","50-249","C12","D1111","BG",2012,2329553
"EUR","TOTAL","50-249","C13","D01","BG",2012,12798164
"EUR","TOTAL","50-249","C13","D111","BG",2012,10534534
"EUR","TOTAL","50-249","C13","D1111","BG",2012,9490679
"EUR","TOTAL","50-249","C14","D01","BG",2012,118024678
"EUR","TOTAL","50-249","C14","D111","BG",2012,98741484
"EUR","TOTAL","50-249","C14","D1111","BG",2012,89663117
"EUR","TOTAL","50-249","C15","D01","BG",2012,21258527
"EUR","TOTAL","50-249","C15","D111","BG",2012,17759259
"EUR","TOTAL","50-249","C15","D1111","BG",2012,16176339
"EUR","TOTAL","50-249","C16","D01","BG",2012,12388957
"EUR","TOTAL","50-249","C16","D111","BG",2012,10421181
"EUR","TOTAL","50-249","C16","D1111","BG",2012,9381480
"EUR","TOTAL","50-249","C17","D01","BG",2012,12924879
"EUR","TOTAL","50-249","C17","D111","BG",2012,10816556
"EUR","TOTAL","50-249","C17","D1111","BG",2012,9999089
"EUR","TOTAL","50-249","C18","D01","BG",2012,16078188
"EUR","TOTAL","50-249","C18","D111","BG",2012,13432741
"EUR","TOTAL","50-249","C18","D1111","BG",2012,12207332
"EUR","TOTAL","50-249","C19","D01","BG",2012,1772520
"EUR","TOTAL","50-249","C19","D111","BG",2012,1480010
"EUR","TOTAL","50-249","C19","D1111","BG",2012,1356865
"EUR","TOTAL","50-249","C20","D01","BG",2012,27645246
"EUR","TOTAL","50-249","C20","D111","BG",2012,23178543
"EUR","TOTAL","50-249","C20","D1111","BG",2012,21175664
"EUR","TOTAL","50-249","C21","D01","BG",2012,8489639
"EUR","TOTAL","50-249","C21","D111","BG",2012,7158437
"EUR","TOTAL","50-249","C21","D1111","BG",2012,6556000
"EUR","TOTAL","50-249","C22","D01","BG",2012,32268478
"EUR","TOTAL","50-249","C22","D111","BG",2012,27221202
"EUR","TOTAL","50-249","C22","D1111","BG",2012,24767801
"EUR","TOTAL","50-249","C23","D01","BG",2012,44392842
"EUR","TOTAL","50-249","C23","D111","BG",2012,37094878
"EUR","TOTAL","50-249","C23","D1111","BG",2012,32818934
"EUR","TOTAL","50-249","C24","D01","BG",2012,16152313
"EUR","TOTAL","50-249","C24","D111","BG",2012,13240942
"EUR","TOTAL","50-249","C24","D1111","BG",2012,11890816
"EUR","TOTAL","50-249","C25","D01","BG",2012,76605384
"EUR","TOTAL","50-249","C25","D111","BG",2012,64217429
"EUR","TOTAL","50-249","C25","D1111","BG",2012,58244472
"EUR","TOTAL","50-249","C26","D01","BG",2012,24248405
"EUR","TOTAL","50-249","C26","D111","BG",2012,20746248
"EUR","TOTAL","50-249","C26","D1111","BG",2012,18866165
"EUR","TOTAL","50-249","C27","D01","BG",2012,32260781
"EUR","TOTAL","50-249","C27","D111","BG",2012,27098296
"EUR","TOTAL","50-249","C27","D1111","BG",2012,24829370
"EUR","TOTAL","50-249","C28","D01","BG",2012,55075172
"EUR","TOTAL","50-249","C28","D111","BG",2012,45996289
"EUR","TOTAL","50-249","C28","D1111","BG",2012,41732600
"EUR","TOTAL","50-249","C29","D01","BG",2012,5667211
"EUR","TOTAL","50-249","C29","D111","BG",2012,4753119
"EUR","TOTAL","50-249","C29","D1111","BG",2012,4321639
"EUR","TOTAL","50-249","C30","D01","BG",2012,6971859
"EUR","TOTAL","50-249","C30","D111","BG",2012,5915205
"EUR","TOTAL","50-249","C30","D1111","BG",2012,5361033
"EUR","TOTAL","50-249","C31","D01","BG",2012,25744174
"EUR","TOTAL","50-249","C31","D111","BG",2012,21640073
"EUR","TOTAL","50-249","C31","D1111","BG",2012,19738701
"EUR","TOTAL","50-249","C32","D01","BG",2012,8227390
"EUR","TOTAL","50-249","C32","D111","BG",2012,6890730
"EUR","TOTAL","50-249","C32","D1111","BG",2012,6187510
"EUR","TOTAL","50-249","C33","D01","BG",2012,26317089
"EUR","TOTAL","50-249","C33","D111","BG",2012,22100529
"EUR","TOTAL","50-249","C33","D1111","BG",2012,19674142
"EUR","TOTAL","50-249","D","D01","BG",2012,23088944
"EUR","TOTAL","50-249","D","D111","BG",2012,19259978
"EUR","TOTAL","50-249","D","D1111","BG",2012,15849397
"EUR","TOTAL","50-249","D35","D01","BG",2012,23088944
"EUR","TOTAL","50-249","D35","D111","BG",2012,19259978
"EUR","TOTAL","50-249","D35","D1111","BG",2012,15849397
"EUR","TOTAL","50-249","E","D01","BG",2012,41224652
"EUR","TOTAL","50-249","E","D111","BG",2012,34606960
"EUR","TOTAL","50-249","E","D1111","BG",2012,31047931
"EUR","TOTAL","50-249","E36","D01","BG",2012,7119107
"EUR","TOTAL","50-249","E36","D111","BG",2012,5834875
"EUR","TOTAL","50-249","E36","D1111","BG",2012,4832471
"EUR","TOTAL","50-249","E37","D01","BG",2012,NA
"EUR","TOTAL","50-249","E37","D111","BG",2012,NA
"EUR","TOTAL","50-249","E37","D1111","BG",2012,NA
"EUR","TOTAL","50-249","E38","D01","BG",2012,31549311
"EUR","TOTAL","50-249","E38","D111","BG",2012,26647613
"EUR","TOTAL","50-249","E38","D1111","BG",2012,24387228
"EUR","TOTAL","50-249","E39","D01","BG",2012,2050644
"EUR","TOTAL","50-249","E39","D111","BG",2012,1693976
"EUR","TOTAL","50-249","E39","D1111","BG",2012,1423501
"EUR","TOTAL","50-249","F","D01","BG",2012,219606195
"EUR","TOTAL","50-249","F","D111","BG",2012,184629174
"EUR","TOTAL","50-249","F","D1111","BG",2012,170424838
"EUR","TOTAL","50-249","F41","D01","BG",2012,86638946
"EUR","TOTAL","50-249","F41","D111","BG",2012,73267640
"EUR","TOTAL","50-249","F41","D1111","BG",2012,67703977
"EUR","TOTAL","50-249","F42","D01","BG",2012,87639762
"EUR","TOTAL","50-249","F42","D111","BG",2012,73290669
"EUR","TOTAL","50-249","F42","D1111","BG",2012,67241744
"EUR","TOTAL","50-249","F43","D01","BG",2012,45327487
"EUR","TOTAL","50-249","F43","D111","BG",2012,38070865
"EUR","TOTAL","50-249","F43","D1111","BG",2012,35479117
"EUR","TOTAL","50-249","G","D01","BG",2012,396618555
"EUR","TOTAL","50-249","G","D111","BG",2012,339541424
"EUR","TOTAL","50-249","G","D1111","BG",2012,312786079
"EUR","TOTAL","50-249","G-J","D01","BG",2012,826278690
"EUR","TOTAL","50-249","G-J","D111","BG",2012,705970393
"EUR","TOTAL","50-249","G-J","D1111","BG",2012,649670362
"EUR","TOTAL","50-249","G-N","D01","BG",2012,1176273434
"EUR","TOTAL","50-249","G-N","D111","BG",2012,1013315938
"EUR","TOTAL","50-249","G-N","D1111","BG",2012,928658194
"EUR","TOTAL","50-249","G-S_X_O","D01","BG",2012,1837182964
"EUR","TOTAL","50-249","G-S_X_O","D111","BG",2012,1564110967
"EUR","TOTAL","50-249","G-S_X_O","D1111","BG",2012,1401245321
"EUR","TOTAL","50-249","G45","D01","BG",2012,46340143
"EUR","TOTAL","50-249","G45","D111","BG",2012,39820290
"EUR","TOTAL","50-249","G45","D1111","BG",2012,36162573
"EUR","TOTAL","50-249","G46","D01","BG",2012,224545970
"EUR","TOTAL","50-249","G46","D111","BG",2012,193116795
"EUR","TOTAL","50-249","G46","D1111","BG",2012,177916843
"EUR","TOTAL","50-249","G47","D01","BG",2012,125732441
"EUR","TOTAL","50-249","G47","D111","BG",2012,106604340
"EUR","TOTAL","50-249","G47","D1111","BG",2012,98706663
"EUR","TOTAL","50-249","H","D01","BG",2012,137808151
"EUR","TOTAL","50-249","H","D111","BG",2012,114237094
"EUR","TOTAL","50-249","H","D1111","BG",2012,103180388
"EUR","TOTAL","50-249","H49","D01","BG",2012,63136186
"EUR","TOTAL","50-249","H49","D111","BG",2012,51085697
"EUR","TOTAL","50-249","H49","D1111","BG",2012,47023442
"EUR","TOTAL","50-249","H50","D01","BG",2012,1747564
"EUR","TOTAL","50-249","H50","D111","BG",2012,1433090
"EUR","TOTAL","50-249","H50","D1111","BG",2012,1258449
"EUR","TOTAL","50-249","H51","D01","BG",2012,21704571
"EUR","TOTAL","50-249","H51","D111","BG",2012,17977498
"EUR","TOTAL","50-249","H51","D1111","BG",2012,15993930
"EUR","TOTAL","50-249","H52","D01","BG",2012,37344339
"EUR","TOTAL","50-249","H52","D111","BG",2012,32179995
"EUR","TOTAL","50-249","H52","D1111","BG",2012,28188949
"EUR","TOTAL","50-249","H53","D01","BG",2012,13875490
"EUR","TOTAL","50-249","H53","D111","BG",2012,11560815
"EUR","TOTAL","50-249","H53","D1111","BG",2012,10715617
"EUR","TOTAL","50-249","I","D01","BG",2012,105910911
"EUR","TOTAL","50-249","I","D111","BG",2012,89167662
"EUR","TOTAL","50-249","I","D1111","BG",2012,83340041
"EUR","TOTAL","50-249","I55","D01","BG",2012,75812279
"EUR","TOTAL","50-249","I55","D111","BG",2012,63977383
"EUR","TOTAL","50-249","I55","D1111","BG",2012,59742752
"EUR","TOTAL","50-249","I56","D01","BG",2012,30098632
"EUR","TOTAL","50-249","I56","D111","BG",2012,25190279
"EUR","TOTAL","50-249","I56","D1111","BG",2012,23597289
"EUR","TOTAL","50-249","J","D01","BG",2012,185941073
"EUR","TOTAL","50-249","J","D111","BG",2012,163024212
"EUR","TOTAL","50-249","J","D1111","BG",2012,150363855
"EUR","TOTAL","50-249","J58","D01","BG",2012,16080008
"EUR","TOTAL","50-249","J58","D111","BG",2012,13832050
"EUR","TOTAL","50-249","J58","D1111","BG",2012,12760581
"EUR","TOTAL","50-249","J59","D01","BG",2012,5669626
"EUR","TOTAL","50-249","J59","D111","BG",2012,4981196
"EUR","TOTAL","50-249","J59","D1111","BG",2012,4547369
"EUR","TOTAL","50-249","J60","D01","BG",2012,8921483
"EUR","TOTAL","50-249","J60","D111","BG",2012,7682598
"EUR","TOTAL","50-249","J60","D1111","BG",2012,7055869
"EUR","TOTAL","50-249","J61","D01","BG",2012,26860397
"EUR","TOTAL","50-249","J61","D111","BG",2012,22897225
"EUR","TOTAL","50-249","J61","D1111","BG",2012,21271044
"EUR","TOTAL","50-249","J62","D01","BG",2012,116532244
"EUR","TOTAL","50-249","J62","D111","BG",2012,103493628
"EUR","TOTAL","50-249","J62","D1111","BG",2012,95486073
"EUR","TOTAL","50-249","J63","D01","BG",2012,11877316
"EUR","TOTAL","50-249","J63","D111","BG",2012,10137516
"EUR","TOTAL","50-249","J63","D1111","BG",2012,9242919
"EUR","TOTAL","50-249","K","D01","BG",2012,82777983
"EUR","TOTAL","50-249","K","D111","BG",2012,71455751
"EUR","TOTAL","50-249","K","D1111","BG",2012,63861876
"EUR","TOTAL","50-249","K-N","D01","BG",2012,349994744
"EUR","TOTAL","50-249","K-N","D111","BG",2012,307345545
"EUR","TOTAL","50-249","K-N","D1111","BG",2012,278987832
"EUR","TOTAL","50-249","K64","D01","BG",2012,46147559
"EUR","TOTAL","50-249","K64","D111","BG",2012,39739547
"EUR","TOTAL","50-249","K64","D1111","BG",2012,34759434
"EUR","TOTAL","50-249","K65","D01","BG",2012,21437179
"EUR","TOTAL","50-249","K65","D111","BG",2012,18731731
"EUR","TOTAL","50-249","K65","D1111","BG",2012,17227537
"EUR","TOTAL","50-249","K66","D01","BG",2012,NA
"EUR","TOTAL","50-249","K66","D111","BG",2012,NA
"EUR","TOTAL","50-249","K66","D1111","BG",2012,NA
"EUR","TOTAL","50-249","L","D01","BG",2012,20749397
"EUR","TOTAL","50-249","L","D111","BG",2012,17630846
"EUR","TOTAL","50-249","L","D1111","BG",2012,15858036
"EUR","TOTAL","50-249","L68","D01","BG",2012,20749397
"EUR","TOTAL","50-249","L68","D111","BG",2012,17630846
"EUR","TOTAL","50-249","L68","D1111","BG",2012,15858036
"EUR","TOTAL","50-249","M","D01","BG",2012,144767661
"EUR","TOTAL","50-249","M","D111","BG",2012,125413094
"EUR","TOTAL","50-249","M","D1111","BG",2012,113194074
"EUR","TOTAL","50-249","M69","D01","BG",2012,NA
"EUR","TOTAL","50-249","M69","D111","BG",2012,NA
"EUR","TOTAL","50-249","M69","D1111","BG",2012,NA
"EUR","TOTAL","50-249","M70","D01","BG",2012,15643533
"EUR","TOTAL","50-249","M70","D111","BG",2012,13843276
"EUR","TOTAL","50-249","M70","D1111","BG",2012,12613702
"EUR","TOTAL","50-249","M71","D01","BG",2012,27188788
"EUR","TOTAL","50-249","M71","D111","BG",2012,23394039
"EUR","TOTAL","50-249","M71","D1111","BG",2012,21367638
"EUR","TOTAL","50-249","M72","D01","BG",2012,42132309
"EUR","TOTAL","50-249","M72","D111","BG",2012,35669107
"EUR","TOTAL","50-249","M72","D1111","BG",2012,31091155
"EUR","TOTAL","50-249","M73","D01","BG",2012,NA
"EUR","TOTAL","50-249","M73","D111","BG",2012,NA
"EUR","TOTAL","50-249","M73","D1111","BG",2012,NA
"EUR","TOTAL","50-249","M74","D01","BG",2012,16760333
"EUR","TOTAL","50-249","M74","D111","BG",2012,14474976
"EUR","TOTAL","50-249","M74","D1111","BG",2012,13027026
"EUR","TOTAL","50-249","M75","D01","BG",2012,NA
"EUR","TOTAL","50-249","M75","D111","BG",2012,NA
"EUR","TOTAL","50-249","M75","D1111","BG",2012,NA
"EUR","TOTAL","50-249","N","D01","BG",2012,101699703
"EUR","TOTAL","50-249","N","D111","BG",2012,92845855
"EUR","TOTAL","50-249","N","D1111","BG",2012,86073847
"EUR","TOTAL","50-249","N77","D01","BG",2012,2231523
"EUR","TOTAL","50-249","N77","D111","BG",2012,1870654
"EUR","TOTAL","50-249","N77","D1111","BG",2012,1699657
"EUR","TOTAL","50-249","N78","D01","BG",2012,7782726
"EUR","TOTAL","50-249","N78","D111","BG",2012,6508568
"EUR","TOTAL","50-249","N78","D1111","BG",2012,6161684
"EUR","TOTAL","50-249","N79","D01","BG",2012,4654206
"EUR","TOTAL","50-249","N79","D111","BG",2012,3957571
"EUR","TOTAL","50-249","N79","D1111","BG",2012,3739214
"EUR","TOTAL","50-249","N80","D01","BG",2012,36355058
"EUR","TOTAL","50-249","N80","D111","BG",2012,30781322
"EUR","TOTAL","50-249","N80","D1111","BG",2012,28767727
"EUR","TOTAL","50-249","N81","D01","BG",2012,40244916
"EUR","TOTAL","50-249","N81","D111","BG",2012,40837019
"EUR","TOTAL","50-249","N81","D1111","BG",2012,37617548
"EUR","TOTAL","50-249","N82","D01","BG",2012,10431274
"EUR","TOTAL","50-249","N82","D111","BG",2012,8890720
"EUR","TOTAL","50-249","N82","D1111","BG",2012,8088016
"EUR","TOTAL","50-249","O","D01","BG",2012,300074438
"EUR","TOTAL","50-249","O","D111","BG",2012,238102614
"EUR","TOTAL","50-249","O","D1111","BG",2012,207444753
"EUR","TOTAL","50-249","O-S","D01","BG",2012,960983968
"EUR","TOTAL","50-249","O-S","D111","BG",2012,788897643
"EUR","TOTAL","50-249","O-S","D1111","BG",2012,680031879
"EUR","TOTAL","50-249","O84","D01","BG",2012,300074438
"EUR","TOTAL","50-249","O84","D111","BG",2012,238102614
"EUR","TOTAL","50-249","O84","D1111","BG",2012,207444753
"EUR","TOTAL","50-249","P","D01","BG",2012,330618420
"EUR","TOTAL","50-249","P","D111","BG",2012,270001862
"EUR","TOTAL","50-249","P","D1111","BG",2012,220841227
"EUR","TOTAL","50-249","P-S","D01","BG",2012,660909530
"EUR","TOTAL","50-249","P-S","D111","BG",2012,550795029
"EUR","TOTAL","50-249","P-S","D1111","BG",2012,472587126
"EUR","TOTAL","50-249","P85","D01","BG",2012,330618420
"EUR","TOTAL","50-249","P85","D111","BG",2012,270001862
"EUR","TOTAL","50-249","P85","D1111","BG",2012,220841227
"EUR","TOTAL","50-249","Q","D01","BG",2012,245381888
"EUR","TOTAL","50-249","Q","D111","BG",2012,207337821
"EUR","TOTAL","50-249","Q","D1111","BG",2012,184915773
"EUR","TOTAL","50-249","Q86","D01","BG",2012,196998564
"EUR","TOTAL","50-249","Q86","D111","BG",2012,167032938
"EUR","TOTAL","50-249","Q86","D1111","BG",2012,149987611
"EUR","TOTAL","50-249","Q87","D01","BG",2012,24452426
"EUR","TOTAL","50-249","Q87","D111","BG",2012,20300446
"EUR","TOTAL","50-249","Q87","D1111","BG",2012,17538065
"EUR","TOTAL","50-249","Q88","D01","BG",2012,23930898
"EUR","TOTAL","50-249","Q88","D111","BG",2012,20004436
"EUR","TOTAL","50-249","Q88","D1111","BG",2012,17390097
"EUR","TOTAL","50-249","R","D01","BG",2012,66267113
"EUR","TOTAL","50-249","R","D111","BG",2012,57778908
"EUR","TOTAL","50-249","R","D1111","BG",2012,52854928
"EUR","TOTAL","50-249","R90","D01","BG",2012,12481319
"EUR","TOTAL","50-249","R90","D111","BG",2012,10261804
"EUR","TOTAL","50-249","R90","D1111","BG",2012,8915199
"EUR","TOTAL","50-249","R91","D01","BG",2012,6563374
"EUR","TOTAL","50-249","R91","D111","BG",2012,5425265
"EUR","TOTAL","50-249","R91","D1111","BG",2012,4678447
"EUR","TOTAL","50-249","R92","D01","BG",2012,16528352
"EUR","TOTAL","50-249","R92","D111","BG",2012,13906680
"EUR","TOTAL","50-249","R92","D1111","BG",2012,12746734
"EUR","TOTAL","50-249","R93","D01","BG",2012,NA
"EUR","TOTAL","50-249","R93","D111","BG",2012,NA
"EUR","TOTAL","50-249","R93","D1111","BG",2012,NA
"EUR","TOTAL","50-249","S","D01","BG",2012,18642109
"EUR","TOTAL","50-249","S","D111","BG",2012,15676438
"EUR","TOTAL","50-249","S","D1111","BG",2012,13975199
"EUR","TOTAL","50-249","S94","D01","BG",2012,15776987
"EUR","TOTAL","50-249","S94","D111","BG",2012,13272023
"EUR","TOTAL","50-249","S94","D1111","BG",2012,11796412
"EUR","TOTAL","50-249","S95","D01","BG",2012,NA
"EUR","TOTAL","50-249","S95","D111","BG",2012,NA
"EUR","TOTAL","50-249","S95","D1111","BG",2012,NA
"EUR","TOTAL","50-249","S96","D01","BG",2012,2170921
"EUR","TOTAL","50-249","S96","D111","BG",2012,1820607
"EUR","TOTAL","50-249","S96","D1111","BG",2012,1644600
"EUR","TOTAL","500-999","B","D01","BG",2012,11823685
"EUR","TOTAL","500-999","B","D111","BG",2012,9102365
"EUR","TOTAL","500-999","B","D1111","BG",2012,8138761
"EUR","TOTAL","500-999","B-E","D01","BG",2012,456470744
"EUR","TOTAL","500-999","B-E","D111","BG",2012,374537701
"EUR","TOTAL","500-999","B-E","D1111","BG",2012,327965394
"EUR","TOTAL","500-999","B-F","D01","BG",2012,520563864
"EUR","TOTAL","500-999","B-F","D111","BG",2012,429075353
"EUR","TOTAL","500-999","B-F","D1111","BG",2012,377980115
"EUR","TOTAL","500-999","B-N","D01","BG",2012,888038970
"EUR","TOTAL","500-999","B-N","D111","BG",2012,740287430
"EUR","TOTAL","500-999","B-N","D1111","BG",2012,658197011
"EUR","TOTAL","500-999","B-S","D01","BG",2012,1158487908
"EUR","TOTAL","500-999","B-S","D111","BG",2012,963540692
"EUR","TOTAL","500-999","B-S","D1111","BG",2012,854236966
"EUR","TOTAL","500-999","B-S_X_O","D01","BG",2012,1081529519
"EUR","TOTAL","500-999","B-S_X_O","D111","BG",2012,902498663
"EUR","TOTAL","500-999","B-S_X_O","D1111","BG",2012,798805601
"EUR","TOTAL","500-999","B05","D01","BG",2012,NA
"EUR","TOTAL","500-999","B05","D111","BG",2012,NA
"EUR","TOTAL","500-999","B05","D1111","BG",2012,NA
"EUR","TOTAL","500-999","B06","D01","BG",2012,NA
"EUR","TOTAL","500-999","B06","D111","BG",2012,NA
"EUR","TOTAL","500-999","B06","D1111","BG",2012,NA
"EUR","TOTAL","500-999","B07","D01","BG",2012,NA
"EUR","TOTAL","500-999","B07","D111","BG",2012,NA
"EUR","TOTAL","500-999","B07","D1111","BG",2012,NA
"EUR","TOTAL","500-999","B08","D01","BG",2012,NA
"EUR","TOTAL","500-999","B08","D111","BG",2012,NA
"EUR","TOTAL","500-999","B08","D1111","BG",2012,NA
"EUR","TOTAL","500-999","B09","D01","BG",2012,NA
"EUR","TOTAL","500-999","B09","D111","BG",2012,NA
"EUR","TOTAL","500-999","B09","D1111","BG",2012,NA
"EUR","TOTAL","500-999","C","D01","BG",2012,387957694
"EUR","TOTAL","500-999","C","D111","BG",2012,318834332
"EUR","TOTAL","500-999","C","D1111","BG",2012,280510031
"EUR","TOTAL","500-999","C10","D01","BG",2012,33980676
"EUR","TOTAL","500-999","C10","D111","BG",2012,28979884
"EUR","TOTAL","500-999","C10","D1111","BG",2012,25961348
"EUR","TOTAL","500-999","C11","D01","BG",2012,28862686
"EUR","TOTAL","500-999","C11","D111","BG",2012,24206988
"EUR","TOTAL","500-999","C11","D1111","BG",2012,21234064
"EUR","TOTAL","500-999","C12","D01","BG",2012,NA
"EUR","TOTAL","500-999","C12","D111","BG",2012,NA
"EUR","TOTAL","500-999","C12","D1111","BG",2012,NA
"EUR","TOTAL","500-999","C13","D01","BG",2012,NA
"EUR","TOTAL","500-999","C13","D111","BG",2012,NA
"EUR","TOTAL","500-999","C13","D1111","BG",2012,NA
"EUR","TOTAL","500-999","C14","D01","BG",2012,31558639
"EUR","TOTAL","500-999","C14","D111","BG",2012,26532164
"EUR","TOTAL","500-999","C14","D1111","BG",2012,23525885
"EUR","TOTAL","500-999","C15","D01","BG",2012,NA
"EUR","TOTAL","500-999","C15","D111","BG",2012,NA
"EUR","TOTAL","500-999","C15","D1111","BG",2012,NA
"EUR","TOTAL","500-999","C16","D01","BG",2012,NA
"EUR","TOTAL","500-999","C16","D111","BG",2012,NA
"EUR","TOTAL","500-999","C16","D1111","BG",2012,NA
"EUR","TOTAL","500-999","C17","D01","BG",2012,NA
"EUR","TOTAL","500-999","C17","D111","BG",2012,NA
"EUR","TOTAL","500-999","C17","D1111","BG",2012,NA
"EUR","TOTAL","500-999","C18","D01","BG",2012,NA
"EUR","TOTAL","500-999","C18","D111","BG",2012,NA
"EUR","TOTAL","500-999","C18","D1111","BG",2012,NA
"EUR","TOTAL","500-999","C19","D01","BG",2012,NA
"EUR","TOTAL","500-999","C19","D111","BG",2012,NA
"EUR","TOTAL","500-999","C19","D1111","BG",2012,NA
"EUR","TOTAL","500-999","C20","D01","BG",2012,NA
"EUR","TOTAL","500-999","C20","D111","BG",2012,NA
"EUR","TOTAL","500-999","C20","D1111","BG",2012,NA
"EUR","TOTAL","500-999","C21","D01","BG",2012,NA
"EUR","TOTAL","500-999","C21","D111","BG",2012,NA
"EUR","TOTAL","500-999","C21","D1111","BG",2012,NA
"EUR","TOTAL","500-999","C22","D01","BG",2012,19417257
"EUR","TOTAL","500-999","C22","D111","BG",2012,16185351
"EUR","TOTAL","500-999","C22","D1111","BG",2012,14725887
"EUR","TOTAL","500-999","C23","D01","BG",2012,22471692
"EUR","TOTAL","500-999","C23","D111","BG",2012,18292794
"EUR","TOTAL","500-999","C23","D1111","BG",2012,15705647
"EUR","TOTAL","500-999","C24","D01","BG",2012,47288527
"EUR","TOTAL","500-999","C24","D111","BG",2012,37707386
"EUR","TOTAL","500-999","C24","D1111","BG",2012,33385587
"EUR","TOTAL","500-999","C25","D01","BG",2012,19439786
"EUR","TOTAL","500-999","C25","D111","BG",2012,16275936
"EUR","TOTAL","500-999","C25","D1111","BG",2012,14046667
"EUR","TOTAL","500-999","C26","D01","BG",2012,NA
"EUR","TOTAL","500-999","C26","D111","BG",2012,NA
"EUR","TOTAL","500-999","C26","D1111","BG",2012,NA
"EUR","TOTAL","500-999","C27","D01","BG",2012,29083581
"EUR","TOTAL","500-999","C27","D111","BG",2012,22875859
"EUR","TOTAL","500-999","C27","D1111","BG",2012,19911994
"EUR","TOTAL","500-999","C28","D01","BG",2012,29494510
"EUR","TOTAL","500-999","C28","D111","BG",2012,24690636
"EUR","TOTAL","500-999","C28","D1111","BG",2012,22139564
"EUR","TOTAL","500-999","C29","D01","BG",2012,9978447
"EUR","TOTAL","500-999","C29","D111","BG",2012,8373206
"EUR","TOTAL","500-999","C29","D1111","BG",2012,7196745
"EUR","TOTAL","500-999","C30","D01","BG",2012,9973382
"EUR","TOTAL","500-999","C30","D111","BG",2012,8304726
"EUR","TOTAL","500-999","C30","D1111","BG",2012,7634344
"EUR","TOTAL","500-999","C31","D01","BG",2012,NA
"EUR","TOTAL","500-999","C31","D111","BG",2012,NA
"EUR","TOTAL","500-999","C31","D1111","BG",2012,NA
"EUR","TOTAL","500-999","C32","D01","BG",2012,9094737
"EUR","TOTAL","500-999","C32","D111","BG",2012,7556773
"EUR","TOTAL","500-999","C32","D1111","BG",2012,6734038
"EUR","TOTAL","500-999","C33","D01","BG",2012,38495663
"EUR","TOTAL","500-999","C33","D111","BG",2012,31708219
"EUR","TOTAL","500-999","C33","D1111","BG",2012,27327113
"EUR","TOTAL","500-999","D","D01","BG",2012,13954775
"EUR","TOTAL","500-999","D","D111","BG",2012,10932007
"EUR","TOTAL","500-999","D","D1111","BG",2012,9732514
"EUR","TOTAL","500-999","D35","D01","BG",2012,13954775
"EUR","TOTAL","500-999","D35","D111","BG",2012,10932007
"EUR","TOTAL","500-999","D35","D1111","BG",2012,9732514
"EUR","TOTAL","500-999","E","D01","BG",2012,42734590
"EUR","TOTAL","500-999","E","D111","BG",2012,35668996
"EUR","TOTAL","500-999","E","D1111","BG",2012,29584088
"EUR","TOTAL","500-999","E36","D01","BG",2012,26849485
"EUR","TOTAL","500-999","E36","D111","BG",2012,22244395
"EUR","TOTAL","500-999","E36","D1111","BG",2012,17666768
"EUR","TOTAL","500-999","E37","D01","BG",2012,NA
"EUR","TOTAL","500-999","E37","D111","BG",2012,NA
"EUR","TOTAL","500-999","E37","D1111","BG",2012,NA
"EUR","TOTAL","500-999","E38","D01","BG",2012,15885106
"EUR","TOTAL","500-999","E38","D111","BG",2012,13424601
"EUR","TOTAL","500-999","E38","D1111","BG",2012,11917320
"EUR","TOTAL","500-999","E39","D01","BG",2012,NA
"EUR","TOTAL","500-999","E39","D111","BG",2012,NA
"EUR","TOTAL","500-999","E39","D1111","BG",2012,NA
"EUR","TOTAL","500-999","F","D01","BG",2012,NA
"EUR","TOTAL","500-999","F","D111","BG",2012,NA
"EUR","TOTAL","500-999","F","D1111","BG",2012,NA
"EUR","TOTAL","500-999","F41","D01","BG",2012,22534380
"EUR","TOTAL","500-999","F41","D111","BG",2012,19251142
"EUR","TOTAL","500-999","F41","D1111","BG",2012,17963004
"EUR","TOTAL","500-999","F42","D01","BG",2012,28516899
"EUR","TOTAL","500-999","F42","D111","BG",2012,23912661
"EUR","TOTAL","500-999","F42","D1111","BG",2012,21502300
"EUR","TOTAL","500-999","F43","D01","BG",2012,NA
"EUR","TOTAL","500-999","F43","D111","BG",2012,NA
"EUR","TOTAL","500-999","F43","D1111","BG",2012,NA
"EUR","TOTAL","500-999","G","D01","BG",2012,89475267
"EUR","TOTAL","500-999","G","D111","BG",2012,75953125
"EUR","TOTAL","500-999","G","D1111","BG",2012,69697934
"EUR","TOTAL","500-999","G-J","D01","BG",2012,203144490
"EUR","TOTAL","500-999","G-J","D111","BG",2012,172224368
"EUR","TOTAL","500-999","G-J","D1111","BG",2012,152175073
"EUR","TOTAL","500-999","G-N","D01","BG",2012,367475106
"EUR","TOTAL","500-999","G-N","D111","BG",2012,311212077
"EUR","TOTAL","500-999","G-N","D1111","BG",2012,280216896
"EUR","TOTAL","500-999","G-S_X_O","D01","BG",2012,560965655
"EUR","TOTAL","500-999","G-S_X_O","D111","BG",2012,473423311
"EUR","TOTAL","500-999","G-S_X_O","D1111","BG",2012,420825486
"EUR","TOTAL","500-999","G45","D01","BG",2012,9318166
"EUR","TOTAL","500-999","G45","D111","BG",2012,7844518
"EUR","TOTAL","500-999","G45","D1111","BG",2012,7249211
"EUR","TOTAL","500-999","G46","D01","BG",2012,NA
"EUR","TOTAL","500-999","G46","D111","BG",2012,NA
"EUR","TOTAL","500-999","G46","D1111","BG",2012,NA
"EUR","TOTAL","500-999","G47","D01","BG",2012,46815609
"EUR","TOTAL","500-999","G47","D111","BG",2012,39313388
"EUR","TOTAL","500-999","G47","D1111","BG",2012,36149904
"EUR","TOTAL","500-999","H","D01","BG",2012,60798388
"EUR","TOTAL","500-999","H","D111","BG",2012,50519624
"EUR","TOTAL","500-999","H","D1111","BG",2012,43662723
"EUR","TOTAL","500-999","H49","D01","BG",2012,28315147
"EUR","TOTAL","500-999","H49","D111","BG",2012,22920516
"EUR","TOTAL","500-999","H49","D1111","BG",2012,19011379
"EUR","TOTAL","500-999","H50","D01","BG",2012,NA
"EUR","TOTAL","500-999","H50","D111","BG",2012,NA
"EUR","TOTAL","500-999","H50","D1111","BG",2012,NA
"EUR","TOTAL","500-999","H51","D01","BG",2012,NA
"EUR","TOTAL","500-999","H51","D111","BG",2012,NA
"EUR","TOTAL","500-999","H51","D1111","BG",2012,NA
"EUR","TOTAL","500-999","H52","D01","BG",2012,NA
"EUR","TOTAL","500-999","H52","D111","BG",2012,NA
"EUR","TOTAL","500-999","H52","D1111","BG",2012,NA
"EUR","TOTAL","500-999","H53","D01","BG",2012,18375519
"EUR","TOTAL","500-999","H53","D111","BG",2012,15767891
"EUR","TOTAL","500-999","H53","D1111","BG",2012,14771198
"EUR","TOTAL","500-999","I","D01","BG",2012,NA
"EUR","TOTAL","500-999","I","D111","BG",2012,NA
"EUR","TOTAL","500-999","I","D1111","BG",2012,NA
"EUR","TOTAL","500-999","I55","D01","BG",2012,4132914
"EUR","TOTAL","500-999","I55","D111","BG",2012,3366648
"EUR","TOTAL","500-999","I55","D1111","BG",2012,3026358
"EUR","TOTAL","500-999","I56","D01","BG",2012,NA
"EUR","TOTAL","500-999","I56","D111","BG",2012,NA
"EUR","TOTAL","500-999","I56","D1111","BG",2012,NA
"EUR","TOTAL","500-999","J","D01","BG",2012,42862695
"EUR","TOTAL","500-999","J","D111","BG",2012,37445573
"EUR","TOTAL","500-999","J","D1111","BG",2012,31237363
"EUR","TOTAL","500-999","J58","D01","BG",2012,NA
"EUR","TOTAL","500-999","J58","D111","BG",2012,NA
"EUR","TOTAL","500-999","J58","D1111","BG",2012,NA
"EUR","TOTAL","500-999","J59","D01","BG",2012,NA
"EUR","TOTAL","500-999","J59","D111","BG",2012,NA
"EUR","TOTAL","500-999","J59","D1111","BG",2012,NA
"EUR","TOTAL","500-999","J60","D01","BG",2012,NA
"EUR","TOTAL","500-999","J60","D111","BG",2012,NA
"EUR","TOTAL","500-999","J60","D1111","BG",2012,NA
"EUR","TOTAL","500-999","J61","D01","BG",2012,NA
"EUR","TOTAL","500-999","J61","D111","BG",2012,NA
"EUR","TOTAL","500-999","J61","D1111","BG",2012,NA
"EUR","TOTAL","500-999","J62","D01","BG",2012,NA
"EUR","TOTAL","500-999","J62","D111","BG",2012,NA
"EUR","TOTAL","500-999","J62","D1111","BG",2012,NA
"EUR","TOTAL","500-999","J63","D01","BG",2012,NA
"EUR","TOTAL","500-999","J63","D111","BG",2012,NA
"EUR","TOTAL","500-999","J63","D1111","BG",2012,NA
"EUR","TOTAL","500-999","K","D01","BG",2012,87449111
"EUR","TOTAL","500-999","K","D111","BG",2012,73956657
"EUR","TOTAL","500-999","K","D1111","BG",2012,68181436
"EUR","TOTAL","500-999","K-N","D01","BG",2012,164330617
"EUR","TOTAL","500-999","K-N","D111","BG",2012,138987710
"EUR","TOTAL","500-999","K-N","D1111","BG",2012,128041823
"EUR","TOTAL","500-999","K64","D01","BG",2012,67992174
"EUR","TOTAL","500-999","K64","D111","BG",2012,57097070
"EUR","TOTAL","500-999","K64","D1111","BG",2012,52416808
"EUR","TOTAL","500-999","K65","D01","BG",2012,19456938
"EUR","TOTAL","500-999","K65","D111","BG",2012,16859587
"EUR","TOTAL","500-999","K65","D1111","BG",2012,15764627
"EUR","TOTAL","500-999","K66","D01","BG",2012,NA
"EUR","TOTAL","500-999","K66","D111","BG",2012,NA
"EUR","TOTAL","500-999","K66","D1111","BG",2012,NA
"EUR","TOTAL","500-999","L","D01","BG",2012,NA
"EUR","TOTAL","500-999","L","D111","BG",2012,NA
"EUR","TOTAL","500-999","L","D1111","BG",2012,NA
"EUR","TOTAL","500-999","L68","D01","BG",2012,NA
"EUR","TOTAL","500-999","L68","D111","BG",2012,NA
"EUR","TOTAL","500-999","L68","D1111","BG",2012,NA
"EUR","TOTAL","500-999","M","D01","BG",2012,13979830
"EUR","TOTAL","500-999","M","D111","BG",2012,11658068
"EUR","TOTAL","500-999","M","D1111","BG",2012,10278676
"EUR","TOTAL","500-999","M69","D01","BG",2012,NA
"EUR","TOTAL","500-999","M69","D111","BG",2012,NA
"EUR","TOTAL","500-999","M69","D1111","BG",2012,NA
"EUR","TOTAL","500-999","M70","D01","BG",2012,NA
"EUR","TOTAL","500-999","M70","D111","BG",2012,NA
"EUR","TOTAL","500-999","M70","D1111","BG",2012,NA
"EUR","TOTAL","500-999","M71","D01","BG",2012,NA
"EUR","TOTAL","500-999","M71","D111","BG",2012,NA
"EUR","TOTAL","500-999","M71","D1111","BG",2012,NA
"EUR","TOTAL","500-999","M72","D01","BG",2012,NA
"EUR","TOTAL","500-999","M72","D111","BG",2012,NA
"EUR","TOTAL","500-999","M72","D1111","BG",2012,NA
"EUR","TOTAL","500-999","M73","D01","BG",2012,NA
"EUR","TOTAL","500-999","M73","D111","BG",2012,NA
"EUR","TOTAL","500-999","M73","D1111","BG",2012,NA
"EUR","TOTAL","500-999","M74","D01","BG",2012,NA
"EUR","TOTAL","500-999","M74","D111","BG",2012,NA
"EUR","TOTAL","500-999","M74","D1111","BG",2012,NA
"EUR","TOTAL","500-999","M75","D01","BG",2012,NA
"EUR","TOTAL","500-999","M75","D111","BG",2012,NA
"EUR","TOTAL","500-999","M75","D1111","BG",2012,NA
"EUR","TOTAL","500-999","N","D01","BG",2012,62901675
"EUR","TOTAL","500-999","N","D111","BG",2012,53372985
"EUR","TOTAL","500-999","N","D1111","BG",2012,49581711
"EUR","TOTAL","500-999","N77","D01","BG",2012,NA
"EUR","TOTAL","500-999","N77","D111","BG",2012,NA
"EUR","TOTAL","500-999","N77","D1111","BG",2012,NA
"EUR","TOTAL","500-999","N78","D01","BG",2012,NA
"EUR","TOTAL","500-999","N78","D111","BG",2012,NA
"EUR","TOTAL","500-999","N78","D1111","BG",2012,NA
"EUR","TOTAL","500-999","N79","D01","BG",2012,NA
"EUR","TOTAL","500-999","N79","D111","BG",2012,NA
"EUR","TOTAL","500-999","N79","D1111","BG",2012,NA
"EUR","TOTAL","500-999","N80","D01","BG",2012,27735332
"EUR","TOTAL","500-999","N80","D111","BG",2012,23356271
"EUR","TOTAL","500-999","N80","D1111","BG",2012,21788236
"EUR","TOTAL","500-999","N81","D01","BG",2012,4986226
"EUR","TOTAL","500-999","N81","D111","BG",2012,4143844
"EUR","TOTAL","500-999","N81","D1111","BG",2012,3841616
"EUR","TOTAL","500-999","N82","D01","BG",2012,27167813
"EUR","TOTAL","500-999","N82","D111","BG",2012,23339814
"EUR","TOTAL","500-999","N82","D1111","BG",2012,21691124
"EUR","TOTAL","500-999","O","D01","BG",2012,76958389
"EUR","TOTAL","500-999","O","D111","BG",2012,61042028
"EUR","TOTAL","500-999","O","D1111","BG",2012,55431365
"EUR","TOTAL","500-999","O-S","D01","BG",2012,270448938
"EUR","TOTAL","500-999","O-S","D111","BG",2012,223253262
"EUR","TOTAL","500-999","O-S","D1111","BG",2012,196039956
"EUR","TOTAL","500-999","O84","D01","BG",2012,76958389
"EUR","TOTAL","500-999","O84","D111","BG",2012,61042028
"EUR","TOTAL","500-999","O84","D1111","BG",2012,55431365
"EUR","TOTAL","500-999","P","D01","BG",2012,79936382
"EUR","TOTAL","500-999","P","D111","BG",2012,66951384
"EUR","TOTAL","500-999","P","D1111","BG",2012,56451200
"EUR","TOTAL","500-999","P-S","D01","BG",2012,193490549
"EUR","TOTAL","500-999","P-S","D111","BG",2012,162211233
"EUR","TOTAL","500-999","P-S","D1111","BG",2012,140608590
"EUR","TOTAL","500-999","P85","D01","BG",2012,79936382
"EUR","TOTAL","500-999","P85","D111","BG",2012,66951384
"EUR","TOTAL","500-999","P85","D1111","BG",2012,56451200
"EUR","TOTAL","500-999","Q","D01","BG",2012,113554167
"EUR","TOTAL","500-999","Q","D111","BG",2012,95259850
"EUR","TOTAL","500-999","Q","D1111","BG",2012,84157390
"EUR","TOTAL","500-999","Q86","D01","BG",2012,109811666
"EUR","TOTAL","500-999","Q86","D111","BG",2012,92118165
"EUR","TOTAL","500-999","Q86","D1111","BG",2012,81337927
"EUR","TOTAL","500-999","Q87","D01","BG",2012,NA
"EUR","TOTAL","500-999","Q87","D111","BG",2012,NA
"EUR","TOTAL","500-999","Q87","D1111","BG",2012,NA
"EUR","TOTAL","500-999","Q88","D01","BG",2012,NA
"EUR","TOTAL","500-999","Q88","D111","BG",2012,NA
"EUR","TOTAL","500-999","Q88","D1111","BG",2012,NA
"EUR","TOTAL","500-999","R","D01","BG",2012,NA
"EUR","TOTAL","500-999","R","D111","BG",2012,NA
"EUR","TOTAL","500-999","R","D1111","BG",2012,NA
"EUR","TOTAL","500-999","R90","D01","BG",2012,NA
"EUR","TOTAL","500-999","R90","D111","BG",2012,NA
"EUR","TOTAL","500-999","R90","D1111","BG",2012,NA
"EUR","TOTAL","500-999","R91","D01","BG",2012,NA
"EUR","TOTAL","500-999","R91","D111","BG",2012,NA
"EUR","TOTAL","500-999","R91","D1111","BG",2012,NA
"EUR","TOTAL","500-999","R92","D01","BG",2012,NA
"EUR","TOTAL","500-999","R92","D111","BG",2012,NA
"EUR","TOTAL","500-999","R92","D1111","BG",2012,NA
"EUR","TOTAL","500-999","R93","D01","BG",2012,NA
"EUR","TOTAL","500-999","R93","D111","BG",2012,NA
"EUR","TOTAL","500-999","R93","D1111","BG",2012,NA
"EUR","TOTAL","500-999","S","D01","BG",2012,NA
"EUR","TOTAL","500-999","S","D111","BG",2012,NA
"EUR","TOTAL","500-999","S","D1111","BG",2012,NA
"EUR","TOTAL","500-999","S94","D01","BG",2012,NA
"EUR","TOTAL","500-999","S94","D111","BG",2012,NA
"EUR","TOTAL","500-999","S94","D1111","BG",2012,NA
"EUR","TOTAL","500-999","S95","D01","BG",2012,NA
"EUR","TOTAL","500-999","S95","D111","BG",2012,NA
"EUR","TOTAL","500-999","S95","D1111","BG",2012,NA
"EUR","TOTAL","500-999","S96","D01","BG",2012,NA
"EUR","TOTAL","500-999","S96","D111","BG",2012,NA
"EUR","TOTAL","500-999","S96","D1111","BG",2012,NA
"EUR","TOTAL","GE10","B","D01","BG",2012,256863492
"EUR","TOTAL","GE10","B","D111","BG",2012,195710178
"EUR","TOTAL","GE10","B","D1111","BG",2012,165377437
"EUR","TOTAL","GE10","B-E","D01","BG",2012,2991085968
"EUR","TOTAL","GE10","B-E","D111","BG",2012,2458819489
"EUR","TOTAL","GE10","B-E","D1111","BG",2012,2147670332
"EUR","TOTAL","GE10","B-F","D01","BG",2012,3527182189
"EUR","TOTAL","GE10","B-F","D111","BG",2012,2910900261
"EUR","TOTAL","GE10","B-F","D1111","BG",2012,2564821103
"EUR","TOTAL","GE10","B-N","D01","BG",2012,7761888652
"EUR","TOTAL","GE10","B-N","D111","BG",2012,6563928068
"EUR","TOTAL","GE10","B-N","D1111","BG",2012,5858927380
"EUR","TOTAL","GE10","B-S","D01","BG",2012,10270940123
"EUR","TOTAL","GE10","B-S","D111","BG",2012,8614544593
"EUR","TOTAL","GE10","B-S","D1111","BG",2012,7632363272
"EUR","TOTAL","GE10","B-S_X_O","D01","BG",2012,9480352789
"EUR","TOTAL","GE10","B-S_X_O","D111","BG",2012,7993647595
"EUR","TOTAL","GE10","B-S_X_O","D1111","BG",2012,7087709297
"EUR","TOTAL","GE10","B05","D01","BG",2012,149362166
"EUR","TOTAL","GE10","B05","D111","BG",2012,110083747
"EUR","TOTAL","GE10","B05","D1111","BG",2012,89645595
"EUR","TOTAL","GE10","B06","D01","BG",2012,NA
"EUR","TOTAL","GE10","B06","D111","BG",2012,NA
"EUR","TOTAL","GE10","B06","D1111","BG",2012,NA
"EUR","TOTAL","GE10","B07","D01","BG",2012,80844632
"EUR","TOTAL","GE10","B07","D111","BG",2012,63777532
"EUR","TOTAL","GE10","B07","D1111","BG",2012,56092885
"EUR","TOTAL","GE10","B08","D01","BG",2012,21850565
"EUR","TOTAL","GE10","B08","D111","BG",2012,17772784
"EUR","TOTAL","GE10","B08","D1111","BG",2012,15867229
"EUR","TOTAL","GE10","B09","D01","BG",2012,NA
"EUR","TOTAL","GE10","B09","D111","BG",2012,NA
"EUR","TOTAL","GE10","B09","D1111","BG",2012,NA
"EUR","TOTAL","GE10","C","D01","BG",2012,2137139382
"EUR","TOTAL","GE10","C","D111","BG",2012,1776949698
"EUR","TOTAL","GE10","C","D1111","BG",2012,1593781084
"EUR","TOTAL","GE10","C10","D01","BG",2012,279104798
"EUR","TOTAL","GE10","C10","D111","BG",2012,234584697
"EUR","TOTAL","GE10","C10","D1111","BG",2012,215056313
"EUR","TOTAL","GE10","C11","D01","BG",2012,79228694
"EUR","TOTAL","GE10","C11","D111","BG",2012,66743151
"EUR","TOTAL","GE10","C11","D1111","BG",2012,59218911
"EUR","TOTAL","GE10","C12","D01","BG",2012,39875693
"EUR","TOTAL","GE10","C12","D111","BG",2012,31914695
"EUR","TOTAL","GE10","C12","D1111","BG",2012,27152549
"EUR","TOTAL","GE10","C13","D01","BG",2012,41238610
"EUR","TOTAL","GE10","C13","D111","BG",2012,34266447
"EUR","TOTAL","GE10","C13","D1111","BG",2012,31077005
"EUR","TOTAL","GE10","C14","D01","BG",2012,288202539
"EUR","TOTAL","GE10","C14","D111","BG",2012,238591331
"EUR","TOTAL","GE10","C14","D1111","BG",2012,215645836
"EUR","TOTAL","GE10","C15","D01","BG",2012,42344925
"EUR","TOTAL","GE10","C15","D111","BG",2012,35480443
"EUR","TOTAL","GE10","C15","D1111","BG",2012,32131803
"EUR","TOTAL","GE10","C16","D01","BG",2012,38513196
"EUR","TOTAL","GE10","C16","D111","BG",2012,32264070
"EUR","TOTAL","GE10","C16","D1111","BG",2012,28990142
"EUR","TOTAL","GE10","C17","D01","BG",2012,36054747
"EUR","TOTAL","GE10","C17","D111","BG",2012,30013711
"EUR","TOTAL","GE10","C17","D1111","BG",2012,26598917
"EUR","TOTAL","GE10","C18","D01","BG",2012,34197764
"EUR","TOTAL","GE10","C18","D111","BG",2012,28838657
"EUR","TOTAL","GE10","C18","D1111","BG",2012,26273955
"EUR","TOTAL","GE10","C19","D01","BG",2012,41264530
"EUR","TOTAL","GE10","C19","D111","BG",2012,33085971
"EUR","TOTAL","GE10","C19","D1111","BG",2012,29503191
"EUR","TOTAL","GE10","C20","D01","BG",2012,80295202
"EUR","TOTAL","GE10","C20","D111","BG",2012,66660843
"EUR","TOTAL","GE10","C20","D1111","BG",2012,59973282
"EUR","TOTAL","GE10","C21","D01","BG",2012,51692714
"EUR","TOTAL","GE10","C21","D111","BG",2012,43109707
"EUR","TOTAL","GE10","C21","D1111","BG",2012,38244934
"EUR","TOTAL","GE10","C22","D01","BG",2012,82502402
"EUR","TOTAL","GE10","C22","D111","BG",2012,69313060
"EUR","TOTAL","GE10","C22","D1111","BG",2012,63353868
"EUR","TOTAL","GE10","C23","D01","BG",2012,105580483
"EUR","TOTAL","GE10","C23","D111","BG",2012,87213196
"EUR","TOTAL","GE10","C23","D1111","BG",2012,77465615
"EUR","TOTAL","GE10","C24","D01","BG",2012,93158409
"EUR","TOTAL","GE10","C24","D111","BG",2012,73781542
"EUR","TOTAL","GE10","C24","D1111","BG",2012,65189305
"EUR","TOTAL","GE10","C25","D01","BG",2012,202901645
"EUR","TOTAL","GE10","C25","D111","BG",2012,168856903
"EUR","TOTAL","GE10","C25","D1111","BG",2012,150139179
"EUR","TOTAL","GE10","C26","D01","BG",2012,50641040
"EUR","TOTAL","GE10","C26","D111","BG",2012,43292459
"EUR","TOTAL","GE10","C26","D1111","BG",2012,38559029
"EUR","TOTAL","GE10","C27","D01","BG",2012,115880924
"EUR","TOTAL","GE10","C27","D111","BG",2012,96424010
"EUR","TOTAL","GE10","C27","D1111","BG",2012,86536993
"EUR","TOTAL","GE10","C28","D01","BG",2012,173187441
"EUR","TOTAL","GE10","C28","D111","BG",2012,144404272
"EUR","TOTAL","GE10","C28","D1111","BG",2012,128330891
"EUR","TOTAL","GE10","C29","D01","BG",2012,62840490
"EUR","TOTAL","GE10","C29","D111","BG",2012,53055830
"EUR","TOTAL","GE10","C29","D1111","BG",2012,46054174
"EUR","TOTAL","GE10","C30","D01","BG",2012,25356763
"EUR","TOTAL","GE10","C30","D111","BG",2012,21173265
"EUR","TOTAL","GE10","C30","D1111","BG",2012,19348602
"EUR","TOTAL","GE10","C31","D01","BG",2012,53230739
"EUR","TOTAL","GE10","C31","D111","BG",2012,44508782
"EUR","TOTAL","GE10","C31","D1111","BG",2012,40705069
"EUR","TOTAL","GE10","C32","D01","BG",2012,28250994
"EUR","TOTAL","GE10","C32","D111","BG",2012,23814530
"EUR","TOTAL","GE10","C32","D1111","BG",2012,21485057
"EUR","TOTAL","GE10","C33","D01","BG",2012,91594639
"EUR","TOTAL","GE10","C33","D111","BG",2012,75558126
"EUR","TOTAL","GE10","C33","D1111","BG",2012,66746466
"EUR","TOTAL","GE10","D","D01","BG",2012,418207694
"EUR","TOTAL","GE10","D","D111","BG",2012,336882425
"EUR","TOTAL","GE10","D","D1111","BG",2012,260098426
"EUR","TOTAL","GE10","D35","D01","BG",2012,418207694
"EUR","TOTAL","GE10","D35","D111","BG",2012,336882425
"EUR","TOTAL","GE10","D35","D1111","BG",2012,260098426
"EUR","TOTAL","GE10","E","D01","BG",2012,178875400
"EUR","TOTAL","GE10","E","D111","BG",2012,149277187
"EUR","TOTAL","GE10","E","D1111","BG",2012,128413385
"EUR","TOTAL","GE10","E36","D01","BG",2012,98389598
"EUR","TOTAL","GE10","E36","D111","BG",2012,81471094
"EUR","TOTAL","GE10","E36","D1111","BG",2012,66875363
"EUR","TOTAL","GE10","E37","D01","BG",2012,2030278
"EUR","TOTAL","GE10","E37","D111","BG",2012,1695442
"EUR","TOTAL","GE10","E37","D1111","BG",2012,1546238
"EUR","TOTAL","GE10","E38","D01","BG",2012,74950660
"EUR","TOTAL","GE10","E38","D111","BG",2012,63152777
"EUR","TOTAL","GE10","E38","D1111","BG",2012,57401577
"EUR","TOTAL","GE10","E39","D01","BG",2012,3504864
"EUR","TOTAL","GE10","E39","D111","BG",2012,2957874
"EUR","TOTAL","GE10","E39","D1111","BG",2012,2590206
"EUR","TOTAL","GE10","F","D01","BG",2012,536096221
"EUR","TOTAL","GE10","F","D111","BG",2012,452080772
"EUR","TOTAL","GE10","F","D1111","BG",2012,417150771
"EUR","TOTAL","GE10","F41","D01","BG",2012,195513680
"EUR","TOTAL","GE10","F41","D111","BG",2012,165183547
"EUR","TOTAL","GE10","F41","D1111","BG",2012,153019286
"EUR","TOTAL","GE10","F42","D01","BG",2012,209897219
"EUR","TOTAL","GE10","F42","D111","BG",2012,176514914
"EUR","TOTAL","GE10","F42","D1111","BG",2012,161842260
"EUR","TOTAL","GE10","F43","D01","BG",2012,130685322
"EUR","TOTAL","GE10","F43","D111","BG",2012,110382311
"EUR","TOTAL","GE10","F43","D1111","BG",2012,102289225
"EUR","TOTAL","GE10","G","D01","BG",2012,1217082212
"EUR","TOTAL","GE10","G","D111","BG",2012,1038391399
"EUR","TOTAL","GE10","G","D1111","BG",2012,958747481
"EUR","TOTAL","GE10","G-J","D01","BG",2012,2917747917
"EUR","TOTAL","GE10","G-J","D111","BG",2012,2515106583
"EUR","TOTAL","GE10","G-J","D1111","BG",2012,2260530750
"EUR","TOTAL","GE10","G-N","D01","BG",2012,4234706463
"EUR","TOTAL","GE10","G-N","D111","BG",2012,3653027807
"EUR","TOTAL","GE10","G-N","D1111","BG",2012,3294106277
"EUR","TOTAL","GE10","G-S_X_O","D01","BG",2012,5953170600
"EUR","TOTAL","GE10","G-S_X_O","D111","BG",2012,5082747335
"EUR","TOTAL","GE10","G-S_X_O","D1111","BG",2012,4522888194
"EUR","TOTAL","GE10","G45","D01","BG",2012,117809645
"EUR","TOTAL","GE10","G45","D111","BG",2012,100443130
"EUR","TOTAL","GE10","G45","D1111","BG",2012,92259024
"EUR","TOTAL","GE10","G46","D01","BG",2012,628531565
"EUR","TOTAL","GE10","G46","D111","BG",2012,541521161
"EUR","TOTAL","GE10","G46","D1111","BG",2012,500802477
"EUR","TOTAL","GE10","G47","D01","BG",2012,470741003
"EUR","TOTAL","GE10","G47","D111","BG",2012,396427108
"EUR","TOTAL","GE10","G47","D1111","BG",2012,365685980
"EUR","TOTAL","GE10","H","D01","BG",2012,682485648
"EUR","TOTAL","GE10","H","D111","BG",2012,599616364
"EUR","TOTAL","GE10","H","D1111","BG",2012,496494483
"EUR","TOTAL","GE10","H49","D01","BG",2012,312289553
"EUR","TOTAL","GE10","H49","D111","BG",2012,251031639
"EUR","TOTAL","GE10","H49","D1111","BG",2012,210361970
"EUR","TOTAL","GE10","H50","D01","BG",2012,32107938
"EUR","TOTAL","GE10","H50","D111","BG",2012,29492595
"EUR","TOTAL","GE10","H50","D1111","BG",2012,24694581
"EUR","TOTAL","GE10","H51","D01","BG",2012,32294586
"EUR","TOTAL","GE10","H51","D111","BG",2012,26994396
"EUR","TOTAL","GE10","H51","D1111","BG",2012,23877412
"EUR","TOTAL","GE10","H52","D01","BG",2012,222696301
"EUR","TOTAL","GE10","H52","D111","BG",2012,223008201
"EUR","TOTAL","GE10","H52","D1111","BG",2012,178239741
"EUR","TOTAL","GE10","H53","D01","BG",2012,83097270
"EUR","TOTAL","GE10","H53","D111","BG",2012,69089533
"EUR","TOTAL","GE10","H53","D1111","BG",2012,59320779
"EUR","TOTAL","GE10","I","D01","BG",2012,280774964
"EUR","TOTAL","GE10","I","D111","BG",2012,234856204
"EUR","TOTAL","GE10","I","D1111","BG",2012,219206099
"EUR","TOTAL","GE10","I55","D01","BG",2012,144966569
"EUR","TOTAL","GE10","I55","D111","BG",2012,121545342
"EUR","TOTAL","GE10","I55","D1111","BG",2012,112906607
"EUR","TOTAL","GE10","I56","D01","BG",2012,135808395
"EUR","TOTAL","GE10","I56","D111","BG",2012,113310862
"EUR","TOTAL","GE10","I56","D1111","BG",2012,106299493
"EUR","TOTAL","GE10","J","D01","BG",2012,737405094
"EUR","TOTAL","GE10","J","D111","BG",2012,642242617
"EUR","TOTAL","GE10","J","D1111","BG",2012,586082686
"EUR","TOTAL","GE10","J58","D01","BG",2012,42052786
"EUR","TOTAL","GE10","J58","D111","BG",2012,36336369
"EUR","TOTAL","GE10","J58","D1111","BG",2012,32948351
"EUR","TOTAL","GE10","J59","D01","BG",2012,14711134
"EUR","TOTAL","GE10","J59","D111","BG",2012,13020082
"EUR","TOTAL","GE10","J59","D1111","BG",2012,12076617
"EUR","TOTAL","GE10","J60","D01","BG",2012,51038328
"EUR","TOTAL","GE10","J60","D111","BG",2012,44046394
"EUR","TOTAL","GE10","J60","D1111","BG",2012,39781758
"EUR","TOTAL","GE10","J61","D01","BG",2012,201572521
"EUR","TOTAL","GE10","J61","D111","BG",2012,172278658
"EUR","TOTAL","GE10","J61","D1111","BG",2012,156551816
"EUR","TOTAL","GE10","J62","D01","BG",2012,382196680
"EUR","TOTAL","GE10","J62","D111","BG",2012,336726039
"EUR","TOTAL","GE10","J62","D1111","BG",2012,308364352
"EUR","TOTAL","GE10","J63","D01","BG",2012,45833645
"EUR","TOTAL","GE10","J63","D111","BG",2012,39835075
"EUR","TOTAL","GE10","J63","D1111","BG",2012,36359793
"EUR","TOTAL","GE10","K","D01","BG",2012,545230235
"EUR","TOTAL","GE10","K","D111","BG",2012,467225146
"EUR","TOTAL","GE10","K","D1111","BG",2012,418656929
"EUR","TOTAL","GE10","K-N","D01","BG",2012,1316958546
"EUR","TOTAL","GE10","K-N","D111","BG",2012,1137921224
"EUR","TOTAL","GE10","K-N","D1111","BG",2012,1033575527
"EUR","TOTAL","GE10","K64","D01","BG",2012,444585167
"EUR","TOTAL","GE10","K64","D111","BG",2012,379549893
"EUR","TOTAL","GE10","K64","D1111","BG",2012,337642683
"EUR","TOTAL","GE10","K65","D01","BG",2012,67444756
"EUR","TOTAL","GE10","K65","D111","BG",2012,58785387
"EUR","TOTAL","GE10","K65","D1111","BG",2012,54180073
"EUR","TOTAL","GE10","K66","D01","BG",2012,33200312
"EUR","TOTAL","GE10","K66","D111","BG",2012,28889867
"EUR","TOTAL","GE10","K66","D1111","BG",2012,26834173
"EUR","TOTAL","GE10","L","D01","BG",2012,72709488
"EUR","TOTAL","GE10","L","D111","BG",2012,62175850
"EUR","TOTAL","GE10","L","D1111","BG",2012,56685627
"EUR","TOTAL","GE10","L68","D01","BG",2012,72709488
"EUR","TOTAL","GE10","L68","D111","BG",2012,62175850
"EUR","TOTAL","GE10","L68","D1111","BG",2012,56685627
"EUR","TOTAL","GE10","M","D01","BG",2012,347492666
"EUR","TOTAL","GE10","M","D111","BG",2012,301891577
"EUR","TOTAL","GE10","M","D1111","BG",2012,275564620
"EUR","TOTAL","GE10","M69","D01","BG",2012,46512875
"EUR","TOTAL","GE10","M69","D111","BG",2012,40818434
"EUR","TOTAL","GE10","M69","D1111","BG",2012,37424944
"EUR","TOTAL","GE10","M70","D01","BG",2012,63725708
"EUR","TOTAL","GE10","M70","D111","BG",2012,56178009
"EUR","TOTAL","GE10","M70","D1111","BG",2012,51304441
"EUR","TOTAL","GE10","M71","D01","BG",2012,76282549
"EUR","TOTAL","GE10","M71","D111","BG",2012,65781925
"EUR","TOTAL","GE10","M71","D1111","BG",2012,60420849
"EUR","TOTAL","GE10","M72","D01","BG",2012,58015342
"EUR","TOTAL","GE10","M72","D111","BG",2012,48941614
"EUR","TOTAL","GE10","M72","D1111","BG",2012,42967126
"EUR","TOTAL","GE10","M73","D01","BG",2012,51237333
"EUR","TOTAL","GE10","M73","D111","BG",2012,45032339
"EUR","TOTAL","GE10","M73","D1111","BG",2012,41949270
"EUR","TOTAL","GE10","M74","D01","BG",2012,51170938
"EUR","TOTAL","GE10","M74","D111","BG",2012,44672793
"EUR","TOTAL","GE10","M74","D1111","BG",2012,41066302
"EUR","TOTAL","GE10","M75","D01","BG",2012,547921
"EUR","TOTAL","GE10","M75","D111","BG",2012,466462
"EUR","TOTAL","GE10","M75","D1111","BG",2012,431687
"EUR","TOTAL","GE10","N","D01","BG",2012,351526157
"EUR","TOTAL","GE10","N","D111","BG",2012,306628651
"EUR","TOTAL","GE10","N","D1111","BG",2012,282668351
"EUR","TOTAL","GE10","N77","D01","BG",2012,8388034
"EUR","TOTAL","GE10","N77","D111","BG",2012,7123548
"EUR","TOTAL","GE10","N77","D1111","BG",2012,6606468
"EUR","TOTAL","GE10","N78","D01","BG",2012,47541501
"EUR","TOTAL","GE10","N78","D111","BG",2012,40096232
"EUR","TOTAL","GE10","N78","D1111","BG",2012,36804798
"EUR","TOTAL","GE10","N79","D01","BG",2012,13546959
"EUR","TOTAL","GE10","N79","D111","BG",2012,11555310
"EUR","TOTAL","GE10","N79","D1111","BG",2012,10859905
"EUR","TOTAL","GE10","N80","D01","BG",2012,155155044
"EUR","TOTAL","GE10","N80","D111","BG",2012,131130169
"EUR","TOTAL","GE10","N80","D1111","BG",2012,120951406
"EUR","TOTAL","GE10","N81","D01","BG",2012,71419893
"EUR","TOTAL","GE10","N81","D111","BG",2012,69261409
"EUR","TOTAL","GE10","N81","D1111","BG",2012,63652411
"EUR","TOTAL","GE10","N82","D01","BG",2012,55474726
"EUR","TOTAL","GE10","N82","D111","BG",2012,47461983
"EUR","TOTAL","GE10","N82","D1111","BG",2012,43793363
"EUR","TOTAL","GE10","O","D01","BG",2012,790587335
"EUR","TOTAL","GE10","O","D111","BG",2012,620896998
"EUR","TOTAL","GE10","O","D1111","BG",2012,544653975
"EUR","TOTAL","GE10","O-S","D01","BG",2012,2509051471
"EUR","TOTAL","GE10","O-S","D111","BG",2012,2050616525
"EUR","TOTAL","GE10","O-S","D1111","BG",2012,1773435892
"EUR","TOTAL","GE10","O84","D01","BG",2012,790587335
"EUR","TOTAL","GE10","O84","D111","BG",2012,620896998
"EUR","TOTAL","GE10","O84","D1111","BG",2012,544653975
"EUR","TOTAL","GE10","P","D01","BG",2012,860329839
"EUR","TOTAL","GE10","P","D111","BG",2012,704542095
"EUR","TOTAL","GE10","P","D1111","BG",2012,581534755
"EUR","TOTAL","GE10","P-S","D01","BG",2012,1718464136
"EUR","TOTAL","GE10","P-S","D111","BG",2012,1429719528
"EUR","TOTAL","GE10","P-S","D1111","BG",2012,1228781917
"EUR","TOTAL","GE10","P85","D01","BG",2012,860329839
"EUR","TOTAL","GE10","P85","D111","BG",2012,704542095
"EUR","TOTAL","GE10","P85","D1111","BG",2012,581534755
"EUR","TOTAL","GE10","Q","D01","BG",2012,673930411
"EUR","TOTAL","GE10","Q","D111","BG",2012,567052891
"EUR","TOTAL","GE10","Q","D1111","BG",2012,503477767
"EUR","TOTAL","GE10","Q86","D01","BG",2012,583958112
"EUR","TOTAL","GE10","Q86","D111","BG",2012,492143385
"EUR","TOTAL","GE10","Q86","D1111","BG",2012,438303795
"EUR","TOTAL","GE10","Q87","D01","BG",2012,43330078
"EUR","TOTAL","GE10","Q87","D111","BG",2012,35851507
"EUR","TOTAL","GE10","Q87","D1111","BG",2012,31090435
"EUR","TOTAL","GE10","Q88","D01","BG",2012,46642221
"EUR","TOTAL","GE10","Q88","D111","BG",2012,39057999
"EUR","TOTAL","GE10","Q88","D1111","BG",2012,34083538
"EUR","TOTAL","GE10","R","D01","BG",2012,123280601
"EUR","TOTAL","GE10","R","D111","BG",2012,105511241
"EUR","TOTAL","GE10","R","D1111","BG",2012,96070029
"EUR","TOTAL","GE10","R90","D01","BG",2012,25112139
"EUR","TOTAL","GE10","R90","D111","BG",2012,20728200
"EUR","TOTAL","GE10","R90","D1111","BG",2012,18083532
"EUR","TOTAL","GE10","R91","D01","BG",2012,15436129
"EUR","TOTAL","GE10","R91","D111","BG",2012,12757112
"EUR","TOTAL","GE10","R91","D1111","BG",2012,11036294
"EUR","TOTAL","GE10","R92","D01","BG",2012,35171064
"EUR","TOTAL","GE10","R92","D111","BG",2012,29440641
"EUR","TOTAL","GE10","R92","D1111","BG",2012,27050282
"EUR","TOTAL","GE10","R93","D01","BG",2012,47561269
"EUR","TOTAL","GE10","R93","D111","BG",2012,42585289
"EUR","TOTAL","GE10","R93","D1111","BG",2012,39899922
"EUR","TOTAL","GE10","S","D01","BG",2012,60923285
"EUR","TOTAL","GE10","S","D111","BG",2012,52613300
"EUR","TOTAL","GE10","S","D1111","BG",2012,47699365
"EUR","TOTAL","GE10","S94","D01","BG",2012,45230036
"EUR","TOTAL","GE10","S94","D111","BG",2012,39498386
"EUR","TOTAL","GE10","S94","D1111","BG",2012,35687911
"EUR","TOTAL","GE10","S95","D01","BG",2012,3346417
"EUR","TOTAL","GE10","S95","D111","BG",2012,2824179
"EUR","TOTAL","GE10","S95","D1111","BG",2012,2582260
"EUR","TOTAL","GE10","S96","D01","BG",2012,12346832
"EUR","TOTAL","GE10","S96","D111","BG",2012,10290735
"EUR","TOTAL","GE10","S96","D1111","BG",2012,9429194
"EUR","TOTAL","GE1000","B","D01","BG",2012,198753453
"EUR","TOTAL","GE1000","B","D111","BG",2012,150002483
"EUR","TOTAL","GE1000","B","D1111","BG",2012,124466208
"EUR","TOTAL","GE1000","B-E","D01","BG",2012,876963769
"EUR","TOTAL","GE1000","B-E","D111","BG",2012,698190119
"EUR","TOTAL","GE1000","B-E","D1111","BG",2012,568948530
"EUR","TOTAL","GE1000","B-F","D01","BG",2012,878226795
"EUR","TOTAL","GE1000","B-F","D111","BG",2012,699072904
"EUR","TOTAL","GE1000","B-F","D1111","BG",2012,569583721
"EUR","TOTAL","GE1000","B-N","D01","BG",2012,1929115597
"EUR","TOTAL","GE1000","B-N","D111","BG",2012,1621184592
"EUR","TOTAL","GE1000","B-N","D1111","BG",2012,1355371876
"EUR","TOTAL","GE1000","B-S","D01","BG",2012,2246815989
"EUR","TOTAL","GE1000","B-S","D111","BG",2012,1878092028
"EUR","TOTAL","GE1000","B-S","D1111","BG",2012,1582536028
"EUR","TOTAL","GE1000","B-S_X_O","D01","BG",2012,2112189814
"EUR","TOTAL","GE1000","B-S_X_O","D111","BG",2012,1775042919
"EUR","TOTAL","GE1000","B-S_X_O","D1111","BG",2012,1490197618
"EUR","TOTAL","GE1000","B05","D01","BG",2012,135320811
"EUR","TOTAL","GE1000","B05","D111","BG",2012,99389701
"EUR","TOTAL","GE1000","B05","D1111","BG",2012,80122502
"EUR","TOTAL","GE1000","B06","D01","BG",2012,NA
"EUR","TOTAL","GE1000","B06","D111","BG",2012,NA
"EUR","TOTAL","GE1000","B06","D1111","BG",2012,NA
"EUR","TOTAL","GE1000","B07","D01","BG",2012,63432642
"EUR","TOTAL","GE1000","B07","D111","BG",2012,50612781
"EUR","TOTAL","GE1000","B07","D1111","BG",2012,44343705
"EUR","TOTAL","GE1000","B08","D01","BG",2012,NA
"EUR","TOTAL","GE1000","B08","D111","BG",2012,NA
"EUR","TOTAL","GE1000","B08","D1111","BG",2012,NA
"EUR","TOTAL","GE1000","B09","D01","BG",2012,NA
"EUR","TOTAL","GE1000","B09","D111","BG",2012,NA
"EUR","TOTAL","GE1000","B09","D1111","BG",2012,NA
"EUR","TOTAL","GE1000","C","D01","BG",2012,314998974
"EUR","TOTAL","GE1000","C","D111","BG",2012,256794086
"EUR","TOTAL","GE1000","C","D1111","BG",2012,224038034
"EUR","TOTAL","GE1000","C10","D01","BG",2012,NA
"EUR","TOTAL","GE1000","C10","D111","BG",2012,NA
"EUR","TOTAL","GE1000","C10","D1111","BG",2012,NA
"EUR","TOTAL","GE1000","C11","D01","BG",2012,NA
"EUR","TOTAL","GE1000","C11","D111","BG",2012,NA
"EUR","TOTAL","GE1000","C11","D1111","BG",2012,NA
"EUR","TOTAL","GE1000","C12","D01","BG",2012,NA
"EUR","TOTAL","GE1000","C12","D111","BG",2012,NA
"EUR","TOTAL","GE1000","C12","D1111","BG",2012,NA
"EUR","TOTAL","GE1000","C13","D01","BG",2012,14776430
"EUR","TOTAL","GE1000","C13","D111","BG",2012,12428085
"EUR","TOTAL","GE1000","C13","D1111","BG",2012,11374098
"EUR","TOTAL","GE1000","C14","D01","BG",2012,30492164
"EUR","TOTAL","GE1000","C14","D111","BG",2012,23026051
"EUR","TOTAL","GE1000","C14","D1111","BG",2012,20659699
"EUR","TOTAL","GE1000","C15","D01","BG",2012,NA
"EUR","TOTAL","GE1000","C15","D111","BG",2012,NA
"EUR","TOTAL","GE1000","C15","D1111","BG",2012,NA
"EUR","TOTAL","GE1000","C16","D01","BG",2012,NA
"EUR","TOTAL","GE1000","C16","D111","BG",2012,NA
"EUR","TOTAL","GE1000","C16","D1111","BG",2012,NA
"EUR","TOTAL","GE1000","C17","D01","BG",2012,NA
"EUR","TOTAL","GE1000","C17","D111","BG",2012,NA
"EUR","TOTAL","GE1000","C17","D1111","BG",2012,NA
"EUR","TOTAL","GE1000","C18","D01","BG",2012,NA
"EUR","TOTAL","GE1000","C18","D111","BG",2012,NA
"EUR","TOTAL","GE1000","C18","D1111","BG",2012,NA
"EUR","TOTAL","GE1000","C19","D01","BG",2012,NA
"EUR","TOTAL","GE1000","C19","D111","BG",2012,NA
"EUR","TOTAL","GE1000","C19","D1111","BG",2012,NA
"EUR","TOTAL","GE1000","C20","D01","BG",2012,NA
"EUR","TOTAL","GE1000","C20","D111","BG",2012,NA
"EUR","TOTAL","GE1000","C20","D1111","BG",2012,NA
"EUR","TOTAL","GE1000","C21","D01","BG",2012,22461195
"EUR","TOTAL","GE1000","C21","D111","BG",2012,18545222
"EUR","TOTAL","GE1000","C21","D1111","BG",2012,16016496
"EUR","TOTAL","GE1000","C22","D01","BG",2012,NA
"EUR","TOTAL","GE1000","C22","D111","BG",2012,NA
"EUR","TOTAL","GE1000","C22","D1111","BG",2012,NA
"EUR","TOTAL","GE1000","C23","D01","BG",2012,NA
"EUR","TOTAL","GE1000","C23","D111","BG",2012,NA
"EUR","TOTAL","GE1000","C23","D1111","BG",2012,NA
"EUR","TOTAL","GE1000","C24","D01","BG",2012,NA
"EUR","TOTAL","GE1000","C24","D111","BG",2012,NA
"EUR","TOTAL","GE1000","C24","D1111","BG",2012,NA
"EUR","TOTAL","GE1000","C25","D01","BG",2012,42168512
"EUR","TOTAL","GE1000","C25","D111","BG",2012,34295821
"EUR","TOTAL","GE1000","C25","D1111","BG",2012,29216606
"EUR","TOTAL","GE1000","C26","D01","BG",2012,NA
"EUR","TOTAL","GE1000","C26","D111","BG",2012,NA
"EUR","TOTAL","GE1000","C26","D1111","BG",2012,NA
"EUR","TOTAL","GE1000","C27","D01","BG",2012,NA
"EUR","TOTAL","GE1000","C27","D111","BG",2012,NA
"EUR","TOTAL","GE1000","C27","D1111","BG",2012,NA
"EUR","TOTAL","GE1000","C28","D01","BG",2012,47919462
"EUR","TOTAL","GE1000","C28","D111","BG",2012,39605391
"EUR","TOTAL","GE1000","C28","D1111","BG",2012,33445031
"EUR","TOTAL","GE1000","C29","D01","BG",2012,39189270
"EUR","TOTAL","GE1000","C29","D111","BG",2012,33210687
"EUR","TOTAL","GE1000","C29","D1111","BG",2012,28463935
"EUR","TOTAL","GE1000","C30","D01","BG",2012,NA
"EUR","TOTAL","GE1000","C30","D111","BG",2012,NA
"EUR","TOTAL","GE1000","C30","D1111","BG",2012,NA
"EUR","TOTAL","GE1000","C31","D01","BG",2012,NA
"EUR","TOTAL","GE1000","C31","D111","BG",2012,NA
"EUR","TOTAL","GE1000","C31","D1111","BG",2012,NA
"EUR","TOTAL","GE1000","C32","D01","BG",2012,NA
"EUR","TOTAL","GE1000","C32","D111","BG",2012,NA
"EUR","TOTAL","GE1000","C32","D1111","BG",2012,NA
"EUR","TOTAL","GE1000","C33","D01","BG",2012,NA
"EUR","TOTAL","GE1000","C33","D111","BG",2012,NA
"EUR","TOTAL","GE1000","C33","D1111","BG",2012,NA
"EUR","TOTAL","GE1000","D","D01","BG",2012,327485548
"EUR","TOTAL","GE1000","D","D111","BG",2012,261883335
"EUR","TOTAL","GE1000","D","D1111","BG",2012,195634798
"EUR","TOTAL","GE1000","D35","D01","BG",2012,327485548
"EUR","TOTAL","GE1000","D35","D111","BG",2012,261883335
"EUR","TOTAL","GE1000","D35","D1111","BG",2012,195634798
"EUR","TOTAL","GE1000","E","D01","BG",2012,35725795
"EUR","TOTAL","GE1000","E","D111","BG",2012,29510214
"EUR","TOTAL","GE1000","E","D1111","BG",2012,24809491
"EUR","TOTAL","GE1000","E36","D01","BG",2012,35725795
"EUR","TOTAL","GE1000","E36","D111","BG",2012,29510214
"EUR","TOTAL","GE1000","E36","D1111","BG",2012,24809491
"EUR","TOTAL","GE1000","E37","D01","BG",2012,NA
"EUR","TOTAL","GE1000","E37","D111","BG",2012,NA
"EUR","TOTAL","GE1000","E37","D1111","BG",2012,NA
"EUR","TOTAL","GE1000","E38","D01","BG",2012,NA
"EUR","TOTAL","GE1000","E38","D111","BG",2012,NA
"EUR","TOTAL","GE1000","E38","D1111","BG",2012,NA
"EUR","TOTAL","GE1000","E39","D01","BG",2012,NA
"EUR","TOTAL","GE1000","E39","D111","BG",2012,NA
"EUR","TOTAL","GE1000","E39","D1111","BG",2012,NA
"EUR","TOTAL","GE1000","F","D01","BG",2012,NA
"EUR","TOTAL","GE1000","F","D111","BG",2012,NA
"EUR","TOTAL","GE1000","F","D1111","BG",2012,NA
"EUR","TOTAL","GE1000","F41","D01","BG",2012,NA
"EUR","TOTAL","GE1000","F41","D111","BG",2012,NA
"EUR","TOTAL","GE1000","F41","D1111","BG",2012,NA
"EUR","TOTAL","GE1000","F42","D01","BG",2012,NA
"EUR","TOTAL","GE1000","F42","D111","BG",2012,NA
"EUR","TOTAL","GE1000","F42","D1111","BG",2012,NA
"EUR","TOTAL","GE1000","F43","D01","BG",2012,NA
"EUR","TOTAL","GE1000","F43","D111","BG",2012,NA
"EUR","TOTAL","GE1000","F43","D1111","BG",2012,NA
"EUR","TOTAL","GE1000","G","D01","BG",2012,124940336
"EUR","TOTAL","GE1000","G","D111","BG",2012,106427661
"EUR","TOTAL","GE1000","G","D1111","BG",2012,96663983
"EUR","TOTAL","GE1000","G-J","D01","BG",2012,716461488
"EUR","TOTAL","GE1000","G-J","D111","BG",2012,638134477
"EUR","TOTAL","GE1000","G-J","D1111","BG",2012,534793169
"EUR","TOTAL","GE1000","G-N","D01","BG",2012,1050888802
"EUR","TOTAL","GE1000","G-N","D111","BG",2012,922111689
"EUR","TOTAL","GE1000","G-N","D1111","BG",2012,785788156
"EUR","TOTAL","GE1000","G-S_X_O","D01","BG",2012,1233963019
"EUR","TOTAL","GE1000","G-S_X_O","D111","BG",2012,1075970015
"EUR","TOTAL","GE1000","G-S_X_O","D1111","BG",2012,920613897
"EUR","TOTAL","GE1000","G45","D01","BG",2012,NA
"EUR","TOTAL","GE1000","G45","D111","BG",2012,NA
"EUR","TOTAL","GE1000","G45","D1111","BG",2012,NA
"EUR","TOTAL","GE1000","G46","D01","BG",2012,NA
"EUR","TOTAL","GE1000","G46","D111","BG",2012,NA
"EUR","TOTAL","GE1000","G46","D1111","BG",2012,NA
"EUR","TOTAL","GE1000","G47","D01","BG",2012,82870843
"EUR","TOTAL","GE1000","G47","D111","BG",2012,70349945
"EUR","TOTAL","GE1000","G47","D1111","BG",2012,63282867
"EUR","TOTAL","GE1000","H","D01","BG",2012,351496931
"EUR","TOTAL","GE1000","H","D111","BG",2012,327201518
"EUR","TOTAL","GE1000","H","D1111","BG",2012,251606506
"EUR","TOTAL","GE1000","H49","D01","BG",2012,130748246
"EUR","TOTAL","GE1000","H49","D111","BG",2012,105044040
"EUR","TOTAL","GE1000","H49","D1111","BG",2012,78570536
"EUR","TOTAL","GE1000","H50","D01","BG",2012,NA
"EUR","TOTAL","GE1000","H50","D111","BG",2012,NA
"EUR","TOTAL","GE1000","H50","D1111","BG",2012,NA
"EUR","TOTAL","GE1000","H51","D01","BG",2012,NA
"EUR","TOTAL","GE1000","H51","D111","BG",2012,NA
"EUR","TOTAL","GE1000","H51","D1111","BG",2012,NA
"EUR","TOTAL","GE1000","H52","D01","BG",2012,150431787
"EUR","TOTAL","GE1000","H52","D111","BG",2012,161117062
"EUR","TOTAL","GE1000","H52","D1111","BG",2012,123275665
"EUR","TOTAL","GE1000","H53","D01","BG",2012,43699995
"EUR","TOTAL","GE1000","H53","D111","BG",2012,35619749
"EUR","TOTAL","GE1000","H53","D1111","BG",2012,28689782
"EUR","TOTAL","GE1000","I","D01","BG",2012,NA
"EUR","TOTAL","GE1000","I","D111","BG",2012,NA
"EUR","TOTAL","GE1000","I","D1111","BG",2012,NA
"EUR","TOTAL","GE1000","I55","D01","BG",2012,NA
"EUR","TOTAL","GE1000","I55","D111","BG",2012,NA
"EUR","TOTAL","GE1000","I55","D1111","BG",2012,NA
"EUR","TOTAL","GE1000","I56","D01","BG",2012,NA
"EUR","TOTAL","GE1000","I56","D111","BG",2012,NA
"EUR","TOTAL","GE1000","I56","D1111","BG",2012,NA
"EUR","TOTAL","GE1000","J","D01","BG",2012,227454197
"EUR","TOTAL","GE1000","J","D111","BG",2012,194010003
"EUR","TOTAL","GE1000","J","D1111","BG",2012,176813513
"EUR","TOTAL","GE1000","J58","D01","BG",2012,NA
"EUR","TOTAL","GE1000","J58","D111","BG",2012,NA
"EUR","TOTAL","GE1000","J58","D1111","BG",2012,NA
"EUR","TOTAL","GE1000","J59","D01","BG",2012,NA
"EUR","TOTAL","GE1000","J59","D111","BG",2012,NA
"EUR","TOTAL","GE1000","J59","D1111","BG",2012,NA
"EUR","TOTAL","GE1000","J60","D01","BG",2012,18548589
"EUR","TOTAL","GE1000","J60","D111","BG",2012,15841851
"EUR","TOTAL","GE1000","J60","D1111","BG",2012,13980745
"EUR","TOTAL","GE1000","J61","D01","BG",2012,143795822
"EUR","TOTAL","GE1000","J61","D111","BG",2012,123229714
"EUR","TOTAL","GE1000","J61","D1111","BG",2012,111515211
"EUR","TOTAL","GE1000","J62","D01","BG",2012,NA
"EUR","TOTAL","GE1000","J62","D111","BG",2012,NA
"EUR","TOTAL","GE1000","J62","D1111","BG",2012,NA
"EUR","TOTAL","GE1000","J63","D01","BG",2012,NA
"EUR","TOTAL","GE1000","J63","D111","BG",2012,NA
"EUR","TOTAL","GE1000","J63","D1111","BG",2012,NA
"EUR","TOTAL","GE1000","K","D01","BG",2012,267179907
"EUR","TOTAL","GE1000","K","D111","BG",2012,227311257
"EUR","TOTAL","GE1000","K","D1111","BG",2012,200142214
"EUR","TOTAL","GE1000","K-N","D01","BG",2012,334427314
"EUR","TOTAL","GE1000","K-N","D111","BG",2012,283977212
"EUR","TOTAL","GE1000","K-N","D1111","BG",2012,250994987
"EUR","TOTAL","GE1000","K64","D01","BG",2012,267179907
"EUR","TOTAL","GE1000","K64","D111","BG",2012,227311257
"EUR","TOTAL","GE1000","K64","D1111","BG",2012,200142214
"EUR","TOTAL","GE1000","K65","D01","BG",2012,NA
"EUR","TOTAL","GE1000","K65","D111","BG",2012,NA
"EUR","TOTAL","GE1000","K65","D1111","BG",2012,NA
"EUR","TOTAL","GE1000","K66","D01","BG",2012,NA
"EUR","TOTAL","GE1000","K66","D111","BG",2012,NA
"EUR","TOTAL","GE1000","K66","D1111","BG",2012,NA
"EUR","TOTAL","GE1000","L","D01","BG",2012,NA
"EUR","TOTAL","GE1000","L","D111","BG",2012,NA
"EUR","TOTAL","GE1000","L","D1111","BG",2012,NA
"EUR","TOTAL","GE1000","L68","D01","BG",2012,NA
"EUR","TOTAL","GE1000","L68","D111","BG",2012,NA
"EUR","TOTAL","GE1000","L68","D1111","BG",2012,NA
"EUR","TOTAL","GE1000","M","D01","BG",2012,1487794
"EUR","TOTAL","GE1000","M","D111","BG",2012,1115529
"EUR","TOTAL","GE1000","M","D1111","BG",2012,936623
"EUR","TOTAL","GE1000","M69","D01","BG",2012,NA
"EUR","TOTAL","GE1000","M69","D111","BG",2012,NA
"EUR","TOTAL","GE1000","M69","D1111","BG",2012,NA
"EUR","TOTAL","GE1000","M70","D01","BG",2012,NA
"EUR","TOTAL","GE1000","M70","D111","BG",2012,NA
"EUR","TOTAL","GE1000","M70","D1111","BG",2012,NA
"EUR","TOTAL","GE1000","M71","D01","BG",2012,NA
"EUR","TOTAL","GE1000","M71","D111","BG",2012,NA
"EUR","TOTAL","GE1000","M71","D1111","BG",2012,NA
"EUR","TOTAL","GE1000","M72","D01","BG",2012,NA
"EUR","TOTAL","GE1000","M72","D111","BG",2012,NA
"EUR","TOTAL","GE1000","M72","D1111","BG",2012,NA
"EUR","TOTAL","GE1000","M73","D01","BG",2012,NA
"EUR","TOTAL","GE1000","M73","D111","BG",2012,NA
"EUR","TOTAL","GE1000","M73","D1111","BG",2012,NA
"EUR","TOTAL","GE1000","M74","D01","BG",2012,NA
"EUR","TOTAL","GE1000","M74","D111","BG",2012,NA
"EUR","TOTAL","GE1000","M74","D1111","BG",2012,NA
"EUR","TOTAL","GE1000","M75","D01","BG",2012,NA
"EUR","TOTAL","GE1000","M75","D111","BG",2012,NA
"EUR","TOTAL","GE1000","M75","D1111","BG",2012,NA
"EUR","TOTAL","GE1000","N","D01","BG",2012,65759612
"EUR","TOTAL","GE1000","N","D111","BG",2012,55550426
"EUR","TOTAL","GE1000","N","D1111","BG",2012,49916150
"EUR","TOTAL","GE1000","N77","D01","BG",2012,NA
"EUR","TOTAL","GE1000","N77","D111","BG",2012,NA
"EUR","TOTAL","GE1000","N77","D1111","BG",2012,NA
"EUR","TOTAL","GE1000","N78","D01","BG",2012,NA
"EUR","TOTAL","GE1000","N78","D111","BG",2012,NA
"EUR","TOTAL","GE1000","N78","D1111","BG",2012,NA
"EUR","TOTAL","GE1000","N79","D01","BG",2012,NA
"EUR","TOTAL","GE1000","N79","D111","BG",2012,NA
"EUR","TOTAL","GE1000","N79","D1111","BG",2012,NA
"EUR","TOTAL","GE1000","N80","D01","BG",2012,44597678
"EUR","TOTAL","GE1000","N80","D111","BG",2012,37658217
"EUR","TOTAL","GE1000","N80","D1111","BG",2012,33724867
"EUR","TOTAL","GE1000","N81","D01","BG",2012,NA
"EUR","TOTAL","GE1000","N81","D111","BG",2012,NA
"EUR","TOTAL","GE1000","N81","D1111","BG",2012,NA
"EUR","TOTAL","GE1000","N82","D01","BG",2012,NA
"EUR","TOTAL","GE1000","N82","D111","BG",2012,NA
"EUR","TOTAL","GE1000","N82","D1111","BG",2012,NA
"EUR","TOTAL","GE1000","O","D01","BG",2012,134626175
"EUR","TOTAL","GE1000","O","D111","BG",2012,103049109
"EUR","TOTAL","GE1000","O","D1111","BG",2012,92338410
"EUR","TOTAL","GE1000","O-S","D01","BG",2012,317700392
"EUR","TOTAL","GE1000","O-S","D111","BG",2012,256907435
"EUR","TOTAL","GE1000","O-S","D1111","BG",2012,227164151
"EUR","TOTAL","GE1000","O84","D01","BG",2012,134626175
"EUR","TOTAL","GE1000","O84","D111","BG",2012,103049109
"EUR","TOTAL","GE1000","O84","D1111","BG",2012,92338410
"EUR","TOTAL","GE1000","P","D01","BG",2012,47548035
"EUR","TOTAL","GE1000","P","D111","BG",2012,40227991
"EUR","TOTAL","GE1000","P","D1111","BG",2012,34837944
"EUR","TOTAL","GE1000","P-S","D01","BG",2012,183074217
"EUR","TOTAL","GE1000","P-S","D111","BG",2012,153858327
"EUR","TOTAL","GE1000","P-S","D1111","BG",2012,134825741
"EUR","TOTAL","GE1000","P85","D01","BG",2012,47548035
"EUR","TOTAL","GE1000","P85","D111","BG",2012,40227991
"EUR","TOTAL","GE1000","P85","D1111","BG",2012,34837944
"EUR","TOTAL","GE1000","Q","D01","BG",2012,127060055
"EUR","TOTAL","GE1000","Q","D111","BG",2012,106624959
"EUR","TOTAL","GE1000","Q","D1111","BG",2012,93688030
"EUR","TOTAL","GE1000","Q86","D01","BG",2012,127060055
"EUR","TOTAL","GE1000","Q86","D111","BG",2012,106624959
"EUR","TOTAL","GE1000","Q86","D1111","BG",2012,93688030
"EUR","TOTAL","GE1000","Q87","D01","BG",2012,NA
"EUR","TOTAL","GE1000","Q87","D111","BG",2012,NA
"EUR","TOTAL","GE1000","Q87","D1111","BG",2012,NA
"EUR","TOTAL","GE1000","Q88","D01","BG",2012,NA
"EUR","TOTAL","GE1000","Q88","D111","BG",2012,NA
"EUR","TOTAL","GE1000","Q88","D1111","BG",2012,NA
"EUR","TOTAL","GE1000","R","D01","BG",2012,8466127
"EUR","TOTAL","GE1000","R","D111","BG",2012,7005377
"EUR","TOTAL","GE1000","R","D1111","BG",2012,6299767
"EUR","TOTAL","GE1000","R90","D01","BG",2012,NA
"EUR","TOTAL","GE1000","R90","D111","BG",2012,NA
"EUR","TOTAL","GE1000","R90","D1111","BG",2012,NA
"EUR","TOTAL","GE1000","R91","D01","BG",2012,NA
"EUR","TOTAL","GE1000","R91","D111","BG",2012,NA
"EUR","TOTAL","GE1000","R91","D1111","BG",2012,NA
"EUR","TOTAL","GE1000","R92","D01","BG",2012,8466127
"EUR","TOTAL","GE1000","R92","D111","BG",2012,7005377
"EUR","TOTAL","GE1000","R92","D1111","BG",2012,6299767
"EUR","TOTAL","GE1000","R93","D01","BG",2012,NA
"EUR","TOTAL","GE1000","R93","D111","BG",2012,NA
"EUR","TOTAL","GE1000","R93","D1111","BG",2012,NA
"EUR","TOTAL","GE1000","S","D01","BG",2012,NA
"EUR","TOTAL","GE1000","S","D111","BG",2012,NA
"EUR","TOTAL","GE1000","S","D1111","BG",2012,NA
"EUR","TOTAL","GE1000","S94","D01","BG",2012,NA
"EUR","TOTAL","GE1000","S94","D111","BG",2012,NA
"EUR","TOTAL","GE1000","S94","D1111","BG",2012,NA
"EUR","TOTAL","GE1000","S95","D01","BG",2012,NA
"EUR","TOTAL","GE1000","S95","D111","BG",2012,NA
"EUR","TOTAL","GE1000","S95","D1111","BG",2012,NA
"EUR","TOTAL","GE1000","S96","D01","BG",2012,NA
"EUR","TOTAL","GE1000","S96","D111","BG",2012,NA
"EUR","TOTAL","GE1000","S96","D1111","BG",2012,NA
"EUR","TOTAL","LT10","B","D01","BG",2012,2660462
"EUR","TOTAL","LT10","B","D111","BG",2012,2248736
"EUR","TOTAL","LT10","B","D1111","BG",2012,2117922
"EUR","TOTAL","LT10","B-E","D01","BG",2012,133455898
"EUR","TOTAL","LT10","B-E","D111","BG",2012,111793890
"EUR","TOTAL","LT10","B-E","D1111","BG",2012,105377842
"EUR","TOTAL","LT10","B-F","D01","BG",2012,215525989
"EUR","TOTAL","LT10","B-F","D111","BG",2012,180801681
"EUR","TOTAL","LT10","B-F","D1111","BG",2012,170455762
"EUR","TOTAL","LT10","B-N","D01","BG",2012,1220332848
"EUR","TOTAL","LT10","B-N","D111","BG",2012,1030586146
"EUR","TOTAL","LT10","B-N","D1111","BG",2012,972721536
"EUR","TOTAL","LT10","B-S","D01","BG",2012,1377208197
"EUR","TOTAL","LT10","B-S","D111","BG",2012,1162782857
"EUR","TOTAL","LT10","B-S","D1111","BG",2012,1095430532
"EUR","TOTAL","LT10","B-S_X_O","D01","BG",2012,1371611347
"EUR","TOTAL","LT10","B-S_X_O","D111","BG",2012,1158353458
"EUR","TOTAL","LT10","B-S_X_O","D1111","BG",2012,1091635842
"EUR","TOTAL","LT10","B05","D01","BG",2012,190020
"EUR","TOTAL","LT10","B05","D111","BG",2012,152594
"EUR","TOTAL","LT10","B05","D1111","BG",2012,146239
"EUR","TOTAL","LT10","B06","D01","BG",2012,NA
"EUR","TOTAL","LT10","B06","D111","BG",2012,NA
"EUR","TOTAL","LT10","B06","D1111","BG",2012,NA
"EUR","TOTAL","LT10","B07","D01","BG",2012,85712
"EUR","TOTAL","LT10","B07","D111","BG",2012,72612
"EUR","TOTAL","LT10","B07","D1111","BG",2012,70076
"EUR","TOTAL","LT10","B08","D01","BG",2012,1614714
"EUR","TOTAL","LT10","B08","D111","BG",2012,1338137
"EUR","TOTAL","LT10","B08","D1111","BG",2012,1250463
"EUR","TOTAL","LT10","B09","D01","BG",2012,728127
"EUR","TOTAL","LT10","B09","D111","BG",2012,645424
"EUR","TOTAL","LT10","B09","D1111","BG",2012,611175
"EUR","TOTAL","LT10","C","D01","BG",2012,119063627
"EUR","TOTAL","LT10","C","D111","BG",2012,99372929
"EUR","TOTAL","LT10","C","D1111","BG",2012,93673546
"EUR","TOTAL","LT10","C10","D01","BG",2012,21689664
"EUR","TOTAL","LT10","C10","D111","BG",2012,18037176
"EUR","TOTAL","LT10","C10","D1111","BG",2012,17163925
"EUR","TOTAL","LT10","C11","D01","BG",2012,NA
"EUR","TOTAL","LT10","C11","D111","BG",2012,NA
"EUR","TOTAL","LT10","C11","D1111","BG",2012,NA
"EUR","TOTAL","LT10","C12","D01","BG",2012,245313
"EUR","TOTAL","LT10","C12","D111","BG",2012,201441
"EUR","TOTAL","LT10","C12","D1111","BG",2012,180629
"EUR","TOTAL","LT10","C13","D01","BG",2012,NA
"EUR","TOTAL","LT10","C13","D111","BG",2012,NA
"EUR","TOTAL","LT10","C13","D1111","BG",2012,NA
"EUR","TOTAL","LT10","C14","D01","BG",2012,15638641
"EUR","TOTAL","LT10","C14","D111","BG",2012,13050833
"EUR","TOTAL","LT10","C14","D1111","BG",2012,12412695
"EUR","TOTAL","LT10","C15","D01","BG",2012,NA
"EUR","TOTAL","LT10","C15","D111","BG",2012,NA
"EUR","TOTAL","LT10","C15","D1111","BG",2012,NA
"EUR","TOTAL","LT10","C16","D01","BG",2012,6747146
"EUR","TOTAL","LT10","C16","D111","BG",2012,5581485
"EUR","TOTAL","LT10","C16","D1111","BG",2012,5252102
"EUR","TOTAL","LT10","C17","D01","BG",2012,NA
"EUR","TOTAL","LT10","C17","D111","BG",2012,NA
"EUR","TOTAL","LT10","C17","D1111","BG",2012,NA
"EUR","TOTAL","LT10","C18","D01","BG",2012,4043546
"EUR","TOTAL","LT10","C18","D111","BG",2012,3379878
"EUR","TOTAL","LT10","C18","D1111","BG",2012,3157247
"EUR","TOTAL","LT10","C19","D01","BG",2012,NA
"EUR","TOTAL","LT10","C19","D111","BG",2012,NA
"EUR","TOTAL","LT10","C19","D1111","BG",2012,NA
"EUR","TOTAL","LT10","C20","D01","BG",2012,2871174
"EUR","TOTAL","LT10","C20","D111","BG",2012,2415673
"EUR","TOTAL","LT10","C20","D1111","BG",2012,2259978
"EUR","TOTAL","LT10","C21","D01","BG",2012,NA
"EUR","TOTAL","LT10","C21","D111","BG",2012,NA
"EUR","TOTAL","LT10","C21","D1111","BG",2012,NA
"EUR","TOTAL","LT10","C22","D01","BG",2012,6950280
"EUR","TOTAL","LT10","C22","D111","BG",2012,5772325
"EUR","TOTAL","LT10","C22","D1111","BG",2012,5413202
"EUR","TOTAL","LT10","C23","D01","BG",2012,6203159
"EUR","TOTAL","LT10","C23","D111","BG",2012,5151924
"EUR","TOTAL","LT10","C23","D1111","BG",2012,4852667
"EUR","TOTAL","LT10","C24","D01","BG",2012,NA
"EUR","TOTAL","LT10","C24","D111","BG",2012,NA
"EUR","TOTAL","LT10","C24","D1111","BG",2012,NA
"EUR","TOTAL","LT10","C25","D01","BG",2012,15020675
"EUR","TOTAL","LT10","C25","D111","BG",2012,12521415
"EUR","TOTAL","LT10","C25","D1111","BG",2012,11751475
"EUR","TOTAL","LT10","C26","D01","BG",2012,2056464
"EUR","TOTAL","LT10","C26","D111","BG",2012,1739864
"EUR","TOTAL","LT10","C26","D1111","BG",2012,1632353
"EUR","TOTAL","LT10","C27","D01","BG",2012,NA
"EUR","TOTAL","LT10","C27","D111","BG",2012,NA
"EUR","TOTAL","LT10","C27","D1111","BG",2012,NA
"EUR","TOTAL","LT10","C28","D01","BG",2012,4641954
"EUR","TOTAL","LT10","C28","D111","BG",2012,3861913
"EUR","TOTAL","LT10","C28","D1111","BG",2012,3604637
"EUR","TOTAL","LT10","C29","D01","BG",2012,436346
"EUR","TOTAL","LT10","C29","D111","BG",2012,364085
"EUR","TOTAL","LT10","C29","D1111","BG",2012,338870
"EUR","TOTAL","LT10","C30","D01","BG",2012,299142
"EUR","TOTAL","LT10","C30","D111","BG",2012,252247
"EUR","TOTAL","LT10","C30","D1111","BG",2012,241038
"EUR","TOTAL","LT10","C31","D01","BG",2012,7983504
"EUR","TOTAL","LT10","C31","D111","BG",2012,6672483
"EUR","TOTAL","LT10","C31","D1111","BG",2012,6280758
"EUR","TOTAL","LT10","C32","D01","BG",2012,3984589
"EUR","TOTAL","LT10","C32","D111","BG",2012,3328098
"EUR","TOTAL","LT10","C32","D1111","BG",2012,3112885
"EUR","TOTAL","LT10","C33","D01","BG",2012,8950279
"EUR","TOTAL","LT10","C33","D111","BG",2012,7596632
"EUR","TOTAL","LT10","C33","D1111","BG",2012,7157897
"EUR","TOTAL","LT10","D","D01","BG",2012,7545184
"EUR","TOTAL","LT10","D","D111","BG",2012,6599463
"EUR","TOTAL","LT10","D","D1111","BG",2012,6239560
"EUR","TOTAL","LT10","D35","D01","BG",2012,7545184
"EUR","TOTAL","LT10","D35","D111","BG",2012,6599463
"EUR","TOTAL","LT10","D35","D1111","BG",2012,6239560
"EUR","TOTAL","LT10","E","D01","BG",2012,4186624
"EUR","TOTAL","LT10","E","D111","BG",2012,3572762
"EUR","TOTAL","LT10","E","D1111","BG",2012,3346813
"EUR","TOTAL","LT10","E36","D01","BG",2012,202106
"EUR","TOTAL","LT10","E36","D111","BG",2012,170962
"EUR","TOTAL","LT10","E36","D1111","BG",2012,155509
"EUR","TOTAL","LT10","E37","D01","BG",2012,251822
"EUR","TOTAL","LT10","E37","D111","BG",2012,211981
"EUR","TOTAL","LT10","E37","D1111","BG",2012,203518
"EUR","TOTAL","LT10","E38","D01","BG",2012,3310150
"EUR","TOTAL","LT10","E38","D111","BG",2012,2823369
"EUR","TOTAL","LT10","E38","D1111","BG",2012,2647548
"EUR","TOTAL","LT10","E39","D01","BG",2012,422547
"EUR","TOTAL","LT10","E39","D111","BG",2012,366450
"EUR","TOTAL","LT10","E39","D1111","BG",2012,340238
"EUR","TOTAL","LT10","F","D01","BG",2012,82070092
"EUR","TOTAL","LT10","F","D111","BG",2012,69007791
"EUR","TOTAL","LT10","F","D1111","BG",2012,65077921
"EUR","TOTAL","LT10","F41","D01","BG",2012,29842136
"EUR","TOTAL","LT10","F41","D111","BG",2012,25030459
"EUR","TOTAL","LT10","F41","D1111","BG",2012,23589758
"EUR","TOTAL","LT10","F42","D01","BG",2012,10113286
"EUR","TOTAL","LT10","F42","D111","BG",2012,8640285
"EUR","TOTAL","LT10","F42","D1111","BG",2012,8108714
"EUR","TOTAL","LT10","F43","D01","BG",2012,42114669
"EUR","TOTAL","LT10","F43","D111","BG",2012,35337047
"EUR","TOTAL","LT10","F43","D1111","BG",2012,33379449
"EUR","TOTAL","LT10","G","D01","BG",2012,486543692
"EUR","TOTAL","LT10","G","D111","BG",2012,408828349
"EUR","TOTAL","LT10","G","D1111","BG",2012,385873459
"EUR","TOTAL","LT10","G-J","D01","BG",2012,729592984
"EUR","TOTAL","LT10","G-J","D111","BG",2012,613072851
"EUR","TOTAL","LT10","G-J","D1111","BG",2012,579605954
"EUR","TOTAL","LT10","G-N","D01","BG",2012,1004806859
"EUR","TOTAL","LT10","G-N","D111","BG",2012,849784465
"EUR","TOTAL","LT10","G-N","D1111","BG",2012,802265774
"EUR","TOTAL","LT10","G-S_X_O","D01","BG",2012,1156085358
"EUR","TOTAL","LT10","G-S_X_O","D111","BG",2012,977551777
"EUR","TOTAL","LT10","G-S_X_O","D1111","BG",2012,921180079
"EUR","TOTAL","LT10","G45","D01","BG",2012,47077194
"EUR","TOTAL","LT10","G45","D111","BG",2012,39418378
"EUR","TOTAL","LT10","G45","D1111","BG",2012,37061276
"EUR","TOTAL","LT10","G46","D01","BG",2012,168155087
"EUR","TOTAL","LT10","G46","D111","BG",2012,143342132
"EUR","TOTAL","LT10","G46","D1111","BG",2012,134498607
"EUR","TOTAL","LT10","G47","D01","BG",2012,271311411
"EUR","TOTAL","LT10","G47","D111","BG",2012,226067839
"EUR","TOTAL","LT10","G47","D1111","BG",2012,214313577
"EUR","TOTAL","LT10","H","D01","BG",2012,77573225
"EUR","TOTAL","LT10","H","D111","BG",2012,63586275
"EUR","TOTAL","LT10","H","D1111","BG",2012,60001590
"EUR","TOTAL","LT10","H49","D01","BG",2012,59821693
"EUR","TOTAL","LT10","H49","D111","BG",2012,48353817
"EUR","TOTAL","LT10","H49","D1111","BG",2012,45683730
"EUR","TOTAL","LT10","H50","D01","BG",2012,654749
"EUR","TOTAL","LT10","H50","D111","BG",2012,558877
"EUR","TOTAL","LT10","H50","D1111","BG",2012,539787
"EUR","TOTAL","LT10","H51","D01","BG",2012,NA
"EUR","TOTAL","LT10","H51","D111","BG",2012,NA
"EUR","TOTAL","LT10","H51","D1111","BG",2012,NA
"EUR","TOTAL","LT10","H52","D01","BG",2012,14456701
"EUR","TOTAL","LT10","H52","D111","BG",2012,12431723
"EUR","TOTAL","LT10","H52","D1111","BG",2012,11680859
"EUR","TOTAL","LT10","H53","D01","BG",2012,1878994
"EUR","TOTAL","LT10","H53","D111","BG",2012,1577937
"EUR","TOTAL","LT10","H53","D1111","BG",2012,1488472
"EUR","TOTAL","LT10","I","D01","BG",2012,98252050
"EUR","TOTAL","LT10","I","D111","BG",2012,81818243
"EUR","TOTAL","LT10","I","D1111","BG",2012,78465978
"EUR","TOTAL","LT10","I55","D01","BG",2012,13477329
"EUR","TOTAL","LT10","I55","D111","BG",2012,11205051
"EUR","TOTAL","LT10","I55","D1111","BG",2012,10647947
"EUR","TOTAL","LT10","I56","D01","BG",2012,84774721
"EUR","TOTAL","LT10","I56","D111","BG",2012,70613193
"EUR","TOTAL","LT10","I56","D1111","BG",2012,67818031
"EUR","TOTAL","LT10","J","D01","BG",2012,67224017
"EUR","TOTAL","LT10","J","D111","BG",2012,58839984
"EUR","TOTAL","LT10","J","D1111","BG",2012,55264926
"EUR","TOTAL","LT10","J58","D01","BG",2012,NA
"EUR","TOTAL","LT10","J58","D111","BG",2012,NA
"EUR","TOTAL","LT10","J58","D1111","BG",2012,NA
"EUR","TOTAL","LT10","J59","D01","BG",2012,3613803
"EUR","TOTAL","LT10","J59","D111","BG",2012,3126660
"EUR","TOTAL","LT10","J59","D1111","BG",2012,2963936
"EUR","TOTAL","LT10","J60","D01","BG",2012,1674488
"EUR","TOTAL","LT10","J60","D111","BG",2012,1405445
"EUR","TOTAL","LT10","J60","D1111","BG",2012,1313878
"EUR","TOTAL","LT10","J61","D01","BG",2012,NA
"EUR","TOTAL","LT10","J61","D111","BG",2012,NA
"EUR","TOTAL","LT10","J61","D1111","BG",2012,NA
"EUR","TOTAL","LT10","J62","D01","BG",2012,44525568
"EUR","TOTAL","LT10","J62","D111","BG",2012,39386447
"EUR","TOTAL","LT10","J62","D1111","BG",2012,36984641
"EUR","TOTAL","LT10","J63","D01","BG",2012,6906447
"EUR","TOTAL","LT10","J63","D111","BG",2012,6005457
"EUR","TOTAL","LT10","J63","D1111","BG",2012,5654021
"EUR","TOTAL","LT10","K","D01","BG",2012,28709155
"EUR","TOTAL","LT10","K","D111","BG",2012,25088350
"EUR","TOTAL","LT10","K","D1111","BG",2012,23726783
"EUR","TOTAL","LT10","K-N","D01","BG",2012,275213875
"EUR","TOTAL","LT10","K-N","D111","BG",2012,236711614
"EUR","TOTAL","LT10","K-N","D1111","BG",2012,222659820
"EUR","TOTAL","LT10","K64","D01","BG",2012,16698403
"EUR","TOTAL","LT10","K64","D111","BG",2012,14629324
"EUR","TOTAL","LT10","K64","D1111","BG",2012,13831346
"EUR","TOTAL","LT10","K65","D01","BG",2012,980174
"EUR","TOTAL","LT10","K65","D111","BG",2012,887563
"EUR","TOTAL","LT10","K65","D1111","BG",2012,803720
"EUR","TOTAL","LT10","K66","D01","BG",2012,11030577
"EUR","TOTAL","LT10","K66","D111","BG",2012,9571463
"EUR","TOTAL","LT10","K66","D1111","BG",2012,9091717
"EUR","TOTAL","LT10","L","D01","BG",2012,52432479
"EUR","TOTAL","LT10","L","D111","BG",2012,45030778
"EUR","TOTAL","LT10","L","D1111","BG",2012,42273439
"EUR","TOTAL","LT10","L68","D01","BG",2012,52432479
"EUR","TOTAL","LT10","L68","D111","BG",2012,45030778
"EUR","TOTAL","LT10","L68","D1111","BG",2012,42273439
"EUR","TOTAL","LT10","M","D01","BG",2012,160460011
"EUR","TOTAL","LT10","M","D111","BG",2012,138136454
"EUR","TOTAL","LT10","M","D1111","BG",2012,129922307
"EUR","TOTAL","LT10","M69","D01","BG",2012,47294669
"EUR","TOTAL","LT10","M69","D111","BG",2012,40137092
"EUR","TOTAL","LT10","M69","D1111","BG",2012,37640448
"EUR","TOTAL","LT10","M70","D01","BG",2012,25923974
"EUR","TOTAL","LT10","M70","D111","BG",2012,22981635
"EUR","TOTAL","LT10","M70","D1111","BG",2012,21829821
"EUR","TOTAL","LT10","M71","D01","BG",2012,39535451
"EUR","TOTAL","LT10","M71","D111","BG",2012,33807750
"EUR","TOTAL","LT10","M71","D1111","BG",2012,31687669
"EUR","TOTAL","LT10","M72","D01","BG",2012,NA
"EUR","TOTAL","LT10","M72","D111","BG",2012,NA
"EUR","TOTAL","LT10","M72","D1111","BG",2012,NA
"EUR","TOTAL","LT10","M73","D01","BG",2012,17962611
"EUR","TOTAL","LT10","M73","D111","BG",2012,15479744
"EUR","TOTAL","LT10","M73","D1111","BG",2012,14559659
"EUR","TOTAL","LT10","M74","D01","BG",2012,25518264
"EUR","TOTAL","LT10","M74","D111","BG",2012,22046537
"EUR","TOTAL","LT10","M74","D1111","BG",2012,20774233
"EUR","TOTAL","LT10","M75","D01","BG",2012,1098158
"EUR","TOTAL","LT10","M75","D111","BG",2012,921020
"EUR","TOTAL","LT10","M75","D1111","BG",2012,875823
"EUR","TOTAL","LT10","N","D01","BG",2012,33612230
"EUR","TOTAL","LT10","N","D111","BG",2012,28456032
"EUR","TOTAL","LT10","N","D1111","BG",2012,26737291
"EUR","TOTAL","LT10","N77","D01","BG",2012,4719386
"EUR","TOTAL","LT10","N77","D111","BG",2012,4000981
"EUR","TOTAL","LT10","N77","D1111","BG",2012,3773266
"EUR","TOTAL","LT10","N78","D01","BG",2012,3028374
"EUR","TOTAL","LT10","N78","D111","BG",2012,2573279
"EUR","TOTAL","LT10","N78","D1111","BG",2012,2423485
"EUR","TOTAL","LT10","N79","D01","BG",2012,9234510
"EUR","TOTAL","LT10","N79","D111","BG",2012,7853931
"EUR","TOTAL","LT10","N79","D1111","BG",2012,7400019
"EUR","TOTAL","LT10","N80","D01","BG",2012,4565275
"EUR","TOTAL","LT10","N80","D111","BG",2012,3863362
"EUR","TOTAL","LT10","N80","D1111","BG",2012,3643109
"EUR","TOTAL","LT10","N81","D01","BG",2012,5859024
"EUR","TOTAL","LT10","N81","D111","BG",2012,4894834
"EUR","TOTAL","LT10","N81","D1111","BG",2012,4574272
"EUR","TOTAL","LT10","N82","D01","BG",2012,6205663
"EUR","TOTAL","LT10","N82","D111","BG",2012,5269645
"EUR","TOTAL","LT10","N82","D1111","BG",2012,4923140
"EUR","TOTAL","LT10","O","D01","BG",2012,5596850
"EUR","TOTAL","LT10","O","D111","BG",2012,4429399
"EUR","TOTAL","LT10","O","D1111","BG",2012,3794690
"EUR","TOTAL","LT10","O-S","D01","BG",2012,156875349
"EUR","TOTAL","LT10","O-S","D111","BG",2012,132196711
"EUR","TOTAL","LT10","O-S","D1111","BG",2012,122708996
"EUR","TOTAL","LT10","O84","D01","BG",2012,5596850
"EUR","TOTAL","LT10","O84","D111","BG",2012,4429399
"EUR","TOTAL","LT10","O84","D1111","BG",2012,3794690
"EUR","TOTAL","LT10","P","D01","BG",2012,25198167
"EUR","TOTAL","LT10","P","D111","BG",2012,20666146
"EUR","TOTAL","LT10","P","D1111","BG",2012,18104056
"EUR","TOTAL","LT10","P-S","D01","BG",2012,151278499
"EUR","TOTAL","LT10","P-S","D111","BG",2012,127767312
"EUR","TOTAL","LT10","P-S","D1111","BG",2012,118914306
"EUR","TOTAL","LT10","P85","D01","BG",2012,25198167
"EUR","TOTAL","LT10","P85","D111","BG",2012,20666146
"EUR","TOTAL","LT10","P85","D1111","BG",2012,18104056
"EUR","TOTAL","LT10","Q","D01","BG",2012,45394253
"EUR","TOTAL","LT10","Q","D111","BG",2012,38223022
"EUR","TOTAL","LT10","Q","D1111","BG",2012,36363640
"EUR","TOTAL","LT10","Q86","D01","BG",2012,41658788
"EUR","TOTAL","LT10","Q86","D111","BG",2012,35108112
"EUR","TOTAL","LT10","Q86","D1111","BG",2012,33547896
"EUR","TOTAL","LT10","Q87","D01","BG",2012,NA
"EUR","TOTAL","LT10","Q87","D111","BG",2012,NA
"EUR","TOTAL","LT10","Q87","D1111","BG",2012,NA
"EUR","TOTAL","LT10","Q88","D01","BG",2012,NA
"EUR","TOTAL","LT10","Q88","D111","BG",2012,NA
"EUR","TOTAL","LT10","Q88","D1111","BG",2012,NA
"EUR","TOTAL","LT10","R","D01","BG",2012,17617800
"EUR","TOTAL","LT10","R","D111","BG",2012,14794835
"EUR","TOTAL","LT10","R","D1111","BG",2012,13932464
"EUR","TOTAL","LT10","R90","D01","BG",2012,1817990
"EUR","TOTAL","LT10","R90","D111","BG",2012,1528952
"EUR","TOTAL","LT10","R90","D1111","BG",2012,1422434
"EUR","TOTAL","LT10","R91","D01","BG",2012,NA
"EUR","TOTAL","LT10","R91","D111","BG",2012,NA
"EUR","TOTAL","LT10","R91","D1111","BG",2012,NA
"EUR","TOTAL","LT10","R92","D01","BG",2012,3804710
"EUR","TOTAL","LT10","R92","D111","BG",2012,3180560
"EUR","TOTAL","LT10","R92","D1111","BG",2012,3011067
"EUR","TOTAL","LT10","R93","D01","BG",2012,10348518
"EUR","TOTAL","LT10","R93","D111","BG",2012,8718729
"EUR","TOTAL","LT10","R93","D1111","BG",2012,8259021
"EUR","TOTAL","LT10","S","D01","BG",2012,63068279
"EUR","TOTAL","LT10","S","D111","BG",2012,54083309
"EUR","TOTAL","LT10","S","D1111","BG",2012,50514145
"EUR","TOTAL","LT10","S94","D01","BG",2012,35443150
"EUR","TOTAL","LT10","S94","D111","BG",2012,30977752
"EUR","TOTAL","LT10","S94","D1111","BG",2012,28597972
"EUR","TOTAL","LT10","S95","D01","BG",2012,4800508
"EUR","TOTAL","LT10","S95","D111","BG",2012,4021762
"EUR","TOTAL","LT10","S95","D1111","BG",2012,3819862
"EUR","TOTAL","LT10","S96","D01","BG",2012,22824621
"EUR","TOTAL","LT10","S96","D111","BG",2012,19083794
"EUR","TOTAL","LT10","S96","D1111","BG",2012,18096311
"EUR","TOTAL","TOTAL","B","D01","BG",2012,259523954
"EUR","TOTAL","TOTAL","B","D111","BG",2012,197958914
"EUR","TOTAL","TOTAL","B","D1111","BG",2012,167495359
"EUR","TOTAL","TOTAL","B-E","D01","BG",2012,3124541866
"EUR","TOTAL","TOTAL","B-E","D111","BG",2012,2570613379
"EUR","TOTAL","TOTAL","B-E","D1111","BG",2012,2253048174
"EUR","TOTAL","TOTAL","B-F","D01","BG",2012,3742708178
"EUR","TOTAL","TOTAL","B-F","D111","BG",2012,3091701942
"EUR","TOTAL","TOTAL","B-F","D1111","BG",2012,2735276866
"EUR","TOTAL","TOTAL","B-N","D01","BG",2012,8982221501
"EUR","TOTAL","TOTAL","B-N","D111","BG",2012,7594514214
"EUR","TOTAL","TOTAL","B-N","D1111","BG",2012,6831648916
"EUR","TOTAL","TOTAL","B-S","D01","BG",2012,11648148320
"EUR","TOTAL","TOTAL","B-S","D111","BG",2012,9777327450
"EUR","TOTAL","TOTAL","B-S","D1111","BG",2012,8727793804
"EUR","TOTAL","TOTAL","B-S_X_O","D01","BG",2012,10851964136
"EUR","TOTAL","TOTAL","B-S_X_O","D111","BG",2012,9152001054
"EUR","TOTAL","TOTAL","B-S_X_O","D1111","BG",2012,8179345139
"EUR","TOTAL","TOTAL","B05","D01","BG",2012,149552187
"EUR","TOTAL","TOTAL","B05","D111","BG",2012,110236341
"EUR","TOTAL","TOTAL","B05","D1111","BG",2012,89791835
"EUR","TOTAL","TOTAL","B06","D01","BG",2012,3890045
"EUR","TOTAL","TOTAL","B06","D111","BG",2012,3325511
"EUR","TOTAL","TOTAL","B06","D1111","BG",2012,3064409
"EUR","TOTAL","TOTAL","B07","D01","BG",2012,80930345
"EUR","TOTAL","TOTAL","B07","D111","BG",2012,63850144
"EUR","TOTAL","TOTAL","B07","D1111","BG",2012,56162960
"EUR","TOTAL","TOTAL","B08","D01","BG",2012,23465279
"EUR","TOTAL","TOTAL","B08","D111","BG",2012,19110920
"EUR","TOTAL","TOTAL","B08","D1111","BG",2012,17117693
"EUR","TOTAL","TOTAL","B09","D01","BG",2012,1686099
"EUR","TOTAL","TOTAL","B09","D111","BG",2012,1435999
"EUR","TOTAL","TOTAL","B09","D1111","BG",2012,1358463
"EUR","TOTAL","TOTAL","C","D01","BG",2012,2256203010
"EUR","TOTAL","TOTAL","C","D111","BG",2012,1876322627
"EUR","TOTAL","TOTAL","C","D1111","BG",2012,1687454631
"EUR","TOTAL","TOTAL","C10","D01","BG",2012,300794462
"EUR","TOTAL","TOTAL","C10","D111","BG",2012,252621873
"EUR","TOTAL","TOTAL","C10","D1111","BG",2012,232220237
"EUR","TOTAL","TOTAL","C11","D01","BG",2012,80887183
"EUR","TOTAL","TOTAL","C11","D111","BG",2012,68127980
"EUR","TOTAL","TOTAL","C11","D1111","BG",2012,60524040
"EUR","TOTAL","TOTAL","C12","D01","BG",2012,40121006
"EUR","TOTAL","TOTAL","C12","D111","BG",2012,32116137
"EUR","TOTAL","TOTAL","C12","D1111","BG",2012,27333178
"EUR","TOTAL","TOTAL","C13","D01","BG",2012,43639427
"EUR","TOTAL","TOTAL","C13","D111","BG",2012,36261305
"EUR","TOTAL","TOTAL","C13","D1111","BG",2012,32935274
"EUR","TOTAL","TOTAL","C14","D01","BG",2012,303841180
"EUR","TOTAL","TOTAL","C14","D111","BG",2012,251642164
"EUR","TOTAL","TOTAL","C14","D1111","BG",2012,228058531
"EUR","TOTAL","TOTAL","C15","D01","BG",2012,43701488
"EUR","TOTAL","TOTAL","C15","D111","BG",2012,36609537
"EUR","TOTAL","TOTAL","C15","D1111","BG",2012,33202258
"EUR","TOTAL","TOTAL","C16","D01","BG",2012,45260342
"EUR","TOTAL","TOTAL","C16","D111","BG",2012,37845556
"EUR","TOTAL","TOTAL","C16","D1111","BG",2012,34242244
"EUR","TOTAL","TOTAL","C17","D01","BG",2012,38152456
"EUR","TOTAL","TOTAL","C17","D111","BG",2012,31758953
"EUR","TOTAL","TOTAL","C17","D1111","BG",2012,28236877
"EUR","TOTAL","TOTAL","C18","D01","BG",2012,38241310
"EUR","TOTAL","TOTAL","C18","D111","BG",2012,32218535
"EUR","TOTAL","TOTAL","C18","D1111","BG",2012,29431202
"EUR","TOTAL","TOTAL","C19","D01","BG",2012,41277668
"EUR","TOTAL","TOTAL","C19","D111","BG",2012,33096989
"EUR","TOTAL","TOTAL","C19","D1111","BG",2012,29514209
"EUR","TOTAL","TOTAL","C20","D01","BG",2012,83166377
"EUR","TOTAL","TOTAL","C20","D111","BG",2012,69076516
"EUR","TOTAL","TOTAL","C20","D1111","BG",2012,62233260
"EUR","TOTAL","TOTAL","C21","D01","BG",2012,52299801
"EUR","TOTAL","TOTAL","C21","D111","BG",2012,43655640
"EUR","TOTAL","TOTAL","C21","D1111","BG",2012,38766306
"EUR","TOTAL","TOTAL","C22","D01","BG",2012,89452681
"EUR","TOTAL","TOTAL","C22","D111","BG",2012,75085386
"EUR","TOTAL","TOTAL","C22","D1111","BG",2012,68767070
"EUR","TOTAL","TOTAL","C23","D01","BG",2012,111783642
"EUR","TOTAL","TOTAL","C23","D111","BG",2012,92365119
"EUR","TOTAL","TOTAL","C23","D1111","BG",2012,82318282
"EUR","TOTAL","TOTAL","C24","D01","BG",2012,94114812
"EUR","TOTAL","TOTAL","C24","D111","BG",2012,74570709
"EUR","TOTAL","TOTAL","C24","D1111","BG",2012,65924801
"EUR","TOTAL","TOTAL","C25","D01","BG",2012,217922321
"EUR","TOTAL","TOTAL","C25","D111","BG",2012,181378317
"EUR","TOTAL","TOTAL","C25","D1111","BG",2012,161890654
"EUR","TOTAL","TOTAL","C26","D01","BG",2012,52697505
"EUR","TOTAL","TOTAL","C26","D111","BG",2012,45032323
"EUR","TOTAL","TOTAL","C26","D1111","BG",2012,40191382
"EUR","TOTAL","TOTAL","C27","D01","BG",2012,118092467
"EUR","TOTAL","TOTAL","C27","D111","BG",2012,98269326
"EUR","TOTAL","TOTAL","C27","D1111","BG",2012,88258482
"EUR","TOTAL","TOTAL","C28","D01","BG",2012,177829395
"EUR","TOTAL","TOTAL","C28","D111","BG",2012,148266185
"EUR","TOTAL","TOTAL","C28","D1111","BG",2012,131935529
"EUR","TOTAL","TOTAL","C29","D01","BG",2012,63276836
"EUR","TOTAL","TOTAL","C29","D111","BG",2012,53419915
"EUR","TOTAL","TOTAL","C29","D1111","BG",2012,46393044
"EUR","TOTAL","TOTAL","C30","D01","BG",2012,25655905
"EUR","TOTAL","TOTAL","C30","D111","BG",2012,21425512
"EUR","TOTAL","TOTAL","C30","D1111","BG",2012,19589640
"EUR","TOTAL","TOTAL","C31","D01","BG",2012,61214244
"EUR","TOTAL","TOTAL","C31","D111","BG",2012,51181265
"EUR","TOTAL","TOTAL","C31","D1111","BG",2012,46985827
"EUR","TOTAL","TOTAL","C32","D01","BG",2012,32235583
"EUR","TOTAL","TOTAL","C32","D111","BG",2012,27142629
"EUR","TOTAL","TOTAL","C32","D1111","BG",2012,24597942
"EUR","TOTAL","TOTAL","C33","D01","BG",2012,100544918
"EUR","TOTAL","TOTAL","C33","D111","BG",2012,83154758
"EUR","TOTAL","TOTAL","C33","D1111","BG",2012,73904363
"EUR","TOTAL","TOTAL","D","D01","BG",2012,425752878
"EUR","TOTAL","TOTAL","D","D111","BG",2012,343481888
"EUR","TOTAL","TOTAL","D","D1111","BG",2012,266337987
"EUR","TOTAL","TOTAL","D35","D01","BG",2012,425752878
"EUR","TOTAL","TOTAL","D35","D111","BG",2012,343481888
"EUR","TOTAL","TOTAL","D35","D1111","BG",2012,266337987
"EUR","TOTAL","TOTAL","E","D01","BG",2012,183062024
"EUR","TOTAL","TOTAL","E","D111","BG",2012,152849949
"EUR","TOTAL","TOTAL","E","D1111","BG",2012,131760198
"EUR","TOTAL","TOTAL","E36","D01","BG",2012,98591704
"EUR","TOTAL","TOTAL","E36","D111","BG",2012,81642055
"EUR","TOTAL","TOTAL","E36","D1111","BG",2012,67030872
"EUR","TOTAL","TOTAL","E37","D01","BG",2012,2282099
"EUR","TOTAL","TOTAL","E37","D111","BG",2012,1907423
"EUR","TOTAL","TOTAL","E37","D1111","BG",2012,1749756
"EUR","TOTAL","TOTAL","E38","D01","BG",2012,78260810
"EUR","TOTAL","TOTAL","E38","D111","BG",2012,65976147
"EUR","TOTAL","TOTAL","E38","D1111","BG",2012,60049126
"EUR","TOTAL","TOTAL","E39","D01","BG",2012,3927411
"EUR","TOTAL","TOTAL","E39","D111","BG",2012,3324324
"EUR","TOTAL","TOTAL","E39","D1111","BG",2012,2930444
"EUR","TOTAL","TOTAL","F","D01","BG",2012,618166313
"EUR","TOTAL","TOTAL","F","D111","BG",2012,521088563
"EUR","TOTAL","TOTAL","F","D1111","BG",2012,482228692
"EUR","TOTAL","TOTAL","F41","D01","BG",2012,225355817
"EUR","TOTAL","TOTAL","F41","D111","BG",2012,190214007
"EUR","TOTAL","TOTAL","F41","D1111","BG",2012,176609044
"EUR","TOTAL","TOTAL","F42","D01","BG",2012,220010505
"EUR","TOTAL","TOTAL","F42","D111","BG",2012,185155198
"EUR","TOTAL","TOTAL","F42","D1111","BG",2012,169950974
"EUR","TOTAL","TOTAL","F43","D01","BG",2012,172799991
"EUR","TOTAL","TOTAL","F43","D111","BG",2012,145719358
"EUR","TOTAL","TOTAL","F43","D1111","BG",2012,135668674
"EUR","TOTAL","TOTAL","G","D01","BG",2012,1703625904
"EUR","TOTAL","TOTAL","G","D111","BG",2012,1447219748
"EUR","TOTAL","TOTAL","G","D1111","BG",2012,1344620941
"EUR","TOTAL","TOTAL","G-J","D01","BG",2012,3647340901
"EUR","TOTAL","TOTAL","G-J","D111","BG",2012,3128179434
"EUR","TOTAL","TOTAL","G-J","D1111","BG",2012,2840136704
"EUR","TOTAL","TOTAL","G-N","D01","BG",2012,5239513322
"EUR","TOTAL","TOTAL","G-N","D111","BG",2012,4502812272
"EUR","TOTAL","TOTAL","G-N","D1111","BG",2012,4096372050
"EUR","TOTAL","TOTAL","G-S_X_O","D01","BG",2012,7109255958
"EUR","TOTAL","TOTAL","G-S_X_O","D111","BG",2012,6060299112
"EUR","TOTAL","TOTAL","G-S_X_O","D1111","BG",2012,5444068273
"EUR","TOTAL","TOTAL","G45","D01","BG",2012,164886840
"EUR","TOTAL","TOTAL","G45","D111","BG",2012,139861508
"EUR","TOTAL","TOTAL","G45","D1111","BG",2012,129320300
"EUR","TOTAL","TOTAL","G46","D01","BG",2012,796686651
"EUR","TOTAL","TOTAL","G46","D111","BG",2012,684863293
"EUR","TOTAL","TOTAL","G46","D1111","BG",2012,635301084
"EUR","TOTAL","TOTAL","G47","D01","BG",2012,742052413
"EUR","TOTAL","TOTAL","G47","D111","BG",2012,622494946
"EUR","TOTAL","TOTAL","G47","D1111","BG",2012,579999557
"EUR","TOTAL","TOTAL","H","D01","BG",2012,760058873
"EUR","TOTAL","TOTAL","H","D111","BG",2012,663202638
"EUR","TOTAL","TOTAL","H","D1111","BG",2012,556496073
"EUR","TOTAL","TOTAL","H49","D01","BG",2012,372111246
"EUR","TOTAL","TOTAL","H49","D111","BG",2012,299385457
"EUR","TOTAL","TOTAL","H49","D1111","BG",2012,256045699
"EUR","TOTAL","TOTAL","H50","D01","BG",2012,32762687
"EUR","TOTAL","TOTAL","H50","D111","BG",2012,30051472
"EUR","TOTAL","TOTAL","H50","D1111","BG",2012,25234369
"EUR","TOTAL","TOTAL","H51","D01","BG",2012,33055674
"EUR","TOTAL","TOTAL","H51","D111","BG",2012,27658317
"EUR","TOTAL","TOTAL","H51","D1111","BG",2012,24486153
"EUR","TOTAL","TOTAL","H52","D01","BG",2012,237153001
"EUR","TOTAL","TOTAL","H52","D111","BG",2012,235439924
"EUR","TOTAL","TOTAL","H52","D1111","BG",2012,189920600
"EUR","TOTAL","TOTAL","H53","D01","BG",2012,84976264
"EUR","TOTAL","TOTAL","H53","D111","BG",2012,70667470
"EUR","TOTAL","TOTAL","H53","D1111","BG",2012,60809251
"EUR","TOTAL","TOTAL","I","D01","BG",2012,379027013
"EUR","TOTAL","TOTAL","I","D111","BG",2012,316674447
"EUR","TOTAL","TOTAL","I","D1111","BG",2012,297672077
"EUR","TOTAL","TOTAL","I55","D01","BG",2012,158443898
"EUR","TOTAL","TOTAL","I55","D111","BG",2012,132750392
"EUR","TOTAL","TOTAL","I55","D1111","BG",2012,123554553
"EUR","TOTAL","TOTAL","I56","D01","BG",2012,220583115
"EUR","TOTAL","TOTAL","I56","D111","BG",2012,183924055
"EUR","TOTAL","TOTAL","I56","D1111","BG",2012,174117524
"EUR","TOTAL","TOTAL","J","D01","BG",2012,804629111
"EUR","TOTAL","TOTAL","J","D111","BG",2012,701082601
"EUR","TOTAL","TOTAL","J","D1111","BG",2012,641347613
"EUR","TOTAL","TOTAL","J58","D01","BG",2012,47938414
"EUR","TOTAL","TOTAL","J58","D111","BG",2012,41300714
"EUR","TOTAL","TOTAL","J58","D1111","BG",2012,37579581
"EUR","TOTAL","TOTAL","J59","D01","BG",2012,18324937
"EUR","TOTAL","TOTAL","J59","D111","BG",2012,16146742
"EUR","TOTAL","TOTAL","J59","D1111","BG",2012,15040553
"EUR","TOTAL","TOTAL","J60","D01","BG",2012,52712816
"EUR","TOTAL","TOTAL","J60","D111","BG",2012,45451839
"EUR","TOTAL","TOTAL","J60","D1111","BG",2012,41095636
"EUR","TOTAL","TOTAL","J61","D01","BG",2012,206190604
"EUR","TOTAL","TOTAL","J61","D111","BG",2012,176230289
"EUR","TOTAL","TOTAL","J61","D1111","BG",2012,160269037
"EUR","TOTAL","TOTAL","J62","D01","BG",2012,426722248
"EUR","TOTAL","TOTAL","J62","D111","BG",2012,376112486
"EUR","TOTAL","TOTAL","J62","D1111","BG",2012,345348993
"EUR","TOTAL","TOTAL","J63","D01","BG",2012,52740093
"EUR","TOTAL","TOTAL","J63","D111","BG",2012,45840531
"EUR","TOTAL","TOTAL","J63","D1111","BG",2012,42013814
"EUR","TOTAL","TOTAL","K","D01","BG",2012,573939390
"EUR","TOTAL","TOTAL","K","D111","BG",2012,492313495
"EUR","TOTAL","TOTAL","K","D1111","BG",2012,442383712
"EUR","TOTAL","TOTAL","K-N","D01","BG",2012,1592172421
"EUR","TOTAL","TOTAL","K-N","D111","BG",2012,1374632838
"EUR","TOTAL","TOTAL","K-N","D1111","BG",2012,1256235347
"EUR","TOTAL","TOTAL","K64","D01","BG",2012,461283570
"EUR","TOTAL","TOTAL","K64","D111","BG",2012,394179216
"EUR","TOTAL","TOTAL","K64","D1111","BG",2012,351474029
"EUR","TOTAL","TOTAL","K65","D01","BG",2012,68424930
"EUR","TOTAL","TOTAL","K65","D111","BG",2012,59672950
"EUR","TOTAL","TOTAL","K65","D1111","BG",2012,54983792
"EUR","TOTAL","TOTAL","K66","D01","BG",2012,44230890
"EUR","TOTAL","TOTAL","K66","D111","BG",2012,38461329
"EUR","TOTAL","TOTAL","K66","D1111","BG",2012,35925891
"EUR","TOTAL","TOTAL","L","D01","BG",2012,125141967
"EUR","TOTAL","TOTAL","L","D111","BG",2012,107206628
"EUR","TOTAL","TOTAL","L","D1111","BG",2012,98959066
"EUR","TOTAL","TOTAL","L68","D01","BG",2012,125141967
"EUR","TOTAL","TOTAL","L68","D111","BG",2012,107206628
"EUR","TOTAL","TOTAL","L68","D1111","BG",2012,98959066
"EUR","TOTAL","TOTAL","M","D01","BG",2012,507952677
"EUR","TOTAL","TOTAL","M","D111","BG",2012,440028031
"EUR","TOTAL","TOTAL","M","D1111","BG",2012,405486927
"EUR","TOTAL","TOTAL","M69","D01","BG",2012,93807544
"EUR","TOTAL","TOTAL","M69","D111","BG",2012,80955527
"EUR","TOTAL","TOTAL","M69","D1111","BG",2012,75065392
"EUR","TOTAL","TOTAL","M70","D01","BG",2012,89649682
"EUR","TOTAL","TOTAL","M70","D111","BG",2012,79159644
"EUR","TOTAL","TOTAL","M70","D1111","BG",2012,73134262
"EUR","TOTAL","TOTAL","M71","D01","BG",2012,115818001
"EUR","TOTAL","TOTAL","M71","D111","BG",2012,99589675
"EUR","TOTAL","TOTAL","M71","D1111","BG",2012,92108518
"EUR","TOTAL","TOTAL","M72","D01","BG",2012,61142225
"EUR","TOTAL","TOTAL","M72","D111","BG",2012,51704290
"EUR","TOTAL","TOTAL","M72","D1111","BG",2012,45521780
"EUR","TOTAL","TOTAL","M73","D01","BG",2012,69199944
"EUR","TOTAL","TOTAL","M73","D111","BG",2012,60512083
"EUR","TOTAL","TOTAL","M73","D1111","BG",2012,56508930
"EUR","TOTAL","TOTAL","M74","D01","BG",2012,76689202
"EUR","TOTAL","TOTAL","M74","D111","BG",2012,66719330
"EUR","TOTAL","TOTAL","M74","D1111","BG",2012,61840535
"EUR","TOTAL","TOTAL","M75","D01","BG",2012,1646079
"EUR","TOTAL","TOTAL","M75","D111","BG",2012,1387482
"EUR","TOTAL","TOTAL","M75","D1111","BG",2012,1307510
"EUR","TOTAL","TOTAL","N","D01","BG",2012,385138387
"EUR","TOTAL","TOTAL","N","D111","BG",2012,335084684
"EUR","TOTAL","TOTAL","N","D1111","BG",2012,309405642
"EUR","TOTAL","TOTAL","N77","D01","BG",2012,13107420
"EUR","TOTAL","TOTAL","N77","D111","BG",2012,11124529
"EUR","TOTAL","TOTAL","N77","D1111","BG",2012,10379734
"EUR","TOTAL","TOTAL","N78","D01","BG",2012,50569875
"EUR","TOTAL","TOTAL","N78","D111","BG",2012,42669511
"EUR","TOTAL","TOTAL","N78","D1111","BG",2012,39228283
"EUR","TOTAL","TOTAL","N79","D01","BG",2012,22781468
"EUR","TOTAL","TOTAL","N79","D111","BG",2012,19409241
"EUR","TOTAL","TOTAL","N79","D1111","BG",2012,18259924
"EUR","TOTAL","TOTAL","N80","D01","BG",2012,159720319
"EUR","TOTAL","TOTAL","N80","D111","BG",2012,134993531
"EUR","TOTAL","TOTAL","N80","D1111","BG",2012,124594514
"EUR","TOTAL","TOTAL","N81","D01","BG",2012,77278917
"EUR","TOTAL","TOTAL","N81","D111","BG",2012,74156243
"EUR","TOTAL","TOTAL","N81","D1111","BG",2012,68226683
"EUR","TOTAL","TOTAL","N82","D01","BG",2012,61680389
"EUR","TOTAL","TOTAL","N82","D111","BG",2012,52731627
"EUR","TOTAL","TOTAL","N82","D1111","BG",2012,48716503
"EUR","TOTAL","TOTAL","O","D01","BG",2012,796184184
"EUR","TOTAL","TOTAL","O","D111","BG",2012,625326396
"EUR","TOTAL","TOTAL","O","D1111","BG",2012,548448666
"EUR","TOTAL","TOTAL","O-S","D01","BG",2012,2665926820
"EUR","TOTAL","TOTAL","O-S","D111","BG",2012,2182813236
"EUR","TOTAL","TOTAL","O-S","D1111","BG",2012,1896144888
"EUR","TOTAL","TOTAL","O84","D01","BG",2012,796184184
"EUR","TOTAL","TOTAL","O84","D111","BG",2012,625326396
"EUR","TOTAL","TOTAL","O84","D1111","BG",2012,548448666
"EUR","TOTAL","TOTAL","P","D01","BG",2012,885528006
"EUR","TOTAL","TOTAL","P","D111","BG",2012,725208241
"EUR","TOTAL","TOTAL","P","D1111","BG",2012,599638811
"EUR","TOTAL","TOTAL","P-S","D01","BG",2012,1869742635
"EUR","TOTAL","TOTAL","P-S","D111","BG",2012,1557486840
"EUR","TOTAL","TOTAL","P-S","D1111","BG",2012,1347696223
"EUR","TOTAL","TOTAL","P85","D01","BG",2012,885528006
"EUR","TOTAL","TOTAL","P85","D111","BG",2012,725208241
"EUR","TOTAL","TOTAL","P85","D1111","BG",2012,599638811
"EUR","TOTAL","TOTAL","Q","D01","BG",2012,719324664
"EUR","TOTAL","TOTAL","Q","D111","BG",2012,605275913
"EUR","TOTAL","TOTAL","Q","D1111","BG",2012,539841408
"EUR","TOTAL","TOTAL","Q86","D01","BG",2012,625616899
"EUR","TOTAL","TOTAL","Q86","D111","BG",2012,527251497
"EUR","TOTAL","TOTAL","Q86","D1111","BG",2012,471851691
"EUR","TOTAL","TOTAL","Q87","D01","BG",2012,44493902
"EUR","TOTAL","TOTAL","Q87","D111","BG",2012,36819113
"EUR","TOTAL","TOTAL","Q87","D1111","BG",2012,31976068
"EUR","TOTAL","TOTAL","Q88","D01","BG",2012,49213863
"EUR","TOTAL","TOTAL","Q88","D111","BG",2012,41205304
"EUR","TOTAL","TOTAL","Q88","D1111","BG",2012,36013649
"EUR","TOTAL","TOTAL","R","D01","BG",2012,140898401
"EUR","TOTAL","TOTAL","R","D111","BG",2012,120306077
"EUR","TOTAL","TOTAL","R","D1111","BG",2012,110002494
"EUR","TOTAL","TOTAL","R90","D01","BG",2012,26930129
"EUR","TOTAL","TOTAL","R90","D111","BG",2012,22257152
"EUR","TOTAL","TOTAL","R90","D1111","BG",2012,19505966
"EUR","TOTAL","TOTAL","R91","D01","BG",2012,17082712
"EUR","TOTAL","TOTAL","R91","D111","BG",2012,14123706
"EUR","TOTAL","TOTAL","R91","D1111","BG",2012,12276236
"EUR","TOTAL","TOTAL","R92","D01","BG",2012,38975774
"EUR","TOTAL","TOTAL","R92","D111","BG",2012,32621201
"EUR","TOTAL","TOTAL","R92","D1111","BG",2012,30061349
"EUR","TOTAL","TOTAL","R93","D01","BG",2012,57909787
"EUR","TOTAL","TOTAL","R93","D111","BG",2012,51304018
"EUR","TOTAL","TOTAL","R93","D1111","BG",2012,48158943
"EUR","TOTAL","TOTAL","S","D01","BG",2012,123991564
"EUR","TOTAL","TOTAL","S","D111","BG",2012,106696609
"EUR","TOTAL","TOTAL","S","D1111","BG",2012,98213511
"EUR","TOTAL","TOTAL","S94","D01","BG",2012,80673185
"EUR","TOTAL","TOTAL","S94","D111","BG",2012,70476139
"EUR","TOTAL","TOTAL","S94","D1111","BG",2012,64285883
"EUR","TOTAL","TOTAL","S95","D01","BG",2012,8146925
"EUR","TOTAL","TOTAL","S95","D111","BG",2012,6845941
"EUR","TOTAL","TOTAL","S95","D1111","BG",2012,6402122
"EUR","TOTAL","TOTAL","S96","D01","BG",2012,35171453
"EUR","TOTAL","TOTAL","S96","D111","BG",2012,29374529
"EUR","TOTAL","TOTAL","S96","D1111","BG",2012,27525505
"NAC","P_SAL_H","10-49","B","D01","BG",2012,6.68
"NAC","P_SAL_H","10-49","B","D111","BG",2012,5.56
"NAC","P_SAL_H","10-49","B","D1111","BG",2012,5.06
"NAC","P_SAL_H","10-49","B-E","D01","BG",2012,3.95
"NAC","P_SAL_H","10-49","B-E","D111","BG",2012,3.32
"NAC","P_SAL_H","10-49","B-E","D1111","BG",2012,3.06
"NAC","P_SAL_H","10-49","B-F","D01","BG",2012,4.17
"NAC","P_SAL_H","10-49","B-F","D111","BG",2012,3.51
"NAC","P_SAL_H","10-49","B-F","D1111","BG",2012,3.25
"NAC","P_SAL_H","10-49","B-N","D01","BG",2012,5.08
"NAC","P_SAL_H","10-49","B-N","D111","BG",2012,4.33
"NAC","P_SAL_H","10-49","B-N","D1111","BG",2012,4.02
"NAC","P_SAL_H","10-49","B-S","D01","BG",2012,5.28
"NAC","P_SAL_H","10-49","B-S","D111","BG",2012,4.45
"NAC","P_SAL_H","10-49","B-S","D1111","BG",2012,4.04
"NAC","P_SAL_H","10-49","B-S_X_O","D01","BG",2012,5.16
"NAC","P_SAL_H","10-49","B-S_X_O","D111","BG",2012,4.36
"NAC","P_SAL_H","10-49","B-S_X_O","D1111","BG",2012,3.98
"NAC","P_SAL_H","10-49","B05","D01","BG",2012,NA
"NAC","P_SAL_H","10-49","B05","D111","BG",2012,NA
"NAC","P_SAL_H","10-49","B05","D1111","BG",2012,NA
"NAC","P_SAL_H","10-49","B06","D01","BG",2012,19.04
"NAC","P_SAL_H","10-49","B06","D111","BG",2012,17.02
"NAC","P_SAL_H","10-49","B06","D1111","BG",2012,15.91
"NAC","P_SAL_H","10-49","B07","D01","BG",2012,NA
"NAC","P_SAL_H","10-49","B07","D111","BG",2012,NA
"NAC","P_SAL_H","10-49","B07","D1111","BG",2012,NA
"NAC","P_SAL_H","10-49","B08","D01","BG",2012,6.21
"NAC","P_SAL_H","10-49","B08","D111","BG",2012,5.13
"NAC","P_SAL_H","10-49","B08","D1111","BG",2012,4.66
"NAC","P_SAL_H","10-49","B09","D01","BG",2012,NA
"NAC","P_SAL_H","10-49","B09","D111","BG",2012,NA
"NAC","P_SAL_H","10-49","B09","D1111","BG",2012,NA
"NAC","P_SAL_H","10-49","C","D01","BG",2012,3.79
"NAC","P_SAL_H","10-49","C","D111","BG",2012,3.18
"NAC","P_SAL_H","10-49","C","D1111","BG",2012,2.94
"NAC","P_SAL_H","10-49","C10","D01","BG",2012,3.48
"NAC","P_SAL_H","10-49","C10","D111","BG",2012,2.91
"NAC","P_SAL_H","10-49","C10","D1111","BG",2012,2.7
"NAC","P_SAL_H","10-49","C11","D01","BG",2012,4.46
"NAC","P_SAL_H","10-49","C11","D111","BG",2012,3.76
"NAC","P_SAL_H","10-49","C11","D1111","BG",2012,3.44
"NAC","P_SAL_H","10-49","C12","D01","BG",2012,NA
"NAC","P_SAL_H","10-49","C12","D111","BG",2012,NA
"NAC","P_SAL_H","10-49","C12","D1111","BG",2012,NA
"NAC","P_SAL_H","10-49","C13","D01","BG",2012,3.73
"NAC","P_SAL_H","10-49","C13","D111","BG",2012,3.1
"NAC","P_SAL_H","10-49","C13","D1111","BG",2012,2.84
"NAC","P_SAL_H","10-49","C14","D01","BG",2012,2.91
"NAC","P_SAL_H","10-49","C14","D111","BG",2012,2.42
"NAC","P_SAL_H","10-49","C14","D1111","BG",2012,2.24
"NAC","P_SAL_H","10-49","C15","D01","BG",2012,2.86
"NAC","P_SAL_H","10-49","C15","D111","BG",2012,2.39
"NAC","P_SAL_H","10-49","C15","D1111","BG",2012,2.21
"NAC","P_SAL_H","10-49","C16","D01","BG",2012,2.79
"NAC","P_SAL_H","10-49","C16","D111","BG",2012,2.32
"NAC","P_SAL_H","10-49","C16","D1111","BG",2012,2.15
"NAC","P_SAL_H","10-49","C17","D01","BG",2012,3.48
"NAC","P_SAL_H","10-49","C17","D111","BG",2012,2.91
"NAC","P_SAL_H","10-49","C17","D1111","BG",2012,2.67
"NAC","P_SAL_H","10-49","C18","D01","BG",2012,4.06
"NAC","P_SAL_H","10-49","C18","D111","BG",2012,3.44
"NAC","P_SAL_H","10-49","C18","D1111","BG",2012,3.16
"NAC","P_SAL_H","10-49","C19","D01","BG",2012,NA
"NAC","P_SAL_H","10-49","C19","D111","BG",2012,NA
"NAC","P_SAL_H","10-49","C19","D1111","BG",2012,NA
"NAC","P_SAL_H","10-49","C20","D01","BG",2012,4.87
"NAC","P_SAL_H","10-49","C20","D111","BG",2012,4.11
"NAC","P_SAL_H","10-49","C20","D1111","BG",2012,3.82
"NAC","P_SAL_H","10-49","C21","D01","BG",2012,5.68
"NAC","P_SAL_H","10-49","C21","D111","BG",2012,4.81
"NAC","P_SAL_H","10-49","C21","D1111","BG",2012,4.45
"NAC","P_SAL_H","10-49","C22","D01","BG",2012,3.97
"NAC","P_SAL_H","10-49","C22","D111","BG",2012,3.33
"NAC","P_SAL_H","10-49","C22","D1111","BG",2012,3.06
"NAC","P_SAL_H","10-49","C23","D01","BG",2012,4.5
"NAC","P_SAL_H","10-49","C23","D111","BG",2012,3.72
"NAC","P_SAL_H","10-49","C23","D1111","BG",2012,3.44
"NAC","P_SAL_H","10-49","C24","D01","BG",2012,4.93
"NAC","P_SAL_H","10-49","C24","D111","BG",2012,4.04
"NAC","P_SAL_H","10-49","C24","D1111","BG",2012,3.72
"NAC","P_SAL_H","10-49","C25","D01","BG",2012,4.34
"NAC","P_SAL_H","10-49","C25","D111","BG",2012,3.64
"NAC","P_SAL_H","10-49","C25","D1111","BG",2012,3.34
"NAC","P_SAL_H","10-49","C26","D01","BG",2012,6.39
"NAC","P_SAL_H","10-49","C26","D111","BG",2012,5.46
"NAC","P_SAL_H","10-49","C26","D1111","BG",2012,5.03
"NAC","P_SAL_H","10-49","C27","D01","BG",2012,6.22
"NAC","P_SAL_H","10-49","C27","D111","BG",2012,5.4
"NAC","P_SAL_H","10-49","C27","D1111","BG",2012,5.03
"NAC","P_SAL_H","10-49","C28","D01","BG",2012,4.83
"NAC","P_SAL_H","10-49","C28","D111","BG",2012,4.06
"NAC","P_SAL_H","10-49","C28","D1111","BG",2012,3.74
"NAC","P_SAL_H","10-49","C29","D01","BG",2012,5.94
"NAC","P_SAL_H","10-49","C29","D111","BG",2012,5.03
"NAC","P_SAL_H","10-49","C29","D1111","BG",2012,4.63
"NAC","P_SAL_H","10-49","C30","D01","BG",2012,4.61
"NAC","P_SAL_H","10-49","C30","D111","BG",2012,3.87
"NAC","P_SAL_H","10-49","C30","D1111","BG",2012,3.63
"NAC","P_SAL_H","10-49","C31","D01","BG",2012,2.9
"NAC","P_SAL_H","10-49","C31","D111","BG",2012,2.43
"NAC","P_SAL_H","10-49","C31","D1111","BG",2012,2.24
"NAC","P_SAL_H","10-49","C32","D01","BG",2012,NA
"NAC","P_SAL_H","10-49","C32","D111","BG",2012,NA
"NAC","P_SAL_H","10-49","C32","D1111","BG",2012,NA
"NAC","P_SAL_H","10-49","C33","D01","BG",2012,5.83
"NAC","P_SAL_H","10-49","C33","D111","BG",2012,4.91
"NAC","P_SAL_H","10-49","C33","D1111","BG",2012,4.55
"NAC","P_SAL_H","10-49","D","D01","BG",2012,11.35
"NAC","P_SAL_H","10-49","D","D111","BG",2012,9.97
"NAC","P_SAL_H","10-49","D","D1111","BG",2012,8.95
"NAC","P_SAL_H","10-49","D35","D01","BG",2012,11.35
"NAC","P_SAL_H","10-49","D35","D111","BG",2012,9.97
"NAC","P_SAL_H","10-49","D35","D1111","BG",2012,8.95
"NAC","P_SAL_H","10-49","E","D01","BG",2012,4.45
"NAC","P_SAL_H","10-49","E","D111","BG",2012,3.76
"NAC","P_SAL_H","10-49","E","D1111","BG",2012,3.43
"NAC","P_SAL_H","10-49","E36","D01","BG",2012,4.82
"NAC","P_SAL_H","10-49","E36","D111","BG",2012,4.01
"NAC","P_SAL_H","10-49","E36","D1111","BG",2012,3.33
"NAC","P_SAL_H","10-49","E37","D01","BG",2012,4.6
"NAC","P_SAL_H","10-49","E37","D111","BG",2012,3.85
"NAC","P_SAL_H","10-49","E37","D1111","BG",2012,3.54
"NAC","P_SAL_H","10-49","E38","D01","BG",2012,4.18
"NAC","P_SAL_H","10-49","E38","D111","BG",2012,3.53
"NAC","P_SAL_H","10-49","E38","D1111","BG",2012,3.24
"NAC","P_SAL_H","10-49","E39","D01","BG",2012,7.28
"NAC","P_SAL_H","10-49","E39","D111","BG",2012,6.33
"NAC","P_SAL_H","10-49","E39","D1111","BG",2012,5.84
"NAC","P_SAL_H","10-49","F","D01","BG",2012,4.76
"NAC","P_SAL_H","10-49","F","D111","BG",2012,4.02
"NAC","P_SAL_H","10-49","F","D1111","BG",2012,3.75
"NAC","P_SAL_H","10-49","F41","D01","BG",2012,4.2
"NAC","P_SAL_H","10-49","F41","D111","BG",2012,3.53
"NAC","P_SAL_H","10-49","F41","D1111","BG",2012,3.29
"NAC","P_SAL_H","10-49","F42","D01","BG",2012,5.93
"NAC","P_SAL_H","10-49","F42","D111","BG",2012,5.06
"NAC","P_SAL_H","10-49","F42","D1111","BG",2012,4.74
"NAC","P_SAL_H","10-49","F43","D01","BG",2012,4.9
"NAC","P_SAL_H","10-49","F43","D111","BG",2012,4.14
"NAC","P_SAL_H","10-49","F43","D1111","BG",2012,3.85
"NAC","P_SAL_H","10-49","G","D01","BG",2012,5.11
"NAC","P_SAL_H","10-49","G","D111","BG",2012,4.36
"NAC","P_SAL_H","10-49","G","D1111","BG",2012,4.05
"NAC","P_SAL_H","10-49","G-J","D01","BG",2012,5.18
"NAC","P_SAL_H","10-49","G-J","D111","BG",2012,4.41
"NAC","P_SAL_H","10-49","G-J","D1111","BG",2012,4.11
"NAC","P_SAL_H","10-49","G-N","D01","BG",2012,5.66
"NAC","P_SAL_H","10-49","G-N","D111","BG",2012,4.85
"NAC","P_SAL_H","10-49","G-N","D1111","BG",2012,4.51
"NAC","P_SAL_H","10-49","G-S_X_O","D01","BG",2012,5.6
"NAC","P_SAL_H","10-49","G-S_X_O","D111","BG",2012,4.74
"NAC","P_SAL_H","10-49","G-S_X_O","D1111","BG",2012,4.3
"NAC","P_SAL_H","10-49","G45","D01","BG",2012,5.39
"NAC","P_SAL_H","10-49","G45","D111","BG",2012,4.58
"NAC","P_SAL_H","10-49","G45","D1111","BG",2012,4.25
"NAC","P_SAL_H","10-49","G46","D01","BG",2012,6.34
"NAC","P_SAL_H","10-49","G46","D111","BG",2012,5.48
"NAC","P_SAL_H","10-49","G46","D1111","BG",2012,5.09
"NAC","P_SAL_H","10-49","G47","D01","BG",2012,3.86
"NAC","P_SAL_H","10-49","G47","D111","BG",2012,3.22
"NAC","P_SAL_H","10-49","G47","D1111","BG",2012,2.99
"NAC","P_SAL_H","10-49","H","D01","BG",2012,4.52
"NAC","P_SAL_H","10-49","H","D111","BG",2012,3.71
"NAC","P_SAL_H","10-49","H","D1111","BG",2012,3.46
"NAC","P_SAL_H","10-49","H49","D01","BG",2012,3.76
"NAC","P_SAL_H","10-49","H49","D111","BG",2012,3.03
"NAC","P_SAL_H","10-49","H49","D1111","BG",2012,2.83
"NAC","P_SAL_H","10-49","H50","D01","BG",2012,7.14
"NAC","P_SAL_H","10-49","H50","D111","BG",2012,6.17
"NAC","P_SAL_H","10-49","H50","D1111","BG",2012,5.94
"NAC","P_SAL_H","10-49","H51","D01","BG",2012,13.83
"NAC","P_SAL_H","10-49","H51","D111","BG",2012,11.45
"NAC","P_SAL_H","10-49","H51","D1111","BG",2012,10.45
"NAC","P_SAL_H","10-49","H52","D01","BG",2012,8.53
"NAC","P_SAL_H","10-49","H52","D111","BG",2012,7.34
"NAC","P_SAL_H","10-49","H52","D1111","BG",2012,6.8
"NAC","P_SAL_H","10-49","H53","D01","BG",2012,NA
"NAC","P_SAL_H","10-49","H53","D111","BG",2012,NA
"NAC","P_SAL_H","10-49","H53","D1111","BG",2012,NA
"NAC","P_SAL_H","10-49","I","D01","BG",2012,3.58
"NAC","P_SAL_H","10-49","I","D111","BG",2012,2.99
"NAC","P_SAL_H","10-49","I","D1111","BG",2012,2.81
"NAC","P_SAL_H","10-49","I55","D01","BG",2012,4.2
"NAC","P_SAL_H","10-49","I55","D111","BG",2012,3.5
"NAC","P_SAL_H","10-49","I55","D1111","BG",2012,3.28
"NAC","P_SAL_H","10-49","I56","D01","BG",2012,3.31
"NAC","P_SAL_H","10-49","I56","D111","BG",2012,2.76
"NAC","P_SAL_H","10-49","I56","D1111","BG",2012,2.6
"NAC","P_SAL_H","10-49","J","D01","BG",2012,11.56
"NAC","P_SAL_H","10-49","J","D111","BG",2012,10.2
"NAC","P_SAL_H","10-49","J","D1111","BG",2012,9.49
"NAC","P_SAL_H","10-49","J58","D01","BG",2012,6.77
"NAC","P_SAL_H","10-49","J58","D111","BG",2012,5.84
"NAC","P_SAL_H","10-49","J58","D1111","BG",2012,5.42
"NAC","P_SAL_H","10-49","J59","D01","BG",2012,12.51
"NAC","P_SAL_H","10-49","J59","D111","BG",2012,11.13
"NAC","P_SAL_H","10-49","J59","D1111","BG",2012,10.42
"NAC","P_SAL_H","10-49","J60","D01","BG",2012,7.67
"NAC","P_SAL_H","10-49","J60","D111","BG",2012,6.53
"NAC","P_SAL_H","10-49","J60","D1111","BG",2012,6.05
"NAC","P_SAL_H","10-49","J61","D01","BG",2012,5.13
"NAC","P_SAL_H","10-49","J61","D111","BG",2012,4.33
"NAC","P_SAL_H","10-49","J61","D1111","BG",2012,3.98
"NAC","P_SAL_H","10-49","J62","D01","BG",2012,15.35
"NAC","P_SAL_H","10-49","J62","D111","BG",2012,13.65
"NAC","P_SAL_H","10-49","J62","D1111","BG",2012,12.7
"NAC","P_SAL_H","10-49","J63","D01","BG",2012,10.62
"NAC","P_SAL_H","10-49","J63","D111","BG",2012,9.41
"NAC","P_SAL_H","10-49","J63","D1111","BG",2012,8.79
"NAC","P_SAL_H","10-49","K","D01","BG",2012,11.76
"NAC","P_SAL_H","10-49","K","D111","BG",2012,10.38
"NAC","P_SAL_H","10-49","K","D1111","BG",2012,9.6
"NAC","P_SAL_H","10-49","K-N","D01","BG",2012,7.58
"NAC","P_SAL_H","10-49","K-N","D111","BG",2012,6.62
"NAC","P_SAL_H","10-49","K-N","D1111","BG",2012,6.14
"NAC","P_SAL_H","10-49","K64","D01","BG",2012,12.35
"NAC","P_SAL_H","10-49","K64","D111","BG",2012,10.94
"NAC","P_SAL_H","10-49","K64","D1111","BG",2012,10.11
"NAC","P_SAL_H","10-49","K65","D01","BG",2012,15.53
"NAC","P_SAL_H","10-49","K65","D111","BG",2012,13.66
"NAC","P_SAL_H","10-49","K65","D1111","BG",2012,12.37
"NAC","P_SAL_H","10-49","K66","D01","BG",2012,9.42
"NAC","P_SAL_H","10-49","K66","D111","BG",2012,8.29
"NAC","P_SAL_H","10-49","K66","D1111","BG",2012,7.76
"NAC","P_SAL_H","10-49","L","D01","BG",2012,6.59
"NAC","P_SAL_H","10-49","L","D111","BG",2012,5.65
"NAC","P_SAL_H","10-49","L","D1111","BG",2012,5.18
"NAC","P_SAL_H","10-49","L68","D01","BG",2012,6.59
"NAC","P_SAL_H","10-49","L68","D111","BG",2012,5.65
"NAC","P_SAL_H","10-49","L68","D1111","BG",2012,5.18
"NAC","P_SAL_H","10-49","M","D01","BG",2012,10.63
"NAC","P_SAL_H","10-49","M","D111","BG",2012,9.39
"NAC","P_SAL_H","10-49","M","D1111","BG",2012,8.75
"NAC","P_SAL_H","10-49","M69","D01","BG",2012,8.38
"NAC","P_SAL_H","10-49","M69","D111","BG",2012,7.26
"NAC","P_SAL_H","10-49","M69","D1111","BG",2012,6.76
"NAC","P_SAL_H","10-49","M70","D01","BG",2012,18.21
"NAC","P_SAL_H","10-49","M70","D111","BG",2012,16.7
"NAC","P_SAL_H","10-49","M70","D1111","BG",2012,15.85
"NAC","P_SAL_H","10-49","M71","D01","BG",2012,10.59
"NAC","P_SAL_H","10-49","M71","D111","BG",2012,9.24
"NAC","P_SAL_H","10-49","M71","D1111","BG",2012,8.56
"NAC","P_SAL_H","10-49","M72","D01","BG",2012,7.11
"NAC","P_SAL_H","10-49","M72","D111","BG",2012,6.03
"NAC","P_SAL_H","10-49","M72","D1111","BG",2012,5.41
"NAC","P_SAL_H","10-49","M73","D01","BG",2012,10.35
"NAC","P_SAL_H","10-49","M73","D111","BG",2012,9.17
"NAC","P_SAL_H","10-49","M73","D1111","BG",2012,8.55
"NAC","P_SAL_H","10-49","M74","D01","BG",2012,10.36
"NAC","P_SAL_H","10-49","M74","D111","BG",2012,9.17
"NAC","P_SAL_H","10-49","M74","D1111","BG",2012,8.56
"NAC","P_SAL_H","10-49","M75","D01","BG",2012,3.64
"NAC","P_SAL_H","10-49","M75","D111","BG",2012,3.1
"NAC","P_SAL_H","10-49","M75","D1111","BG",2012,2.87
"NAC","P_SAL_H","10-49","N","D01","BG",2012,4.08
"NAC","P_SAL_H","10-49","N","D111","BG",2012,3.49
"NAC","P_SAL_H","10-49","N","D1111","BG",2012,3.25
"NAC","P_SAL_H","10-49","N77","D01","BG",2012,7.44
"NAC","P_SAL_H","10-49","N77","D111","BG",2012,6.35
"NAC","P_SAL_H","10-49","N77","D1111","BG",2012,5.93
"NAC","P_SAL_H","10-49","N78","D01","BG",2012,6.89
"NAC","P_SAL_H","10-49","N78","D111","BG",2012,5.81
"NAC","P_SAL_H","10-49","N78","D1111","BG",2012,5.38
"NAC","P_SAL_H","10-49","N79","D01","BG",2012,6.31
"NAC","P_SAL_H","10-49","N79","D111","BG",2012,5.39
"NAC","P_SAL_H","10-49","N79","D1111","BG",2012,5.05
"NAC","P_SAL_H","10-49","N80","D01","BG",2012,2.96
"NAC","P_SAL_H","10-49","N80","D111","BG",2012,2.5
"NAC","P_SAL_H","10-49","N80","D1111","BG",2012,2.34
"NAC","P_SAL_H","10-49","N81","D01","BG",2012,3.04
"NAC","P_SAL_H","10-49","N81","D111","BG",2012,2.65
"NAC","P_SAL_H","10-49","N81","D1111","BG",2012,2.44
"NAC","P_SAL_H","10-49","N82","D01","BG",2012,6.11
"NAC","P_SAL_H","10-49","N82","D111","BG",2012,5.29
"NAC","P_SAL_H","10-49","N82","D1111","BG",2012,4.91
"NAC","P_SAL_H","10-49","O","D01","BG",2012,9.18
"NAC","P_SAL_H","10-49","O","D111","BG",2012,7.2
"NAC","P_SAL_H","10-49","O","D1111","BG",2012,6.12
"NAC","P_SAL_H","10-49","O-S","D01","BG",2012,5.94
"NAC","P_SAL_H","10-49","O-S","D111","BG",2012,4.84
"NAC","P_SAL_H","10-49","O-S","D1111","BG",2012,4.12
"NAC","P_SAL_H","10-49","O84","D01","BG",2012,9.18
"NAC","P_SAL_H","10-49","O84","D111","BG",2012,7.2
"NAC","P_SAL_H","10-49","O84","D1111","BG",2012,6.12
"NAC","P_SAL_H","10-49","P","D01","BG",2012,5.85
"NAC","P_SAL_H","10-49","P","D111","BG",2012,4.75
"NAC","P_SAL_H","10-49","P","D1111","BG",2012,3.9
"NAC","P_SAL_H","10-49","P-S","D01","BG",2012,5.47
"NAC","P_SAL_H","10-49","P-S","D111","BG",2012,4.5
"NAC","P_SAL_H","10-49","P-S","D1111","BG",2012,3.83
"NAC","P_SAL_H","10-49","P85","D01","BG",2012,5.85
"NAC","P_SAL_H","10-49","P85","D111","BG",2012,4.75
"NAC","P_SAL_H","10-49","P85","D1111","BG",2012,3.9
"NAC","P_SAL_H","10-49","Q","D01","BG",2012,5.06
"NAC","P_SAL_H","10-49","Q","D111","BG",2012,4.27
"NAC","P_SAL_H","10-49","Q","D1111","BG",2012,3.86
"NAC","P_SAL_H","10-49","Q86","D01","BG",2012,6.16
"NAC","P_SAL_H","10-49","Q86","D111","BG",2012,5.23
"NAC","P_SAL_H","10-49","Q86","D1111","BG",2012,4.82
"NAC","P_SAL_H","10-49","Q87","D01","BG",2012,3.96
"NAC","P_SAL_H","10-49","Q87","D111","BG",2012,3.26
"NAC","P_SAL_H","10-49","Q87","D1111","BG",2012,2.85
"NAC","P_SAL_H","10-49","Q88","D01","BG",2012,3.65
"NAC","P_SAL_H","10-49","Q88","D111","BG",2012,3.07
"NAC","P_SAL_H","10-49","Q88","D1111","BG",2012,2.69
"NAC","P_SAL_H","10-49","R","D01","BG",2012,4.27
"NAC","P_SAL_H","10-49","R","D111","BG",2012,3.58
"NAC","P_SAL_H","10-49","R","D1111","BG",2012,3.28
"NAC","P_SAL_H","10-49","R90","D01","BG",2012,4.69
"NAC","P_SAL_H","10-49","R90","D111","BG",2012,3.87
"NAC","P_SAL_H","10-49","R90","D1111","BG",2012,3.43
"NAC","P_SAL_H","10-49","R91","D01","BG",2012,4.25
"NAC","P_SAL_H","10-49","R91","D111","BG",2012,3.52
"NAC","P_SAL_H","10-49","R91","D1111","BG",2012,3.06
"NAC","P_SAL_H","10-49","R92","D01","BG",2012,3.51
"NAC","P_SAL_H","10-49","R92","D111","BG",2012,2.94
"NAC","P_SAL_H","10-49","R92","D1111","BG",2012,2.76
"NAC","P_SAL_H","10-49","R93","D01","BG",2012,4.89
"NAC","P_SAL_H","10-49","R93","D111","BG",2012,4.18
"NAC","P_SAL_H","10-49","R93","D1111","BG",2012,3.9
"NAC","P_SAL_H","10-49","S","D01","BG",2012,4.85
"NAC","P_SAL_H","10-49","S","D111","BG",2012,4.16
"NAC","P_SAL_H","10-49","S","D1111","BG",2012,3.78
"NAC","P_SAL_H","10-49","S94","D01","BG",2012,5.85
"NAC","P_SAL_H","10-49","S94","D111","BG",2012,5.09
"NAC","P_SAL_H","10-49","S94","D1111","BG",2012,4.61
"NAC","P_SAL_H","10-49","S95","D01","BG",2012,NA
"NAC","P_SAL_H","10-49","S95","D111","BG",2012,NA
"NAC","P_SAL_H","10-49","S95","D1111","BG",2012,NA
"NAC","P_SAL_H","10-49","S96","D01","BG",2012,3.39
"NAC","P_SAL_H","10-49","S96","D111","BG",2012,2.82
"NAC","P_SAL_H","10-49","S96","D1111","BG",2012,2.59
"NAC","P_SAL_H","250-499","B","D01","BG",2012,6.92
"NAC","P_SAL_H","250-499","B","D111","BG",2012,5.34
"NAC","P_SAL_H","250-499","B","D1111","BG",2012,4.77
"NAC","P_SAL_H","250-499","B-E","D01","BG",2012,6.67
"NAC","P_SAL_H","250-499","B-E","D111","BG",2012,5.55
"NAC","P_SAL_H","250-499","B-E","D1111","BG",2012,4.88
"NAC","P_SAL_H","250-499","B-F","D01","BG",2012,6.79
"NAC","P_SAL_H","250-499","B-F","D111","BG",2012,5.65
"NAC","P_SAL_H","250-499","B-F","D1111","BG",2012,4.99
"NAC","P_SAL_H","250-499","B-N","D01","BG",2012,7.32
"NAC","P_SAL_H","250-499","B-N","D111","BG",2012,6.18
"NAC","P_SAL_H","250-499","B-N","D1111","BG",2012,5.52
"NAC","P_SAL_H","250-499","B-S","D01","BG",2012,7.54
"NAC","P_SAL_H","250-499","B-S","D111","BG",2012,6.31
"NAC","P_SAL_H","250-499","B-S","D1111","BG",2012,5.6
"NAC","P_SAL_H","250-499","B-S_X_O","D01","BG",2012,7.36
"NAC","P_SAL_H","250-499","B-S_X_O","D111","BG",2012,6.21
"NAC","P_SAL_H","250-499","B-S_X_O","D1111","BG",2012,5.52
"NAC","P_SAL_H","250-499","B05","D01","BG",2012,5.66
"NAC","P_SAL_H","250-499","B05","D111","BG",2012,4.3
"NAC","P_SAL_H","250-499","B05","D1111","BG",2012,3.88
"NAC","P_SAL_H","250-499","B06","D01","BG",2012,NA
"NAC","P_SAL_H","250-499","B06","D111","BG",2012,NA
"NAC","P_SAL_H","250-499","B06","D1111","BG",2012,NA
"NAC","P_SAL_H","250-499","B07","D01","BG",2012,8.33
"NAC","P_SAL_H","250-499","B07","D111","BG",2012,6.39
"NAC","P_SAL_H","250-499","B07","D1111","BG",2012,5.76
"NAC","P_SAL_H","250-499","B08","D01","BG",2012,5.73
"NAC","P_SAL_H","250-499","B08","D111","BG",2012,4.6
"NAC","P_SAL_H","250-499","B08","D1111","BG",2012,3.96
"NAC","P_SAL_H","250-499","C","D01","BG",2012,6.44
"NAC","P_SAL_H","250-499","C","D111","BG",2012,5.38
"NAC","P_SAL_H","250-499","C","D1111","BG",2012,4.76
"NAC","P_SAL_H","250-499","C10","D01","BG",2012,NA
"NAC","P_SAL_H","250-499","C10","D111","BG",2012,NA
"NAC","P_SAL_H","250-499","C10","D1111","BG",2012,NA
"NAC","P_SAL_H","250-499","C11","D01","BG",2012,8.07
"NAC","P_SAL_H","250-499","C11","D111","BG",2012,6.85
"NAC","P_SAL_H","250-499","C11","D1111","BG",2012,6.27
"NAC","P_SAL_H","250-499","C12","D01","BG",2012,11.72
"NAC","P_SAL_H","250-499","C12","D111","BG",2012,10.09
"NAC","P_SAL_H","250-499","C12","D1111","BG",2012,8.79
"NAC","P_SAL_H","250-499","C13","D01","BG",2012,4.62
"NAC","P_SAL_H","250-499","C13","D111","BG",2012,3.76
"NAC","P_SAL_H","250-499","C13","D1111","BG",2012,3.27
"NAC","P_SAL_H","250-499","C14","D01","BG",2012,4.19
"NAC","P_SAL_H","250-499","C14","D111","BG",2012,3.51
"NAC","P_SAL_H","250-499","C14","D1111","BG",2012,3.12
"NAC","P_SAL_H","250-499","C15","D01","BG",2012,4.44
"NAC","P_SAL_H","250-499","C15","D111","BG",2012,3.77
"NAC","P_SAL_H","250-499","C15","D1111","BG",2012,3.26
"NAC","P_SAL_H","250-499","C16","D01","BG",2012,NA
"NAC","P_SAL_H","250-499","C16","D111","BG",2012,NA
"NAC","P_SAL_H","250-499","C16","D1111","BG",2012,NA
"NAC","P_SAL_H","250-499","C17","D01","BG",2012,6.04
"NAC","P_SAL_H","250-499","C17","D111","BG",2012,4.95
"NAC","P_SAL_H","250-499","C17","D1111","BG",2012,4.27
"NAC","P_SAL_H","250-499","C18","D01","BG",2012,8.95
"NAC","P_SAL_H","250-499","C18","D111","BG",2012,7.67
"NAC","P_SAL_H","250-499","C18","D1111","BG",2012,6.93
"NAC","P_SAL_H","250-499","C19","D01","BG",2012,NA
"NAC","P_SAL_H","250-499","C19","D111","BG",2012,NA
"NAC","P_SAL_H","250-499","C19","D1111","BG",2012,NA
"NAC","P_SAL_H","250-499","C20","D01","BG",2012,11.4
"NAC","P_SAL_H","250-499","C20","D111","BG",2012,9.49
"NAC","P_SAL_H","250-499","C20","D1111","BG",2012,8.27
"NAC","P_SAL_H","250-499","C21","D01","BG",2012,8.13
"NAC","P_SAL_H","250-499","C21","D111","BG",2012,6.82
"NAC","P_SAL_H","250-499","C21","D1111","BG",2012,5.91
"NAC","P_SAL_H","250-499","C22","D01","BG",2012,4.76
"NAC","P_SAL_H","250-499","C22","D111","BG",2012,4.02
"NAC","P_SAL_H","250-499","C22","D1111","BG",2012,3.72
"NAC","P_SAL_H","250-499","C23","D01","BG",2012,NA
"NAC","P_SAL_H","250-499","C23","D111","BG",2012,NA
"NAC","P_SAL_H","250-499","C23","D1111","BG",2012,NA
"NAC","P_SAL_H","250-499","C24","D01","BG",2012,8.06
"NAC","P_SAL_H","250-499","C24","D111","BG",2012,6.39
"NAC","P_SAL_H","250-499","C24","D1111","BG",2012,5.42
"NAC","P_SAL_H","250-499","C25","D01","BG",2012,5.91
"NAC","P_SAL_H","250-499","C25","D111","BG",2012,4.92
"NAC","P_SAL_H","250-499","C25","D1111","BG",2012,4.23
"NAC","P_SAL_H","250-499","C26","D01","BG",2012,8.69
"NAC","P_SAL_H","250-499","C26","D111","BG",2012,7.42
"NAC","P_SAL_H","250-499","C26","D1111","BG",2012,6.24
"NAC","P_SAL_H","250-499","C27","D01","BG",2012,7.2
"NAC","P_SAL_H","250-499","C27","D111","BG",2012,6.07
"NAC","P_SAL_H","250-499","C27","D1111","BG",2012,5.41
"NAC","P_SAL_H","250-499","C28","D01","BG",2012,7.4
"NAC","P_SAL_H","250-499","C28","D111","BG",2012,6.18
"NAC","P_SAL_H","250-499","C28","D1111","BG",2012,5.54
"NAC","P_SAL_H","250-499","C29","D01","BG",2012,5.97
"NAC","P_SAL_H","250-499","C29","D111","BG",2012,4.99
"NAC","P_SAL_H","250-499","C29","D1111","BG",2012,4.46
"NAC","P_SAL_H","250-499","C30","D01","BG",2012,6.63
"NAC","P_SAL_H","250-499","C30","D111","BG",2012,5.48
"NAC","P_SAL_H","250-499","C30","D1111","BG",2012,4.99
"NAC","P_SAL_H","250-499","C31","D01","BG",2012,NA
"NAC","P_SAL_H","250-499","C31","D111","BG",2012,NA
"NAC","P_SAL_H","250-499","C31","D1111","BG",2012,NA
"NAC","P_SAL_H","250-499","C32","D01","BG",2012,NA
"NAC","P_SAL_H","250-499","C32","D111","BG",2012,NA
"NAC","P_SAL_H","250-499","C32","D1111","BG",2012,NA
"NAC","P_SAL_H","250-499","C33","D01","BG",2012,7.55
"NAC","P_SAL_H","250-499","C33","D111","BG",2012,5.81
"NAC","P_SAL_H","250-499","C33","D1111","BG",2012,5.1
"NAC","P_SAL_H","250-499","D","D01","BG",2012,17.72
"NAC","P_SAL_H","250-499","D","D111","BG",2012,14.49
"NAC","P_SAL_H","250-499","D","D1111","BG",2012,12.39
"NAC","P_SAL_H","250-499","D35","D01","BG",2012,17.72
"NAC","P_SAL_H","250-499","D35","D111","BG",2012,14.49
"NAC","P_SAL_H","250-499","D35","D1111","BG",2012,12.39
"NAC","P_SAL_H","250-499","E","D01","BG",2012,5.22
"NAC","P_SAL_H","250-499","E","D111","BG",2012,4.35
"NAC","P_SAL_H","250-499","E","D1111","BG",2012,3.72
"NAC","P_SAL_H","250-499","E36","D01","BG",2012,5.63
"NAC","P_SAL_H","250-499","E36","D111","BG",2012,4.69
"NAC","P_SAL_H","250-499","E36","D1111","BG",2012,3.84
"NAC","P_SAL_H","250-499","E37","D01","BG",2012,NA
"NAC","P_SAL_H","250-499","E37","D111","BG",2012,NA
"NAC","P_SAL_H","250-499","E37","D1111","BG",2012,NA
"NAC","P_SAL_H","250-499","E38","D01","BG",2012,4.75
"NAC","P_SAL_H","250-499","E38","D111","BG",2012,3.98
"NAC","P_SAL_H","250-499","E38","D1111","BG",2012,3.62
"NAC","P_SAL_H","250-499","F","D01","BG",2012,7.57
"NAC","P_SAL_H","250-499","F","D111","BG",2012,6.37
"NAC","P_SAL_H","250-499","F","D1111","BG",2012,5.77
"NAC","P_SAL_H","250-499","F41","D01","BG",2012,NA
"NAC","P_SAL_H","250-499","F41","D111","BG",2012,NA
"NAC","P_SAL_H","250-499","F41","D1111","BG",2012,NA
"NAC","P_SAL_H","250-499","F42","D01","BG",2012,7.78
"NAC","P_SAL_H","250-499","F42","D111","BG",2012,6.53
"NAC","P_SAL_H","250-499","F42","D1111","BG",2012,5.94
"NAC","P_SAL_H","250-499","F43","D01","BG",2012,NA
"NAC","P_SAL_H","250-499","F43","D111","BG",2012,NA
"NAC","P_SAL_H","250-499","F43","D1111","BG",2012,NA
"NAC","P_SAL_H","250-499","G","D01","BG",2012,7.15
"NAC","P_SAL_H","250-499","G","D111","BG",2012,6.08
"NAC","P_SAL_H","250-499","G","D1111","BG",2012,5.59
"NAC","P_SAL_H","250-499","G-J","D01","BG",2012,9.77
"NAC","P_SAL_H","250-499","G-J","D111","BG",2012,8.37
"NAC","P_SAL_H","250-499","G-J","D1111","BG",2012,7.57
"NAC","P_SAL_H","250-499","G-N","D01","BG",2012,8.1
"NAC","P_SAL_H","250-499","G-N","D111","BG",2012,6.96
"NAC","P_SAL_H","250-499","G-N","D1111","BG",2012,6.29
"NAC","P_SAL_H","250-499","G-S_X_O","D01","BG",2012,7.95
"NAC","P_SAL_H","250-499","G-S_X_O","D111","BG",2012,6.79
"NAC","P_SAL_H","250-499","G-S_X_O","D1111","BG",2012,6.07
"NAC","P_SAL_H","250-499","G45","D01","BG",2012,9.26
"NAC","P_SAL_H","250-499","G45","D111","BG",2012,7.9
"NAC","P_SAL_H","250-499","G45","D1111","BG",2012,7.2
"NAC","P_SAL_H","250-499","G46","D01","BG",2012,7.61
"NAC","P_SAL_H","250-499","G46","D111","BG",2012,6.49
"NAC","P_SAL_H","250-499","G46","D1111","BG",2012,5.92
"NAC","P_SAL_H","250-499","G47","D01","BG",2012,6.24
"NAC","P_SAL_H","250-499","G47","D111","BG",2012,5.29
"NAC","P_SAL_H","250-499","G47","D1111","BG",2012,4.91
"NAC","P_SAL_H","250-499","H","D01","BG",2012,6.43
"NAC","P_SAL_H","250-499","H","D111","BG",2012,5.06
"NAC","P_SAL_H","250-499","H","D1111","BG",2012,4.25
"NAC","P_SAL_H","250-499","H49","D01","BG",2012,5.93
"NAC","P_SAL_H","250-499","H49","D111","BG",2012,4.62
"NAC","P_SAL_H","250-499","H49","D1111","BG",2012,3.89
"NAC","P_SAL_H","250-499","H50","D01","BG",2012,NA
"NAC","P_SAL_H","250-499","H50","D111","BG",2012,NA
"NAC","P_SAL_H","250-499","H50","D1111","BG",2012,NA
"NAC","P_SAL_H","250-499","H51","D01","BG",2012,NA
"NAC","P_SAL_H","250-499","H51","D111","BG",2012,NA
"NAC","P_SAL_H","250-499","H51","D1111","BG",2012,NA
"NAC","P_SAL_H","250-499","H52","D01","BG",2012,NA
"NAC","P_SAL_H","250-499","H52","D111","BG",2012,NA
"NAC","P_SAL_H","250-499","H52","D1111","BG",2012,NA
"NAC","P_SAL_H","250-499","H53","D01","BG",2012,NA
"NAC","P_SAL_H","250-499","H53","D111","BG",2012,NA
"NAC","P_SAL_H","250-499","H53","D1111","BG",2012,NA
"NAC","P_SAL_H","250-499","I","D01","BG",2012,4.56
"NAC","P_SAL_H","250-499","I","D111","BG",2012,3.8
"NAC","P_SAL_H","250-499","I","D1111","BG",2012,3.45
"NAC","P_SAL_H","250-499","I55","D01","BG",2012,5.19
"NAC","P_SAL_H","250-499","I55","D111","BG",2012,4.33
"NAC","P_SAL_H","250-499","I55","D1111","BG",2012,3.89
"NAC","P_SAL_H","250-499","I56","D01","BG",2012,3.17
"NAC","P_SAL_H","250-499","I56","D111","BG",2012,2.64
"NAC","P_SAL_H","250-499","I56","D1111","BG",2012,2.48
"NAC","P_SAL_H","250-499","J","D01","BG",2012,20.92
"NAC","P_SAL_H","250-499","J","D111","BG",2012,18.42
"NAC","P_SAL_H","250-499","J","D1111","BG",2012,16.71
"NAC","P_SAL_H","250-499","J58","D01","BG",2012,NA
"NAC","P_SAL_H","250-499","J58","D111","BG",2012,NA
"NAC","P_SAL_H","250-499","J58","D1111","BG",2012,NA
"NAC","P_SAL_H","250-499","J60","D01","BG",2012,19.63
"NAC","P_SAL_H","250-499","J60","D111","BG",2012,17.19
"NAC","P_SAL_H","250-499","J60","D1111","BG",2012,15.64
"NAC","P_SAL_H","250-499","J61","D01","BG",2012,10.74
"NAC","P_SAL_H","250-499","J61","D111","BG",2012,8.75
"NAC","P_SAL_H","250-499","J61","D1111","BG",2012,7.97
"NAC","P_SAL_H","250-499","J62","D01","BG",2012,28.06
"NAC","P_SAL_H","250-499","J62","D111","BG",2012,25.03
"NAC","P_SAL_H","250-499","J62","D1111","BG",2012,22.7
"NAC","P_SAL_H","250-499","J63","D01","BG",2012,14.4
"NAC","P_SAL_H","250-499","J63","D111","BG",2012,12.52
"NAC","P_SAL_H","250-499","J63","D1111","BG",2012,11.32
"NAC","P_SAL_H","250-499","K","D01","BG",2012,11.66
"NAC","P_SAL_H","250-499","K","D111","BG",2012,10.12
"NAC","P_SAL_H","250-499","K","D1111","BG",2012,9.13
"NAC","P_SAL_H","250-499","K-N","D01","BG",2012,6.1
"NAC","P_SAL_H","250-499","K-N","D111","BG",2012,5.26
"NAC","P_SAL_H","250-499","K-N","D1111","BG",2012,4.76
"NAC","P_SAL_H","250-499","K64","D01","BG",2012,12.16
"NAC","P_SAL_H","250-499","K64","D111","BG",2012,10.49
"NAC","P_SAL_H","250-499","K64","D1111","BG",2012,9.3
"NAC","P_SAL_H","250-499","K65","D01","BG",2012,12.38
"NAC","P_SAL_H","250-499","K65","D111","BG",2012,10.78
"NAC","P_SAL_H","250-499","K65","D1111","BG",2012,9.89
"NAC","P_SAL_H","250-499","K66","D01","BG",2012,NA
"NAC","P_SAL_H","250-499","K66","D111","BG",2012,NA
"NAC","P_SAL_H","250-499","K66","D1111","BG",2012,NA
"NAC","P_SAL_H","250-499","L","D01","BG",2012,9.8
"NAC","P_SAL_H","250-499","L","D111","BG",2012,8.23
"NAC","P_SAL_H","250-499","L","D1111","BG",2012,7.47
"NAC","P_SAL_H","250-499","L68","D01","BG",2012,9.8
"NAC","P_SAL_H","250-499","L68","D111","BG",2012,8.23
"NAC","P_SAL_H","250-499","L68","D1111","BG",2012,7.47
"NAC","P_SAL_H","250-499","M","D01","BG",2012,9.8
"NAC","P_SAL_H","250-499","M","D111","BG",2012,8.2
"NAC","P_SAL_H","250-499","M","D1111","BG",2012,7.26
"NAC","P_SAL_H","250-499","M69","D01","BG",2012,NA
"NAC","P_SAL_H","250-499","M69","D111","BG",2012,NA
"NAC","P_SAL_H","250-499","M69","D1111","BG",2012,NA
"NAC","P_SAL_H","250-499","M70","D01","BG",2012,NA
"NAC","P_SAL_H","250-499","M70","D111","BG",2012,NA
"NAC","P_SAL_H","250-499","M70","D1111","BG",2012,NA
"NAC","P_SAL_H","250-499","M71","D01","BG",2012,NA
"NAC","P_SAL_H","250-499","M71","D111","BG",2012,NA
"NAC","P_SAL_H","250-499","M71","D1111","BG",2012,NA
"NAC","P_SAL_H","250-499","M72","D01","BG",2012,4.99
"NAC","P_SAL_H","250-499","M72","D111","BG",2012,4.12
"NAC","P_SAL_H","250-499","M72","D1111","BG",2012,3.71
"NAC","P_SAL_H","250-499","M73","D01","BG",2012,NA
"NAC","P_SAL_H","250-499","M73","D111","BG",2012,NA
"NAC","P_SAL_H","250-499","M73","D1111","BG",2012,NA
"NAC","P_SAL_H","250-499","M74","D01","BG",2012,18.12
"NAC","P_SAL_H","250-499","M74","D111","BG",2012,15.39
"NAC","P_SAL_H","250-499","M74","D1111","BG",2012,14.06
"NAC","P_SAL_H","250-499","N","D01","BG",2012,3.6
"NAC","P_SAL_H","250-499","N","D111","BG",2012,3.16
"NAC","P_SAL_H","250-499","N","D1111","BG",2012,2.91
"NAC","P_SAL_H","250-499","N78","D01","BG",2012,6.41
"NAC","P_SAL_H","250-499","N78","D111","BG",2012,5.42
"NAC","P_SAL_H","250-499","N78","D1111","BG",2012,5.03
"NAC","P_SAL_H","250-499","N80","D01","BG",2012,3.38
"NAC","P_SAL_H","250-499","N80","D111","BG",2012,2.87
"NAC","P_SAL_H","250-499","N80","D1111","BG",2012,2.66
"NAC","P_SAL_H","250-499","N81","D01","BG",2012,2.37
"NAC","P_SAL_H","250-499","N81","D111","BG",2012,2.33
"NAC","P_SAL_H","250-499","N81","D1111","BG",2012,2.11
"NAC","P_SAL_H","250-499","N82","D01","BG",2012,9.18
"NAC","P_SAL_H","250-499","N82","D111","BG",2012,7.71
"NAC","P_SAL_H","250-499","N82","D1111","BG",2012,7.02
"NAC","P_SAL_H","250-499","O","D01","BG",2012,9.14
"NAC","P_SAL_H","250-499","O","D111","BG",2012,7.17
"NAC","P_SAL_H","250-499","O","D1111","BG",2012,6.3
"NAC","P_SAL_H","250-499","O-S","D01","BG",2012,8.27
"NAC","P_SAL_H","250-499","O-S","D111","BG",2012,6.72
"NAC","P_SAL_H","250-499","O-S","D1111","BG",2012,5.86
"NAC","P_SAL_H","250-499","O84","D01","BG",2012,9.14
"NAC","P_SAL_H","250-499","O84","D111","BG",2012,7.17
"NAC","P_SAL_H","250-499","O84","D1111","BG",2012,6.3
"NAC","P_SAL_H","250-499","P","D01","BG",2012,9.6
"NAC","P_SAL_H","250-499","P","D111","BG",2012,7.97
"NAC","P_SAL_H","250-499","P","D1111","BG",2012,6.63
"NAC","P_SAL_H","250-499","P-S","D01","BG",2012,7.59
"NAC","P_SAL_H","250-499","P-S","D111","BG",2012,6.37
"NAC","P_SAL_H","250-499","P-S","D1111","BG",2012,5.52
"NAC","P_SAL_H","250-499","P85","D01","BG",2012,9.6
"NAC","P_SAL_H","250-499","P85","D111","BG",2012,7.97
"NAC","P_SAL_H","250-499","P85","D1111","BG",2012,6.63
"NAC","P_SAL_H","250-499","Q","D01","BG",2012,7.5
"NAC","P_SAL_H","250-499","Q","D111","BG",2012,6.27
"NAC","P_SAL_H","250-499","Q","D1111","BG",2012,5.51
"NAC","P_SAL_H","250-499","Q86","D01","BG",2012,7.77
"NAC","P_SAL_H","250-499","Q86","D111","BG",2012,6.5
"NAC","P_SAL_H","250-499","Q86","D1111","BG",2012,5.72
"NAC","P_SAL_H","250-499","Q87","D01","BG",2012,NA
"NAC","P_SAL_H","250-499","Q87","D111","BG",2012,NA
"NAC","P_SAL_H","250-499","Q87","D1111","BG",2012,NA
"NAC","P_SAL_H","250-499","Q88","D01","BG",2012,4.63
"NAC","P_SAL_H","250-499","Q88","D111","BG",2012,3.86
"NAC","P_SAL_H","250-499","Q88","D1111","BG",2012,3.28
"NAC","P_SAL_H","250-499","R","D01","BG",2012,5.66
"NAC","P_SAL_H","250-499","R","D111","BG",2012,4.74
"NAC","P_SAL_H","250-499","R","D1111","BG",2012,4.17
"NAC","P_SAL_H","250-499","R90","D01","BG",2012,5.51
"NAC","P_SAL_H","250-499","R90","D111","BG",2012,4.58
"NAC","P_SAL_H","250-499","R90","D1111","BG",2012,3.97
"NAC","P_SAL_H","250-499","R91","D01","BG",2012,NA
"NAC","P_SAL_H","250-499","R91","D111","BG",2012,NA
"NAC","P_SAL_H","250-499","R91","D1111","BG",2012,NA
"NAC","P_SAL_H","250-499","R92","D01","BG",2012,NA
"NAC","P_SAL_H","250-499","R92","D111","BG",2012,NA
"NAC","P_SAL_H","250-499","R92","D1111","BG",2012,NA
"NAC","P_SAL_H","250-499","R93","D01","BG",2012,NA
"NAC","P_SAL_H","250-499","R93","D111","BG",2012,NA
"NAC","P_SAL_H","250-499","R93","D1111","BG",2012,NA
"NAC","P_SAL_H","250-499","S","D01","BG",2012,3.56
"NAC","P_SAL_H","250-499","S","D111","BG",2012,3.54
"NAC","P_SAL_H","250-499","S","D1111","BG",2012,3.3
"NAC","P_SAL_H","250-499","S94","D01","BG",2012,3.56
"NAC","P_SAL_H","250-499","S94","D111","BG",2012,3.54
"NAC","P_SAL_H","250-499","S94","D1111","BG",2012,3.3
"NAC","P_SAL_H","50-249","B","D01","BG",2012,7.47
"NAC","P_SAL_H","50-249","B","D111","BG",2012,5.88
"NAC","P_SAL_H","50-249","B","D1111","BG",2012,5.23
"NAC","P_SAL_H","50-249","B-E","D01","BG",2012,5.14
"NAC","P_SAL_H","50-249","B-E","D111","BG",2012,4.3
"NAC","P_SAL_H","50-249","B-E","D1111","BG",2012,3.89
"NAC","P_SAL_H","50-249","B-F","D01","BG",2012,5.26
"NAC","P_SAL_H","50-249","B-F","D111","BG",2012,4.4
"NAC","P_SAL_H","50-249","B-F","D1111","BG",2012,4
"NAC","P_SAL_H","50-249","B-N","D01","BG",2012,6.01
"NAC","P_SAL_H","50-249","B-N","D111","BG",2012,5.11
"NAC","P_SAL_H","50-249","B-N","D1111","BG",2012,4.66
"NAC","P_SAL_H","50-249","B-S","D01","BG",2012,6.23
"NAC","P_SAL_H","50-249","B-S","D111","BG",2012,5.24
"NAC","P_SAL_H","50-249","B-S","D1111","BG",2012,4.71
"NAC","P_SAL_H","50-249","B-S_X_O","D01","BG",2012,6.17
"NAC","P_SAL_H","50-249","B-S_X_O","D111","BG",2012,5.23
"NAC","P_SAL_H","50-249","B-S_X_O","D1111","BG",2012,4.71
"NAC","P_SAL_H","50-249","B05","D01","BG",2012,6.88
"NAC","P_SAL_H","50-249","B05","D111","BG",2012,5.34
"NAC","P_SAL_H","50-249","B05","D1111","BG",2012,4.79
"NAC","P_SAL_H","50-249","B07","D01","BG",2012,8.77
"NAC","P_SAL_H","50-249","B07","D111","BG",2012,6.46
"NAC","P_SAL_H","50-249","B07","D1111","BG",2012,5.56
"NAC","P_SAL_H","50-249","B08","D01","BG",2012,7.24
"NAC","P_SAL_H","50-249","B08","D111","BG",2012,5.84
"NAC","P_SAL_H","50-249","B08","D1111","BG",2012,5.2
"NAC","P_SAL_H","50-249","B09","D01","BG",2012,NA
"NAC","P_SAL_H","50-249","B09","D111","BG",2012,NA
"NAC","P_SAL_H","50-249","B09","D1111","BG",2012,NA
"NAC","P_SAL_H","50-249","C","D01","BG",2012,5
"NAC","P_SAL_H","50-249","C","D111","BG",2012,4.19
"NAC","P_SAL_H","50-249","C","D1111","BG",2012,3.81
"NAC","P_SAL_H","50-249","C10","D01","BG",2012,4.71
"NAC","P_SAL_H","50-249","C10","D111","BG",2012,3.96
"NAC","P_SAL_H","50-249","C10","D1111","BG",2012,3.64
"NAC","P_SAL_H","50-249","C11","D01","BG",2012,5.51
"NAC","P_SAL_H","50-249","C11","D111","BG",2012,4.61
"NAC","P_SAL_H","50-249","C11","D1111","BG",2012,4.17
"NAC","P_SAL_H","50-249","C12","D01","BG",2012,6.01
"NAC","P_SAL_H","50-249","C12","D111","BG",2012,4.83
"NAC","P_SAL_H","50-249","C12","D1111","BG",2012,4.44
"NAC","P_SAL_H","50-249","C13","D01","BG",2012,4.48
"NAC","P_SAL_H","50-249","C13","D111","BG",2012,3.69
"NAC","P_SAL_H","50-249","C13","D1111","BG",2012,3.32
"NAC","P_SAL_H","50-249","C14","D01","BG",2012,3.37
"NAC","P_SAL_H","50-249","C14","D111","BG",2012,2.82
"NAC","P_SAL_H","50-249","C14","D1111","BG",2012,2.56
"NAC","P_SAL_H","50-249","C15","D01","BG",2012,3.32
"NAC","P_SAL_H","50-249","C15","D111","BG",2012,2.78
"NAC","P_SAL_H","50-249","C15","D1111","BG",2012,2.53
"NAC","P_SAL_H","50-249","C16","D01","BG",2012,4.17
"NAC","P_SAL_H","50-249","C16","D111","BG",2012,3.51
"NAC","P_SAL_H","50-249","C16","D1111","BG",2012,3.16
"NAC","P_SAL_H","50-249","C17","D01","BG",2012,4.7
"NAC","P_SAL_H","50-249","C17","D111","BG",2012,3.94
"NAC","P_SAL_H","50-249","C17","D1111","BG",2012,3.64
"NAC","P_SAL_H","50-249","C18","D01","BG",2012,6.48
"NAC","P_SAL_H","50-249","C18","D111","BG",2012,5.41
"NAC","P_SAL_H","50-249","C18","D1111","BG",2012,4.92
"NAC","P_SAL_H","50-249","C19","D01","BG",2012,7.31
"NAC","P_SAL_H","50-249","C19","D111","BG",2012,6.1
"NAC","P_SAL_H","50-249","C19","D1111","BG",2012,5.59
"NAC","P_SAL_H","50-249","C20","D01","BG",2012,6.89
"NAC","P_SAL_H","50-249","C20","D111","BG",2012,5.78
"NAC","P_SAL_H","50-249","C20","D1111","BG",2012,5.28
"NAC","P_SAL_H","50-249","C21","D01","BG",2012,7.05
"NAC","P_SAL_H","50-249","C21","D111","BG",2012,5.95
"NAC","P_SAL_H","50-249","C21","D1111","BG",2012,5.45
"NAC","P_SAL_H","50-249","C22","D01","BG",2012,5.15
"NAC","P_SAL_H","50-249","C22","D111","BG",2012,4.34
"NAC","P_SAL_H","50-249","C22","D1111","BG",2012,3.95
"NAC","P_SAL_H","50-249","C23","D01","BG",2012,7.55
"NAC","P_SAL_H","50-249","C23","D111","BG",2012,6.31
"NAC","P_SAL_H","50-249","C23","D1111","BG",2012,5.58
"NAC","P_SAL_H","50-249","C24","D01","BG",2012,6.12
"NAC","P_SAL_H","50-249","C24","D111","BG",2012,5.02
"NAC","P_SAL_H","50-249","C24","D1111","BG",2012,4.5
"NAC","P_SAL_H","50-249","C25","D01","BG",2012,5.66
"NAC","P_SAL_H","50-249","C25","D111","BG",2012,4.75
"NAC","P_SAL_H","50-249","C25","D1111","BG",2012,4.3
"NAC","P_SAL_H","50-249","C26","D01","BG",2012,8.18
"NAC","P_SAL_H","50-249","C26","D111","BG",2012,7
"NAC","P_SAL_H","50-249","C26","D1111","BG",2012,6.36
"NAC","P_SAL_H","50-249","C27","D01","BG",2012,6.25
"NAC","P_SAL_H","50-249","C27","D111","BG",2012,5.25
"NAC","P_SAL_H","50-249","C27","D1111","BG",2012,4.81
"NAC","P_SAL_H","50-249","C28","D01","BG",2012,6.8
"NAC","P_SAL_H","50-249","C28","D111","BG",2012,5.68
"NAC","P_SAL_H","50-249","C28","D1111","BG",2012,5.15
"NAC","P_SAL_H","50-249","C29","D01","BG",2012,4.5
"NAC","P_SAL_H","50-249","C29","D111","BG",2012,3.78
"NAC","P_SAL_H","50-249","C29","D1111","BG",2012,3.44
"NAC","P_SAL_H","50-249","C30","D01","BG",2012,6.09
"NAC","P_SAL_H","50-249","C30","D111","BG",2012,5.17
"NAC","P_SAL_H","50-249","C30","D1111","BG",2012,4.68
"NAC","P_SAL_H","50-249","C31","D01","BG",2012,4.18
"NAC","P_SAL_H","50-249","C31","D111","BG",2012,3.52
"NAC","P_SAL_H","50-249","C31","D1111","BG",2012,3.21
"NAC","P_SAL_H","50-249","C32","D01","BG",2012,5.21
"NAC","P_SAL_H","50-249","C32","D111","BG",2012,4.36
"NAC","P_SAL_H","50-249","C32","D1111","BG",2012,3.92
"NAC","P_SAL_H","50-249","C33","D01","BG",2012,8.44
"NAC","P_SAL_H","50-249","C33","D111","BG",2012,7.09
"NAC","P_SAL_H","50-249","C33","D1111","BG",2012,6.31
"NAC","P_SAL_H","50-249","D","D01","BG",2012,11.19
"NAC","P_SAL_H","50-249","D","D111","BG",2012,9.33
"NAC","P_SAL_H","50-249","D","D1111","BG",2012,7.68
"NAC","P_SAL_H","50-249","D35","D01","BG",2012,11.19
"NAC","P_SAL_H","50-249","D35","D111","BG",2012,9.33
"NAC","P_SAL_H","50-249","D35","D1111","BG",2012,7.68
"NAC","P_SAL_H","50-249","E","D01","BG",2012,5.34
"NAC","P_SAL_H","50-249","E","D111","BG",2012,4.48
"NAC","P_SAL_H","50-249","E","D1111","BG",2012,4.02
"NAC","P_SAL_H","50-249","E36","D01","BG",2012,5.31
"NAC","P_SAL_H","50-249","E36","D111","BG",2012,4.35
"NAC","P_SAL_H","50-249","E36","D1111","BG",2012,3.6
"NAC","P_SAL_H","50-249","E37","D01","BG",2012,NA
"NAC","P_SAL_H","50-249","E37","D111","BG",2012,NA
"NAC","P_SAL_H","50-249","E37","D1111","BG",2012,NA
"NAC","P_SAL_H","50-249","E38","D01","BG",2012,5.29
"NAC","P_SAL_H","50-249","E38","D111","BG",2012,4.46
"NAC","P_SAL_H","50-249","E38","D1111","BG",2012,4.09
"NAC","P_SAL_H","50-249","E39","D01","BG",2012,5.87
"NAC","P_SAL_H","50-249","E39","D111","BG",2012,4.85
"NAC","P_SAL_H","50-249","E39","D1111","BG",2012,4.07
"NAC","P_SAL_H","50-249","F","D01","BG",2012,5.76
"NAC","P_SAL_H","50-249","F","D111","BG",2012,4.84
"NAC","P_SAL_H","50-249","F","D1111","BG",2012,4.47
"NAC","P_SAL_H","50-249","F41","D01","BG",2012,5.2
"NAC","P_SAL_H","50-249","F41","D111","BG",2012,4.4
"NAC","P_SAL_H","50-249","F41","D1111","BG",2012,4.06
"NAC","P_SAL_H","50-249","F42","D01","BG",2012,6.19
"NAC","P_SAL_H","50-249","F42","D111","BG",2012,5.17
"NAC","P_SAL_H","50-249","F42","D1111","BG",2012,4.75
"NAC","P_SAL_H","50-249","F43","D01","BG",2012,6.21
"NAC","P_SAL_H","50-249","F43","D111","BG",2012,5.21
"NAC","P_SAL_H","50-249","F43","D1111","BG",2012,4.86
"NAC","P_SAL_H","50-249","G","D01","BG",2012,6.74
"NAC","P_SAL_H","50-249","G","D111","BG",2012,5.77
"NAC","P_SAL_H","50-249","G","D1111","BG",2012,5.32
"NAC","P_SAL_H","50-249","G-J","D01","BG",2012,7.2
"NAC","P_SAL_H","50-249","G-J","D111","BG",2012,6.16
"NAC","P_SAL_H","50-249","G-J","D1111","BG",2012,5.66
"NAC","P_SAL_H","50-249","G-N","D01","BG",2012,6.88
"NAC","P_SAL_H","50-249","G-N","D111","BG",2012,5.93
"NAC","P_SAL_H","50-249","G-N","D1111","BG",2012,5.43
"NAC","P_SAL_H","50-249","G-S_X_O","D01","BG",2012,6.86
"NAC","P_SAL_H","50-249","G-S_X_O","D111","BG",2012,5.84
"NAC","P_SAL_H","50-249","G-S_X_O","D1111","BG",2012,5.23
"NAC","P_SAL_H","50-249","G45","D01","BG",2012,8.71
"NAC","P_SAL_H","50-249","G45","D111","BG",2012,7.48
"NAC","P_SAL_H","50-249","G45","D1111","BG",2012,6.8
"NAC","P_SAL_H","50-249","G46","D01","BG",2012,7.52
"NAC","P_SAL_H","50-249","G46","D111","BG",2012,6.47
"NAC","P_SAL_H","50-249","G46","D1111","BG",2012,5.96
"NAC","P_SAL_H","50-249","G47","D01","BG",2012,5.31
"NAC","P_SAL_H","50-249","G47","D111","BG",2012,4.5
"NAC","P_SAL_H","50-249","G47","D1111","BG",2012,4.17
"NAC","P_SAL_H","50-249","H","D01","BG",2012,6.49
"NAC","P_SAL_H","50-249","H","D111","BG",2012,5.38
"NAC","P_SAL_H","50-249","H","D1111","BG",2012,4.86
"NAC","P_SAL_H","50-249","H49","D01","BG",2012,4.56
"NAC","P_SAL_H","50-249","H49","D111","BG",2012,3.69
"NAC","P_SAL_H","50-249","H49","D1111","BG",2012,3.4
"NAC","P_SAL_H","50-249","H50","D01","BG",2012,9.23
"NAC","P_SAL_H","50-249","H50","D111","BG",2012,7.57
"NAC","P_SAL_H","50-249","H50","D1111","BG",2012,6.65
"NAC","P_SAL_H","50-249","H51","D01","BG",2012,18.17
"NAC","P_SAL_H","50-249","H51","D111","BG",2012,15.05
"NAC","P_SAL_H","50-249","H51","D1111","BG",2012,13.39
"NAC","P_SAL_H","50-249","H52","D01","BG",2012,10.3
"NAC","P_SAL_H","50-249","H52","D111","BG",2012,8.88
"NAC","P_SAL_H","50-249","H52","D1111","BG",2012,7.78
"NAC","P_SAL_H","50-249","H53","D01","BG",2012,5.85
"NAC","P_SAL_H","50-249","H53","D111","BG",2012,4.87
"NAC","P_SAL_H","50-249","H53","D1111","BG",2012,4.51
"NAC","P_SAL_H","50-249","I","D01","BG",2012,4.96
"NAC","P_SAL_H","50-249","I","D111","BG",2012,4.17
"NAC","P_SAL_H","50-249","I","D1111","BG",2012,3.9
"NAC","P_SAL_H","50-249","I55","D01","BG",2012,5.43
"NAC","P_SAL_H","50-249","I55","D111","BG",2012,4.59
"NAC","P_SAL_H","50-249","I55","D1111","BG",2012,4.28
"NAC","P_SAL_H","50-249","I56","D01","BG",2012,4.06
"NAC","P_SAL_H","50-249","I56","D111","BG",2012,3.4
"NAC","P_SAL_H","50-249","I56","D1111","BG",2012,3.18
"NAC","P_SAL_H","50-249","J","D01","BG",2012,14.01
"NAC","P_SAL_H","50-249","J","D111","BG",2012,12.28
"NAC","P_SAL_H","50-249","J","D1111","BG",2012,11.33
"NAC","P_SAL_H","50-249","J58","D01","BG",2012,8.24
"NAC","P_SAL_H","50-249","J58","D111","BG",2012,7.09
"NAC","P_SAL_H","50-249","J58","D1111","BG",2012,6.54
"NAC","P_SAL_H","50-249","J59","D01","BG",2012,10.11
"NAC","P_SAL_H","50-249","J59","D111","BG",2012,8.88
"NAC","P_SAL_H","50-249","J59","D1111","BG",2012,8.11
"NAC","P_SAL_H","50-249","J60","D01","BG",2012,9.09
"NAC","P_SAL_H","50-249","J60","D111","BG",2012,7.83
"NAC","P_SAL_H","50-249","J60","D1111","BG",2012,7.19
"NAC","P_SAL_H","50-249","J61","D01","BG",2012,11.68
"NAC","P_SAL_H","50-249","J61","D111","BG",2012,9.96
"NAC","P_SAL_H","50-249","J61","D1111","BG",2012,9.25
"NAC","P_SAL_H","50-249","J62","D01","BG",2012,18.6
"NAC","P_SAL_H","50-249","J62","D111","BG",2012,16.52
"NAC","P_SAL_H","50-249","J62","D1111","BG",2012,15.24
"NAC","P_SAL_H","50-249","J63","D01","BG",2012,9.76
"NAC","P_SAL_H","50-249","J63","D111","BG",2012,8.33
"NAC","P_SAL_H","50-249","J63","D1111","BG",2012,7.59
"NAC","P_SAL_H","50-249","K","D01","BG",2012,13.69
"NAC","P_SAL_H","50-249","K","D111","BG",2012,11.82
"NAC","P_SAL_H","50-249","K","D1111","BG",2012,10.57
"NAC","P_SAL_H","50-249","K-N","D01","BG",2012,6.23
"NAC","P_SAL_H","50-249","K-N","D111","BG",2012,5.47
"NAC","P_SAL_H","50-249","K-N","D1111","BG",2012,4.96
"NAC","P_SAL_H","50-249","K64","D01","BG",2012,14.98
"NAC","P_SAL_H","50-249","K64","D111","BG",2012,12.9
"NAC","P_SAL_H","50-249","K64","D1111","BG",2012,11.29
"NAC","P_SAL_H","50-249","K65","D01","BG",2012,13.41
"NAC","P_SAL_H","50-249","K65","D111","BG",2012,11.72
"NAC","P_SAL_H","50-249","K65","D1111","BG",2012,10.78
"NAC","P_SAL_H","50-249","K66","D01","BG",2012,NA
"NAC","P_SAL_H","50-249","K66","D111","BG",2012,NA
"NAC","P_SAL_H","50-249","K66","D1111","BG",2012,NA
"NAC","P_SAL_H","50-249","L","D01","BG",2012,5.83
"NAC","P_SAL_H","50-249","L","D111","BG",2012,4.96
"NAC","P_SAL_H","50-249","L","D1111","BG",2012,4.46
"NAC","P_SAL_H","50-249","L68","D01","BG",2012,5.83
"NAC","P_SAL_H","50-249","L68","D111","BG",2012,4.96
"NAC","P_SAL_H","50-249","L68","D1111","BG",2012,4.46
"NAC","P_SAL_H","50-249","M","D01","BG",2012,11.04
"NAC","P_SAL_H","50-249","M","D111","BG",2012,9.57
"NAC","P_SAL_H","50-249","M","D1111","BG",2012,8.64
"NAC","P_SAL_H","50-249","M69","D01","BG",2012,NA
"NAC","P_SAL_H","50-249","M69","D111","BG",2012,NA
"NAC","P_SAL_H","50-249","M69","D1111","BG",2012,NA
"NAC","P_SAL_H","50-249","M70","D01","BG",2012,13.31
"NAC","P_SAL_H","50-249","M70","D111","BG",2012,11.78
"NAC","P_SAL_H","50-249","M70","D1111","BG",2012,10.73
"NAC","P_SAL_H","50-249","M71","D01","BG",2012,14.32
"NAC","P_SAL_H","50-249","M71","D111","BG",2012,12.32
"NAC","P_SAL_H","50-249","M71","D1111","BG",2012,11.25
"NAC","P_SAL_H","50-249","M72","D01","BG",2012,6.95
"NAC","P_SAL_H","50-249","M72","D111","BG",2012,5.88
"NAC","P_SAL_H","50-249","M72","D1111","BG",2012,5.13
"NAC","P_SAL_H","50-249","M73","D01","BG",2012,NA
"NAC","P_SAL_H","50-249","M73","D111","BG",2012,NA
"NAC","P_SAL_H","50-249","M73","D1111","BG",2012,NA
"NAC","P_SAL_H","50-249","M74","D01","BG",2012,11.56
"NAC","P_SAL_H","50-249","M74","D111","BG",2012,9.99
"NAC","P_SAL_H","50-249","M74","D1111","BG",2012,8.99
"NAC","P_SAL_H","50-249","N","D01","BG",2012,3.03
"NAC","P_SAL_H","50-249","N","D111","BG",2012,2.77
"NAC","P_SAL_H","50-249","N","D1111","BG",2012,2.57
"NAC","P_SAL_H","50-249","N77","D01","BG",2012,5.97
"NAC","P_SAL_H","50-249","N77","D111","BG",2012,5.01
"NAC","P_SAL_H","50-249","N77","D1111","BG",2012,4.55
"NAC","P_SAL_H","50-249","N78","D01","BG",2012,5.47
"NAC","P_SAL_H","50-249","N78","D111","BG",2012,4.57
"NAC","P_SAL_H","50-249","N78","D1111","BG",2012,4.33
"NAC","P_SAL_H","50-249","N79","D01","BG",2012,6.43
"NAC","P_SAL_H","50-249","N79","D111","BG",2012,5.47
"NAC","P_SAL_H","50-249","N79","D1111","BG",2012,5.17
"NAC","P_SAL_H","50-249","N80","D01","BG",2012,2.97
"NAC","P_SAL_H","50-249","N80","D111","BG",2012,2.51
"NAC","P_SAL_H","50-249","N80","D1111","BG",2012,2.35
"NAC","P_SAL_H","50-249","N81","D01","BG",2012,2.36
"NAC","P_SAL_H","50-249","N81","D111","BG",2012,2.4
"NAC","P_SAL_H","50-249","N81","D1111","BG",2012,2.21
"NAC","P_SAL_H","50-249","N82","D01","BG",2012,6.08
"NAC","P_SAL_H","50-249","N82","D111","BG",2012,5.18
"NAC","P_SAL_H","50-249","N82","D1111","BG",2012,4.72
"NAC","P_SAL_H","50-249","O","D01","BG",2012,6.8
"NAC","P_SAL_H","50-249","O","D111","BG",2012,5.4
"NAC","P_SAL_H","50-249","O","D1111","BG",2012,4.7
"NAC","P_SAL_H","50-249","O-S","D01","BG",2012,6.81
"NAC","P_SAL_H","50-249","O-S","D111","BG",2012,5.59
"NAC","P_SAL_H","50-249","O-S","D1111","BG",2012,4.82
"NAC","P_SAL_H","50-249","O84","D01","BG",2012,6.8
"NAC","P_SAL_H","50-249","O84","D111","BG",2012,5.4
"NAC","P_SAL_H","50-249","O84","D1111","BG",2012,4.7
"NAC","P_SAL_H","50-249","P","D01","BG",2012,7.15
"NAC","P_SAL_H","50-249","P","D111","BG",2012,5.84
"NAC","P_SAL_H","50-249","P","D1111","BG",2012,4.77
"NAC","P_SAL_H","50-249","P-S","D01","BG",2012,6.81
"NAC","P_SAL_H","50-249","P-S","D111","BG",2012,5.67
"NAC","P_SAL_H","50-249","P-S","D1111","BG",2012,4.87
"NAC","P_SAL_H","50-249","P85","D01","BG",2012,7.15
"NAC","P_SAL_H","50-249","P85","D111","BG",2012,5.84
"NAC","P_SAL_H","50-249","P85","D1111","BG",2012,4.77
"NAC","P_SAL_H","50-249","Q","D01","BG",2012,6.55
"NAC","P_SAL_H","50-249","Q","D111","BG",2012,5.53
"NAC","P_SAL_H","50-249","Q","D1111","BG",2012,4.93
"NAC","P_SAL_H","50-249","Q86","D01","BG",2012,7.75
"NAC","P_SAL_H","50-249","Q86","D111","BG",2012,6.57
"NAC","P_SAL_H","50-249","Q86","D1111","BG",2012,5.9
"NAC","P_SAL_H","50-249","Q87","D01","BG",2012,4.18
"NAC","P_SAL_H","50-249","Q87","D111","BG",2012,3.47
"NAC","P_SAL_H","50-249","Q87","D1111","BG",2012,3
"NAC","P_SAL_H","50-249","Q88","D01","BG",2012,3.85
"NAC","P_SAL_H","50-249","Q88","D111","BG",2012,3.22
"NAC","P_SAL_H","50-249","Q88","D1111","BG",2012,2.8
"NAC","P_SAL_H","50-249","R","D01","BG",2012,6.61
"NAC","P_SAL_H","50-249","R","D111","BG",2012,5.76
"NAC","P_SAL_H","50-249","R","D1111","BG",2012,5.27
"NAC","P_SAL_H","50-249","R90","D01","BG",2012,4.59
"NAC","P_SAL_H","50-249","R90","D111","BG",2012,3.77
"NAC","P_SAL_H","50-249","R90","D1111","BG",2012,3.28
"NAC","P_SAL_H","50-249","R91","D01","BG",2012,4.76
"NAC","P_SAL_H","50-249","R91","D111","BG",2012,3.94
"NAC","P_SAL_H","50-249","R91","D1111","BG",2012,3.4
"NAC","P_SAL_H","50-249","R92","D01","BG",2012,4.62
"NAC","P_SAL_H","50-249","R92","D111","BG",2012,3.88
"NAC","P_SAL_H","50-249","R92","D1111","BG",2012,3.56
"NAC","P_SAL_H","50-249","R93","D01","BG",2012,NA
"NAC","P_SAL_H","50-249","R93","D111","BG",2012,NA
"NAC","P_SAL_H","50-249","R93","D1111","BG",2012,NA
"NAC","P_SAL_H","50-249","S","D01","BG",2012,5.68
"NAC","P_SAL_H","50-249","S","D111","BG",2012,4.77
"NAC","P_SAL_H","50-249","S","D1111","BG",2012,4.26
"NAC","P_SAL_H","50-249","S94","D01","BG",2012,5.88
"NAC","P_SAL_H","50-249","S94","D111","BG",2012,4.95
"NAC","P_SAL_H","50-249","S94","D1111","BG",2012,4.4
"NAC","P_SAL_H","50-249","S95","D01","BG",2012,NA
"NAC","P_SAL_H","50-249","S95","D111","BG",2012,NA
"NAC","P_SAL_H","50-249","S95","D1111","BG",2012,NA
"NAC","P_SAL_H","50-249","S96","D01","BG",2012,4.2
"NAC","P_SAL_H","50-249","S96","D111","BG",2012,3.52
"NAC","P_SAL_H","50-249","S96","D1111","BG",2012,3.18
"NAC","P_SAL_H","500-999","B","D01","BG",2012,7.47
"NAC","P_SAL_H","500-999","B","D111","BG",2012,5.75
"NAC","P_SAL_H","500-999","B","D1111","BG",2012,5.14
"NAC","P_SAL_H","500-999","B-E","D01","BG",2012,7.27
"NAC","P_SAL_H","500-999","B-E","D111","BG",2012,5.97
"NAC","P_SAL_H","500-999","B-E","D1111","BG",2012,5.22
"NAC","P_SAL_H","500-999","B-F","D01","BG",2012,7.45
"NAC","P_SAL_H","500-999","B-F","D111","BG",2012,6.14
"NAC","P_SAL_H","500-999","B-F","D1111","BG",2012,5.41
"NAC","P_SAL_H","500-999","B-N","D01","BG",2012,7.58
"NAC","P_SAL_H","500-999","B-N","D111","BG",2012,6.31
"NAC","P_SAL_H","500-999","B-N","D1111","BG",2012,5.61
"NAC","P_SAL_H","500-999","B-S","D01","BG",2012,7.75
"NAC","P_SAL_H","500-999","B-S","D111","BG",2012,6.44
"NAC","P_SAL_H","500-999","B-S","D1111","BG",2012,5.71
"NAC","P_SAL_H","500-999","B-S_X_O","D01","BG",2012,7.59
"NAC","P_SAL_H","500-999","B-S_X_O","D111","BG",2012,6.34
"NAC","P_SAL_H","500-999","B-S_X_O","D1111","BG",2012,5.61
"NAC","P_SAL_H","500-999","B05","D01","BG",2012,NA
"NAC","P_SAL_H","500-999","B05","D111","BG",2012,NA
"NAC","P_SAL_H","500-999","B05","D1111","BG",2012,NA
"NAC","P_SAL_H","500-999","B06","D01","BG",2012,NA
"NAC","P_SAL_H","500-999","B06","D111","BG",2012,NA
"NAC","P_SAL_H","500-999","B06","D1111","BG",2012,NA
"NAC","P_SAL_H","500-999","B07","D01","BG",2012,NA
"NAC","P_SAL_H","500-999","B07","D111","BG",2012,NA
"NAC","P_SAL_H","500-999","B07","D1111","BG",2012,NA
"NAC","P_SAL_H","500-999","B08","D01","BG",2012,NA
"NAC","P_SAL_H","500-999","B08","D111","BG",2012,NA
"NAC","P_SAL_H","500-999","B08","D1111","BG",2012,NA
"NAC","P_SAL_H","500-999","C","D01","BG",2012,7.31
"NAC","P_SAL_H","500-999","C","D111","BG",2012,6.01
"NAC","P_SAL_H","500-999","C","D1111","BG",2012,5.28
"NAC","P_SAL_H","500-999","C10","D01","BG",2012,7.46
"NAC","P_SAL_H","500-999","C10","D111","BG",2012,6.36
"NAC","P_SAL_H","500-999","C10","D1111","BG",2012,5.7
"NAC","P_SAL_H","500-999","C11","D01","BG",2012,8.02
"NAC","P_SAL_H","500-999","C11","D111","BG",2012,6.73
"NAC","P_SAL_H","500-999","C11","D1111","BG",2012,5.9
"NAC","P_SAL_H","500-999","C12","D01","BG",2012,NA
"NAC","P_SAL_H","500-999","C12","D111","BG",2012,NA
"NAC","P_SAL_H","500-999","C12","D1111","BG",2012,NA
"NAC","P_SAL_H","500-999","C13","D01","BG",2012,NA
"NAC","P_SAL_H","500-999","C13","D111","BG",2012,NA
"NAC","P_SAL_H","500-999","C13","D1111","BG",2012,NA
"NAC","P_SAL_H","500-999","C14","D01","BG",2012,4
"NAC","P_SAL_H","500-999","C14","D111","BG",2012,3.36
"NAC","P_SAL_H","500-999","C14","D1111","BG",2012,2.98
"NAC","P_SAL_H","500-999","C15","D01","BG",2012,NA
"NAC","P_SAL_H","500-999","C15","D111","BG",2012,NA
"NAC","P_SAL_H","500-999","C15","D1111","BG",2012,NA
"NAC","P_SAL_H","500-999","C16","D01","BG",2012,NA
"NAC","P_SAL_H","500-999","C16","D111","BG",2012,NA
"NAC","P_SAL_H","500-999","C16","D1111","BG",2012,NA
"NAC","P_SAL_H","500-999","C17","D01","BG",2012,NA
"NAC","P_SAL_H","500-999","C17","D111","BG",2012,NA
"NAC","P_SAL_H","500-999","C17","D1111","BG",2012,NA
"NAC","P_SAL_H","500-999","C20","D01","BG",2012,NA
"NAC","P_SAL_H","500-999","C20","D111","BG",2012,NA
"NAC","P_SAL_H","500-999","C20","D1111","BG",2012,NA
"NAC","P_SAL_H","500-999","C21","D01","BG",2012,NA
"NAC","P_SAL_H","500-999","C21","D111","BG",2012,NA
"NAC","P_SAL_H","500-999","C21","D1111","BG",2012,NA
"NAC","P_SAL_H","500-999","C22","D01","BG",2012,5
"NAC","P_SAL_H","500-999","C22","D111","BG",2012,4.16
"NAC","P_SAL_H","500-999","C22","D1111","BG",2012,3.79
"NAC","P_SAL_H","500-999","C23","D01","BG",2012,7.9
"NAC","P_SAL_H","500-999","C23","D111","BG",2012,6.43
"NAC","P_SAL_H","500-999","C23","D1111","BG",2012,5.52
"NAC","P_SAL_H","500-999","C24","D01","BG",2012,12.94
"NAC","P_SAL_H","500-999","C24","D111","BG",2012,10.32
"NAC","P_SAL_H","500-999","C24","D1111","BG",2012,9.13
"NAC","P_SAL_H","500-999","C25","D01","BG",2012,6.11
"NAC","P_SAL_H","500-999","C25","D111","BG",2012,5.12
"NAC","P_SAL_H","500-999","C25","D1111","BG",2012,4.42
"NAC","P_SAL_H","500-999","C27","D01","BG",2012,8.06
"NAC","P_SAL_H","500-999","C27","D111","BG",2012,6.34
"NAC","P_SAL_H","500-999","C27","D1111","BG",2012,5.52
"NAC","P_SAL_H","500-999","C28","D01","BG",2012,6.31
"NAC","P_SAL_H","500-999","C28","D111","BG",2012,5.28
"NAC","P_SAL_H","500-999","C28","D1111","BG",2012,4.74
"NAC","P_SAL_H","500-999","C29","D01","BG",2012,6.06
"NAC","P_SAL_H","500-999","C29","D111","BG",2012,5.08
"NAC","P_SAL_H","500-999","C29","D1111","BG",2012,4.37
"NAC","P_SAL_H","500-999","C30","D01","BG",2012,6.11
"NAC","P_SAL_H","500-999","C30","D111","BG",2012,5.09
"NAC","P_SAL_H","500-999","C30","D1111","BG",2012,4.68
"NAC","P_SAL_H","500-999","C31","D01","BG",2012,NA
"NAC","P_SAL_H","500-999","C31","D111","BG",2012,NA
"NAC","P_SAL_H","500-999","C31","D1111","BG",2012,NA
"NAC","P_SAL_H","500-999","C32","D01","BG",2012,5.69
"NAC","P_SAL_H","500-999","C32","D111","BG",2012,4.73
"NAC","P_SAL_H","500-999","C32","D1111","BG",2012,4.21
"NAC","P_SAL_H","500-999","C33","D01","BG",2012,10.24
"NAC","P_SAL_H","500-999","C33","D111","BG",2012,8.43
"NAC","P_SAL_H","500-999","C33","D1111","BG",2012,7.27
"NAC","P_SAL_H","500-999","D","D01","BG",2012,7.54
"NAC","P_SAL_H","500-999","D","D111","BG",2012,5.9
"NAC","P_SAL_H","500-999","D","D1111","BG",2012,5.26
"NAC","P_SAL_H","500-999","D35","D01","BG",2012,7.54
"NAC","P_SAL_H","500-999","D35","D111","BG",2012,5.9
"NAC","P_SAL_H","500-999","D35","D1111","BG",2012,5.26
"NAC","P_SAL_H","500-999","E","D01","BG",2012,6.81
"NAC","P_SAL_H","500-999","E","D111","BG",2012,5.68
"NAC","P_SAL_H","500-999","E","D1111","BG",2012,4.71
"NAC","P_SAL_H","500-999","E36","D01","BG",2012,6.03
"NAC","P_SAL_H","500-999","E36","D111","BG",2012,5
"NAC","P_SAL_H","500-999","E36","D1111","BG",2012,3.97
"NAC","P_SAL_H","500-999","E38","D01","BG",2012,8.72
"NAC","P_SAL_H","500-999","E38","D111","BG",2012,7.37
"NAC","P_SAL_H","500-999","E38","D1111","BG",2012,6.54
"NAC","P_SAL_H","500-999","F","D01","BG",2012,NA
"NAC","P_SAL_H","500-999","F","D111","BG",2012,NA
"NAC","P_SAL_H","500-999","F","D1111","BG",2012,NA
"NAC","P_SAL_H","500-999","F41","D01","BG",2012,7.75
"NAC","P_SAL_H","500-999","F41","D111","BG",2012,6.62
"NAC","P_SAL_H","500-999","F41","D1111","BG",2012,6.18
"NAC","P_SAL_H","500-999","F42","D01","BG",2012,8.31
"NAC","P_SAL_H","500-999","F42","D111","BG",2012,6.97
"NAC","P_SAL_H","500-999","F42","D1111","BG",2012,6.26
"NAC","P_SAL_H","500-999","F43","D01","BG",2012,NA
"NAC","P_SAL_H","500-999","F43","D111","BG",2012,NA
"NAC","P_SAL_H","500-999","F43","D1111","BG",2012,NA
"NAC","P_SAL_H","500-999","G","D01","BG",2012,7.72
"NAC","P_SAL_H","500-999","G","D111","BG",2012,6.55
"NAC","P_SAL_H","500-999","G","D1111","BG",2012,6.01
"NAC","P_SAL_H","500-999","G-J","D01","BG",2012,8.54
"NAC","P_SAL_H","500-999","G-J","D111","BG",2012,7.24
"NAC","P_SAL_H","500-999","G-J","D1111","BG",2012,6.4
"NAC","P_SAL_H","500-999","G-N","D01","BG",2012,7.76
"NAC","P_SAL_H","500-999","G-N","D111","BG",2012,6.57
"NAC","P_SAL_H","500-999","G-N","D1111","BG",2012,5.92
"NAC","P_SAL_H","500-999","G-S_X_O","D01","BG",2012,7.73
"NAC","P_SAL_H","500-999","G-S_X_O","D111","BG",2012,6.52
"NAC","P_SAL_H","500-999","G-S_X_O","D1111","BG",2012,5.8
"NAC","P_SAL_H","500-999","G45","D01","BG",2012,8.36
"NAC","P_SAL_H","500-999","G45","D111","BG",2012,7.04
"NAC","P_SAL_H","500-999","G45","D1111","BG",2012,6.51
"NAC","P_SAL_H","500-999","G46","D01","BG",2012,NA
"NAC","P_SAL_H","500-999","G46","D111","BG",2012,NA
"NAC","P_SAL_H","500-999","G46","D1111","BG",2012,NA
"NAC","P_SAL_H","500-999","G47","D01","BG",2012,6.33
"NAC","P_SAL_H","500-999","G47","D111","BG",2012,5.31
"NAC","P_SAL_H","500-999","G47","D1111","BG",2012,4.89
"NAC","P_SAL_H","500-999","H","D01","BG",2012,7.25
"NAC","P_SAL_H","500-999","H","D111","BG",2012,6.02
"NAC","P_SAL_H","500-999","H","D1111","BG",2012,5.2
"NAC","P_SAL_H","500-999","H49","D01","BG",2012,5.8
"NAC","P_SAL_H","500-999","H49","D111","BG",2012,4.7
"NAC","P_SAL_H","500-999","H49","D1111","BG",2012,3.9
"NAC","P_SAL_H","500-999","H50","D01","BG",2012,NA
"NAC","P_SAL_H","500-999","H50","D111","BG",2012,NA
"NAC","P_SAL_H","500-999","H50","D1111","BG",2012,NA
"NAC","P_SAL_H","500-999","H51","D01","BG",2012,NA
"NAC","P_SAL_H","500-999","H51","D111","BG",2012,NA
"NAC","P_SAL_H","500-999","H51","D1111","BG",2012,NA
"NAC","P_SAL_H","500-999","H52","D01","BG",2012,NA
"NAC","P_SAL_H","500-999","H52","D111","BG",2012,NA
"NAC","P_SAL_H","500-999","H52","D1111","BG",2012,NA
"NAC","P_SAL_H","500-999","H53","D01","BG",2012,7.98
"NAC","P_SAL_H","500-999","H53","D111","BG",2012,6.85
"NAC","P_SAL_H","500-999","H53","D1111","BG",2012,6.41
"NAC","P_SAL_H","500-999","I","D01","BG",2012,NA
"NAC","P_SAL_H","500-999","I","D111","BG",2012,NA
"NAC","P_SAL_H","500-999","I","D1111","BG",2012,NA
"NAC","P_SAL_H","500-999","I55","D01","BG",2012,5.03
"NAC","P_SAL_H","500-999","I55","D111","BG",2012,4.1
"NAC","P_SAL_H","500-999","I55","D1111","BG",2012,3.68
"NAC","P_SAL_H","500-999","I56","D01","BG",2012,NA
"NAC","P_SAL_H","500-999","I56","D111","BG",2012,NA
"NAC","P_SAL_H","500-999","I56","D1111","BG",2012,NA
"NAC","P_SAL_H","500-999","J","D01","BG",2012,22.22
"NAC","P_SAL_H","500-999","J","D111","BG",2012,19.41
"NAC","P_SAL_H","500-999","J","D1111","BG",2012,16.19
"NAC","P_SAL_H","500-999","J58","D01","BG",2012,NA
"NAC","P_SAL_H","500-999","J58","D111","BG",2012,NA
"NAC","P_SAL_H","500-999","J58","D1111","BG",2012,NA
"NAC","P_SAL_H","500-999","J60","D01","BG",2012,NA
"NAC","P_SAL_H","500-999","J60","D111","BG",2012,NA
"NAC","P_SAL_H","500-999","J60","D1111","BG",2012,NA
"NAC","P_SAL_H","500-999","J61","D01","BG",2012,NA
"NAC","P_SAL_H","500-999","J61","D111","BG",2012,NA
"NAC","P_SAL_H","500-999","J61","D1111","BG",2012,NA
"NAC","P_SAL_H","500-999","J62","D01","BG",2012,NA
"NAC","P_SAL_H","500-999","J62","D111","BG",2012,NA
"NAC","P_SAL_H","500-999","J62","D1111","BG",2012,NA
"NAC","P_SAL_H","500-999","K","D01","BG",2012,11.65
"NAC","P_SAL_H","500-999","K","D111","BG",2012,9.85
"NAC","P_SAL_H","500-999","K","D1111","BG",2012,9.08
"NAC","P_SAL_H","500-999","K-N","D01","BG",2012,6.97
"NAC","P_SAL_H","500-999","K-N","D111","BG",2012,5.89
"NAC","P_SAL_H","500-999","K-N","D1111","BG",2012,5.43
"NAC","P_SAL_H","500-999","K64","D01","BG",2012,11.32
"NAC","P_SAL_H","500-999","K64","D111","BG",2012,9.51
"NAC","P_SAL_H","500-999","K64","D1111","BG",2012,8.73
"NAC","P_SAL_H","500-999","K65","D01","BG",2012,12.98
"NAC","P_SAL_H","500-999","K65","D111","BG",2012,11.25
"NAC","P_SAL_H","500-999","K65","D1111","BG",2012,10.52
"NAC","P_SAL_H","500-999","M","D01","BG",2012,11.1
"NAC","P_SAL_H","500-999","M","D111","BG",2012,9.26
"NAC","P_SAL_H","500-999","M","D1111","BG",2012,8.16
"NAC","P_SAL_H","500-999","M70","D01","BG",2012,NA
"NAC","P_SAL_H","500-999","M70","D111","BG",2012,NA
"NAC","P_SAL_H","500-999","M70","D1111","BG",2012,NA
"NAC","P_SAL_H","500-999","M73","D01","BG",2012,NA
"NAC","P_SAL_H","500-999","M73","D111","BG",2012,NA
"NAC","P_SAL_H","500-999","M73","D1111","BG",2012,NA
"NAC","P_SAL_H","500-999","N","D01","BG",2012,4.24
"NAC","P_SAL_H","500-999","N","D111","BG",2012,3.6
"NAC","P_SAL_H","500-999","N","D1111","BG",2012,3.34
"NAC","P_SAL_H","500-999","N78","D01","BG",2012,NA
"NAC","P_SAL_H","500-999","N78","D111","BG",2012,NA
"NAC","P_SAL_H","500-999","N78","D1111","BG",2012,NA
"NAC","P_SAL_H","500-999","N80","D01","BG",2012,2.74
"NAC","P_SAL_H","500-999","N80","D111","BG",2012,2.3
"NAC","P_SAL_H","500-999","N80","D1111","BG",2012,2.15
"NAC","P_SAL_H","500-999","N81","D01","BG",2012,3.13
"NAC","P_SAL_H","500-999","N81","D111","BG",2012,2.6
"NAC","P_SAL_H","500-999","N81","D1111","BG",2012,2.41
"NAC","P_SAL_H","500-999","N82","D01","BG",2012,10.5
"NAC","P_SAL_H","500-999","N82","D111","BG",2012,9.02
"NAC","P_SAL_H","500-999","N82","D1111","BG",2012,8.38
"NAC","P_SAL_H","500-999","O","D01","BG",2012,10.81
"NAC","P_SAL_H","500-999","O","D111","BG",2012,8.57
"NAC","P_SAL_H","500-999","O","D1111","BG",2012,7.78
"NAC","P_SAL_H","500-999","O-S","D01","BG",2012,8.37
"NAC","P_SAL_H","500-999","O-S","D111","BG",2012,6.91
"NAC","P_SAL_H","500-999","O-S","D1111","BG",2012,6.07
"NAC","P_SAL_H","500-999","O84","D01","BG",2012,10.81
"NAC","P_SAL_H","500-999","O84","D111","BG",2012,8.57
"NAC","P_SAL_H","500-999","O84","D1111","BG",2012,7.78
"NAC","P_SAL_H","500-999","P","D01","BG",2012,9.62
"NAC","P_SAL_H","500-999","P","D111","BG",2012,8.05
"NAC","P_SAL_H","500-999","P","D1111","BG",2012,6.79
"NAC","P_SAL_H","500-999","P-S","D01","BG",2012,7.68
"NAC","P_SAL_H","500-999","P-S","D111","BG",2012,6.44
"NAC","P_SAL_H","500-999","P-S","D1111","BG",2012,5.58
"NAC","P_SAL_H","500-999","P85","D01","BG",2012,9.62
"NAC","P_SAL_H","500-999","P85","D111","BG",2012,8.05
"NAC","P_SAL_H","500-999","P85","D1111","BG",2012,6.79
"NAC","P_SAL_H","500-999","Q","D01","BG",2012,6.73
"NAC","P_SAL_H","500-999","Q","D111","BG",2012,5.64
"NAC","P_SAL_H","500-999","Q","D1111","BG",2012,4.98
"NAC","P_SAL_H","500-999","Q86","D01","BG",2012,7.14
"NAC","P_SAL_H","500-999","Q86","D111","BG",2012,5.99
"NAC","P_SAL_H","500-999","Q86","D1111","BG",2012,5.29
"NAC","P_SAL_H","500-999","Q87","D01","BG",2012,NA
"NAC","P_SAL_H","500-999","Q87","D111","BG",2012,NA
"NAC","P_SAL_H","500-999","Q87","D1111","BG",2012,NA
"NAC","P_SAL_H","500-999","Q88","D01","BG",2012,NA
"NAC","P_SAL_H","500-999","Q88","D111","BG",2012,NA
"NAC","P_SAL_H","500-999","Q88","D1111","BG",2012,NA
"NAC","P_SAL_H","GE10","B","D01","BG",2012,12.74
"NAC","P_SAL_H","GE10","B","D111","BG",2012,9.71
"NAC","P_SAL_H","GE10","B","D1111","BG",2012,8.21
"NAC","P_SAL_H","GE10","B-E","D01","BG",2012,6.44
"NAC","P_SAL_H","GE10","B-E","D111","BG",2012,5.29
"NAC","P_SAL_H","GE10","B-E","D1111","BG",2012,4.62
"NAC","P_SAL_H","GE10","B-F","D01","BG",2012,6.33
"NAC","P_SAL_H","GE10","B-F","D111","BG",2012,5.23
"NAC","P_SAL_H","GE10","B-F","D1111","BG",2012,4.6
"NAC","P_SAL_H","GE10","B-N","D01","BG",2012,6.71
"NAC","P_SAL_H","GE10","B-N","D111","BG",2012,5.68
"NAC","P_SAL_H","GE10","B-N","D1111","BG",2012,5.07
"NAC","P_SAL_H","GE10","B-S","D01","BG",2012,6.78
"NAC","P_SAL_H","GE10","B-S","D111","BG",2012,5.69
"NAC","P_SAL_H","GE10","B-S","D1111","BG",2012,5.04
"NAC","P_SAL_H","GE10","B-S_X_O","D01","BG",2012,6.7
"NAC","P_SAL_H","GE10","B-S_X_O","D111","BG",2012,5.65
"NAC","P_SAL_H","GE10","B-S_X_O","D1111","BG",2012,5.01
"NAC","P_SAL_H","GE10","B05","D01","BG",2012,14.12
"NAC","P_SAL_H","GE10","B05","D111","BG",2012,10.41
"NAC","P_SAL_H","GE10","B05","D1111","BG",2012,8.48
"NAC","P_SAL_H","GE10","B06","D01","BG",2012,NA
"NAC","P_SAL_H","GE10","B06","D111","BG",2012,NA
"NAC","P_SAL_H","GE10","B06","D1111","BG",2012,NA
"NAC","P_SAL_H","GE10","B07","D01","BG",2012,14.43
"NAC","P_SAL_H","GE10","B07","D111","BG",2012,11.38
"NAC","P_SAL_H","GE10","B07","D1111","BG",2012,10.01
"NAC","P_SAL_H","GE10","B08","D01","BG",2012,6.58
"NAC","P_SAL_H","GE10","B08","D111","BG",2012,5.36
"NAC","P_SAL_H","GE10","B08","D1111","BG",2012,4.78
"NAC","P_SAL_H","GE10","B09","D01","BG",2012,NA
"NAC","P_SAL_H","GE10","B09","D111","BG",2012,NA
"NAC","P_SAL_H","GE10","B09","D1111","BG",2012,NA
"NAC","P_SAL_H","GE10","C","D01","BG",2012,5.52
"NAC","P_SAL_H","GE10","C","D111","BG",2012,4.59
"NAC","P_SAL_H","GE10","C","D1111","BG",2012,4.12
"NAC","P_SAL_H","GE10","C10","D01","BG",2012,4.8
"NAC","P_SAL_H","GE10","C10","D111","BG",2012,4.03
"NAC","P_SAL_H","GE10","C10","D1111","BG",2012,3.7
"NAC","P_SAL_H","GE10","C11","D01","BG",2012,7.24
"NAC","P_SAL_H","GE10","C11","D111","BG",2012,6.1
"NAC","P_SAL_H","GE10","C11","D1111","BG",2012,5.41
"NAC","P_SAL_H","GE10","C12","D01","BG",2012,14.36
"NAC","P_SAL_H","GE10","C12","D111","BG",2012,11.49
"NAC","P_SAL_H","GE10","C12","D1111","BG",2012,9.78
"NAC","P_SAL_H","GE10","C13","D01","BG",2012,4.87
"NAC","P_SAL_H","GE10","C13","D111","BG",2012,4.05
"NAC","P_SAL_H","GE10","C13","D1111","BG",2012,3.67
"NAC","P_SAL_H","GE10","C14","D01","BG",2012,3.62
"NAC","P_SAL_H","GE10","C14","D111","BG",2012,3
"NAC","P_SAL_H","GE10","C14","D1111","BG",2012,2.71
"NAC","P_SAL_H","GE10","C15","D01","BG",2012,3.35
"NAC","P_SAL_H","GE10","C15","D111","BG",2012,2.81
"NAC","P_SAL_H","GE10","C15","D1111","BG",2012,2.54
"NAC","P_SAL_H","GE10","C16","D01","BG",2012,3.94
"NAC","P_SAL_H","GE10","C16","D111","BG",2012,3.3
"NAC","P_SAL_H","GE10","C16","D1111","BG",2012,2.97
"NAC","P_SAL_H","GE10","C17","D01","BG",2012,5.22
"NAC","P_SAL_H","GE10","C17","D111","BG",2012,4.35
"NAC","P_SAL_H","GE10","C17","D1111","BG",2012,3.85
"NAC","P_SAL_H","GE10","C18","D01","BG",2012,5.72
"NAC","P_SAL_H","GE10","C18","D111","BG",2012,4.82
"NAC","P_SAL_H","GE10","C18","D1111","BG",2012,4.39
"NAC","P_SAL_H","GE10","C19","D01","BG",2012,19.72
"NAC","P_SAL_H","GE10","C19","D111","BG",2012,15.81
"NAC","P_SAL_H","GE10","C19","D1111","BG",2012,14.1
"NAC","P_SAL_H","GE10","C20","D01","BG",2012,7.75
"NAC","P_SAL_H","GE10","C20","D111","BG",2012,6.44
"NAC","P_SAL_H","GE10","C20","D1111","BG",2012,5.79
"NAC","P_SAL_H","GE10","C21","D01","BG",2012,7.58
"NAC","P_SAL_H","GE10","C21","D111","BG",2012,6.32
"NAC","P_SAL_H","GE10","C21","D1111","BG",2012,5.61
"NAC","P_SAL_H","GE10","C22","D01","BG",2012,4.7
"NAC","P_SAL_H","GE10","C22","D111","BG",2012,3.95
"NAC","P_SAL_H","GE10","C22","D1111","BG",2012,3.61
"NAC","P_SAL_H","GE10","C23","D01","BG",2012,6.83
"NAC","P_SAL_H","GE10","C23","D111","BG",2012,5.64
"NAC","P_SAL_H","GE10","C23","D1111","BG",2012,5.01
"NAC","P_SAL_H","GE10","C24","D01","BG",2012,9.57
"NAC","P_SAL_H","GE10","C24","D111","BG",2012,7.58
"NAC","P_SAL_H","GE10","C24","D1111","BG",2012,6.7
"NAC","P_SAL_H","GE10","C25","D01","BG",2012,5.38
"NAC","P_SAL_H","GE10","C25","D111","BG",2012,4.48
"NAC","P_SAL_H","GE10","C25","D1111","BG",2012,3.98
"NAC","P_SAL_H","GE10","C26","D01","BG",2012,7.86
"NAC","P_SAL_H","GE10","C26","D111","BG",2012,6.72
"NAC","P_SAL_H","GE10","C26","D1111","BG",2012,5.99
"NAC","P_SAL_H","GE10","C27","D01","BG",2012,7.19
"NAC","P_SAL_H","GE10","C27","D111","BG",2012,5.98
"NAC","P_SAL_H","GE10","C27","D1111","BG",2012,5.37
"NAC","P_SAL_H","GE10","C28","D01","BG",2012,7.02
"NAC","P_SAL_H","GE10","C28","D111","BG",2012,5.85
"NAC","P_SAL_H","GE10","C28","D1111","BG",2012,5.2
"NAC","P_SAL_H","GE10","C29","D01","BG",2012,5.88
"NAC","P_SAL_H","GE10","C29","D111","BG",2012,4.97
"NAC","P_SAL_H","GE10","C29","D1111","BG",2012,4.31
"NAC","P_SAL_H","GE10","C30","D01","BG",2012,6.19
"NAC","P_SAL_H","GE10","C30","D111","BG",2012,5.17
"NAC","P_SAL_H","GE10","C30","D1111","BG",2012,4.72
"NAC","P_SAL_H","GE10","C31","D01","BG",2012,3.75
"NAC","P_SAL_H","GE10","C31","D111","BG",2012,3.13
"NAC","P_SAL_H","GE10","C31","D1111","BG",2012,2.86
"NAC","P_SAL_H","GE10","C32","D01","BG",2012,5.56
"NAC","P_SAL_H","GE10","C32","D111","BG",2012,4.69
"NAC","P_SAL_H","GE10","C32","D1111","BG",2012,4.23
"NAC","P_SAL_H","GE10","C33","D01","BG",2012,8.3
"NAC","P_SAL_H","GE10","C33","D111","BG",2012,6.85
"NAC","P_SAL_H","GE10","C33","D1111","BG",2012,6.05
"NAC","P_SAL_H","GE10","D","D01","BG",2012,15.48
"NAC","P_SAL_H","GE10","D","D111","BG",2012,12.47
"NAC","P_SAL_H","GE10","D","D1111","BG",2012,9.63
"NAC","P_SAL_H","GE10","D35","D01","BG",2012,15.48
"NAC","P_SAL_H","GE10","D35","D111","BG",2012,12.47
"NAC","P_SAL_H","GE10","D35","D1111","BG",2012,9.63
"NAC","P_SAL_H","GE10","E","D01","BG",2012,5.93
"NAC","P_SAL_H","GE10","E","D111","BG",2012,4.95
"NAC","P_SAL_H","GE10","E","D1111","BG",2012,4.26
"NAC","P_SAL_H","GE10","E36","D01","BG",2012,6.43
"NAC","P_SAL_H","GE10","E36","D111","BG",2012,5.32
"NAC","P_SAL_H","GE10","E36","D1111","BG",2012,4.37
"NAC","P_SAL_H","GE10","E37","D01","BG",2012,4.8
"NAC","P_SAL_H","GE10","E37","D111","BG",2012,4.01
"NAC","P_SAL_H","GE10","E37","D1111","BG",2012,3.65
"NAC","P_SAL_H","GE10","E38","D01","BG",2012,5.4
"NAC","P_SAL_H","GE10","E38","D111","BG",2012,4.55
"NAC","P_SAL_H","GE10","E38","D1111","BG",2012,4.13
"NAC","P_SAL_H","GE10","E39","D01","BG",2012,6.38
"NAC","P_SAL_H","GE10","E39","D111","BG",2012,5.39
"NAC","P_SAL_H","GE10","E39","D1111","BG",2012,4.72
"NAC","P_SAL_H","GE10","F","D01","BG",2012,5.8
"NAC","P_SAL_H","GE10","F","D111","BG",2012,4.89
"NAC","P_SAL_H","GE10","F","D1111","BG",2012,4.51
"NAC","P_SAL_H","GE10","F41","D01","BG",2012,5.01
"NAC","P_SAL_H","GE10","F41","D111","BG",2012,4.24
"NAC","P_SAL_H","GE10","F41","D1111","BG",2012,3.92
"NAC","P_SAL_H","GE10","F42","D01","BG",2012,6.71
"NAC","P_SAL_H","GE10","F42","D111","BG",2012,5.64
"NAC","P_SAL_H","GE10","F42","D1111","BG",2012,5.17
"NAC","P_SAL_H","GE10","F43","D01","BG",2012,5.9
"NAC","P_SAL_H","GE10","F43","D111","BG",2012,4.98
"NAC","P_SAL_H","GE10","F43","D1111","BG",2012,4.62
"NAC","P_SAL_H","GE10","G","D01","BG",2012,6.07
"NAC","P_SAL_H","GE10","G","D111","BG",2012,5.18
"NAC","P_SAL_H","GE10","G","D1111","BG",2012,4.78
"NAC","P_SAL_H","GE10","G-J","D01","BG",2012,7
"NAC","P_SAL_H","GE10","G-J","D111","BG",2012,6.04
"NAC","P_SAL_H","GE10","G-J","D1111","BG",2012,5.43
"NAC","P_SAL_H","GE10","G-N","D01","BG",2012,7.07
"NAC","P_SAL_H","GE10","G-N","D111","BG",2012,6.09
"NAC","P_SAL_H","GE10","G-N","D1111","BG",2012,5.5
"NAC","P_SAL_H","GE10","G-S_X_O","D01","BG",2012,6.93
"NAC","P_SAL_H","GE10","G-S_X_O","D111","BG",2012,5.92
"NAC","P_SAL_H","GE10","G-S_X_O","D1111","BG",2012,5.27
"NAC","P_SAL_H","GE10","G45","D01","BG",2012,6.92
"NAC","P_SAL_H","GE10","G45","D111","BG",2012,5.9
"NAC","P_SAL_H","GE10","G45","D1111","BG",2012,5.42
"NAC","P_SAL_H","GE10","G46","D01","BG",2012,7.09
"NAC","P_SAL_H","GE10","G46","D111","BG",2012,6.11
"NAC","P_SAL_H","GE10","G46","D1111","BG",2012,5.65
"NAC","P_SAL_H","GE10","G47","D01","BG",2012,4.96
"NAC","P_SAL_H","GE10","G47","D111","BG",2012,4.18
"NAC","P_SAL_H","GE10","G47","D1111","BG",2012,3.85
"NAC","P_SAL_H","GE10","H","D01","BG",2012,6.91
"NAC","P_SAL_H","GE10","H","D111","BG",2012,6.07
"NAC","P_SAL_H","GE10","H","D1111","BG",2012,5.03
"NAC","P_SAL_H","GE10","H49","D01","BG",2012,5.65
"NAC","P_SAL_H","GE10","H49","D111","BG",2012,4.54
"NAC","P_SAL_H","GE10","H49","D1111","BG",2012,3.81
"NAC","P_SAL_H","GE10","H50","D01","BG",2012,17.97
"NAC","P_SAL_H","GE10","H50","D111","BG",2012,16.51
"NAC","P_SAL_H","GE10","H50","D1111","BG",2012,13.82
"NAC","P_SAL_H","GE10","H51","D01","BG",2012,17.23
"NAC","P_SAL_H","GE10","H51","D111","BG",2012,14.4
"NAC","P_SAL_H","GE10","H51","D1111","BG",2012,12.74
"NAC","P_SAL_H","GE10","H52","D01","BG",2012,8.81
"NAC","P_SAL_H","GE10","H52","D111","BG",2012,8.83
"NAC","P_SAL_H","GE10","H52","D1111","BG",2012,7.06
"NAC","P_SAL_H","GE10","H53","D01","BG",2012,5.72
"NAC","P_SAL_H","GE10","H53","D111","BG",2012,4.76
"NAC","P_SAL_H","GE10","H53","D1111","BG",2012,4.08
"NAC","P_SAL_H","GE10","I","D01","BG",2012,4.23
"NAC","P_SAL_H","GE10","I","D111","BG",2012,3.54
"NAC","P_SAL_H","GE10","I","D1111","BG",2012,3.3
"NAC","P_SAL_H","GE10","I55","D01","BG",2012,4.93
"NAC","P_SAL_H","GE10","I55","D111","BG",2012,4.14
"NAC","P_SAL_H","GE10","I55","D1111","BG",2012,3.84
"NAC","P_SAL_H","GE10","I56","D01","BG",2012,3.67
"NAC","P_SAL_H","GE10","I56","D111","BG",2012,3.06
"NAC","P_SAL_H","GE10","I56","D1111","BG",2012,2.87
"NAC","P_SAL_H","GE10","J","D01","BG",2012,14.48
"NAC","P_SAL_H","GE10","J","D111","BG",2012,12.61
"NAC","P_SAL_H","GE10","J","D1111","BG",2012,11.5
"NAC","P_SAL_H","GE10","J58","D01","BG",2012,9.65
"NAC","P_SAL_H","GE10","J58","D111","BG",2012,8.34
"NAC","P_SAL_H","GE10","J58","D1111","BG",2012,7.56
"NAC","P_SAL_H","GE10","J59","D01","BG",2012,11.46
"NAC","P_SAL_H","GE10","J59","D111","BG",2012,10.15
"NAC","P_SAL_H","GE10","J59","D1111","BG",2012,9.41
"NAC","P_SAL_H","GE10","J60","D01","BG",2012,10.52
"NAC","P_SAL_H","GE10","J60","D111","BG",2012,9.08
"NAC","P_SAL_H","GE10","J60","D1111","BG",2012,8.2
"NAC","P_SAL_H","GE10","J61","D01","BG",2012,12.03
"NAC","P_SAL_H","GE10","J61","D111","BG",2012,10.28
"NAC","P_SAL_H","GE10","J61","D1111","BG",2012,9.34
"NAC","P_SAL_H","GE10","J62","D01","BG",2012,19.24
"NAC","P_SAL_H","GE10","J62","D111","BG",2012,16.95
"NAC","P_SAL_H","GE10","J62","D1111","BG",2012,15.52
"NAC","P_SAL_H","GE10","J63","D01","BG",2012,11.97
"NAC","P_SAL_H","GE10","J63","D111","BG",2012,10.4
"NAC","P_SAL_H","GE10","J63","D1111","BG",2012,9.49
"NAC","P_SAL_H","GE10","K","D01","BG",2012,12.23
"NAC","P_SAL_H","GE10","K","D111","BG",2012,10.48
"NAC","P_SAL_H","GE10","K","D1111","BG",2012,9.39
"NAC","P_SAL_H","GE10","K-N","D01","BG",2012,7.21
"NAC","P_SAL_H","GE10","K-N","D111","BG",2012,6.23
"NAC","P_SAL_H","GE10","K-N","D1111","BG",2012,5.66
"NAC","P_SAL_H","GE10","K64","D01","BG",2012,12.32
"NAC","P_SAL_H","GE10","K64","D111","BG",2012,10.52
"NAC","P_SAL_H","GE10","K64","D1111","BG",2012,9.36
"NAC","P_SAL_H","GE10","K65","D01","BG",2012,13.22
"NAC","P_SAL_H","GE10","K65","D111","BG",2012,11.52
"NAC","P_SAL_H","GE10","K65","D1111","BG",2012,10.62
"NAC","P_SAL_H","GE10","K66","D01","BG",2012,9.74
"NAC","P_SAL_H","GE10","K66","D111","BG",2012,8.47
"NAC","P_SAL_H","GE10","K66","D1111","BG",2012,7.87
"NAC","P_SAL_H","GE10","L","D01","BG",2012,6.43
"NAC","P_SAL_H","GE10","L","D111","BG",2012,5.49
"NAC","P_SAL_H","GE10","L","D1111","BG",2012,5.01
"NAC","P_SAL_H","GE10","L68","D01","BG",2012,6.43
"NAC","P_SAL_H","GE10","L68","D111","BG",2012,5.49
"NAC","P_SAL_H","GE10","L68","D1111","BG",2012,5.01
"NAC","P_SAL_H","GE10","M","D01","BG",2012,10.69
"NAC","P_SAL_H","GE10","M","D111","BG",2012,9.29
"NAC","P_SAL_H","GE10","M","D1111","BG",2012,8.48
"NAC","P_SAL_H","GE10","M69","D01","BG",2012,12.54
"NAC","P_SAL_H","GE10","M69","D111","BG",2012,11
"NAC","P_SAL_H","GE10","M69","D1111","BG",2012,10.09
"NAC","P_SAL_H","GE10","M70","D01","BG",2012,13.75
"NAC","P_SAL_H","GE10","M70","D111","BG",2012,12.12
"NAC","P_SAL_H","GE10","M70","D1111","BG",2012,11.07
"NAC","P_SAL_H","GE10","M71","D01","BG",2012,11.61
"NAC","P_SAL_H","GE10","M71","D111","BG",2012,10.01
"NAC","P_SAL_H","GE10","M71","D1111","BG",2012,9.2
"NAC","P_SAL_H","GE10","M72","D01","BG",2012,6.63
"NAC","P_SAL_H","GE10","M72","D111","BG",2012,5.59
"NAC","P_SAL_H","GE10","M72","D1111","BG",2012,4.91
"NAC","P_SAL_H","GE10","M73","D01","BG",2012,12.09
"NAC","P_SAL_H","GE10","M73","D111","BG",2012,10.63
"NAC","P_SAL_H","GE10","M73","D1111","BG",2012,9.9
"NAC","P_SAL_H","GE10","M74","D01","BG",2012,11.49
"NAC","P_SAL_H","GE10","M74","D111","BG",2012,10.03
"NAC","P_SAL_H","GE10","M74","D1111","BG",2012,9.22
"NAC","P_SAL_H","GE10","M75","D01","BG",2012,3.64
"NAC","P_SAL_H","GE10","M75","D111","BG",2012,3.1
"NAC","P_SAL_H","GE10","M75","D1111","BG",2012,2.87
"NAC","P_SAL_H","GE10","N","D01","BG",2012,3.73
"NAC","P_SAL_H","GE10","N","D111","BG",2012,3.25
"NAC","P_SAL_H","GE10","N","D1111","BG",2012,3
"NAC","P_SAL_H","GE10","N77","D01","BG",2012,6.98
"NAC","P_SAL_H","GE10","N77","D111","BG",2012,5.93
"NAC","P_SAL_H","GE10","N77","D1111","BG",2012,5.5
"NAC","P_SAL_H","GE10","N78","D01","BG",2012,7.66
"NAC","P_SAL_H","GE10","N78","D111","BG",2012,6.46
"NAC","P_SAL_H","GE10","N78","D1111","BG",2012,5.93
"NAC","P_SAL_H","GE10","N79","D01","BG",2012,6.35
"NAC","P_SAL_H","GE10","N79","D111","BG",2012,5.42
"NAC","P_SAL_H","GE10","N79","D1111","BG",2012,5.09
"NAC","P_SAL_H","GE10","N80","D01","BG",2012,3.13
"NAC","P_SAL_H","GE10","N80","D111","BG",2012,2.64
"NAC","P_SAL_H","GE10","N80","D1111","BG",2012,2.44
"NAC","P_SAL_H","GE10","N81","D01","BG",2012,2.51
"NAC","P_SAL_H","GE10","N81","D111","BG",2012,2.43
"NAC","P_SAL_H","GE10","N81","D1111","BG",2012,2.24
"NAC","P_SAL_H","GE10","N82","D01","BG",2012,8.24
"NAC","P_SAL_H","GE10","N82","D111","BG",2012,7.05
"NAC","P_SAL_H","GE10","N82","D1111","BG",2012,6.51
"NAC","P_SAL_H","GE10","O","D01","BG",2012,8.06
"NAC","P_SAL_H","GE10","O","D111","BG",2012,6.33
"NAC","P_SAL_H","GE10","O","D1111","BG",2012,5.55
"NAC","P_SAL_H","GE10","O-S","D01","BG",2012,7.02
"NAC","P_SAL_H","GE10","O-S","D111","BG",2012,5.74
"NAC","P_SAL_H","GE10","O-S","D1111","BG",2012,4.96
"NAC","P_SAL_H","GE10","O84","D01","BG",2012,8.06
"NAC","P_SAL_H","GE10","O84","D111","BG",2012,6.33
"NAC","P_SAL_H","GE10","O84","D1111","BG",2012,5.55
"NAC","P_SAL_H","GE10","P","D01","BG",2012,6.87
"NAC","P_SAL_H","GE10","P","D111","BG",2012,5.63
"NAC","P_SAL_H","GE10","P","D1111","BG",2012,4.64
"NAC","P_SAL_H","GE10","P-S","D01","BG",2012,6.62
"NAC","P_SAL_H","GE10","P-S","D111","BG",2012,5.51
"NAC","P_SAL_H","GE10","P-S","D1111","BG",2012,4.74
"NAC","P_SAL_H","GE10","P85","D01","BG",2012,6.87
"NAC","P_SAL_H","GE10","P85","D111","BG",2012,5.63
"NAC","P_SAL_H","GE10","P85","D1111","BG",2012,4.64
"NAC","P_SAL_H","GE10","Q","D01","BG",2012,6.75
"NAC","P_SAL_H","GE10","Q","D111","BG",2012,5.68
"NAC","P_SAL_H","GE10","Q","D1111","BG",2012,5.05
"NAC","P_SAL_H","GE10","Q86","D01","BG",2012,7.63
"NAC","P_SAL_H","GE10","Q86","D111","BG",2012,6.43
"NAC","P_SAL_H","GE10","Q86","D1111","BG",2012,5.73
"NAC","P_SAL_H","GE10","Q87","D01","BG",2012,4.09
"NAC","P_SAL_H","GE10","Q87","D111","BG",2012,3.38
"NAC","P_SAL_H","GE10","Q87","D1111","BG",2012,2.93
"NAC","P_SAL_H","GE10","Q88","D01","BG",2012,3.68
"NAC","P_SAL_H","GE10","Q88","D111","BG",2012,3.08
"NAC","P_SAL_H","GE10","Q88","D1111","BG",2012,2.69
"NAC","P_SAL_H","GE10","R","D01","BG",2012,5.59
"NAC","P_SAL_H","GE10","R","D111","BG",2012,4.79
"NAC","P_SAL_H","GE10","R","D1111","BG",2012,4.36
"NAC","P_SAL_H","GE10","R90","D01","BG",2012,4.82
"NAC","P_SAL_H","GE10","R90","D111","BG",2012,3.98
"NAC","P_SAL_H","GE10","R90","D1111","BG",2012,3.47
"NAC","P_SAL_H","GE10","R91","D01","BG",2012,4.47
"NAC","P_SAL_H","GE10","R91","D111","BG",2012,3.69
"NAC","P_SAL_H","GE10","R91","D1111","BG",2012,3.19
"NAC","P_SAL_H","GE10","R92","D01","BG",2012,4.54
"NAC","P_SAL_H","GE10","R92","D111","BG",2012,3.8
"NAC","P_SAL_H","GE10","R92","D1111","BG",2012,3.49
"NAC","P_SAL_H","GE10","R93","D01","BG",2012,8.45
"NAC","P_SAL_H","GE10","R93","D111","BG",2012,7.57
"NAC","P_SAL_H","GE10","R93","D1111","BG",2012,7.09
"NAC","P_SAL_H","GE10","S","D01","BG",2012,4.93
"NAC","P_SAL_H","GE10","S","D111","BG",2012,4.25
"NAC","P_SAL_H","GE10","S","D1111","BG",2012,3.86
"NAC","P_SAL_H","GE10","S94","D01","BG",2012,5.48
"NAC","P_SAL_H","GE10","S94","D111","BG",2012,4.79
"NAC","P_SAL_H","GE10","S94","D1111","BG",2012,4.33
"NAC","P_SAL_H","GE10","S95","D01","BG",2012,5.56
"NAC","P_SAL_H","GE10","S95","D111","BG",2012,4.7
"NAC","P_SAL_H","GE10","S95","D1111","BG",2012,4.29
"NAC","P_SAL_H","GE10","S96","D01","BG",2012,3.51
"NAC","P_SAL_H","GE10","S96","D111","BG",2012,2.92
"NAC","P_SAL_H","GE10","S96","D1111","BG",2012,2.68
"NAC","P_SAL_H","GE1000","B","D01","BG",2012,16.5
"NAC","P_SAL_H","GE1000","B","D111","BG",2012,12.46
"NAC","P_SAL_H","GE1000","B","D1111","BG",2012,10.33
"NAC","P_SAL_H","GE1000","B-E","D01","BG",2012,11.65
"NAC","P_SAL_H","GE1000","B-E","D111","BG",2012,9.28
"NAC","P_SAL_H","GE1000","B-E","D1111","BG",2012,7.56
"NAC","P_SAL_H","GE1000","B-F","D01","BG",2012,11.66
"NAC","P_SAL_H","GE1000","B-F","D111","BG",2012,9.28
"NAC","P_SAL_H","GE1000","B-F","D1111","BG",2012,7.56
"NAC","P_SAL_H","GE1000","B-N","D01","BG",2012,10.22
"NAC","P_SAL_H","GE1000","B-N","D111","BG",2012,8.59
"NAC","P_SAL_H","GE1000","B-N","D1111","BG",2012,7.18
"NAC","P_SAL_H","GE1000","B-S","D01","BG",2012,9.95
"NAC","P_SAL_H","GE1000","B-S","D111","BG",2012,8.31
"NAC","P_SAL_H","GE1000","B-S","D1111","BG",2012,7.01
"NAC","P_SAL_H","GE1000","B-S_X_O","D01","BG",2012,10.08
"NAC","P_SAL_H","GE1000","B-S_X_O","D111","BG",2012,8.47
"NAC","P_SAL_H","GE1000","B-S_X_O","D1111","BG",2012,7.11
"NAC","P_SAL_H","GE1000","B05","D01","BG",2012,15.77
"NAC","P_SAL_H","GE1000","B05","D111","BG",2012,11.58
"NAC","P_SAL_H","GE1000","B05","D1111","BG",2012,9.34
"NAC","P_SAL_H","GE1000","B07","D01","BG",2012,18.33
"NAC","P_SAL_H","GE1000","B07","D111","BG",2012,14.62
"NAC","P_SAL_H","GE1000","B07","D1111","BG",2012,12.81
"NAC","P_SAL_H","GE1000","C","D01","BG",2012,8.03
"NAC","P_SAL_H","GE1000","C","D111","BG",2012,6.54
"NAC","P_SAL_H","GE1000","C","D1111","BG",2012,5.71
"NAC","P_SAL_H","GE1000","C10","D01","BG",2012,NA
"NAC","P_SAL_H","GE1000","C10","D111","BG",2012,NA
"NAC","P_SAL_H","GE1000","C10","D1111","BG",2012,NA
"NAC","P_SAL_H","GE1000","C11","D01","BG",2012,NA
"NAC","P_SAL_H","GE1000","C11","D111","BG",2012,NA
"NAC","P_SAL_H","GE1000","C11","D1111","BG",2012,NA
"NAC","P_SAL_H","GE1000","C12","D01","BG",2012,NA
"NAC","P_SAL_H","GE1000","C12","D111","BG",2012,NA
"NAC","P_SAL_H","GE1000","C12","D1111","BG",2012,NA
"NAC","P_SAL_H","GE1000","C13","D01","BG",2012,5.78
"NAC","P_SAL_H","GE1000","C13","D111","BG",2012,4.87
"NAC","P_SAL_H","GE1000","C13","D1111","BG",2012,4.45
"NAC","P_SAL_H","GE1000","C14","D01","BG",2012,5.93
"NAC","P_SAL_H","GE1000","C14","D111","BG",2012,4.48
"NAC","P_SAL_H","GE1000","C14","D1111","BG",2012,4.02
"NAC","P_SAL_H","GE1000","C19","D01","BG",2012,NA
"NAC","P_SAL_H","GE1000","C19","D111","BG",2012,NA
"NAC","P_SAL_H","GE1000","C19","D1111","BG",2012,NA
"NAC","P_SAL_H","GE1000","C20","D01","BG",2012,NA
"NAC","P_SAL_H","GE1000","C20","D111","BG",2012,NA
"NAC","P_SAL_H","GE1000","C20","D1111","BG",2012,NA
"NAC","P_SAL_H","GE1000","C21","D01","BG",2012,6.98
"NAC","P_SAL_H","GE1000","C21","D111","BG",2012,5.76
"NAC","P_SAL_H","GE1000","C21","D1111","BG",2012,4.98
"NAC","P_SAL_H","GE1000","C22","D01","BG",2012,NA
"NAC","P_SAL_H","GE1000","C22","D111","BG",2012,NA
"NAC","P_SAL_H","GE1000","C22","D1111","BG",2012,NA
"NAC","P_SAL_H","GE1000","C23","D01","BG",2012,NA
"NAC","P_SAL_H","GE1000","C23","D111","BG",2012,NA
"NAC","P_SAL_H","GE1000","C23","D1111","BG",2012,NA
"NAC","P_SAL_H","GE1000","C24","D01","BG",2012,NA
"NAC","P_SAL_H","GE1000","C24","D111","BG",2012,NA
"NAC","P_SAL_H","GE1000","C24","D1111","BG",2012,NA
"NAC","P_SAL_H","GE1000","C25","D01","BG",2012,5.67
"NAC","P_SAL_H","GE1000","C25","D111","BG",2012,4.61
"NAC","P_SAL_H","GE1000","C25","D1111","BG",2012,3.93
"NAC","P_SAL_H","GE1000","C27","D01","BG",2012,NA
"NAC","P_SAL_H","GE1000","C27","D111","BG",2012,NA
"NAC","P_SAL_H","GE1000","C27","D1111","BG",2012,NA
"NAC","P_SAL_H","GE1000","C28","D01","BG",2012,9.9
"NAC","P_SAL_H","GE1000","C28","D111","BG",2012,8.18
"NAC","P_SAL_H","GE1000","C28","D1111","BG",2012,6.91
"NAC","P_SAL_H","GE1000","C29","D01","BG",2012,6.09
"NAC","P_SAL_H","GE1000","C29","D111","BG",2012,5.16
"NAC","P_SAL_H","GE1000","C29","D1111","BG",2012,4.42
"NAC","P_SAL_H","GE1000","C30","D01","BG",2012,NA
"NAC","P_SAL_H","GE1000","C30","D111","BG",2012,NA
"NAC","P_SAL_H","GE1000","C30","D1111","BG",2012,NA
"NAC","P_SAL_H","GE1000","C33","D01","BG",2012,NA
"NAC","P_SAL_H","GE1000","C33","D111","BG",2012,NA
"NAC","P_SAL_H","GE1000","C33","D1111","BG",2012,NA
"NAC","P_SAL_H","GE1000","D","D01","BG",2012,16.71
"NAC","P_SAL_H","GE1000","D","D111","BG",2012,13.37
"NAC","P_SAL_H","GE1000","D","D1111","BG",2012,9.99
"NAC","P_SAL_H","GE1000","D35","D01","BG",2012,16.71
"NAC","P_SAL_H","GE1000","D35","D111","BG",2012,13.37
"NAC","P_SAL_H","GE1000","D35","D1111","BG",2012,9.99
"NAC","P_SAL_H","GE1000","E","D01","BG",2012,8.15
"NAC","P_SAL_H","GE1000","E","D111","BG",2012,6.73
"NAC","P_SAL_H","GE1000","E","D1111","BG",2012,5.66
"NAC","P_SAL_H","GE1000","E36","D01","BG",2012,8.15
"NAC","P_SAL_H","GE1000","E36","D111","BG",2012,6.73
"NAC","P_SAL_H","GE1000","E36","D1111","BG",2012,5.66
"NAC","P_SAL_H","GE1000","F","D01","BG",2012,NA
"NAC","P_SAL_H","GE1000","F","D111","BG",2012,NA
"NAC","P_SAL_H","GE1000","F","D1111","BG",2012,NA
"NAC","P_SAL_H","GE1000","F41","D01","BG",2012,NA
"NAC","P_SAL_H","GE1000","F41","D111","BG",2012,NA
"NAC","P_SAL_H","GE1000","F41","D1111","BG",2012,NA
"NAC","P_SAL_H","GE1000","G","D01","BG",2012,7.77
"NAC","P_SAL_H","GE1000","G","D111","BG",2012,6.62
"NAC","P_SAL_H","GE1000","G","D1111","BG",2012,6.01
"NAC","P_SAL_H","GE1000","G-J","D01","BG",2012,9.33
"NAC","P_SAL_H","GE1000","G-J","D111","BG",2012,8.31
"NAC","P_SAL_H","GE1000","G-J","D1111","BG",2012,6.96
"NAC","P_SAL_H","GE1000","G-N","D01","BG",2012,9.27
"NAC","P_SAL_H","GE1000","G-N","D111","BG",2012,8.13
"NAC","P_SAL_H","GE1000","G-N","D1111","BG",2012,6.93
"NAC","P_SAL_H","GE1000","G-S_X_O","D01","BG",2012,9.2
"NAC","P_SAL_H","GE1000","G-S_X_O","D111","BG",2012,8.02
"NAC","P_SAL_H","GE1000","G-S_X_O","D1111","BG",2012,6.86
"NAC","P_SAL_H","GE1000","G46","D01","BG",2012,NA
"NAC","P_SAL_H","GE1000","G46","D111","BG",2012,NA
"NAC","P_SAL_H","GE1000","G46","D1111","BG",2012,NA
"NAC","P_SAL_H","GE1000","G47","D01","BG",2012,7.31
"NAC","P_SAL_H","GE1000","G47","D111","BG",2012,6.21
"NAC","P_SAL_H","GE1000","G47","D1111","BG",2012,5.59
"NAC","P_SAL_H","GE1000","H","D01","BG",2012,8.4
"NAC","P_SAL_H","GE1000","H","D111","BG",2012,7.82
"NAC","P_SAL_H","GE1000","H","D1111","BG",2012,6.01
"NAC","P_SAL_H","GE1000","H49","D01","BG",2012,8.97
"NAC","P_SAL_H","GE1000","H49","D111","BG",2012,7.21
"NAC","P_SAL_H","GE1000","H49","D1111","BG",2012,5.39
"NAC","P_SAL_H","GE1000","H50","D01","BG",2012,NA
"NAC","P_SAL_H","GE1000","H50","D111","BG",2012,NA
"NAC","P_SAL_H","GE1000","H50","D1111","BG",2012,NA
"NAC","P_SAL_H","GE1000","H52","D01","BG",2012,8.64
"NAC","P_SAL_H","GE1000","H52","D111","BG",2012,9.25
"NAC","P_SAL_H","GE1000","H52","D1111","BG",2012,7.08
"NAC","P_SAL_H","GE1000","H53","D01","BG",2012,4.94
"NAC","P_SAL_H","GE1000","H53","D111","BG",2012,4.03
"NAC","P_SAL_H","GE1000","H53","D1111","BG",2012,3.25
"NAC","P_SAL_H","GE1000","I","D01","BG",2012,NA
"NAC","P_SAL_H","GE1000","I","D111","BG",2012,NA
"NAC","P_SAL_H","GE1000","I","D1111","BG",2012,NA
"NAC","P_SAL_H","GE1000","I56","D01","BG",2012,NA
"NAC","P_SAL_H","GE1000","I56","D111","BG",2012,NA
"NAC","P_SAL_H","GE1000","I56","D1111","BG",2012,NA
"NAC","P_SAL_H","GE1000","J","D01","BG",2012,13.59
"NAC","P_SAL_H","GE1000","J","D111","BG",2012,11.59
"NAC","P_SAL_H","GE1000","J","D1111","BG",2012,10.56
"NAC","P_SAL_H","GE1000","J60","D01","BG",2012,8.15
"NAC","P_SAL_H","GE1000","J60","D111","BG",2012,6.96
"NAC","P_SAL_H","GE1000","J60","D1111","BG",2012,6.14
"NAC","P_SAL_H","GE1000","J61","D01","BG",2012,12.76
"NAC","P_SAL_H","GE1000","J61","D111","BG",2012,10.94
"NAC","P_SAL_H","GE1000","J61","D1111","BG",2012,9.9
"NAC","P_SAL_H","GE1000","J62","D01","BG",2012,NA
"NAC","P_SAL_H","GE1000","J62","D111","BG",2012,NA
"NAC","P_SAL_H","GE1000","J62","D1111","BG",2012,NA
"NAC","P_SAL_H","GE1000","K","D01","BG",2012,12.24
"NAC","P_SAL_H","GE1000","K","D111","BG",2012,10.41
"NAC","P_SAL_H","GE1000","K","D1111","BG",2012,9.17
"NAC","P_SAL_H","GE1000","K-N","D01","BG",2012,9.14
"NAC","P_SAL_H","GE1000","K-N","D111","BG",2012,7.76
"NAC","P_SAL_H","GE1000","K-N","D1111","BG",2012,6.86
"NAC","P_SAL_H","GE1000","K64","D01","BG",2012,12.24
"NAC","P_SAL_H","GE1000","K64","D111","BG",2012,10.41
"NAC","P_SAL_H","GE1000","K64","D1111","BG",2012,9.17
"NAC","P_SAL_H","GE1000","M","D01","BG",2012,6.55
"NAC","P_SAL_H","GE1000","M","D111","BG",2012,4.91
"NAC","P_SAL_H","GE1000","M","D1111","BG",2012,4.12
"NAC","P_SAL_H","GE1000","M71","D01","BG",2012,NA
"NAC","P_SAL_H","GE1000","M71","D111","BG",2012,NA
"NAC","P_SAL_H","GE1000","M71","D1111","BG",2012,NA
"NAC","P_SAL_H","GE1000","M72","D01","BG",2012,NA
"NAC","P_SAL_H","GE1000","M72","D111","BG",2012,NA
"NAC","P_SAL_H","GE1000","M72","D1111","BG",2012,NA
"NAC","P_SAL_H","GE1000","N","D01","BG",2012,4.53
"NAC","P_SAL_H","GE1000","N","D111","BG",2012,3.83
"NAC","P_SAL_H","GE1000","N","D1111","BG",2012,3.44
"NAC","P_SAL_H","GE1000","N78","D01","BG",2012,NA
"NAC","P_SAL_H","GE1000","N78","D111","BG",2012,NA
"NAC","P_SAL_H","GE1000","N78","D1111","BG",2012,NA
"NAC","P_SAL_H","GE1000","N80","D01","BG",2012,3.54
"NAC","P_SAL_H","GE1000","N80","D111","BG",2012,2.99
"NAC","P_SAL_H","GE1000","N80","D1111","BG",2012,2.68
"NAC","P_SAL_H","GE1000","O","D01","BG",2012,8.21
"NAC","P_SAL_H","GE1000","O","D111","BG",2012,6.28
"NAC","P_SAL_H","GE1000","O","D1111","BG",2012,5.63
"NAC","P_SAL_H","GE1000","O-S","D01","BG",2012,8.54
"NAC","P_SAL_H","GE1000","O-S","D111","BG",2012,6.9
"NAC","P_SAL_H","GE1000","O-S","D1111","BG",2012,6.1
"NAC","P_SAL_H","GE1000","O84","D01","BG",2012,8.21
"NAC","P_SAL_H","GE1000","O84","D111","BG",2012,6.28
"NAC","P_SAL_H","GE1000","O84","D1111","BG",2012,5.63
"NAC","P_SAL_H","GE1000","P","D01","BG",2012,9.15
"NAC","P_SAL_H","GE1000","P","D111","BG",2012,7.74
"NAC","P_SAL_H","GE1000","P","D1111","BG",2012,6.7
"NAC","P_SAL_H","GE1000","P-S","D01","BG",2012,8.8
"NAC","P_SAL_H","GE1000","P-S","D111","BG",2012,7.39
"NAC","P_SAL_H","GE1000","P-S","D1111","BG",2012,6.48
"NAC","P_SAL_H","GE1000","P85","D01","BG",2012,9.15
"NAC","P_SAL_H","GE1000","P85","D111","BG",2012,7.74
"NAC","P_SAL_H","GE1000","P85","D1111","BG",2012,6.7
"NAC","P_SAL_H","GE1000","Q","D01","BG",2012,8.85
"NAC","P_SAL_H","GE1000","Q","D111","BG",2012,7.43
"NAC","P_SAL_H","GE1000","Q","D1111","BG",2012,6.53
"NAC","P_SAL_H","GE1000","Q86","D01","BG",2012,8.85
"NAC","P_SAL_H","GE1000","Q86","D111","BG",2012,7.43
"NAC","P_SAL_H","GE1000","Q86","D1111","BG",2012,6.53
"NAC","P_SAL_H","GE1000","R","D01","BG",2012,6.73
"NAC","P_SAL_H","GE1000","R","D111","BG",2012,5.57
"NAC","P_SAL_H","GE1000","R","D1111","BG",2012,5.01
"NAC","P_SAL_H","GE1000","R92","D01","BG",2012,6.73
"NAC","P_SAL_H","GE1000","R92","D111","BG",2012,5.57
"NAC","P_SAL_H","GE1000","R92","D1111","BG",2012,5.01
"NAC","P_SAL_H","LT10","B","D01","BG",2012,6.48
"NAC","P_SAL_H","LT10","B","D111","BG",2012,5.48
"NAC","P_SAL_H","LT10","B","D1111","BG",2012,5.16
"NAC","P_SAL_H","LT10","B-E","D01","BG",2012,3.4
"NAC","P_SAL_H","LT10","B-E","D111","BG",2012,2.84
"NAC","P_SAL_H","LT10","B-E","D1111","BG",2012,2.68
"NAC","P_SAL_H","LT10","B-F","D01","BG",2012,3.65
"NAC","P_SAL_H","LT10","B-F","D111","BG",2012,3.06
"NAC","P_SAL_H","LT10","B-F","D1111","BG",2012,2.89
"NAC","P_SAL_H","LT10","B-N","D01","BG",2012,4.16
"NAC","P_SAL_H","LT10","B-N","D111","BG",2012,3.51
"NAC","P_SAL_H","LT10","B-N","D1111","BG",2012,3.32
"NAC","P_SAL_H","LT10","B-S","D01","BG",2012,4.13
"NAC","P_SAL_H","LT10","B-S","D111","BG",2012,3.49
"NAC","P_SAL_H","LT10","B-S","D1111","BG",2012,3.28
"NAC","P_SAL_H","LT10","B-S_X_O","D01","BG",2012,4.12
"NAC","P_SAL_H","LT10","B-S_X_O","D111","BG",2012,3.48
"NAC","P_SAL_H","LT10","B-S_X_O","D1111","BG",2012,3.28
"NAC","P_SAL_H","LT10","B05","D01","BG",2012,8.06
"NAC","P_SAL_H","LT10","B05","D111","BG",2012,6.47
"NAC","P_SAL_H","LT10","B05","D1111","BG",2012,6.2
"NAC","P_SAL_H","LT10","B06","D01","BG",2012,NA
"NAC","P_SAL_H","LT10","B06","D111","BG",2012,NA
"NAC","P_SAL_H","LT10","B06","D1111","BG",2012,NA
"NAC","P_SAL_H","LT10","B07","D01","BG",2012,5.64
"NAC","P_SAL_H","LT10","B07","D111","BG",2012,4.78
"NAC","P_SAL_H","LT10","B07","D1111","BG",2012,4.61
"NAC","P_SAL_H","LT10","B08","D01","BG",2012,5.12
"NAC","P_SAL_H","LT10","B08","D111","BG",2012,4.25
"NAC","P_SAL_H","LT10","B08","D1111","BG",2012,3.97
"NAC","P_SAL_H","LT10","B09","D01","BG",2012,13.03
"NAC","P_SAL_H","LT10","B09","D111","BG",2012,11.55
"NAC","P_SAL_H","LT10","B09","D1111","BG",2012,10.94
"NAC","P_SAL_H","LT10","C","D01","BG",2012,3.21
"NAC","P_SAL_H","LT10","C","D111","BG",2012,2.68
"NAC","P_SAL_H","LT10","C","D1111","BG",2012,2.53
"NAC","P_SAL_H","LT10","C10","D01","BG",2012,3.08
"NAC","P_SAL_H","LT10","C10","D111","BG",2012,2.56
"NAC","P_SAL_H","LT10","C10","D1111","BG",2012,2.44
"NAC","P_SAL_H","LT10","C11","D01","BG",2012,NA
"NAC","P_SAL_H","LT10","C11","D111","BG",2012,NA
"NAC","P_SAL_H","LT10","C11","D1111","BG",2012,NA
"NAC","P_SAL_H","LT10","C12","D01","BG",2012,6.3
"NAC","P_SAL_H","LT10","C12","D111","BG",2012,5.17
"NAC","P_SAL_H","LT10","C12","D1111","BG",2012,4.64
"NAC","P_SAL_H","LT10","C13","D01","BG",2012,NA
"NAC","P_SAL_H","LT10","C13","D111","BG",2012,NA
"NAC","P_SAL_H","LT10","C13","D1111","BG",2012,NA
"NAC","P_SAL_H","LT10","C14","D01","BG",2012,2.8
"NAC","P_SAL_H","LT10","C14","D111","BG",2012,2.34
"NAC","P_SAL_H","LT10","C14","D1111","BG",2012,2.23
"NAC","P_SAL_H","LT10","C15","D01","BG",2012,NA
"NAC","P_SAL_H","LT10","C15","D111","BG",2012,NA
"NAC","P_SAL_H","LT10","C15","D1111","BG",2012,NA
"NAC","P_SAL_H","LT10","C16","D01","BG",2012,2.7
"NAC","P_SAL_H","LT10","C16","D111","BG",2012,2.23
"NAC","P_SAL_H","LT10","C16","D1111","BG",2012,2.1
"NAC","P_SAL_H","LT10","C17","D01","BG",2012,NA
"NAC","P_SAL_H","LT10","C17","D111","BG",2012,NA
"NAC","P_SAL_H","LT10","C17","D1111","BG",2012,NA
"NAC","P_SAL_H","LT10","C18","D01","BG",2012,3.15
"NAC","P_SAL_H","LT10","C18","D111","BG",2012,2.63
"NAC","P_SAL_H","LT10","C18","D1111","BG",2012,2.46
"NAC","P_SAL_H","LT10","C19","D01","BG",2012,NA
"NAC","P_SAL_H","LT10","C19","D111","BG",2012,NA
"NAC","P_SAL_H","LT10","C19","D1111","BG",2012,NA
"NAC","P_SAL_H","LT10","C20","D01","BG",2012,3.95
"NAC","P_SAL_H","LT10","C20","D111","BG",2012,3.32
"NAC","P_SAL_H","LT10","C20","D1111","BG",2012,3.11
"NAC","P_SAL_H","LT10","C21","D01","BG",2012,NA
"NAC","P_SAL_H","LT10","C21","D111","BG",2012,NA
"NAC","P_SAL_H","LT10","C21","D1111","BG",2012,NA
"NAC","P_SAL_H","LT10","C22","D01","BG",2012,2.98
"NAC","P_SAL_H","LT10","C22","D111","BG",2012,2.48
"NAC","P_SAL_H","LT10","C22","D1111","BG",2012,2.32
"NAC","P_SAL_H","LT10","C23","D01","BG",2012,3.56
"NAC","P_SAL_H","LT10","C23","D111","BG",2012,2.95
"NAC","P_SAL_H","LT10","C23","D1111","BG",2012,2.78
"NAC","P_SAL_H","LT10","C24","D01","BG",2012,NA
"NAC","P_SAL_H","LT10","C24","D111","BG",2012,NA
"NAC","P_SAL_H","LT10","C24","D1111","BG",2012,NA
"NAC","P_SAL_H","LT10","C25","D01","BG",2012,3.3
"NAC","P_SAL_H","LT10","C25","D111","BG",2012,2.75
"NAC","P_SAL_H","LT10","C25","D1111","BG",2012,2.58
"NAC","P_SAL_H","LT10","C26","D01","BG",2012,5.16
"NAC","P_SAL_H","LT10","C26","D111","BG",2012,4.36
"NAC","P_SAL_H","LT10","C26","D1111","BG",2012,4.09
"NAC","P_SAL_H","LT10","C27","D01","BG",2012,NA
"NAC","P_SAL_H","LT10","C27","D111","BG",2012,NA
"NAC","P_SAL_H","LT10","C27","D1111","BG",2012,NA
"NAC","P_SAL_H","LT10","C28","D01","BG",2012,4.25
"NAC","P_SAL_H","LT10","C28","D111","BG",2012,3.54
"NAC","P_SAL_H","LT10","C28","D1111","BG",2012,3.3
"NAC","P_SAL_H","LT10","C29","D01","BG",2012,3.36
"NAC","P_SAL_H","LT10","C29","D111","BG",2012,2.8
"NAC","P_SAL_H","LT10","C29","D1111","BG",2012,2.61
"NAC","P_SAL_H","LT10","C30","D01","BG",2012,5.1
"NAC","P_SAL_H","LT10","C30","D111","BG",2012,4.3
"NAC","P_SAL_H","LT10","C30","D1111","BG",2012,4.11
"NAC","P_SAL_H","LT10","C31","D01","BG",2012,2.64
"NAC","P_SAL_H","LT10","C31","D111","BG",2012,2.2
"NAC","P_SAL_H","LT10","C31","D1111","BG",2012,2.07
"NAC","P_SAL_H","LT10","C32","D01","BG",2012,3.1
"NAC","P_SAL_H","LT10","C32","D111","BG",2012,2.59
"NAC","P_SAL_H","LT10","C32","D1111","BG",2012,2.42
"NAC","P_SAL_H","LT10","C33","D01","BG",2012,4.42
"NAC","P_SAL_H","LT10","C33","D111","BG",2012,3.75
"NAC","P_SAL_H","LT10","C33","D1111","BG",2012,3.53
"NAC","P_SAL_H","LT10","D","D01","BG",2012,8.19
"NAC","P_SAL_H","LT10","D","D111","BG",2012,7.16
"NAC","P_SAL_H","LT10","D","D1111","BG",2012,6.77
"NAC","P_SAL_H","LT10","D35","D01","BG",2012,8.19
"NAC","P_SAL_H","LT10","D35","D111","BG",2012,7.16
"NAC","P_SAL_H","LT10","D35","D1111","BG",2012,6.77
"NAC","P_SAL_H","LT10","E","D01","BG",2012,4.59
"NAC","P_SAL_H","LT10","E","D111","BG",2012,3.92
"NAC","P_SAL_H","LT10","E","D1111","BG",2012,3.67
"NAC","P_SAL_H","LT10","E36","D01","BG",2012,7.46
"NAC","P_SAL_H","LT10","E36","D111","BG",2012,6.31
"NAC","P_SAL_H","LT10","E36","D1111","BG",2012,5.74
"NAC","P_SAL_H","LT10","E37","D01","BG",2012,3.83
"NAC","P_SAL_H","LT10","E37","D111","BG",2012,3.23
"NAC","P_SAL_H","LT10","E37","D1111","BG",2012,3.1
"NAC","P_SAL_H","LT10","E38","D01","BG",2012,4.48
"NAC","P_SAL_H","LT10","E38","D111","BG",2012,3.82
"NAC","P_SAL_H","LT10","E38","D1111","BG",2012,3.59
"NAC","P_SAL_H","LT10","E39","D01","BG",2012,5.22
"NAC","P_SAL_H","LT10","E39","D111","BG",2012,4.52
"NAC","P_SAL_H","LT10","E39","D1111","BG",2012,4.2
"NAC","P_SAL_H","LT10","F","D01","BG",2012,4.15
"NAC","P_SAL_H","LT10","F","D111","BG",2012,3.49
"NAC","P_SAL_H","LT10","F","D1111","BG",2012,3.29
"NAC","P_SAL_H","LT10","F41","D01","BG",2012,4.02
"NAC","P_SAL_H","LT10","F41","D111","BG",2012,3.37
"NAC","P_SAL_H","LT10","F41","D1111","BG",2012,3.17
"NAC","P_SAL_H","LT10","F42","D01","BG",2012,5.32
"NAC","P_SAL_H","LT10","F42","D111","BG",2012,4.55
"NAC","P_SAL_H","LT10","F42","D1111","BG",2012,4.27
"NAC","P_SAL_H","LT10","F43","D01","BG",2012,4.03
"NAC","P_SAL_H","LT10","F43","D111","BG",2012,3.38
"NAC","P_SAL_H","LT10","F43","D1111","BG",2012,3.2
"NAC","P_SAL_H","LT10","G","D01","BG",2012,3.89
"NAC","P_SAL_H","LT10","G","D111","BG",2012,3.27
"NAC","P_SAL_H","LT10","G","D1111","BG",2012,3.08
"NAC","P_SAL_H","LT10","G-J","D01","BG",2012,3.92
"NAC","P_SAL_H","LT10","G-J","D111","BG",2012,3.3
"NAC","P_SAL_H","LT10","G-J","D1111","BG",2012,3.12
"NAC","P_SAL_H","LT10","G-N","D01","BG",2012,4.29
"NAC","P_SAL_H","LT10","G-N","D111","BG",2012,3.63
"NAC","P_SAL_H","LT10","G-N","D1111","BG",2012,3.43
"NAC","P_SAL_H","LT10","G-S_X_O","D01","BG",2012,4.22
"NAC","P_SAL_H","LT10","G-S_X_O","D111","BG",2012,3.57
"NAC","P_SAL_H","LT10","G-S_X_O","D1111","BG",2012,3.36
"NAC","P_SAL_H","LT10","G45","D01","BG",2012,3.62
"NAC","P_SAL_H","LT10","G45","D111","BG",2012,3.03
"NAC","P_SAL_H","LT10","G45","D1111","BG",2012,2.85
"NAC","P_SAL_H","LT10","G46","D01","BG",2012,5.4
"NAC","P_SAL_H","LT10","G46","D111","BG",2012,4.6
"NAC","P_SAL_H","LT10","G46","D1111","BG",2012,4.32
"NAC","P_SAL_H","LT10","G47","D01","BG",2012,3.35
"NAC","P_SAL_H","LT10","G47","D111","BG",2012,2.79
"NAC","P_SAL_H","LT10","G47","D1111","BG",2012,2.64
"NAC","P_SAL_H","LT10","H","D01","BG",2012,3.8
"NAC","P_SAL_H","LT10","H","D111","BG",2012,3.12
"NAC","P_SAL_H","LT10","H","D1111","BG",2012,2.94
"NAC","P_SAL_H","LT10","H49","D01","BG",2012,3.45
"NAC","P_SAL_H","LT10","H49","D111","BG",2012,2.78
"NAC","P_SAL_H","LT10","H49","D1111","BG",2012,2.63
"NAC","P_SAL_H","LT10","H50","D01","BG",2012,6.83
"NAC","P_SAL_H","LT10","H50","D111","BG",2012,5.83
"NAC","P_SAL_H","LT10","H50","D1111","BG",2012,5.63
"NAC","P_SAL_H","LT10","H51","D01","BG",2012,NA
"NAC","P_SAL_H","LT10","H51","D111","BG",2012,NA
"NAC","P_SAL_H","LT10","H51","D1111","BG",2012,NA
"NAC","P_SAL_H","LT10","H52","D01","BG",2012,6.35
"NAC","P_SAL_H","LT10","H52","D111","BG",2012,5.46
"NAC","P_SAL_H","LT10","H52","D1111","BG",2012,5.13
"NAC","P_SAL_H","LT10","H53","D01","BG",2012,3.14
"NAC","P_SAL_H","LT10","H53","D111","BG",2012,2.63
"NAC","P_SAL_H","LT10","H53","D1111","BG",2012,2.49
"NAC","P_SAL_H","LT10","I","D01","BG",2012,3.08
"NAC","P_SAL_H","LT10","I","D111","BG",2012,2.57
"NAC","P_SAL_H","LT10","I","D1111","BG",2012,2.46
"NAC","P_SAL_H","LT10","I55","D01","BG",2012,3.49
"NAC","P_SAL_H","LT10","I55","D111","BG",2012,2.9
"NAC","P_SAL_H","LT10","I55","D1111","BG",2012,2.76
"NAC","P_SAL_H","LT10","I56","D01","BG",2012,3.02
"NAC","P_SAL_H","LT10","I56","D111","BG",2012,2.52
"NAC","P_SAL_H","LT10","I56","D1111","BG",2012,2.42
"NAC","P_SAL_H","LT10","J","D01","BG",2012,8.01
"NAC","P_SAL_H","LT10","J","D111","BG",2012,7.01
"NAC","P_SAL_H","LT10","J","D1111","BG",2012,6.58
"NAC","P_SAL_H","LT10","J58","D01","BG",2012,NA
"NAC","P_SAL_H","LT10","J58","D111","BG",2012,NA
"NAC","P_SAL_H","LT10","J58","D1111","BG",2012,NA
"NAC","P_SAL_H","LT10","J59","D01","BG",2012,5.97
"NAC","P_SAL_H","LT10","J59","D111","BG",2012,5.17
"NAC","P_SAL_H","LT10","J59","D1111","BG",2012,4.9
"NAC","P_SAL_H","LT10","J60","D01","BG",2012,5.12
"NAC","P_SAL_H","LT10","J60","D111","BG",2012,4.3
"NAC","P_SAL_H","LT10","J60","D1111","BG",2012,4.02
"NAC","P_SAL_H","LT10","J61","D01","BG",2012,NA
"NAC","P_SAL_H","LT10","J61","D111","BG",2012,NA
"NAC","P_SAL_H","LT10","J61","D1111","BG",2012,NA
"NAC","P_SAL_H","LT10","J62","D01","BG",2012,9.84
"NAC","P_SAL_H","LT10","J62","D111","BG",2012,8.7
"NAC","P_SAL_H","LT10","J62","D1111","BG",2012,8.17
"NAC","P_SAL_H","LT10","J63","D01","BG",2012,7.31
"NAC","P_SAL_H","LT10","J63","D111","BG",2012,6.36
"NAC","P_SAL_H","LT10","J63","D1111","BG",2012,5.99
"NAC","P_SAL_H","LT10","K","D01","BG",2012,7.4
"NAC","P_SAL_H","LT10","K","D111","BG",2012,6.47
"NAC","P_SAL_H","LT10","K","D1111","BG",2012,6.11
"NAC","P_SAL_H","LT10","K-N","D01","BG",2012,5.69
"NAC","P_SAL_H","LT10","K-N","D111","BG",2012,4.9
"NAC","P_SAL_H","LT10","K-N","D1111","BG",2012,4.61
"NAC","P_SAL_H","LT10","K64","D01","BG",2012,8.34
"NAC","P_SAL_H","LT10","K64","D111","BG",2012,7.31
"NAC","P_SAL_H","LT10","K64","D1111","BG",2012,6.91
"NAC","P_SAL_H","LT10","K65","D01","BG",2012,20.76
"NAC","P_SAL_H","LT10","K65","D111","BG",2012,18.8
"NAC","P_SAL_H","LT10","K65","D1111","BG",2012,17.02
"NAC","P_SAL_H","LT10","K66","D01","BG",2012,6.02
"NAC","P_SAL_H","LT10","K66","D111","BG",2012,5.23
"NAC","P_SAL_H","LT10","K66","D1111","BG",2012,4.96
"NAC","P_SAL_H","LT10","L","D01","BG",2012,5.59
"NAC","P_SAL_H","LT10","L","D111","BG",2012,4.8
"NAC","P_SAL_H","LT10","L","D1111","BG",2012,4.51
"NAC","P_SAL_H","LT10","L68","D01","BG",2012,5.59
"NAC","P_SAL_H","LT10","L68","D111","BG",2012,4.8
"NAC","P_SAL_H","LT10","L68","D1111","BG",2012,4.51
"NAC","P_SAL_H","LT10","M","D01","BG",2012,5.88
"NAC","P_SAL_H","LT10","M","D111","BG",2012,5.06
"NAC","P_SAL_H","LT10","M","D1111","BG",2012,4.76
"NAC","P_SAL_H","LT10","M69","D01","BG",2012,4.67
"NAC","P_SAL_H","LT10","M69","D111","BG",2012,3.97
"NAC","P_SAL_H","LT10","M69","D1111","BG",2012,3.72
"NAC","P_SAL_H","LT10","M70","D01","BG",2012,10
"NAC","P_SAL_H","LT10","M70","D111","BG",2012,8.87
"NAC","P_SAL_H","LT10","M70","D1111","BG",2012,8.42
"NAC","P_SAL_H","LT10","M71","D01","BG",2012,6.13
"NAC","P_SAL_H","LT10","M71","D111","BG",2012,5.24
"NAC","P_SAL_H","LT10","M71","D1111","BG",2012,4.91
"NAC","P_SAL_H","LT10","M72","D01","BG",2012,NA
"NAC","P_SAL_H","LT10","M72","D111","BG",2012,NA
"NAC","P_SAL_H","LT10","M72","D1111","BG",2012,NA
"NAC","P_SAL_H","LT10","M73","D01","BG",2012,5.79
"NAC","P_SAL_H","LT10","M73","D111","BG",2012,4.99
"NAC","P_SAL_H","LT10","M73","D1111","BG",2012,4.69
"NAC","P_SAL_H","LT10","M74","D01","BG",2012,5.78
"NAC","P_SAL_H","LT10","M74","D111","BG",2012,5
"NAC","P_SAL_H","LT10","M74","D1111","BG",2012,4.71
"NAC","P_SAL_H","LT10","M75","D01","BG",2012,3.54
"NAC","P_SAL_H","LT10","M75","D111","BG",2012,2.97
"NAC","P_SAL_H","LT10","M75","D1111","BG",2012,2.82
"NAC","P_SAL_H","LT10","N","D01","BG",2012,4.32
"NAC","P_SAL_H","LT10","N","D111","BG",2012,3.66
"NAC","P_SAL_H","LT10","N","D1111","BG",2012,3.44
"NAC","P_SAL_H","LT10","N77","D01","BG",2012,5.41
"NAC","P_SAL_H","LT10","N77","D111","BG",2012,4.59
"NAC","P_SAL_H","LT10","N77","D1111","BG",2012,4.33
"NAC","P_SAL_H","LT10","N78","D01","BG",2012,5.99
"NAC","P_SAL_H","LT10","N78","D111","BG",2012,5.09
"NAC","P_SAL_H","LT10","N78","D1111","BG",2012,4.79
"NAC","P_SAL_H","LT10","N79","D01","BG",2012,5.25
"NAC","P_SAL_H","LT10","N79","D111","BG",2012,4.46
"NAC","P_SAL_H","LT10","N79","D1111","BG",2012,4.2
"NAC","P_SAL_H","LT10","N80","D01","BG",2012,2.94
"NAC","P_SAL_H","LT10","N80","D111","BG",2012,2.48
"NAC","P_SAL_H","LT10","N80","D1111","BG",2012,2.34
"NAC","P_SAL_H","LT10","N81","D01","BG",2012,3.19
"NAC","P_SAL_H","LT10","N81","D111","BG",2012,2.66
"NAC","P_SAL_H","LT10","N81","D1111","BG",2012,2.49
"NAC","P_SAL_H","LT10","N82","D01","BG",2012,4.96
"NAC","P_SAL_H","LT10","N82","D111","BG",2012,4.21
"NAC","P_SAL_H","LT10","N82","D1111","BG",2012,3.94
"NAC","P_SAL_H","LT10","O","D01","BG",2012,9.32
"NAC","P_SAL_H","LT10","O","D111","BG",2012,7.38
"NAC","P_SAL_H","LT10","O","D1111","BG",2012,6.32
"NAC","P_SAL_H","LT10","O-S","D01","BG",2012,3.9
"NAC","P_SAL_H","LT10","O-S","D111","BG",2012,3.29
"NAC","P_SAL_H","LT10","O-S","D1111","BG",2012,3.05
"NAC","P_SAL_H","LT10","O84","D01","BG",2012,9.32
"NAC","P_SAL_H","LT10","O84","D111","BG",2012,7.38
"NAC","P_SAL_H","LT10","O84","D1111","BG",2012,6.32
"NAC","P_SAL_H","LT10","P","D01","BG",2012,4.49
"NAC","P_SAL_H","LT10","P","D111","BG",2012,3.68
"NAC","P_SAL_H","LT10","P","D1111","BG",2012,3.22
"NAC","P_SAL_H","LT10","P-S","D01","BG",2012,3.82
"NAC","P_SAL_H","LT10","P-S","D111","BG",2012,3.22
"NAC","P_SAL_H","LT10","P-S","D1111","BG",2012,3
"NAC","P_SAL_H","LT10","P85","D01","BG",2012,4.49
"NAC","P_SAL_H","LT10","P85","D111","BG",2012,3.68
"NAC","P_SAL_H","LT10","P85","D1111","BG",2012,3.22
"NAC","P_SAL_H","LT10","Q","D01","BG",2012,3.98
"NAC","P_SAL_H","LT10","Q","D111","BG",2012,3.35
"NAC","P_SAL_H","LT10","Q","D1111","BG",2012,3.19
"NAC","P_SAL_H","LT10","Q86","D01","BG",2012,4.04
"NAC","P_SAL_H","LT10","Q86","D111","BG",2012,3.41
"NAC","P_SAL_H","LT10","Q86","D1111","BG",2012,3.25
"NAC","P_SAL_H","LT10","Q87","D01","BG",2012,NA
"NAC","P_SAL_H","LT10","Q87","D111","BG",2012,NA
"NAC","P_SAL_H","LT10","Q87","D1111","BG",2012,NA
"NAC","P_SAL_H","LT10","Q88","D01","BG",2012,NA
"NAC","P_SAL_H","LT10","Q88","D111","BG",2012,NA
"NAC","P_SAL_H","LT10","Q88","D1111","BG",2012,NA
"NAC","P_SAL_H","LT10","R","D01","BG",2012,3.46
"NAC","P_SAL_H","LT10","R","D111","BG",2012,2.91
"NAC","P_SAL_H","LT10","R","D1111","BG",2012,2.74
"NAC","P_SAL_H","LT10","R90","D01","BG",2012,3.95
"NAC","P_SAL_H","LT10","R90","D111","BG",2012,3.32
"NAC","P_SAL_H","LT10","R90","D1111","BG",2012,3.09
"NAC","P_SAL_H","LT10","R91","D01","BG",2012,NA
"NAC","P_SAL_H","LT10","R91","D111","BG",2012,NA
"NAC","P_SAL_H","LT10","R91","D1111","BG",2012,NA
"NAC","P_SAL_H","LT10","R92","D01","BG",2012,2.89
"NAC","P_SAL_H","LT10","R92","D111","BG",2012,2.42
"NAC","P_SAL_H","LT10","R92","D1111","BG",2012,2.29
"NAC","P_SAL_H","LT10","R93","D01","BG",2012,3.5
"NAC","P_SAL_H","LT10","R93","D111","BG",2012,2.95
"NAC","P_SAL_H","LT10","R93","D1111","BG",2012,2.79
"NAC","P_SAL_H","LT10","S","D01","BG",2012,3.6
"NAC","P_SAL_H","LT10","S","D111","BG",2012,3.09
"NAC","P_SAL_H","LT10","S","D1111","BG",2012,2.89
"NAC","P_SAL_H","LT10","S94","D01","BG",2012,4.71
"NAC","P_SAL_H","LT10","S94","D111","BG",2012,4.12
"NAC","P_SAL_H","LT10","S94","D1111","BG",2012,3.8
"NAC","P_SAL_H","LT10","S95","D01","BG",2012,2.97
"NAC","P_SAL_H","LT10","S95","D111","BG",2012,2.49
"NAC","P_SAL_H","LT10","S95","D1111","BG",2012,2.36
"NAC","P_SAL_H","LT10","S96","D01","BG",2012,2.73
"NAC","P_SAL_H","LT10","S96","D111","BG",2012,2.28
"NAC","P_SAL_H","LT10","S96","D1111","BG",2012,2.16
"NAC","P_SAL_H","TOTAL","B","D01","BG",2012,12.62
"NAC","P_SAL_H","TOTAL","B","D111","BG",2012,9.63
"NAC","P_SAL_H","TOTAL","B","D1111","BG",2012,8.14
"NAC","P_SAL_H","TOTAL","B-E","D01","BG",2012,6.2
"NAC","P_SAL_H","TOTAL","B-E","D111","BG",2012,5.1
"NAC","P_SAL_H","TOTAL","B-E","D1111","BG",2012,4.47
"NAC","P_SAL_H","TOTAL","B-F","D01","BG",2012,6.07
"NAC","P_SAL_H","TOTAL","B-F","D111","BG",2012,5.02
"NAC","P_SAL_H","TOTAL","B-F","D1111","BG",2012,4.44
"NAC","P_SAL_H","TOTAL","B-N","D01","BG",2012,6.2
"NAC","P_SAL_H","TOTAL","B-N","D111","BG",2012,5.24
"NAC","P_SAL_H","TOTAL","B-N","D1111","BG",2012,4.71
"NAC","P_SAL_H","TOTAL","B-S","D01","BG",2012,6.31
"NAC","P_SAL_H","TOTAL","B-S","D111","BG",2012,5.29
"NAC","P_SAL_H","TOTAL","B-S","D1111","BG",2012,4.72
"NAC","P_SAL_H","TOTAL","B-S_X_O","D01","BG",2012,6.21
"NAC","P_SAL_H","TOTAL","B-S_X_O","D111","BG",2012,5.23
"NAC","P_SAL_H","TOTAL","B-S_X_O","D1111","BG",2012,4.68
"NAC","P_SAL_H","TOTAL","B05","D01","BG",2012,14.11
"NAC","P_SAL_H","TOTAL","B05","D111","BG",2012,10.4
"NAC","P_SAL_H","TOTAL","B05","D1111","BG",2012,8.47
"NAC","P_SAL_H","TOTAL","B06","D01","BG",2012,6.98
"NAC","P_SAL_H","TOTAL","B06","D111","BG",2012,5.96
"NAC","P_SAL_H","TOTAL","B06","D1111","BG",2012,5.5
"NAC","P_SAL_H","TOTAL","B07","D01","BG",2012,14.41
"NAC","P_SAL_H","TOTAL","B07","D111","BG",2012,11.37
"NAC","P_SAL_H","TOTAL","B07","D1111","BG",2012,10
"NAC","P_SAL_H","TOTAL","B08","D01","BG",2012,6.46
"NAC","P_SAL_H","TOTAL","B08","D111","BG",2012,5.26
"NAC","P_SAL_H","TOTAL","B08","D1111","BG",2012,4.71
"NAC","P_SAL_H","TOTAL","B09","D01","BG",2012,10.59
"NAC","P_SAL_H","TOTAL","B09","D111","BG",2012,9.02
"NAC","P_SAL_H","TOTAL","B09","D1111","BG",2012,8.53
"NAC","P_SAL_H","TOTAL","C","D01","BG",2012,5.32
"NAC","P_SAL_H","TOTAL","C","D111","BG",2012,4.42
"NAC","P_SAL_H","TOTAL","C","D1111","BG",2012,3.98
"NAC","P_SAL_H","TOTAL","C10","D01","BG",2012,4.61
"NAC","P_SAL_H","TOTAL","C10","D111","BG",2012,3.87
"NAC","P_SAL_H","TOTAL","C10","D1111","BG",2012,3.56
"NAC","P_SAL_H","TOTAL","C11","D01","BG",2012,7.06
"NAC","P_SAL_H","TOTAL","C11","D111","BG",2012,5.94
"NAC","P_SAL_H","TOTAL","C11","D1111","BG",2012,5.28
"NAC","P_SAL_H","TOTAL","C12","D01","BG",2012,14.25
"NAC","P_SAL_H","TOTAL","C12","D111","BG",2012,11.4
"NAC","P_SAL_H","TOTAL","C12","D1111","BG",2012,9.71
"NAC","P_SAL_H","TOTAL","C13","D01","BG",2012,4.74
"NAC","P_SAL_H","TOTAL","C13","D111","BG",2012,3.94
"NAC","P_SAL_H","TOTAL","C13","D1111","BG",2012,3.58
"NAC","P_SAL_H","TOTAL","C14","D01","BG",2012,3.57
"NAC","P_SAL_H","TOTAL","C14","D111","BG",2012,2.96
"NAC","P_SAL_H","TOTAL","C14","D1111","BG",2012,2.68
"NAC","P_SAL_H","TOTAL","C15","D01","BG",2012,3.33
"NAC","P_SAL_H","TOTAL","C15","D111","BG",2012,2.79
"NAC","P_SAL_H","TOTAL","C15","D1111","BG",2012,2.53
"NAC","P_SAL_H","TOTAL","C16","D01","BG",2012,3.69
"NAC","P_SAL_H","TOTAL","C16","D111","BG",2012,3.08
"NAC","P_SAL_H","TOTAL","C16","D1111","BG",2012,2.79
"NAC","P_SAL_H","TOTAL","C17","D01","BG",2012,5.03
"NAC","P_SAL_H","TOTAL","C17","D111","BG",2012,4.19
"NAC","P_SAL_H","TOTAL","C17","D1111","BG",2012,3.72
"NAC","P_SAL_H","TOTAL","C18","D01","BG",2012,5.26
"NAC","P_SAL_H","TOTAL","C18","D111","BG",2012,4.43
"NAC","P_SAL_H","TOTAL","C18","D1111","BG",2012,4.05
"NAC","P_SAL_H","TOTAL","C19","D01","BG",2012,19.68
"NAC","P_SAL_H","TOTAL","C19","D111","BG",2012,15.78
"NAC","P_SAL_H","TOTAL","C19","D1111","BG",2012,14.07
"NAC","P_SAL_H","TOTAL","C20","D01","BG",2012,7.5
"NAC","P_SAL_H","TOTAL","C20","D111","BG",2012,6.23
"NAC","P_SAL_H","TOTAL","C20","D1111","BG",2012,5.62
"NAC","P_SAL_H","TOTAL","C21","D01","BG",2012,7.58
"NAC","P_SAL_H","TOTAL","C21","D111","BG",2012,6.32
"NAC","P_SAL_H","TOTAL","C21","D1111","BG",2012,5.62
"NAC","P_SAL_H","TOTAL","C22","D01","BG",2012,4.5
"NAC","P_SAL_H","TOTAL","C22","D111","BG",2012,3.78
"NAC","P_SAL_H","TOTAL","C22","D1111","BG",2012,3.46
"NAC","P_SAL_H","TOTAL","C23","D01","BG",2012,6.5
"NAC","P_SAL_H","TOTAL","C23","D111","BG",2012,5.37
"NAC","P_SAL_H","TOTAL","C23","D1111","BG",2012,4.79
"NAC","P_SAL_H","TOTAL","C24","D01","BG",2012,9.47
"NAC","P_SAL_H","TOTAL","C24","D111","BG",2012,7.5
"NAC","P_SAL_H","TOTAL","C24","D1111","BG",2012,6.63
"NAC","P_SAL_H","TOTAL","C25","D01","BG",2012,5.16
"NAC","P_SAL_H","TOTAL","C25","D111","BG",2012,4.29
"NAC","P_SAL_H","TOTAL","C25","D1111","BG",2012,3.83
"NAC","P_SAL_H","TOTAL","C26","D01","BG",2012,7.71
"NAC","P_SAL_H","TOTAL","C26","D111","BG",2012,6.58
"NAC","P_SAL_H","TOTAL","C26","D1111","BG",2012,5.88
"NAC","P_SAL_H","TOTAL","C27","D01","BG",2012,7.1
"NAC","P_SAL_H","TOTAL","C27","D111","BG",2012,5.91
"NAC","P_SAL_H","TOTAL","C27","D1111","BG",2012,5.3
"NAC","P_SAL_H","TOTAL","C28","D01","BG",2012,6.9
"NAC","P_SAL_H","TOTAL","C28","D111","BG",2012,5.75
"NAC","P_SAL_H","TOTAL","C28","D1111","BG",2012,5.12
"NAC","P_SAL_H","TOTAL","C29","D01","BG",2012,5.85
"NAC","P_SAL_H","TOTAL","C29","D111","BG",2012,4.94
"NAC","P_SAL_H","TOTAL","C29","D1111","BG",2012,4.29
"NAC","P_SAL_H","TOTAL","C30","D01","BG",2012,6.18
"NAC","P_SAL_H","TOTAL","C30","D111","BG",2012,5.16
"NAC","P_SAL_H","TOTAL","C30","D1111","BG",2012,4.72
"NAC","P_SAL_H","TOTAL","C31","D01","BG",2012,3.55
"NAC","P_SAL_H","TOTAL","C31","D111","BG",2012,2.97
"NAC","P_SAL_H","TOTAL","C31","D1111","BG",2012,2.73
"NAC","P_SAL_H","TOTAL","C32","D01","BG",2012,5.07
"NAC","P_SAL_H","TOTAL","C32","D111","BG",2012,4.27
"NAC","P_SAL_H","TOTAL","C32","D1111","BG",2012,3.87
"NAC","P_SAL_H","TOTAL","C33","D01","BG",2012,7.7
"NAC","P_SAL_H","TOTAL","C33","D111","BG",2012,6.36
"NAC","P_SAL_H","TOTAL","C33","D1111","BG",2012,5.66
"NAC","P_SAL_H","TOTAL","D","D01","BG",2012,15.24
"NAC","P_SAL_H","TOTAL","D","D111","BG",2012,12.3
"NAC","P_SAL_H","TOTAL","D","D1111","BG",2012,9.54
"NAC","P_SAL_H","TOTAL","D35","D01","BG",2012,15.24
"NAC","P_SAL_H","TOTAL","D35","D111","BG",2012,12.3
"NAC","P_SAL_H","TOTAL","D35","D1111","BG",2012,9.54
"NAC","P_SAL_H","TOTAL","E","D01","BG",2012,5.89
"NAC","P_SAL_H","TOTAL","E","D111","BG",2012,4.92
"NAC","P_SAL_H","TOTAL","E","D1111","BG",2012,4.24
"NAC","P_SAL_H","TOTAL","E36","D01","BG",2012,6.43
"NAC","P_SAL_H","TOTAL","E36","D111","BG",2012,5.32
"NAC","P_SAL_H","TOTAL","E36","D1111","BG",2012,4.37
"NAC","P_SAL_H","TOTAL","E37","D01","BG",2012,4.67
"NAC","P_SAL_H","TOTAL","E37","D111","BG",2012,3.9
"NAC","P_SAL_H","TOTAL","E37","D1111","BG",2012,3.58
"NAC","P_SAL_H","TOTAL","E38","D01","BG",2012,5.35
"NAC","P_SAL_H","TOTAL","E38","D111","BG",2012,4.51
"NAC","P_SAL_H","TOTAL","E38","D1111","BG",2012,4.11
"NAC","P_SAL_H","TOTAL","E39","D01","BG",2012,6.23
"NAC","P_SAL_H","TOTAL","E39","D111","BG",2012,5.28
"NAC","P_SAL_H","TOTAL","E39","D1111","BG",2012,4.65
"NAC","P_SAL_H","TOTAL","F","D01","BG",2012,5.51
"NAC","P_SAL_H","TOTAL","F","D111","BG",2012,4.64
"NAC","P_SAL_H","TOTAL","F","D1111","BG",2012,4.3
"NAC","P_SAL_H","TOTAL","F41","D01","BG",2012,4.85
"NAC","P_SAL_H","TOTAL","F41","D111","BG",2012,4.1
"NAC","P_SAL_H","TOTAL","F41","D1111","BG",2012,3.8
"NAC","P_SAL_H","TOTAL","F42","D01","BG",2012,6.63
"NAC","P_SAL_H","TOTAL","F42","D111","BG",2012,5.58
"NAC","P_SAL_H","TOTAL","F42","D1111","BG",2012,5.12
"NAC","P_SAL_H","TOTAL","F43","D01","BG",2012,5.3
"NAC","P_SAL_H","TOTAL","F43","D111","BG",2012,4.47
"NAC","P_SAL_H","TOTAL","F43","D1111","BG",2012,4.16
"NAC","P_SAL_H","TOTAL","G","D01","BG",2012,5.23
"NAC","P_SAL_H","TOTAL","G","D111","BG",2012,4.44
"NAC","P_SAL_H","TOTAL","G","D1111","BG",2012,4.13
"NAC","P_SAL_H","TOTAL","G-J","D01","BG",2012,6.05
"NAC","P_SAL_H","TOTAL","G-J","D111","BG",2012,5.19
"NAC","P_SAL_H","TOTAL","G-J","D1111","BG",2012,4.71
"NAC","P_SAL_H","TOTAL","G-N","D01","BG",2012,6.29
"NAC","P_SAL_H","TOTAL","G-N","D111","BG",2012,5.4
"NAC","P_SAL_H","TOTAL","G-N","D1111","BG",2012,4.91
"NAC","P_SAL_H","TOTAL","G-S_X_O","D01","BG",2012,6.28
"NAC","P_SAL_H","TOTAL","G-S_X_O","D111","BG",2012,5.35
"NAC","P_SAL_H","TOTAL","G-S_X_O","D1111","BG",2012,4.81
"NAC","P_SAL_H","TOTAL","G45","D01","BG",2012,5.49
"NAC","P_SAL_H","TOTAL","G45","D111","BG",2012,4.66
"NAC","P_SAL_H","TOTAL","G45","D1111","BG",2012,4.31
"NAC","P_SAL_H","TOTAL","G46","D01","BG",2012,6.65
"NAC","P_SAL_H","TOTAL","G46","D111","BG",2012,5.72
"NAC","P_SAL_H","TOTAL","G46","D1111","BG",2012,5.31
"NAC","P_SAL_H","TOTAL","G47","D01","BG",2012,4.22
"NAC","P_SAL_H","TOTAL","G47","D111","BG",2012,3.54
"NAC","P_SAL_H","TOTAL","G47","D1111","BG",2012,3.3
"NAC","P_SAL_H","TOTAL","H","D01","BG",2012,6.38
"NAC","P_SAL_H","TOTAL","H","D111","BG",2012,5.57
"NAC","P_SAL_H","TOTAL","H","D1111","BG",2012,4.67
"NAC","P_SAL_H","TOTAL","H49","D01","BG",2012,5.12
"NAC","P_SAL_H","TOTAL","H49","D111","BG",2012,4.12
"NAC","P_SAL_H","TOTAL","H49","D1111","BG",2012,3.53
"NAC","P_SAL_H","TOTAL","H50","D01","BG",2012,17.4
"NAC","P_SAL_H","TOTAL","H50","D111","BG",2012,15.96
"NAC","P_SAL_H","TOTAL","H50","D1111","BG",2012,13.4
"NAC","P_SAL_H","TOTAL","H51","D01","BG",2012,17.02
"NAC","P_SAL_H","TOTAL","H51","D111","BG",2012,14.24
"NAC","P_SAL_H","TOTAL","H51","D1111","BG",2012,12.61
"NAC","P_SAL_H","TOTAL","H52","D01","BG",2012,8.61
"NAC","P_SAL_H","TOTAL","H52","D111","BG",2012,8.55
"NAC","P_SAL_H","TOTAL","H52","D1111","BG",2012,6.9
"NAC","P_SAL_H","TOTAL","H53","D01","BG",2012,5.62
"NAC","P_SAL_H","TOTAL","H53","D111","BG",2012,4.67
"NAC","P_SAL_H","TOTAL","H53","D1111","BG",2012,4.02
"NAC","P_SAL_H","TOTAL","I","D01","BG",2012,3.86
"NAC","P_SAL_H","TOTAL","I","D111","BG",2012,3.22
"NAC","P_SAL_H","TOTAL","I","D1111","BG",2012,3.03
"NAC","P_SAL_H","TOTAL","I55","D01","BG",2012,4.77
"NAC","P_SAL_H","TOTAL","I55","D111","BG",2012,3.99
"NAC","P_SAL_H","TOTAL","I55","D1111","BG",2012,3.72
"NAC","P_SAL_H","TOTAL","I56","D01","BG",2012,3.39
"NAC","P_SAL_H","TOTAL","I56","D111","BG",2012,2.83
"NAC","P_SAL_H","TOTAL","I56","D1111","BG",2012,2.68
"NAC","P_SAL_H","TOTAL","J","D01","BG",2012,13.56
"NAC","P_SAL_H","TOTAL","J","D111","BG",2012,11.81
"NAC","P_SAL_H","TOTAL","J","D1111","BG",2012,10.81
"NAC","P_SAL_H","TOTAL","J58","D01","BG",2012,8.74
"NAC","P_SAL_H","TOTAL","J58","D111","BG",2012,7.53
"NAC","P_SAL_H","TOTAL","J58","D1111","BG",2012,6.85
"NAC","P_SAL_H","TOTAL","J59","D01","BG",2012,9.71
"NAC","P_SAL_H","TOTAL","J59","D111","BG",2012,8.55
"NAC","P_SAL_H","TOTAL","J59","D1111","BG",2012,7.97
"NAC","P_SAL_H","TOTAL","J60","D01","BG",2012,10.18
"NAC","P_SAL_H","TOTAL","J60","D111","BG",2012,8.78
"NAC","P_SAL_H","TOTAL","J60","D1111","BG",2012,7.94
"NAC","P_SAL_H","TOTAL","J61","D01","BG",2012,11.7
"NAC","P_SAL_H","TOTAL","J61","D111","BG",2012,10
"NAC","P_SAL_H","TOTAL","J61","D1111","BG",2012,9.09
"NAC","P_SAL_H","TOTAL","J62","D01","BG",2012,17.5
"NAC","P_SAL_H","TOTAL","J62","D111","BG",2012,15.42
"NAC","P_SAL_H","TOTAL","J62","D1111","BG",2012,14.16
"NAC","P_SAL_H","TOTAL","J63","D01","BG",2012,11.05
"NAC","P_SAL_H","TOTAL","J63","D111","BG",2012,9.6
"NAC","P_SAL_H","TOTAL","J63","D1111","BG",2012,8.8
"NAC","P_SAL_H","TOTAL","K","D01","BG",2012,11.84
"NAC","P_SAL_H","TOTAL","K","D111","BG",2012,10.16
"NAC","P_SAL_H","TOTAL","K","D1111","BG",2012,9.13
"NAC","P_SAL_H","TOTAL","K-N","D01","BG",2012,6.89
"NAC","P_SAL_H","TOTAL","K-N","D111","BG",2012,5.95
"NAC","P_SAL_H","TOTAL","K-N","D1111","BG",2012,5.44
"NAC","P_SAL_H","TOTAL","K64","D01","BG",2012,12.11
"NAC","P_SAL_H","TOTAL","K64","D111","BG",2012,10.35
"NAC","P_SAL_H","TOTAL","K64","D1111","BG",2012,9.23
"NAC","P_SAL_H","TOTAL","K65","D01","BG",2012,13.29
"NAC","P_SAL_H","TOTAL","K65","D111","BG",2012,11.59
"NAC","P_SAL_H","TOTAL","K65","D1111","BG",2012,10.68
"NAC","P_SAL_H","TOTAL","K66","D01","BG",2012,8.44
"NAC","P_SAL_H","TOTAL","K66","D111","BG",2012,7.34
"NAC","P_SAL_H","TOTAL","K66","D1111","BG",2012,6.85
"NAC","P_SAL_H","TOTAL","L","D01","BG",2012,6.05
"NAC","P_SAL_H","TOTAL","L","D111","BG",2012,5.18
"NAC","P_SAL_H","TOTAL","L","D1111","BG",2012,4.78
"NAC","P_SAL_H","TOTAL","L68","D01","BG",2012,6.05
"NAC","P_SAL_H","TOTAL","L68","D111","BG",2012,5.18
"NAC","P_SAL_H","TOTAL","L68","D1111","BG",2012,4.78
"NAC","P_SAL_H","TOTAL","M","D01","BG",2012,8.49
"NAC","P_SAL_H","TOTAL","M","D111","BG",2012,7.36
"NAC","P_SAL_H","TOTAL","M","D1111","BG",2012,6.78
"NAC","P_SAL_H","TOTAL","M69","D01","BG",2012,6.78
"NAC","P_SAL_H","TOTAL","M69","D111","BG",2012,5.85
"NAC","P_SAL_H","TOTAL","M69","D1111","BG",2012,5.43
"NAC","P_SAL_H","TOTAL","M70","D01","BG",2012,12.41
"NAC","P_SAL_H","TOTAL","M70","D111","BG",2012,10.96
"NAC","P_SAL_H","TOTAL","M70","D1111","BG",2012,10.12
"NAC","P_SAL_H","TOTAL","M71","D01","BG",2012,8.89
"NAC","P_SAL_H","TOTAL","M71","D111","BG",2012,7.65
"NAC","P_SAL_H","TOTAL","M71","D1111","BG",2012,7.07
"NAC","P_SAL_H","TOTAL","M72","D01","BG",2012,6.75
"NAC","P_SAL_H","TOTAL","M72","D111","BG",2012,5.71
"NAC","P_SAL_H","TOTAL","M72","D1111","BG",2012,5.02
"NAC","P_SAL_H","TOTAL","M73","D01","BG",2012,9.43
"NAC","P_SAL_H","TOTAL","M73","D111","BG",2012,8.25
"NAC","P_SAL_H","TOTAL","M73","D1111","BG",2012,7.7
"NAC","P_SAL_H","TOTAL","M74","D01","BG",2012,8.65
"NAC","P_SAL_H","TOTAL","M74","D111","BG",2012,7.53
"NAC","P_SAL_H","TOTAL","M74","D1111","BG",2012,6.98
"NAC","P_SAL_H","TOTAL","M75","D01","BG",2012,3.57
"NAC","P_SAL_H","TOTAL","M75","D111","BG",2012,3.01
"NAC","P_SAL_H","TOTAL","M75","D1111","BG",2012,2.84
"NAC","P_SAL_H","TOTAL","N","D01","BG",2012,3.77
"NAC","P_SAL_H","TOTAL","N","D111","BG",2012,3.28
"NAC","P_SAL_H","TOTAL","N","D1111","BG",2012,3.03
"NAC","P_SAL_H","TOTAL","N77","D01","BG",2012,6.32
"NAC","P_SAL_H","TOTAL","N77","D111","BG",2012,5.36
"NAC","P_SAL_H","TOTAL","N77","D1111","BG",2012,5.01
"NAC","P_SAL_H","TOTAL","N78","D01","BG",2012,7.54
"NAC","P_SAL_H","TOTAL","N78","D111","BG",2012,6.36
"NAC","P_SAL_H","TOTAL","N78","D1111","BG",2012,5.85
"NAC","P_SAL_H","TOTAL","N79","D01","BG",2012,5.85
"NAC","P_SAL_H","TOTAL","N79","D111","BG",2012,4.98
"NAC","P_SAL_H","TOTAL","N79","D1111","BG",2012,4.69
"NAC","P_SAL_H","TOTAL","N80","D01","BG",2012,3.12
"NAC","P_SAL_H","TOTAL","N80","D111","BG",2012,2.64
"NAC","P_SAL_H","TOTAL","N80","D1111","BG",2012,2.44
"NAC","P_SAL_H","TOTAL","N81","D01","BG",2012,2.55
"NAC","P_SAL_H","TOTAL","N81","D111","BG",2012,2.45
"NAC","P_SAL_H","TOTAL","N81","D1111","BG",2012,2.25
"NAC","P_SAL_H","TOTAL","N82","D01","BG",2012,7.73
"NAC","P_SAL_H","TOTAL","N82","D111","BG",2012,6.61
"NAC","P_SAL_H","TOTAL","N82","D1111","BG",2012,6.1
"NAC","P_SAL_H","TOTAL","O","D01","BG",2012,8.07
"NAC","P_SAL_H","TOTAL","O","D111","BG",2012,6.34
"NAC","P_SAL_H","TOTAL","O","D1111","BG",2012,5.56
"NAC","P_SAL_H","TOTAL","O-S","D01","BG",2012,6.7
"NAC","P_SAL_H","TOTAL","O-S","D111","BG",2012,5.49
"NAC","P_SAL_H","TOTAL","O-S","D1111","BG",2012,4.77
"NAC","P_SAL_H","TOTAL","O84","D01","BG",2012,8.07
"NAC","P_SAL_H","TOTAL","O84","D111","BG",2012,6.34
"NAC","P_SAL_H","TOTAL","O84","D1111","BG",2012,5.56
"NAC","P_SAL_H","TOTAL","P","D01","BG",2012,6.77
"NAC","P_SAL_H","TOTAL","P","D111","BG",2012,5.54
"NAC","P_SAL_H","TOTAL","P","D1111","BG",2012,4.58
"NAC","P_SAL_H","TOTAL","P-S","D01","BG",2012,6.25
"NAC","P_SAL_H","TOTAL","P-S","D111","BG",2012,5.21
"NAC","P_SAL_H","TOTAL","P-S","D1111","BG",2012,4.51
"NAC","P_SAL_H","TOTAL","P85","D01","BG",2012,6.77
"NAC","P_SAL_H","TOTAL","P85","D111","BG",2012,5.54
"NAC","P_SAL_H","TOTAL","P85","D1111","BG",2012,4.58
"NAC","P_SAL_H","TOTAL","Q","D01","BG",2012,6.47
"NAC","P_SAL_H","TOTAL","Q","D111","BG",2012,5.44
"NAC","P_SAL_H","TOTAL","Q","D1111","BG",2012,4.85
"NAC","P_SAL_H","TOTAL","Q86","D01","BG",2012,7.2
"NAC","P_SAL_H","TOTAL","Q86","D111","BG",2012,6.07
"NAC","P_SAL_H","TOTAL","Q86","D1111","BG",2012,5.43
"NAC","P_SAL_H","TOTAL","Q87","D01","BG",2012,4.06
"NAC","P_SAL_H","TOTAL","Q87","D111","BG",2012,3.36
"NAC","P_SAL_H","TOTAL","Q87","D1111","BG",2012,2.92
"NAC","P_SAL_H","TOTAL","Q88","D01","BG",2012,3.67
"NAC","P_SAL_H","TOTAL","Q88","D111","BG",2012,3.07
"NAC","P_SAL_H","TOTAL","Q88","D1111","BG",2012,2.68
"NAC","P_SAL_H","TOTAL","R","D01","BG",2012,5.19
"NAC","P_SAL_H","TOTAL","R","D111","BG",2012,4.44
"NAC","P_SAL_H","TOTAL","R","D1111","BG",2012,4.06
"NAC","P_SAL_H","TOTAL","R90","D01","BG",2012,4.75
"NAC","P_SAL_H","TOTAL","R90","D111","BG",2012,3.92
"NAC","P_SAL_H","TOTAL","R90","D1111","BG",2012,3.44
"NAC","P_SAL_H","TOTAL","R91","D01","BG",2012,4.48
"NAC","P_SAL_H","TOTAL","R91","D111","BG",2012,3.7
"NAC","P_SAL_H","TOTAL","R91","D1111","BG",2012,3.22
"NAC","P_SAL_H","TOTAL","R92","D01","BG",2012,4.3
"NAC","P_SAL_H","TOTAL","R92","D111","BG",2012,3.6
"NAC","P_SAL_H","TOTAL","R92","D1111","BG",2012,3.32
"NAC","P_SAL_H","TOTAL","R93","D01","BG",2012,6.75
"NAC","P_SAL_H","TOTAL","R93","D111","BG",2012,5.98
"NAC","P_SAL_H","TOTAL","R93","D1111","BG",2012,5.61
"NAC","P_SAL_H","TOTAL","S","D01","BG",2012,4.15
"NAC","P_SAL_H","TOTAL","S","D111","BG",2012,3.57
"NAC","P_SAL_H","TOTAL","S","D1111","BG",2012,3.29
"NAC","P_SAL_H","TOTAL","S94","D01","BG",2012,5.12
"NAC","P_SAL_H","TOTAL","S94","D111","BG",2012,4.47
"NAC","P_SAL_H","TOTAL","S94","D1111","BG",2012,4.08
"NAC","P_SAL_H","TOTAL","S95","D01","BG",2012,3.67
"NAC","P_SAL_H","TOTAL","S95","D111","BG",2012,3.09
"NAC","P_SAL_H","TOTAL","S95","D1111","BG",2012,2.89
"NAC","P_SAL_H","TOTAL","S96","D01","BG",2012,2.96
"NAC","P_SAL_H","TOTAL","S96","D111","BG",2012,2.47
"NAC","P_SAL_H","TOTAL","S96","D1111","BG",2012,2.32
"NAC","P_SAL_M","10-49","B","D01","BG",2012,961
"NAC","P_SAL_M","10-49","B","D111","BG",2012,800
"NAC","P_SAL_M","10-49","B","D1111","BG",2012,728
"NAC","P_SAL_M","10-49","B-E","D01","BG",2012,564
"NAC","P_SAL_M","10-49","B-E","D111","BG",2012,473
"NAC","P_SAL_M","10-49","B-E","D1111","BG",2012,436
"NAC","P_SAL_M","10-49","B-F","D01","BG",2012,591
"NAC","P_SAL_M","10-49","B-F","D111","BG",2012,498
"NAC","P_SAL_M","10-49","B-F","D1111","BG",2012,460
"NAC","P_SAL_M","10-49","B-N","D01","BG",2012,735
"NAC","P_SAL_M","10-49","B-N","D111","BG",2012,627
"NAC","P_SAL_M","10-49","B-N","D1111","BG",2012,582
"NAC","P_SAL_M","10-49","B-S","D01","BG",2012,753
"NAC","P_SAL_M","10-49","B-S","D111","BG",2012,635
"NAC","P_SAL_M","10-49","B-S","D1111","BG",2012,577
"NAC","P_SAL_M","10-49","B-S_X_O","D01","BG",2012,736
"NAC","P_SAL_M","10-49","B-S_X_O","D111","BG",2012,623
"NAC","P_SAL_M","10-49","B-S_X_O","D1111","BG",2012,568
"NAC","P_SAL_M","10-49","B05","D01","BG",2012,NA
"NAC","P_SAL_M","10-49","B05","D111","BG",2012,NA
"NAC","P_SAL_M","10-49","B05","D1111","BG",2012,NA
"NAC","P_SAL_M","10-49","B06","D01","BG",2012,3072
"NAC","P_SAL_M","10-49","B06","D111","BG",2012,2746
"NAC","P_SAL_M","10-49","B06","D1111","BG",2012,2566
"NAC","P_SAL_M","10-49","B07","D01","BG",2012,NA
"NAC","P_SAL_M","10-49","B07","D111","BG",2012,NA
"NAC","P_SAL_M","10-49","B07","D1111","BG",2012,NA
"NAC","P_SAL_M","10-49","B08","D01","BG",2012,891
"NAC","P_SAL_M","10-49","B08","D111","BG",2012,736
"NAC","P_SAL_M","10-49","B08","D1111","BG",2012,668
"NAC","P_SAL_M","10-49","B09","D01","BG",2012,NA
"NAC","P_SAL_M","10-49","B09","D111","BG",2012,NA
"NAC","P_SAL_M","10-49","B09","D1111","BG",2012,NA
"NAC","P_SAL_M","10-49","C","D01","BG",2012,540
"NAC","P_SAL_M","10-49","C","D111","BG",2012,453
"NAC","P_SAL_M","10-49","C","D1111","BG",2012,418
"NAC","P_SAL_M","10-49","C10","D01","BG",2012,506
"NAC","P_SAL_M","10-49","C10","D111","BG",2012,423
"NAC","P_SAL_M","10-49","C10","D1111","BG",2012,392
"NAC","P_SAL_M","10-49","C11","D01","BG",2012,638
"NAC","P_SAL_M","10-49","C11","D111","BG",2012,537
"NAC","P_SAL_M","10-49","C11","D1111","BG",2012,493
"NAC","P_SAL_M","10-49","C12","D01","BG",2012,NA
"NAC","P_SAL_M","10-49","C12","D111","BG",2012,NA
"NAC","P_SAL_M","10-49","C12","D1111","BG",2012,NA
"NAC","P_SAL_M","10-49","C13","D01","BG",2012,529
"NAC","P_SAL_M","10-49","C13","D111","BG",2012,440
"NAC","P_SAL_M","10-49","C13","D1111","BG",2012,404
"NAC","P_SAL_M","10-49","C14","D01","BG",2012,395
"NAC","P_SAL_M","10-49","C14","D111","BG",2012,328
"NAC","P_SAL_M","10-49","C14","D1111","BG",2012,303
"NAC","P_SAL_M","10-49","C15","D01","BG",2012,397
"NAC","P_SAL_M","10-49","C15","D111","BG",2012,332
"NAC","P_SAL_M","10-49","C15","D1111","BG",2012,306
"NAC","P_SAL_M","10-49","C16","D01","BG",2012,397
"NAC","P_SAL_M","10-49","C16","D111","BG",2012,331
"NAC","P_SAL_M","10-49","C16","D1111","BG",2012,307
"NAC","P_SAL_M","10-49","C17","D01","BG",2012,495
"NAC","P_SAL_M","10-49","C17","D111","BG",2012,414
"NAC","P_SAL_M","10-49","C17","D1111","BG",2012,380
"NAC","P_SAL_M","10-49","C18","D01","BG",2012,598
"NAC","P_SAL_M","10-49","C18","D111","BG",2012,506
"NAC","P_SAL_M","10-49","C18","D1111","BG",2012,465
"NAC","P_SAL_M","10-49","C19","D01","BG",2012,NA
"NAC","P_SAL_M","10-49","C19","D111","BG",2012,NA
"NAC","P_SAL_M","10-49","C19","D1111","BG",2012,NA
"NAC","P_SAL_M","10-49","C20","D01","BG",2012,705
"NAC","P_SAL_M","10-49","C20","D111","BG",2012,594
"NAC","P_SAL_M","10-49","C20","D1111","BG",2012,552
"NAC","P_SAL_M","10-49","C21","D01","BG",2012,805
"NAC","P_SAL_M","10-49","C21","D111","BG",2012,682
"NAC","P_SAL_M","10-49","C21","D1111","BG",2012,630
"NAC","P_SAL_M","10-49","C22","D01","BG",2012,570
"NAC","P_SAL_M","10-49","C22","D111","BG",2012,478
"NAC","P_SAL_M","10-49","C22","D1111","BG",2012,440
"NAC","P_SAL_M","10-49","C23","D01","BG",2012,634
"NAC","P_SAL_M","10-49","C23","D111","BG",2012,524
"NAC","P_SAL_M","10-49","C23","D1111","BG",2012,484
"NAC","P_SAL_M","10-49","C24","D01","BG",2012,691
"NAC","P_SAL_M","10-49","C24","D111","BG",2012,567
"NAC","P_SAL_M","10-49","C24","D1111","BG",2012,522
"NAC","P_SAL_M","10-49","C25","D01","BG",2012,629
"NAC","P_SAL_M","10-49","C25","D111","BG",2012,527
"NAC","P_SAL_M","10-49","C25","D1111","BG",2012,485
"NAC","P_SAL_M","10-49","C26","D01","BG",2012,926
"NAC","P_SAL_M","10-49","C26","D111","BG",2012,792
"NAC","P_SAL_M","10-49","C26","D1111","BG",2012,730
"NAC","P_SAL_M","10-49","C27","D01","BG",2012,894
"NAC","P_SAL_M","10-49","C27","D111","BG",2012,775
"NAC","P_SAL_M","10-49","C27","D1111","BG",2012,723
"NAC","P_SAL_M","10-49","C28","D01","BG",2012,712
"NAC","P_SAL_M","10-49","C28","D111","BG",2012,598
"NAC","P_SAL_M","10-49","C28","D1111","BG",2012,551
"NAC","P_SAL_M","10-49","C29","D01","BG",2012,849
"NAC","P_SAL_M","10-49","C29","D111","BG",2012,719
"NAC","P_SAL_M","10-49","C29","D1111","BG",2012,663
"NAC","P_SAL_M","10-49","C30","D01","BG",2012,659
"NAC","P_SAL_M","10-49","C30","D111","BG",2012,552
"NAC","P_SAL_M","10-49","C30","D1111","BG",2012,519
"NAC","P_SAL_M","10-49","C31","D01","BG",2012,420
"NAC","P_SAL_M","10-49","C31","D111","BG",2012,352
"NAC","P_SAL_M","10-49","C31","D1111","BG",2012,325
"NAC","P_SAL_M","10-49","C32","D01","BG",2012,NA
"NAC","P_SAL_M","10-49","C32","D111","BG",2012,NA
"NAC","P_SAL_M","10-49","C32","D1111","BG",2012,NA
"NAC","P_SAL_M","10-49","C33","D01","BG",2012,840
"NAC","P_SAL_M","10-49","C33","D111","BG",2012,708
"NAC","P_SAL_M","10-49","C33","D1111","BG",2012,656
"NAC","P_SAL_M","10-49","D","D01","BG",2012,1654
"NAC","P_SAL_M","10-49","D","D111","BG",2012,1453
"NAC","P_SAL_M","10-49","D","D1111","BG",2012,1304
"NAC","P_SAL_M","10-49","D35","D01","BG",2012,1654
"NAC","P_SAL_M","10-49","D35","D111","BG",2012,1453
"NAC","P_SAL_M","10-49","D35","D1111","BG",2012,1304
"NAC","P_SAL_M","10-49","E","D01","BG",2012,649
"NAC","P_SAL_M","10-49","E","D111","BG",2012,548
"NAC","P_SAL_M","10-49","E","D1111","BG",2012,500
"NAC","P_SAL_M","10-49","E36","D01","BG",2012,681
"NAC","P_SAL_M","10-49","E36","D111","BG",2012,566
"NAC","P_SAL_M","10-49","E36","D1111","BG",2012,470
"NAC","P_SAL_M","10-49","E37","D01","BG",2012,625
"NAC","P_SAL_M","10-49","E37","D111","BG",2012,523
"NAC","P_SAL_M","10-49","E37","D1111","BG",2012,482
"NAC","P_SAL_M","10-49","E38","D01","BG",2012,614
"NAC","P_SAL_M","10-49","E38","D111","BG",2012,518
"NAC","P_SAL_M","10-49","E38","D1111","BG",2012,476
"NAC","P_SAL_M","10-49","E39","D01","BG",2012,1072
"NAC","P_SAL_M","10-49","E39","D111","BG",2012,932
"NAC","P_SAL_M","10-49","E39","D1111","BG",2012,860
"NAC","P_SAL_M","10-49","F","D01","BG",2012,664
"NAC","P_SAL_M","10-49","F","D111","BG",2012,561
"NAC","P_SAL_M","10-49","F","D1111","BG",2012,524
"NAC","P_SAL_M","10-49","F41","D01","BG",2012,580
"NAC","P_SAL_M","10-49","F41","D111","BG",2012,489
"NAC","P_SAL_M","10-49","F41","D1111","BG",2012,455
"NAC","P_SAL_M","10-49","F42","D01","BG",2012,836
"NAC","P_SAL_M","10-49","F42","D111","BG",2012,714
"NAC","P_SAL_M","10-49","F42","D1111","BG",2012,669
"NAC","P_SAL_M","10-49","F43","D01","BG",2012,688
"NAC","P_SAL_M","10-49","F43","D111","BG",2012,581
"NAC","P_SAL_M","10-49","F43","D1111","BG",2012,541
"NAC","P_SAL_M","10-49","G","D01","BG",2012,752
"NAC","P_SAL_M","10-49","G","D111","BG",2012,641
"NAC","P_SAL_M","10-49","G","D1111","BG",2012,596
"NAC","P_SAL_M","10-49","G-J","D01","BG",2012,762
"NAC","P_SAL_M","10-49","G-J","D111","BG",2012,648
"NAC","P_SAL_M","10-49","G-J","D1111","BG",2012,604
"NAC","P_SAL_M","10-49","G-N","D01","BG",2012,831
"NAC","P_SAL_M","10-49","G-N","D111","BG",2012,712
"NAC","P_SAL_M","10-49","G-N","D1111","BG",2012,663
"NAC","P_SAL_M","10-49","G-S_X_O","D01","BG",2012,802
"NAC","P_SAL_M","10-49","G-S_X_O","D111","BG",2012,679
"NAC","P_SAL_M","10-49","G-S_X_O","D1111","BG",2012,616
"NAC","P_SAL_M","10-49","G45","D01","BG",2012,797
"NAC","P_SAL_M","10-49","G45","D111","BG",2012,676
"NAC","P_SAL_M","10-49","G45","D1111","BG",2012,628
"NAC","P_SAL_M","10-49","G46","D01","BG",2012,934
"NAC","P_SAL_M","10-49","G46","D111","BG",2012,807
"NAC","P_SAL_M","10-49","G46","D1111","BG",2012,751
"NAC","P_SAL_M","10-49","G47","D01","BG",2012,565
"NAC","P_SAL_M","10-49","G47","D111","BG",2012,472
"NAC","P_SAL_M","10-49","G47","D1111","BG",2012,439
"NAC","P_SAL_M","10-49","H","D01","BG",2012,667
"NAC","P_SAL_M","10-49","H","D111","BG",2012,548
"NAC","P_SAL_M","10-49","H","D1111","BG",2012,510
"NAC","P_SAL_M","10-49","H49","D01","BG",2012,555
"NAC","P_SAL_M","10-49","H49","D111","BG",2012,447
"NAC","P_SAL_M","10-49","H49","D1111","BG",2012,417
"NAC","P_SAL_M","10-49","H50","D01","BG",2012,1045
"NAC","P_SAL_M","10-49","H50","D111","BG",2012,903
"NAC","P_SAL_M","10-49","H50","D1111","BG",2012,868
"NAC","P_SAL_M","10-49","H51","D01","BG",2012,2014
"NAC","P_SAL_M","10-49","H51","D111","BG",2012,1667
"NAC","P_SAL_M","10-49","H51","D1111","BG",2012,1521
"NAC","P_SAL_M","10-49","H52","D01","BG",2012,1269
"NAC","P_SAL_M","10-49","H52","D111","BG",2012,1092
"NAC","P_SAL_M","10-49","H52","D1111","BG",2012,1012
"NAC","P_SAL_M","10-49","H53","D01","BG",2012,NA
"NAC","P_SAL_M","10-49","H53","D111","BG",2012,NA
"NAC","P_SAL_M","10-49","H53","D1111","BG",2012,NA
"NAC","P_SAL_M","10-49","I","D01","BG",2012,523
"NAC","P_SAL_M","10-49","I","D111","BG",2012,436
"NAC","P_SAL_M","10-49","I","D1111","BG",2012,410
"NAC","P_SAL_M","10-49","I55","D01","BG",2012,622
"NAC","P_SAL_M","10-49","I55","D111","BG",2012,518
"NAC","P_SAL_M","10-49","I55","D1111","BG",2012,485
"NAC","P_SAL_M","10-49","I56","D01","BG",2012,480
"NAC","P_SAL_M","10-49","I56","D111","BG",2012,400
"NAC","P_SAL_M","10-49","I56","D1111","BG",2012,377
"NAC","P_SAL_M","10-49","J","D01","BG",2012,1703
"NAC","P_SAL_M","10-49","J","D111","BG",2012,1502
"NAC","P_SAL_M","10-49","J","D1111","BG",2012,1397
"NAC","P_SAL_M","10-49","J58","D01","BG",2012,1006
"NAC","P_SAL_M","10-49","J58","D111","BG",2012,868
"NAC","P_SAL_M","10-49","J58","D1111","BG",2012,805
"NAC","P_SAL_M","10-49","J59","D01","BG",2012,1804
"NAC","P_SAL_M","10-49","J59","D111","BG",2012,1604
"NAC","P_SAL_M","10-49","J59","D1111","BG",2012,1502
"NAC","P_SAL_M","10-49","J60","D01","BG",2012,1119
"NAC","P_SAL_M","10-49","J60","D111","BG",2012,953
"NAC","P_SAL_M","10-49","J60","D1111","BG",2012,883
"NAC","P_SAL_M","10-49","J61","D01","BG",2012,763
"NAC","P_SAL_M","10-49","J61","D111","BG",2012,644
"NAC","P_SAL_M","10-49","J61","D1111","BG",2012,592
"NAC","P_SAL_M","10-49","J62","D01","BG",2012,2245
"NAC","P_SAL_M","10-49","J62","D111","BG",2012,1997
"NAC","P_SAL_M","10-49","J62","D1111","BG",2012,1858
"NAC","P_SAL_M","10-49","J63","D01","BG",2012,1606
"NAC","P_SAL_M","10-49","J63","D111","BG",2012,1424
"NAC","P_SAL_M","10-49","J63","D1111","BG",2012,1330
"NAC","P_SAL_M","10-49","K","D01","BG",2012,1722
"NAC","P_SAL_M","10-49","K","D111","BG",2012,1521
"NAC","P_SAL_M","10-49","K","D1111","BG",2012,1407
"NAC","P_SAL_M","10-49","K-N","D01","BG",2012,1109
"NAC","P_SAL_M","10-49","K-N","D111","BG",2012,969
"NAC","P_SAL_M","10-49","K-N","D1111","BG",2012,899
"NAC","P_SAL_M","10-49","K64","D01","BG",2012,1826
"NAC","P_SAL_M","10-49","K64","D111","BG",2012,1617
"NAC","P_SAL_M","10-49","K64","D1111","BG",2012,1495
"NAC","P_SAL_M","10-49","K65","D01","BG",2012,2294
"NAC","P_SAL_M","10-49","K65","D111","BG",2012,2018
"NAC","P_SAL_M","10-49","K65","D1111","BG",2012,1826
"NAC","P_SAL_M","10-49","K66","D01","BG",2012,1354
"NAC","P_SAL_M","10-49","K66","D111","BG",2012,1191
"NAC","P_SAL_M","10-49","K66","D1111","BG",2012,1116
"NAC","P_SAL_M","10-49","L","D01","BG",2012,957
"NAC","P_SAL_M","10-49","L","D111","BG",2012,821
"NAC","P_SAL_M","10-49","L","D1111","BG",2012,753
"NAC","P_SAL_M","10-49","L68","D01","BG",2012,957
"NAC","P_SAL_M","10-49","L68","D111","BG",2012,821
"NAC","P_SAL_M","10-49","L68","D1111","BG",2012,753
"NAC","P_SAL_M","10-49","M","D01","BG",2012,1549
"NAC","P_SAL_M","10-49","M","D111","BG",2012,1368
"NAC","P_SAL_M","10-49","M","D1111","BG",2012,1275
"NAC","P_SAL_M","10-49","M69","D01","BG",2012,1205
"NAC","P_SAL_M","10-49","M69","D111","BG",2012,1044
"NAC","P_SAL_M","10-49","M69","D1111","BG",2012,973
"NAC","P_SAL_M","10-49","M70","D01","BG",2012,2693
"NAC","P_SAL_M","10-49","M70","D111","BG",2012,2470
"NAC","P_SAL_M","10-49","M70","D1111","BG",2012,2344
"NAC","P_SAL_M","10-49","M71","D01","BG",2012,1529
"NAC","P_SAL_M","10-49","M71","D111","BG",2012,1334
"NAC","P_SAL_M","10-49","M71","D1111","BG",2012,1236
"NAC","P_SAL_M","10-49","M72","D01","BG",2012,999
"NAC","P_SAL_M","10-49","M72","D111","BG",2012,847
"NAC","P_SAL_M","10-49","M72","D1111","BG",2012,760
"NAC","P_SAL_M","10-49","M73","D01","BG",2012,1527
"NAC","P_SAL_M","10-49","M73","D111","BG",2012,1352
"NAC","P_SAL_M","10-49","M73","D1111","BG",2012,1261
"NAC","P_SAL_M","10-49","M74","D01","BG",2012,1543
"NAC","P_SAL_M","10-49","M74","D111","BG",2012,1367
"NAC","P_SAL_M","10-49","M74","D1111","BG",2012,1275
"NAC","P_SAL_M","10-49","M75","D01","BG",2012,528
"NAC","P_SAL_M","10-49","M75","D111","BG",2012,450
"NAC","P_SAL_M","10-49","M75","D1111","BG",2012,416
"NAC","P_SAL_M","10-49","N","D01","BG",2012,602
"NAC","P_SAL_M","10-49","N","D111","BG",2012,514
"NAC","P_SAL_M","10-49","N","D1111","BG",2012,479
"NAC","P_SAL_M","10-49","N77","D01","BG",2012,1116
"NAC","P_SAL_M","10-49","N77","D111","BG",2012,952
"NAC","P_SAL_M","10-49","N77","D1111","BG",2012,890
"NAC","P_SAL_M","10-49","N78","D01","BG",2012,1016
"NAC","P_SAL_M","10-49","N78","D111","BG",2012,857
"NAC","P_SAL_M","10-49","N78","D1111","BG",2012,793
"NAC","P_SAL_M","10-49","N79","D01","BG",2012,918
"NAC","P_SAL_M","10-49","N79","D111","BG",2012,784
"NAC","P_SAL_M","10-49","N79","D1111","BG",2012,735
"NAC","P_SAL_M","10-49","N80","D01","BG",2012,444
"NAC","P_SAL_M","10-49","N80","D111","BG",2012,375
"NAC","P_SAL_M","10-49","N80","D1111","BG",2012,351
"NAC","P_SAL_M","10-49","N81","D01","BG",2012,437
"NAC","P_SAL_M","10-49","N81","D111","BG",2012,381
"NAC","P_SAL_M","10-49","N81","D1111","BG",2012,351
"NAC","P_SAL_M","10-49","N82","D01","BG",2012,897
"NAC","P_SAL_M","10-49","N82","D111","BG",2012,776
"NAC","P_SAL_M","10-49","N82","D1111","BG",2012,721
"NAC","P_SAL_M","10-49","O","D01","BG",2012,1298
"NAC","P_SAL_M","10-49","O","D111","BG",2012,1018
"NAC","P_SAL_M","10-49","O","D1111","BG",2012,866
"NAC","P_SAL_M","10-49","O-S","D01","BG",2012,809
"NAC","P_SAL_M","10-49","O-S","D111","BG",2012,659
"NAC","P_SAL_M","10-49","O-S","D1111","BG",2012,560
"NAC","P_SAL_M","10-49","O84","D01","BG",2012,1298
"NAC","P_SAL_M","10-49","O84","D111","BG",2012,1018
"NAC","P_SAL_M","10-49","O84","D1111","BG",2012,866
"NAC","P_SAL_M","10-49","P","D01","BG",2012,770
"NAC","P_SAL_M","10-49","P","D111","BG",2012,625
"NAC","P_SAL_M","10-49","P","D1111","BG",2012,514
"NAC","P_SAL_M","10-49","P-S","D01","BG",2012,740
"NAC","P_SAL_M","10-49","P-S","D111","BG",2012,609
"NAC","P_SAL_M","10-49","P-S","D1111","BG",2012,518
"NAC","P_SAL_M","10-49","P85","D01","BG",2012,770
"NAC","P_SAL_M","10-49","P85","D111","BG",2012,625
"NAC","P_SAL_M","10-49","P85","D1111","BG",2012,514
"NAC","P_SAL_M","10-49","Q","D01","BG",2012,710
"NAC","P_SAL_M","10-49","Q","D111","BG",2012,599
"NAC","P_SAL_M","10-49","Q","D1111","BG",2012,542
"NAC","P_SAL_M","10-49","Q86","D01","BG",2012,867
"NAC","P_SAL_M","10-49","Q86","D111","BG",2012,737
"NAC","P_SAL_M","10-49","Q86","D1111","BG",2012,678
"NAC","P_SAL_M","10-49","Q87","D01","BG",2012,553
"NAC","P_SAL_M","10-49","Q87","D111","BG",2012,455
"NAC","P_SAL_M","10-49","Q87","D1111","BG",2012,398
"NAC","P_SAL_M","10-49","Q88","D01","BG",2012,511
"NAC","P_SAL_M","10-49","Q88","D111","BG",2012,429
"NAC","P_SAL_M","10-49","Q88","D1111","BG",2012,376
"NAC","P_SAL_M","10-49","R","D01","BG",2012,620
"NAC","P_SAL_M","10-49","R","D111","BG",2012,520
"NAC","P_SAL_M","10-49","R","D1111","BG",2012,476
"NAC","P_SAL_M","10-49","R90","D01","BG",2012,655
"NAC","P_SAL_M","10-49","R90","D111","BG",2012,541
"NAC","P_SAL_M","10-49","R90","D1111","BG",2012,478
"NAC","P_SAL_M","10-49","R91","D01","BG",2012,604
"NAC","P_SAL_M","10-49","R91","D111","BG",2012,500
"NAC","P_SAL_M","10-49","R91","D1111","BG",2012,435
"NAC","P_SAL_M","10-49","R92","D01","BG",2012,522
"NAC","P_SAL_M","10-49","R92","D111","BG",2012,438
"NAC","P_SAL_M","10-49","R92","D1111","BG",2012,411
"NAC","P_SAL_M","10-49","R93","D01","BG",2012,715
"NAC","P_SAL_M","10-49","R93","D111","BG",2012,611
"NAC","P_SAL_M","10-49","R93","D1111","BG",2012,571
"NAC","P_SAL_M","10-49","S","D01","BG",2012,693
"NAC","P_SAL_M","10-49","S","D111","BG",2012,594
"NAC","P_SAL_M","10-49","S","D1111","BG",2012,541
"NAC","P_SAL_M","10-49","S94","D01","BG",2012,831
"NAC","P_SAL_M","10-49","S94","D111","BG",2012,723
"NAC","P_SAL_M","10-49","S94","D1111","BG",2012,655
"NAC","P_SAL_M","10-49","S95","D01","BG",2012,NA
"NAC","P_SAL_M","10-49","S95","D111","BG",2012,NA
"NAC","P_SAL_M","10-49","S95","D1111","BG",2012,NA
"NAC","P_SAL_M","10-49","S96","D01","BG",2012,486
"NAC","P_SAL_M","10-49","S96","D111","BG",2012,404
"NAC","P_SAL_M","10-49","S96","D1111","BG",2012,371
"NAC","P_SAL_M","250-499","B","D01","BG",2012,963
"NAC","P_SAL_M","250-499","B","D111","BG",2012,743
"NAC","P_SAL_M","250-499","B","D1111","BG",2012,664
"NAC","P_SAL_M","250-499","B-E","D01","BG",2012,969
"NAC","P_SAL_M","250-499","B-E","D111","BG",2012,805
"NAC","P_SAL_M","250-499","B-E","D1111","BG",2012,708
"NAC","P_SAL_M","250-499","B-F","D01","BG",2012,984
"NAC","P_SAL_M","250-499","B-F","D111","BG",2012,819
"NAC","P_SAL_M","250-499","B-F","D1111","BG",2012,723
"NAC","P_SAL_M","250-499","B-N","D01","BG",2012,1069
"NAC","P_SAL_M","250-499","B-N","D111","BG",2012,903
"NAC","P_SAL_M","250-499","B-N","D1111","BG",2012,806
"NAC","P_SAL_M","250-499","B-S","D01","BG",2012,1090
"NAC","P_SAL_M","250-499","B-S","D111","BG",2012,912
"NAC","P_SAL_M","250-499","B-S","D1111","BG",2012,809
"NAC","P_SAL_M","250-499","B-S_X_O","D01","BG",2012,1064
"NAC","P_SAL_M","250-499","B-S_X_O","D111","BG",2012,898
"NAC","P_SAL_M","250-499","B-S_X_O","D1111","BG",2012,798
"NAC","P_SAL_M","250-499","B05","D01","BG",2012,763
"NAC","P_SAL_M","250-499","B05","D111","BG",2012,580
"NAC","P_SAL_M","250-499","B05","D1111","BG",2012,523
"NAC","P_SAL_M","250-499","B06","D01","BG",2012,NA
"NAC","P_SAL_M","250-499","B06","D111","BG",2012,NA
"NAC","P_SAL_M","250-499","B06","D1111","BG",2012,NA
"NAC","P_SAL_M","250-499","B07","D01","BG",2012,1142
"NAC","P_SAL_M","250-499","B07","D111","BG",2012,876
"NAC","P_SAL_M","250-499","B07","D1111","BG",2012,789
"NAC","P_SAL_M","250-499","B08","D01","BG",2012,868
"NAC","P_SAL_M","250-499","B08","D111","BG",2012,697
"NAC","P_SAL_M","250-499","B08","D1111","BG",2012,600
"NAC","P_SAL_M","250-499","C","D01","BG",2012,933
"NAC","P_SAL_M","250-499","C","D111","BG",2012,779
"NAC","P_SAL_M","250-499","C","D1111","BG",2012,689
"NAC","P_SAL_M","250-499","C10","D01","BG",2012,NA
"NAC","P_SAL_M","250-499","C10","D111","BG",2012,NA
"NAC","P_SAL_M","250-499","C10","D1111","BG",2012,NA
"NAC","P_SAL_M","250-499","C11","D01","BG",2012,1189
"NAC","P_SAL_M","250-499","C11","D111","BG",2012,1010
"NAC","P_SAL_M","250-499","C11","D1111","BG",2012,924
"NAC","P_SAL_M","250-499","C12","D01","BG",2012,1727
"NAC","P_SAL_M","250-499","C12","D111","BG",2012,1486
"NAC","P_SAL_M","250-499","C12","D1111","BG",2012,1295
"NAC","P_SAL_M","250-499","C13","D01","BG",2012,630
"NAC","P_SAL_M","250-499","C13","D111","BG",2012,512
"NAC","P_SAL_M","250-499","C13","D1111","BG",2012,446
"NAC","P_SAL_M","250-499","C14","D01","BG",2012,591
"NAC","P_SAL_M","250-499","C14","D111","BG",2012,496
"NAC","P_SAL_M","250-499","C14","D1111","BG",2012,440
"NAC","P_SAL_M","250-499","C15","D01","BG",2012,629
"NAC","P_SAL_M","250-499","C15","D111","BG",2012,535
"NAC","P_SAL_M","250-499","C15","D1111","BG",2012,462
"NAC","P_SAL_M","250-499","C16","D01","BG",2012,NA
"NAC","P_SAL_M","250-499","C16","D111","BG",2012,NA
"NAC","P_SAL_M","250-499","C16","D1111","BG",2012,NA
"NAC","P_SAL_M","250-499","C17","D01","BG",2012,932
"NAC","P_SAL_M","250-499","C17","D111","BG",2012,764
"NAC","P_SAL_M","250-499","C17","D1111","BG",2012,659
"NAC","P_SAL_M","250-499","C18","D01","BG",2012,1335
"NAC","P_SAL_M","250-499","C18","D111","BG",2012,1144
"NAC","P_SAL_M","250-499","C18","D1111","BG",2012,1034
"NAC","P_SAL_M","250-499","C19","D01","BG",2012,NA
"NAC","P_SAL_M","250-499","C19","D111","BG",2012,NA
"NAC","P_SAL_M","250-499","C19","D1111","BG",2012,NA
"NAC","P_SAL_M","250-499","C20","D01","BG",2012,1719
"NAC","P_SAL_M","250-499","C20","D111","BG",2012,1430
"NAC","P_SAL_M","250-499","C20","D1111","BG",2012,1247
"NAC","P_SAL_M","250-499","C21","D01","BG",2012,1170
"NAC","P_SAL_M","250-499","C21","D111","BG",2012,983
"NAC","P_SAL_M","250-499","C21","D1111","BG",2012,851
"NAC","P_SAL_M","250-499","C22","D01","BG",2012,732
"NAC","P_SAL_M","250-499","C22","D111","BG",2012,619
"NAC","P_SAL_M","250-499","C22","D1111","BG",2012,573
"NAC","P_SAL_M","250-499","C23","D01","BG",2012,NA
"NAC","P_SAL_M","250-499","C23","D111","BG",2012,NA
"NAC","P_SAL_M","250-499","C23","D1111","BG",2012,NA
"NAC","P_SAL_M","250-499","C24","D01","BG",2012,1085
"NAC","P_SAL_M","250-499","C24","D111","BG",2012,861
"NAC","P_SAL_M","250-499","C24","D1111","BG",2012,729
"NAC","P_SAL_M","250-499","C25","D01","BG",2012,877
"NAC","P_SAL_M","250-499","C25","D111","BG",2012,729
"NAC","P_SAL_M","250-499","C25","D1111","BG",2012,627
"NAC","P_SAL_M","250-499","C26","D01","BG",2012,1229
"NAC","P_SAL_M","250-499","C26","D111","BG",2012,1049
"NAC","P_SAL_M","250-499","C26","D1111","BG",2012,883
"NAC","P_SAL_M","250-499","C27","D01","BG",2012,1047
"NAC","P_SAL_M","250-499","C27","D111","BG",2012,883
"NAC","P_SAL_M","250-499","C27","D1111","BG",2012,788
"NAC","P_SAL_M","250-499","C28","D01","BG",2012,1098
"NAC","P_SAL_M","250-499","C28","D111","BG",2012,917
"NAC","P_SAL_M","250-499","C28","D1111","BG",2012,822
"NAC","P_SAL_M","250-499","C29","D01","BG",2012,851
"NAC","P_SAL_M","250-499","C29","D111","BG",2012,712
"NAC","P_SAL_M","250-499","C29","D1111","BG",2012,637
"NAC","P_SAL_M","250-499","C30","D01","BG",2012,950
"NAC","P_SAL_M","250-499","C30","D111","BG",2012,784
"NAC","P_SAL_M","250-499","C30","D1111","BG",2012,714
"NAC","P_SAL_M","250-499","C31","D01","BG",2012,NA
"NAC","P_SAL_M","250-499","C31","D111","BG",2012,NA
"NAC","P_SAL_M","250-499","C31","D1111","BG",2012,NA
"NAC","P_SAL_M","250-499","C32","D01","BG",2012,NA
"NAC","P_SAL_M","250-499","C32","D111","BG",2012,NA
"NAC","P_SAL_M","250-499","C32","D1111","BG",2012,NA
"NAC","P_SAL_M","250-499","C33","D01","BG",2012,1046
"NAC","P_SAL_M","250-499","C33","D111","BG",2012,805
"NAC","P_SAL_M","250-499","C33","D1111","BG",2012,707
"NAC","P_SAL_M","250-499","D","D01","BG",2012,2596
"NAC","P_SAL_M","250-499","D","D111","BG",2012,2123
"NAC","P_SAL_M","250-499","D","D1111","BG",2012,1816
"NAC","P_SAL_M","250-499","D35","D01","BG",2012,2596
"NAC","P_SAL_M","250-499","D35","D111","BG",2012,2123
"NAC","P_SAL_M","250-499","D35","D1111","BG",2012,1816
"NAC","P_SAL_M","250-499","E","D01","BG",2012,774
"NAC","P_SAL_M","250-499","E","D111","BG",2012,645
"NAC","P_SAL_M","250-499","E","D1111","BG",2012,552
"NAC","P_SAL_M","250-499","E36","D01","BG",2012,835
"NAC","P_SAL_M","250-499","E36","D111","BG",2012,695
"NAC","P_SAL_M","250-499","E36","D1111","BG",2012,569
"NAC","P_SAL_M","250-499","E37","D01","BG",2012,NA
"NAC","P_SAL_M","250-499","E37","D111","BG",2012,NA
"NAC","P_SAL_M","250-499","E37","D1111","BG",2012,NA
"NAC","P_SAL_M","250-499","E38","D01","BG",2012,706
"NAC","P_SAL_M","250-499","E38","D111","BG",2012,590
"NAC","P_SAL_M","250-499","E38","D1111","BG",2012,537
"NAC","P_SAL_M","250-499","F","D01","BG",2012,1089
"NAC","P_SAL_M","250-499","F","D111","BG",2012,915
"NAC","P_SAL_M","250-499","F","D1111","BG",2012,829
"NAC","P_SAL_M","250-499","F41","D01","BG",2012,NA
"NAC","P_SAL_M","250-499","F41","D111","BG",2012,NA
"NAC","P_SAL_M","250-499","F41","D1111","BG",2012,NA
"NAC","P_SAL_M","250-499","F42","D01","BG",2012,1113
"NAC","P_SAL_M","250-499","F42","D111","BG",2012,935
"NAC","P_SAL_M","250-499","F42","D1111","BG",2012,851
"NAC","P_SAL_M","250-499","F43","D01","BG",2012,NA
"NAC","P_SAL_M","250-499","F43","D111","BG",2012,NA
"NAC","P_SAL_M","250-499","F43","D1111","BG",2012,NA
"NAC","P_SAL_M","250-499","G","D01","BG",2012,1077
"NAC","P_SAL_M","250-499","G","D111","BG",2012,917
"NAC","P_SAL_M","250-499","G","D1111","BG",2012,842
"NAC","P_SAL_M","250-499","G-J","D01","BG",2012,1457
"NAC","P_SAL_M","250-499","G-J","D111","BG",2012,1249
"NAC","P_SAL_M","250-499","G-J","D1111","BG",2012,1128
"NAC","P_SAL_M","250-499","G-N","D01","BG",2012,1194
"NAC","P_SAL_M","250-499","G-N","D111","BG",2012,1026
"NAC","P_SAL_M","250-499","G-N","D1111","BG",2012,928
"NAC","P_SAL_M","250-499","G-S_X_O","D01","BG",2012,1146
"NAC","P_SAL_M","250-499","G-S_X_O","D111","BG",2012,978
"NAC","P_SAL_M","250-499","G-S_X_O","D1111","BG",2012,874
"NAC","P_SAL_M","250-499","G45","D01","BG",2012,1361
"NAC","P_SAL_M","250-499","G45","D111","BG",2012,1160
"NAC","P_SAL_M","250-499","G45","D1111","BG",2012,1058
"NAC","P_SAL_M","250-499","G46","D01","BG",2012,1152
"NAC","P_SAL_M","250-499","G46","D111","BG",2012,983
"NAC","P_SAL_M","250-499","G46","D1111","BG",2012,896
"NAC","P_SAL_M","250-499","G47","D01","BG",2012,943
"NAC","P_SAL_M","250-499","G47","D111","BG",2012,800
"NAC","P_SAL_M","250-499","G47","D1111","BG",2012,742
"NAC","P_SAL_M","250-499","H","D01","BG",2012,945
"NAC","P_SAL_M","250-499","H","D111","BG",2012,744
"NAC","P_SAL_M","250-499","H","D1111","BG",2012,625
"NAC","P_SAL_M","250-499","H49","D01","BG",2012,889
"NAC","P_SAL_M","250-499","H49","D111","BG",2012,692
"NAC","P_SAL_M","250-499","H49","D1111","BG",2012,584
"NAC","P_SAL_M","250-499","H50","D01","BG",2012,NA
"NAC","P_SAL_M","250-499","H50","D111","BG",2012,NA
"NAC","P_SAL_M","250-499","H50","D1111","BG",2012,NA
"NAC","P_SAL_M","250-499","H51","D01","BG",2012,NA
"NAC","P_SAL_M","250-499","H51","D111","BG",2012,NA
"NAC","P_SAL_M","250-499","H51","D1111","BG",2012,NA
"NAC","P_SAL_M","250-499","H52","D01","BG",2012,NA
"NAC","P_SAL_M","250-499","H52","D111","BG",2012,NA
"NAC","P_SAL_M","250-499","H52","D1111","BG",2012,NA
"NAC","P_SAL_M","250-499","H53","D01","BG",2012,NA
"NAC","P_SAL_M","250-499","H53","D111","BG",2012,NA
"NAC","P_SAL_M","250-499","H53","D1111","BG",2012,NA
"NAC","P_SAL_M","250-499","I","D01","BG",2012,687
"NAC","P_SAL_M","250-499","I","D111","BG",2012,573
"NAC","P_SAL_M","250-499","I","D1111","BG",2012,519
"NAC","P_SAL_M","250-499","I55","D01","BG",2012,797
"NAC","P_SAL_M","250-499","I55","D111","BG",2012,665
"NAC","P_SAL_M","250-499","I55","D1111","BG",2012,597
"NAC","P_SAL_M","250-499","I56","D01","BG",2012,458
"NAC","P_SAL_M","250-499","I56","D111","BG",2012,381
"NAC","P_SAL_M","250-499","I56","D1111","BG",2012,358
"NAC","P_SAL_M","250-499","J","D01","BG",2012,3068
"NAC","P_SAL_M","250-499","J","D111","BG",2012,2701
"NAC","P_SAL_M","250-499","J","D1111","BG",2012,2450
"NAC","P_SAL_M","250-499","J58","D01","BG",2012,NA
"NAC","P_SAL_M","250-499","J58","D111","BG",2012,NA
"NAC","P_SAL_M","250-499","J58","D1111","BG",2012,NA
"NAC","P_SAL_M","250-499","J60","D01","BG",2012,2975
"NAC","P_SAL_M","250-499","J60","D111","BG",2012,2606
"NAC","P_SAL_M","250-499","J60","D1111","BG",2012,2371
"NAC","P_SAL_M","250-499","J61","D01","BG",2012,1465
"NAC","P_SAL_M","250-499","J61","D111","BG",2012,1193
"NAC","P_SAL_M","250-499","J61","D1111","BG",2012,1087
"NAC","P_SAL_M","250-499","J62","D01","BG",2012,4167
"NAC","P_SAL_M","250-499","J62","D111","BG",2012,3716
"NAC","P_SAL_M","250-499","J62","D1111","BG",2012,3371
"NAC","P_SAL_M","250-499","J63","D01","BG",2012,2115
"NAC","P_SAL_M","250-499","J63","D111","BG",2012,1839
"NAC","P_SAL_M","250-499","J63","D1111","BG",2012,1662
"NAC","P_SAL_M","250-499","K","D01","BG",2012,1663
"NAC","P_SAL_M","250-499","K","D111","BG",2012,1443
"NAC","P_SAL_M","250-499","K","D1111","BG",2012,1303
"NAC","P_SAL_M","250-499","K-N","D01","BG",2012,887
"NAC","P_SAL_M","250-499","K-N","D111","BG",2012,766
"NAC","P_SAL_M","250-499","K-N","D1111","BG",2012,693
"NAC","P_SAL_M","250-499","K64","D01","BG",2012,1721
"NAC","P_SAL_M","250-499","K64","D111","BG",2012,1485
"NAC","P_SAL_M","250-499","K64","D1111","BG",2012,1317
"NAC","P_SAL_M","250-499","K65","D01","BG",2012,1819
"NAC","P_SAL_M","250-499","K65","D111","BG",2012,1584
"NAC","P_SAL_M","250-499","K65","D1111","BG",2012,1453
"NAC","P_SAL_M","250-499","K66","D01","BG",2012,NA
"NAC","P_SAL_M","250-499","K66","D111","BG",2012,NA
"NAC","P_SAL_M","250-499","K66","D1111","BG",2012,NA
"NAC","P_SAL_M","250-499","L","D01","BG",2012,1458
"NAC","P_SAL_M","250-499","L","D111","BG",2012,1224
"NAC","P_SAL_M","250-499","L","D1111","BG",2012,1112
"NAC","P_SAL_M","250-499","L68","D01","BG",2012,1458
"NAC","P_SAL_M","250-499","L68","D111","BG",2012,1224
"NAC","P_SAL_M","250-499","L68","D1111","BG",2012,1112
"NAC","P_SAL_M","250-499","M","D01","BG",2012,1438
"NAC","P_SAL_M","250-499","M","D111","BG",2012,1203
"NAC","P_SAL_M","250-499","M","D1111","BG",2012,1065
"NAC","P_SAL_M","250-499","M69","D01","BG",2012,NA
"NAC","P_SAL_M","250-499","M69","D111","BG",2012,NA
"NAC","P_SAL_M","250-499","M69","D1111","BG",2012,NA
"NAC","P_SAL_M","250-499","M70","D01","BG",2012,NA
"NAC","P_SAL_M","250-499","M70","D111","BG",2012,NA
"NAC","P_SAL_M","250-499","M70","D1111","BG",2012,NA
"NAC","P_SAL_M","250-499","M71","D01","BG",2012,NA
"NAC","P_SAL_M","250-499","M71","D111","BG",2012,NA
"NAC","P_SAL_M","250-499","M71","D1111","BG",2012,NA
"NAC","P_SAL_M","250-499","M72","D01","BG",2012,748
"NAC","P_SAL_M","250-499","M72","D111","BG",2012,618
"NAC","P_SAL_M","250-499","M72","D1111","BG",2012,556
"NAC","P_SAL_M","250-499","M73","D01","BG",2012,NA
"NAC","P_SAL_M","250-499","M73","D111","BG",2012,NA
"NAC","P_SAL_M","250-499","M73","D1111","BG",2012,NA
"NAC","P_SAL_M","250-499","M74","D01","BG",2012,2447
"NAC","P_SAL_M","250-499","M74","D111","BG",2012,2077
"NAC","P_SAL_M","250-499","M74","D1111","BG",2012,1899
"NAC","P_SAL_M","250-499","N","D01","BG",2012,525
"NAC","P_SAL_M","250-499","N","D111","BG",2012,462
"NAC","P_SAL_M","250-499","N","D1111","BG",2012,424
"NAC","P_SAL_M","250-499","N78","D01","BG",2012,973
"NAC","P_SAL_M","250-499","N78","D111","BG",2012,824
"NAC","P_SAL_M","250-499","N78","D1111","BG",2012,764
"NAC","P_SAL_M","250-499","N80","D01","BG",2012,513
"NAC","P_SAL_M","250-499","N80","D111","BG",2012,435
"NAC","P_SAL_M","250-499","N80","D1111","BG",2012,404
"NAC","P_SAL_M","250-499","N81","D01","BG",2012,328
"NAC","P_SAL_M","250-499","N81","D111","BG",2012,322
"NAC","P_SAL_M","250-499","N81","D1111","BG",2012,292
"NAC","P_SAL_M","250-499","N82","D01","BG",2012,1314
"NAC","P_SAL_M","250-499","N82","D111","BG",2012,1103
"NAC","P_SAL_M","250-499","N82","D1111","BG",2012,1005
"NAC","P_SAL_M","250-499","O","D01","BG",2012,1320
"NAC","P_SAL_M","250-499","O","D111","BG",2012,1035
"NAC","P_SAL_M","250-499","O","D1111","BG",2012,910
"NAC","P_SAL_M","250-499","O-S","D01","BG",2012,1158
"NAC","P_SAL_M","250-499","O-S","D111","BG",2012,940
"NAC","P_SAL_M","250-499","O-S","D1111","BG",2012,820
"NAC","P_SAL_M","250-499","O84","D01","BG",2012,1320
"NAC","P_SAL_M","250-499","O84","D111","BG",2012,1035
"NAC","P_SAL_M","250-499","O84","D1111","BG",2012,910
"NAC","P_SAL_M","250-499","P","D01","BG",2012,1295
"NAC","P_SAL_M","250-499","P","D111","BG",2012,1075
"NAC","P_SAL_M","250-499","P","D1111","BG",2012,894
"NAC","P_SAL_M","250-499","P-S","D01","BG",2012,1037
"NAC","P_SAL_M","250-499","P-S","D111","BG",2012,870
"NAC","P_SAL_M","250-499","P-S","D1111","BG",2012,754
"NAC","P_SAL_M","250-499","P85","D01","BG",2012,1295
"NAC","P_SAL_M","250-499","P85","D111","BG",2012,1075
"NAC","P_SAL_M","250-499","P85","D1111","BG",2012,894
"NAC","P_SAL_M","250-499","Q","D01","BG",2012,1008
"NAC","P_SAL_M","250-499","Q","D111","BG",2012,843
"NAC","P_SAL_M","250-499","Q","D1111","BG",2012,740
"NAC","P_SAL_M","250-499","Q86","D01","BG",2012,1046
"NAC","P_SAL_M","250-499","Q86","D111","BG",2012,875
"NAC","P_SAL_M","250-499","Q86","D1111","BG",2012,770
"NAC","P_SAL_M","250-499","Q87","D01","BG",2012,NA
"NAC","P_SAL_M","250-499","Q87","D111","BG",2012,NA
"NAC","P_SAL_M","250-499","Q87","D1111","BG",2012,NA
"NAC","P_SAL_M","250-499","Q88","D01","BG",2012,607
"NAC","P_SAL_M","250-499","Q88","D111","BG",2012,506
"NAC","P_SAL_M","250-499","Q88","D1111","BG",2012,430
"NAC","P_SAL_M","250-499","R","D01","BG",2012,810
"NAC","P_SAL_M","250-499","R","D111","BG",2012,678
"NAC","P_SAL_M","250-499","R","D1111","BG",2012,596
"NAC","P_SAL_M","250-499","R90","D01","BG",2012,770
"NAC","P_SAL_M","250-499","R90","D111","BG",2012,640
"NAC","P_SAL_M","250-499","R90","D1111","BG",2012,555
"NAC","P_SAL_M","250-499","R91","D01","BG",2012,NA
"NAC","P_SAL_M","250-499","R91","D111","BG",2012,NA
"NAC","P_SAL_M","250-499","R91","D1111","BG",2012,NA
"NAC","P_SAL_M","250-499","R92","D01","BG",2012,NA
"NAC","P_SAL_M","250-499","R92","D111","BG",2012,NA
"NAC","P_SAL_M","250-499","R92","D1111","BG",2012,NA
"NAC","P_SAL_M","250-499","R93","D01","BG",2012,NA
"NAC","P_SAL_M","250-499","R93","D111","BG",2012,NA
"NAC","P_SAL_M","250-499","R93","D1111","BG",2012,NA
"NAC","P_SAL_M","250-499","S","D01","BG",2012,561
"NAC","P_SAL_M","250-499","S","D111","BG",2012,558
"NAC","P_SAL_M","250-499","S","D1111","BG",2012,521
"NAC","P_SAL_M","250-499","S94","D01","BG",2012,561
"NAC","P_SAL_M","250-499","S94","D111","BG",2012,558
"NAC","P_SAL_M","250-499","S94","D1111","BG",2012,521
"NAC","P_SAL_M","50-249","B","D01","BG",2012,1022
"NAC","P_SAL_M","50-249","B","D111","BG",2012,805
"NAC","P_SAL_M","50-249","B","D1111","BG",2012,715
"NAC","P_SAL_M","50-249","B-E","D01","BG",2012,739
"NAC","P_SAL_M","50-249","B-E","D111","BG",2012,618
"NAC","P_SAL_M","50-249","B-E","D1111","BG",2012,560
"NAC","P_SAL_M","50-249","B-F","D01","BG",2012,752
"NAC","P_SAL_M","50-249","B-F","D111","BG",2012,630
"NAC","P_SAL_M","50-249","B-F","D1111","BG",2012,572
"NAC","P_SAL_M","50-249","B-N","D01","BG",2012,871
"NAC","P_SAL_M","50-249","B-N","D111","BG",2012,741
"NAC","P_SAL_M","50-249","B-N","D1111","BG",2012,676
"NAC","P_SAL_M","50-249","B-S","D01","BG",2012,890
"NAC","P_SAL_M","50-249","B-S","D111","BG",2012,749
"NAC","P_SAL_M","50-249","B-S","D1111","BG",2012,673
"NAC","P_SAL_M","50-249","B-S_X_O","D01","BG",2012,882
"NAC","P_SAL_M","50-249","B-S_X_O","D111","BG",2012,747
"NAC","P_SAL_M","50-249","B-S_X_O","D1111","BG",2012,673
"NAC","P_SAL_M","50-249","B05","D01","BG",2012,919
"NAC","P_SAL_M","50-249","B05","D111","BG",2012,714
"NAC","P_SAL_M","50-249","B05","D1111","BG",2012,639
"NAC","P_SAL_M","50-249","B07","D01","BG",2012,1135
"NAC","P_SAL_M","50-249","B07","D111","BG",2012,836
"NAC","P_SAL_M","50-249","B07","D1111","BG",2012,719
"NAC","P_SAL_M","50-249","B08","D01","BG",2012,1018
"NAC","P_SAL_M","50-249","B08","D111","BG",2012,821
"NAC","P_SAL_M","50-249","B08","D1111","BG",2012,731
"NAC","P_SAL_M","50-249","B09","D01","BG",2012,NA
"NAC","P_SAL_M","50-249","B09","D111","BG",2012,NA
"NAC","P_SAL_M","50-249","B09","D1111","BG",2012,NA
"NAC","P_SAL_M","50-249","C","D01","BG",2012,718
"NAC","P_SAL_M","50-249","C","D111","BG",2012,602
"NAC","P_SAL_M","50-249","C","D1111","BG",2012,547
"NAC","P_SAL_M","50-249","C10","D01","BG",2012,689
"NAC","P_SAL_M","50-249","C10","D111","BG",2012,580
"NAC","P_SAL_M","50-249","C10","D1111","BG",2012,533
"NAC","P_SAL_M","50-249","C11","D01","BG",2012,813
"NAC","P_SAL_M","50-249","C11","D111","BG",2012,681
"NAC","P_SAL_M","50-249","C11","D1111","BG",2012,615
"NAC","P_SAL_M","50-249","C12","D01","BG",2012,907
"NAC","P_SAL_M","50-249","C12","D111","BG",2012,729
"NAC","P_SAL_M","50-249","C12","D1111","BG",2012,671
"NAC","P_SAL_M","50-249","C13","D01","BG",2012,642
"NAC","P_SAL_M","50-249","C13","D111","BG",2012,529
"NAC","P_SAL_M","50-249","C13","D1111","BG",2012,476
"NAC","P_SAL_M","50-249","C14","D01","BG",2012,475
"NAC","P_SAL_M","50-249","C14","D111","BG",2012,398
"NAC","P_SAL_M","50-249","C14","D1111","BG",2012,361
"NAC","P_SAL_M","50-249","C15","D01","BG",2012,463
"NAC","P_SAL_M","50-249","C15","D111","BG",2012,386
"NAC","P_SAL_M","50-249","C15","D1111","BG",2012,352
"NAC","P_SAL_M","50-249","C16","D01","BG",2012,578
"NAC","P_SAL_M","50-249","C16","D111","BG",2012,486
"NAC","P_SAL_M","50-249","C16","D1111","BG",2012,437
"NAC","P_SAL_M","50-249","C17","D01","BG",2012,685
"NAC","P_SAL_M","50-249","C17","D111","BG",2012,573
"NAC","P_SAL_M","50-249","C17","D1111","BG",2012,530
"NAC","P_SAL_M","50-249","C18","D01","BG",2012,950
"NAC","P_SAL_M","50-249","C18","D111","BG",2012,794
"NAC","P_SAL_M","50-249","C18","D1111","BG",2012,721
"NAC","P_SAL_M","50-249","C19","D01","BG",2012,1133
"NAC","P_SAL_M","50-249","C19","D111","BG",2012,946
"NAC","P_SAL_M","50-249","C19","D1111","BG",2012,867
"NAC","P_SAL_M","50-249","C20","D01","BG",2012,998
"NAC","P_SAL_M","50-249","C20","D111","BG",2012,836
"NAC","P_SAL_M","50-249","C20","D1111","BG",2012,764
"NAC","P_SAL_M","50-249","C21","D01","BG",2012,1034
"NAC","P_SAL_M","50-249","C21","D111","BG",2012,872
"NAC","P_SAL_M","50-249","C21","D1111","BG",2012,799
"NAC","P_SAL_M","50-249","C22","D01","BG",2012,750
"NAC","P_SAL_M","50-249","C22","D111","BG",2012,633
"NAC","P_SAL_M","50-249","C22","D1111","BG",2012,576
"NAC","P_SAL_M","50-249","C23","D01","BG",2012,1088
"NAC","P_SAL_M","50-249","C23","D111","BG",2012,909
"NAC","P_SAL_M","50-249","C23","D1111","BG",2012,804
"NAC","P_SAL_M","50-249","C24","D01","BG",2012,876
"NAC","P_SAL_M","50-249","C24","D111","BG",2012,718
"NAC","P_SAL_M","50-249","C24","D1111","BG",2012,645
"NAC","P_SAL_M","50-249","C25","D01","BG",2012,813
"NAC","P_SAL_M","50-249","C25","D111","BG",2012,681
"NAC","P_SAL_M","50-249","C25","D1111","BG",2012,618
"NAC","P_SAL_M","50-249","C26","D01","BG",2012,1203
"NAC","P_SAL_M","50-249","C26","D111","BG",2012,1030
"NAC","P_SAL_M","50-249","C26","D1111","BG",2012,936
"NAC","P_SAL_M","50-249","C27","D01","BG",2012,891
"NAC","P_SAL_M","50-249","C27","D111","BG",2012,749
"NAC","P_SAL_M","50-249","C27","D1111","BG",2012,686
"NAC","P_SAL_M","50-249","C28","D01","BG",2012,997
"NAC","P_SAL_M","50-249","C28","D111","BG",2012,832
"NAC","P_SAL_M","50-249","C28","D1111","BG",2012,755
"NAC","P_SAL_M","50-249","C29","D01","BG",2012,651
"NAC","P_SAL_M","50-249","C29","D111","BG",2012,546
"NAC","P_SAL_M","50-249","C29","D1111","BG",2012,496
"NAC","P_SAL_M","50-249","C30","D01","BG",2012,883
"NAC","P_SAL_M","50-249","C30","D111","BG",2012,749
"NAC","P_SAL_M","50-249","C30","D1111","BG",2012,679
"NAC","P_SAL_M","50-249","C31","D01","BG",2012,599
"NAC","P_SAL_M","50-249","C31","D111","BG",2012,503
"NAC","P_SAL_M","50-249","C31","D1111","BG",2012,459
"NAC","P_SAL_M","50-249","C32","D01","BG",2012,734
"NAC","P_SAL_M","50-249","C32","D111","BG",2012,615
"NAC","P_SAL_M","50-249","C32","D1111","BG",2012,552
"NAC","P_SAL_M","50-249","C33","D01","BG",2012,1197
"NAC","P_SAL_M","50-249","C33","D111","BG",2012,1005
"NAC","P_SAL_M","50-249","C33","D1111","BG",2012,895
"NAC","P_SAL_M","50-249","D","D01","BG",2012,1679
"NAC","P_SAL_M","50-249","D","D111","BG",2012,1401
"NAC","P_SAL_M","50-249","D","D1111","BG",2012,1153
"NAC","P_SAL_M","50-249","D35","D01","BG",2012,1679
"NAC","P_SAL_M","50-249","D35","D111","BG",2012,1401
"NAC","P_SAL_M","50-249","D35","D1111","BG",2012,1153
"NAC","P_SAL_M","50-249","E","D01","BG",2012,787
"NAC","P_SAL_M","50-249","E","D111","BG",2012,661
"NAC","P_SAL_M","50-249","E","D1111","BG",2012,593
"NAC","P_SAL_M","50-249","E36","D01","BG",2012,789
"NAC","P_SAL_M","50-249","E36","D111","BG",2012,646
"NAC","P_SAL_M","50-249","E36","D1111","BG",2012,535
"NAC","P_SAL_M","50-249","E37","D01","BG",2012,NA
"NAC","P_SAL_M","50-249","E37","D111","BG",2012,NA
"NAC","P_SAL_M","50-249","E37","D1111","BG",2012,NA
"NAC","P_SAL_M","50-249","E38","D01","BG",2012,778
"NAC","P_SAL_M","50-249","E38","D111","BG",2012,657
"NAC","P_SAL_M","50-249","E38","D1111","BG",2012,601
"NAC","P_SAL_M","50-249","E39","D01","BG",2012,846
"NAC","P_SAL_M","50-249","E39","D111","BG",2012,699
"NAC","P_SAL_M","50-249","E39","D1111","BG",2012,587
"NAC","P_SAL_M","50-249","F","D01","BG",2012,804
"NAC","P_SAL_M","50-249","F","D111","BG",2012,676
"NAC","P_SAL_M","50-249","F","D1111","BG",2012,624
"NAC","P_SAL_M","50-249","F41","D01","BG",2012,722
"NAC","P_SAL_M","50-249","F41","D111","BG",2012,610
"NAC","P_SAL_M","50-249","F41","D1111","BG",2012,564
"NAC","P_SAL_M","50-249","F42","D01","BG",2012,872
"NAC","P_SAL_M","50-249","F42","D111","BG",2012,729
"NAC","P_SAL_M","50-249","F42","D1111","BG",2012,669
"NAC","P_SAL_M","50-249","F43","D01","BG",2012,864
"NAC","P_SAL_M","50-249","F43","D111","BG",2012,726
"NAC","P_SAL_M","50-249","F43","D1111","BG",2012,676
"NAC","P_SAL_M","50-249","G","D01","BG",2012,1001
"NAC","P_SAL_M","50-249","G","D111","BG",2012,857
"NAC","P_SAL_M","50-249","G","D1111","BG",2012,789
"NAC","P_SAL_M","50-249","G-J","D01","BG",2012,1069
"NAC","P_SAL_M","50-249","G-J","D111","BG",2012,913
"NAC","P_SAL_M","50-249","G-J","D1111","BG",2012,840
"NAC","P_SAL_M","50-249","G-N","D01","BG",2012,1014
"NAC","P_SAL_M","50-249","G-N","D111","BG",2012,874
"NAC","P_SAL_M","50-249","G-N","D1111","BG",2012,801
"NAC","P_SAL_M","50-249","G-S_X_O","D01","BG",2012,979
"NAC","P_SAL_M","50-249","G-S_X_O","D111","BG",2012,834
"NAC","P_SAL_M","50-249","G-S_X_O","D1111","BG",2012,747
"NAC","P_SAL_M","50-249","G45","D01","BG",2012,1303
"NAC","P_SAL_M","50-249","G45","D111","BG",2012,1119
"NAC","P_SAL_M","50-249","G45","D1111","BG",2012,1017
"NAC","P_SAL_M","50-249","G46","D01","BG",2012,1123
"NAC","P_SAL_M","50-249","G46","D111","BG",2012,966
"NAC","P_SAL_M","50-249","G46","D1111","BG",2012,890
"NAC","P_SAL_M","50-249","G47","D01","BG",2012,782
"NAC","P_SAL_M","50-249","G47","D111","BG",2012,663
"NAC","P_SAL_M","50-249","G47","D1111","BG",2012,614
"NAC","P_SAL_M","50-249","H","D01","BG",2012,955
"NAC","P_SAL_M","50-249","H","D111","BG",2012,791
"NAC","P_SAL_M","50-249","H","D1111","BG",2012,715
"NAC","P_SAL_M","50-249","H49","D01","BG",2012,671
"NAC","P_SAL_M","50-249","H49","D111","BG",2012,543
"NAC","P_SAL_M","50-249","H49","D1111","BG",2012,500
"NAC","P_SAL_M","50-249","H50","D01","BG",2012,1207
"NAC","P_SAL_M","50-249","H50","D111","BG",2012,990
"NAC","P_SAL_M","50-249","H50","D1111","BG",2012,869
"NAC","P_SAL_M","50-249","H51","D01","BG",2012,2666
"NAC","P_SAL_M","50-249","H51","D111","BG",2012,2208
"NAC","P_SAL_M","50-249","H51","D1111","BG",2012,1964
"NAC","P_SAL_M","50-249","H52","D01","BG",2012,1488
"NAC","P_SAL_M","50-249","H52","D111","BG",2012,1282
"NAC","P_SAL_M","50-249","H52","D1111","BG",2012,1123
"NAC","P_SAL_M","50-249","H53","D01","BG",2012,888
"NAC","P_SAL_M","50-249","H53","D111","BG",2012,740
"NAC","P_SAL_M","50-249","H53","D1111","BG",2012,686
"NAC","P_SAL_M","50-249","I","D01","BG",2012,742
"NAC","P_SAL_M","50-249","I","D111","BG",2012,624
"NAC","P_SAL_M","50-249","I","D1111","BG",2012,584
"NAC","P_SAL_M","50-249","I55","D01","BG",2012,815
"NAC","P_SAL_M","50-249","I55","D111","BG",2012,688
"NAC","P_SAL_M","50-249","I55","D1111","BG",2012,642
"NAC","P_SAL_M","50-249","I56","D01","BG",2012,604
"NAC","P_SAL_M","50-249","I56","D111","BG",2012,506
"NAC","P_SAL_M","50-249","I56","D1111","BG",2012,474
"NAC","P_SAL_M","50-249","J","D01","BG",2012,2070
"NAC","P_SAL_M","50-249","J","D111","BG",2012,1815
"NAC","P_SAL_M","50-249","J","D1111","BG",2012,1674
"NAC","P_SAL_M","50-249","J58","D01","BG",2012,1201
"NAC","P_SAL_M","50-249","J58","D111","BG",2012,1033
"NAC","P_SAL_M","50-249","J58","D1111","BG",2012,953
"NAC","P_SAL_M","50-249","J59","D01","BG",2012,1503
"NAC","P_SAL_M","50-249","J59","D111","BG",2012,1320
"NAC","P_SAL_M","50-249","J59","D1111","BG",2012,1205
"NAC","P_SAL_M","50-249","J60","D01","BG",2012,1310
"NAC","P_SAL_M","50-249","J60","D111","BG",2012,1128
"NAC","P_SAL_M","50-249","J60","D1111","BG",2012,1036
"NAC","P_SAL_M","50-249","J61","D01","BG",2012,1722
"NAC","P_SAL_M","50-249","J61","D111","BG",2012,1468
"NAC","P_SAL_M","50-249","J61","D1111","BG",2012,1363
"NAC","P_SAL_M","50-249","J62","D01","BG",2012,2778
"NAC","P_SAL_M","50-249","J62","D111","BG",2012,2467
"NAC","P_SAL_M","50-249","J62","D1111","BG",2012,2276
"NAC","P_SAL_M","50-249","J63","D01","BG",2012,1431
"NAC","P_SAL_M","50-249","J63","D111","BG",2012,1221
"NAC","P_SAL_M","50-249","J63","D1111","BG",2012,1113
"NAC","P_SAL_M","50-249","K","D01","BG",2012,2017
"NAC","P_SAL_M","50-249","K","D111","BG",2012,1741
"NAC","P_SAL_M","50-249","K","D1111","BG",2012,1556
"NAC","P_SAL_M","50-249","K-N","D01","BG",2012,906
"NAC","P_SAL_M","50-249","K-N","D111","BG",2012,796
"NAC","P_SAL_M","50-249","K-N","D1111","BG",2012,722
"NAC","P_SAL_M","50-249","K64","D01","BG",2012,2220
"NAC","P_SAL_M","50-249","K64","D111","BG",2012,1912
"NAC","P_SAL_M","50-249","K64","D1111","BG",2012,1672
"NAC","P_SAL_M","50-249","K65","D01","BG",2012,2021
"NAC","P_SAL_M","50-249","K65","D111","BG",2012,1766
"NAC","P_SAL_M","50-249","K65","D1111","BG",2012,1624
"NAC","P_SAL_M","50-249","K66","D01","BG",2012,NA
"NAC","P_SAL_M","50-249","K66","D111","BG",2012,NA
"NAC","P_SAL_M","50-249","K66","D1111","BG",2012,NA
"NAC","P_SAL_M","50-249","L","D01","BG",2012,858
"NAC","P_SAL_M","50-249","L","D111","BG",2012,729
"NAC","P_SAL_M","50-249","L","D1111","BG",2012,656
"NAC","P_SAL_M","50-249","L68","D01","BG",2012,858
"NAC","P_SAL_M","50-249","L68","D111","BG",2012,729
"NAC","P_SAL_M","50-249","L68","D1111","BG",2012,656
"NAC","P_SAL_M","50-249","M","D01","BG",2012,1579
"NAC","P_SAL_M","50-249","M","D111","BG",2012,1368
"NAC","P_SAL_M","50-249","M","D1111","BG",2012,1234
"NAC","P_SAL_M","50-249","M69","D01","BG",2012,NA
"NAC","P_SAL_M","50-249","M69","D111","BG",2012,NA
"NAC","P_SAL_M","50-249","M69","D1111","BG",2012,NA
"NAC","P_SAL_M","50-249","M70","D01","BG",2012,1943
"NAC","P_SAL_M","50-249","M70","D111","BG",2012,1720
"NAC","P_SAL_M","50-249","M70","D1111","BG",2012,1567
"NAC","P_SAL_M","50-249","M71","D01","BG",2012,2089
"NAC","P_SAL_M","50-249","M71","D111","BG",2012,1798
"NAC","P_SAL_M","50-249","M71","D1111","BG",2012,1642
"NAC","P_SAL_M","50-249","M72","D01","BG",2012,975
"NAC","P_SAL_M","50-249","M72","D111","BG",2012,825
"NAC","P_SAL_M","50-249","M72","D1111","BG",2012,719
"NAC","P_SAL_M","50-249","M73","D01","BG",2012,NA
"NAC","P_SAL_M","50-249","M73","D111","BG",2012,NA
"NAC","P_SAL_M","50-249","M73","D1111","BG",2012,NA
"NAC","P_SAL_M","50-249","M74","D01","BG",2012,1681
"NAC","P_SAL_M","50-249","M74","D111","BG",2012,1452
"NAC","P_SAL_M","50-249","M74","D1111","BG",2012,1307
"NAC","P_SAL_M","50-249","N","D01","BG",2012,443
"NAC","P_SAL_M","50-249","N","D111","BG",2012,405
"NAC","P_SAL_M","50-249","N","D1111","BG",2012,375
"NAC","P_SAL_M","50-249","N77","D01","BG",2012,874
"NAC","P_SAL_M","50-249","N77","D111","BG",2012,733
"NAC","P_SAL_M","50-249","N77","D1111","BG",2012,666
"NAC","P_SAL_M","50-249","N78","D01","BG",2012,824
"NAC","P_SAL_M","50-249","N78","D111","BG",2012,689
"NAC","P_SAL_M","50-249","N78","D1111","BG",2012,653
"NAC","P_SAL_M","50-249","N79","D01","BG",2012,942
"NAC","P_SAL_M","50-249","N79","D111","BG",2012,801
"NAC","P_SAL_M","50-249","N79","D1111","BG",2012,757
"NAC","P_SAL_M","50-249","N80","D01","BG",2012,453
"NAC","P_SAL_M","50-249","N80","D111","BG",2012,383
"NAC","P_SAL_M","50-249","N80","D1111","BG",2012,358
"NAC","P_SAL_M","50-249","N81","D01","BG",2012,335
"NAC","P_SAL_M","50-249","N81","D111","BG",2012,340
"NAC","P_SAL_M","50-249","N81","D1111","BG",2012,313
"NAC","P_SAL_M","50-249","N82","D01","BG",2012,871
"NAC","P_SAL_M","50-249","N82","D111","BG",2012,742
"NAC","P_SAL_M","50-249","N82","D1111","BG",2012,675
"NAC","P_SAL_M","50-249","O","D01","BG",2012,977
"NAC","P_SAL_M","50-249","O","D111","BG",2012,775
"NAC","P_SAL_M","50-249","O","D1111","BG",2012,675
"NAC","P_SAL_M","50-249","O-S","D01","BG",2012,939
"NAC","P_SAL_M","50-249","O-S","D111","BG",2012,771
"NAC","P_SAL_M","50-249","O-S","D1111","BG",2012,664
"NAC","P_SAL_M","50-249","O84","D01","BG",2012,977
"NAC","P_SAL_M","50-249","O84","D111","BG",2012,775
"NAC","P_SAL_M","50-249","O84","D1111","BG",2012,675
"NAC","P_SAL_M","50-249","P","D01","BG",2012,931
"NAC","P_SAL_M","50-249","P","D111","BG",2012,760
"NAC","P_SAL_M","50-249","P","D1111","BG",2012,622
"NAC","P_SAL_M","50-249","P-S","D01","BG",2012,922
"NAC","P_SAL_M","50-249","P-S","D111","BG",2012,769
"NAC","P_SAL_M","50-249","P-S","D1111","BG",2012,660
"NAC","P_SAL_M","50-249","P85","D01","BG",2012,931
"NAC","P_SAL_M","50-249","P85","D111","BG",2012,760
"NAC","P_SAL_M","50-249","P85","D1111","BG",2012,622
"NAC","P_SAL_M","50-249","Q","D01","BG",2012,906
"NAC","P_SAL_M","50-249","Q","D111","BG",2012,765
"NAC","P_SAL_M","50-249","Q","D1111","BG",2012,683
"NAC","P_SAL_M","50-249","Q86","D01","BG",2012,1065
"NAC","P_SAL_M","50-249","Q86","D111","BG",2012,903
"NAC","P_SAL_M","50-249","Q86","D1111","BG",2012,811
"NAC","P_SAL_M","50-249","Q87","D01","BG",2012,590
"NAC","P_SAL_M","50-249","Q87","D111","BG",2012,490
"NAC","P_SAL_M","50-249","Q87","D1111","BG",2012,423
"NAC","P_SAL_M","50-249","Q88","D01","BG",2012,539
"NAC","P_SAL_M","50-249","Q88","D111","BG",2012,451
"NAC","P_SAL_M","50-249","Q88","D1111","BG",2012,392
"NAC","P_SAL_M","50-249","R","D01","BG",2012,967
"NAC","P_SAL_M","50-249","R","D111","BG",2012,843
"NAC","P_SAL_M","50-249","R","D1111","BG",2012,771
"NAC","P_SAL_M","50-249","R90","D01","BG",2012,654
"NAC","P_SAL_M","50-249","R90","D111","BG",2012,538
"NAC","P_SAL_M","50-249","R90","D1111","BG",2012,467
"NAC","P_SAL_M","50-249","R91","D01","BG",2012,669
"NAC","P_SAL_M","50-249","R91","D111","BG",2012,553
"NAC","P_SAL_M","50-249","R91","D1111","BG",2012,477
"NAC","P_SAL_M","50-249","R92","D01","BG",2012,693
"NAC","P_SAL_M","50-249","R92","D111","BG",2012,583
"NAC","P_SAL_M","50-249","R92","D1111","BG",2012,534
"NAC","P_SAL_M","50-249","R93","D01","BG",2012,NA
"NAC","P_SAL_M","50-249","R93","D111","BG",2012,NA
"NAC","P_SAL_M","50-249","R93","D1111","BG",2012,NA
"NAC","P_SAL_M","50-249","S","D01","BG",2012,848
"NAC","P_SAL_M","50-249","S","D111","BG",2012,713
"NAC","P_SAL_M","50-249","S","D1111","BG",2012,635
"NAC","P_SAL_M","50-249","S94","D01","BG",2012,883
"NAC","P_SAL_M","50-249","S94","D111","BG",2012,743
"NAC","P_SAL_M","50-249","S94","D1111","BG",2012,660
"NAC","P_SAL_M","50-249","S95","D01","BG",2012,NA
"NAC","P_SAL_M","50-249","S95","D111","BG",2012,NA
"NAC","P_SAL_M","50-249","S95","D1111","BG",2012,NA
"NAC","P_SAL_M","50-249","S96","D01","BG",2012,612
"NAC","P_SAL_M","50-249","S96","D111","BG",2012,513
"NAC","P_SAL_M","50-249","S96","D1111","BG",2012,464
"NAC","P_SAL_M","500-999","B","D01","BG",2012,1028
"NAC","P_SAL_M","500-999","B","D111","BG",2012,792
"NAC","P_SAL_M","500-999","B","D1111","BG",2012,708
"NAC","P_SAL_M","500-999","B-E","D01","BG",2012,1055
"NAC","P_SAL_M","500-999","B-E","D111","BG",2012,865
"NAC","P_SAL_M","500-999","B-E","D1111","BG",2012,758
"NAC","P_SAL_M","500-999","B-F","D01","BG",2012,1078
"NAC","P_SAL_M","500-999","B-F","D111","BG",2012,889
"NAC","P_SAL_M","500-999","B-F","D1111","BG",2012,783
"NAC","P_SAL_M","500-999","B-N","D01","BG",2012,1109
"NAC","P_SAL_M","500-999","B-N","D111","BG",2012,925
"NAC","P_SAL_M","500-999","B-N","D1111","BG",2012,822
"NAC","P_SAL_M","500-999","B-S","D01","BG",2012,1128
"NAC","P_SAL_M","500-999","B-S","D111","BG",2012,938
"NAC","P_SAL_M","500-999","B-S","D1111","BG",2012,831
"NAC","P_SAL_M","500-999","B-S_X_O","D01","BG",2012,1105
"NAC","P_SAL_M","500-999","B-S_X_O","D111","BG",2012,922
"NAC","P_SAL_M","500-999","B-S_X_O","D1111","BG",2012,816
"NAC","P_SAL_M","500-999","B05","D01","BG",2012,NA
"NAC","P_SAL_M","500-999","B05","D111","BG",2012,NA
"NAC","P_SAL_M","500-999","B05","D1111","BG",2012,NA
"NAC","P_SAL_M","500-999","B06","D01","BG",2012,NA
"NAC","P_SAL_M","500-999","B06","D111","BG",2012,NA
"NAC","P_SAL_M","500-999","B06","D1111","BG",2012,NA
"NAC","P_SAL_M","500-999","B07","D01","BG",2012,NA
"NAC","P_SAL_M","500-999","B07","D111","BG",2012,NA
"NAC","P_SAL_M","500-999","B07","D1111","BG",2012,NA
"NAC","P_SAL_M","500-999","B08","D01","BG",2012,NA
"NAC","P_SAL_M","500-999","B08","D111","BG",2012,NA
"NAC","P_SAL_M","500-999","B08","D1111","BG",2012,NA
"NAC","P_SAL_M","500-999","C","D01","BG",2012,1065
"NAC","P_SAL_M","500-999","C","D111","BG",2012,875
"NAC","P_SAL_M","500-999","C","D1111","BG",2012,770
"NAC","P_SAL_M","500-999","C10","D01","BG",2012,1122
"NAC","P_SAL_M","500-999","C10","D111","BG",2012,957
"NAC","P_SAL_M","500-999","C10","D1111","BG",2012,857
"NAC","P_SAL_M","500-999","C11","D01","BG",2012,1225
"NAC","P_SAL_M","500-999","C11","D111","BG",2012,1028
"NAC","P_SAL_M","500-999","C11","D1111","BG",2012,901
"NAC","P_SAL_M","500-999","C12","D01","BG",2012,NA
"NAC","P_SAL_M","500-999","C12","D111","BG",2012,NA
"NAC","P_SAL_M","500-999","C12","D1111","BG",2012,NA
"NAC","P_SAL_M","500-999","C13","D01","BG",2012,NA
"NAC","P_SAL_M","500-999","C13","D111","BG",2012,NA
"NAC","P_SAL_M","500-999","C13","D1111","BG",2012,NA
"NAC","P_SAL_M","500-999","C14","D01","BG",2012,594
"NAC","P_SAL_M","500-999","C14","D111","BG",2012,500
"NAC","P_SAL_M","500-999","C14","D1111","BG",2012,443
"NAC","P_SAL_M","500-999","C15","D01","BG",2012,NA
"NAC","P_SAL_M","500-999","C15","D111","BG",2012,NA
"NAC","P_SAL_M","500-999","C15","D1111","BG",2012,NA
"NAC","P_SAL_M","500-999","C16","D01","BG",2012,NA
"NAC","P_SAL_M","500-999","C16","D111","BG",2012,NA
"NAC","P_SAL_M","500-999","C16","D1111","BG",2012,NA
"NAC","P_SAL_M","500-999","C17","D01","BG",2012,NA
"NAC","P_SAL_M","500-999","C17","D111","BG",2012,NA
"NAC","P_SAL_M","500-999","C17","D1111","BG",2012,NA
"NAC","P_SAL_M","500-999","C20","D01","BG",2012,NA
"NAC","P_SAL_M","500-999","C20","D111","BG",2012,NA
"NAC","P_SAL_M","500-999","C20","D1111","BG",2012,NA
"NAC","P_SAL_M","500-999","C21","D01","BG",2012,NA
"NAC","P_SAL_M","500-999","C21","D111","BG",2012,NA
"NAC","P_SAL_M","500-999","C21","D1111","BG",2012,NA
"NAC","P_SAL_M","500-999","C22","D01","BG",2012,731
"NAC","P_SAL_M","500-999","C22","D111","BG",2012,609
"NAC","P_SAL_M","500-999","C22","D1111","BG",2012,554
"NAC","P_SAL_M","500-999","C23","D01","BG",2012,1206
"NAC","P_SAL_M","500-999","C23","D111","BG",2012,982
"NAC","P_SAL_M","500-999","C23","D1111","BG",2012,843
"NAC","P_SAL_M","500-999","C24","D01","BG",2012,1924
"NAC","P_SAL_M","500-999","C24","D111","BG",2012,1534
"NAC","P_SAL_M","500-999","C24","D1111","BG",2012,1358
"NAC","P_SAL_M","500-999","C25","D01","BG",2012,885
"NAC","P_SAL_M","500-999","C25","D111","BG",2012,741
"NAC","P_SAL_M","500-999","C25","D1111","BG",2012,639
"NAC","P_SAL_M","500-999","C27","D01","BG",2012,1156
"NAC","P_SAL_M","500-999","C27","D111","BG",2012,909
"NAC","P_SAL_M","500-999","C27","D1111","BG",2012,791
"NAC","P_SAL_M","500-999","C28","D01","BG",2012,910
"NAC","P_SAL_M","500-999","C28","D111","BG",2012,762
"NAC","P_SAL_M","500-999","C28","D1111","BG",2012,683
"NAC","P_SAL_M","500-999","C29","D01","BG",2012,847
"NAC","P_SAL_M","500-999","C29","D111","BG",2012,711
"NAC","P_SAL_M","500-999","C29","D1111","BG",2012,611
"NAC","P_SAL_M","500-999","C30","D01","BG",2012,922
"NAC","P_SAL_M","500-999","C30","D111","BG",2012,768
"NAC","P_SAL_M","500-999","C30","D1111","BG",2012,706
"NAC","P_SAL_M","500-999","C31","D01","BG",2012,NA
"NAC","P_SAL_M","500-999","C31","D111","BG",2012,NA
"NAC","P_SAL_M","500-999","C31","D1111","BG",2012,NA
"NAC","P_SAL_M","500-999","C32","D01","BG",2012,788
"NAC","P_SAL_M","500-999","C32","D111","BG",2012,654
"NAC","P_SAL_M","500-999","C32","D1111","BG",2012,583
"NAC","P_SAL_M","500-999","C33","D01","BG",2012,1309
"NAC","P_SAL_M","500-999","C33","D111","BG",2012,1078
"NAC","P_SAL_M","500-999","C33","D1111","BG",2012,929
"NAC","P_SAL_M","500-999","D","D01","BG",2012,1093
"NAC","P_SAL_M","500-999","D","D111","BG",2012,856
"NAC","P_SAL_M","500-999","D","D1111","BG",2012,762
"NAC","P_SAL_M","500-999","D35","D01","BG",2012,1093
"NAC","P_SAL_M","500-999","D35","D111","BG",2012,856
"NAC","P_SAL_M","500-999","D35","D1111","BG",2012,762
"NAC","P_SAL_M","500-999","E","D01","BG",2012,964
"NAC","P_SAL_M","500-999","E","D111","BG",2012,805
"NAC","P_SAL_M","500-999","E","D1111","BG",2012,667
"NAC","P_SAL_M","500-999","E36","D01","BG",2012,884
"NAC","P_SAL_M","500-999","E36","D111","BG",2012,732
"NAC","P_SAL_M","500-999","E36","D1111","BG",2012,581
"NAC","P_SAL_M","500-999","E38","D01","BG",2012,1140
"NAC","P_SAL_M","500-999","E38","D111","BG",2012,963
"NAC","P_SAL_M","500-999","E38","D1111","BG",2012,855
"NAC","P_SAL_M","500-999","F","D01","BG",2012,NA
"NAC","P_SAL_M","500-999","F","D111","BG",2012,NA
"NAC","P_SAL_M","500-999","F","D1111","BG",2012,NA
"NAC","P_SAL_M","500-999","F41","D01","BG",2012,1107
"NAC","P_SAL_M","500-999","F41","D111","BG",2012,945
"NAC","P_SAL_M","500-999","F41","D1111","BG",2012,882
"NAC","P_SAL_M","500-999","F42","D01","BG",2012,1190
"NAC","P_SAL_M","500-999","F42","D111","BG",2012,998
"NAC","P_SAL_M","500-999","F42","D1111","BG",2012,897
"NAC","P_SAL_M","500-999","F43","D01","BG",2012,NA
"NAC","P_SAL_M","500-999","F43","D111","BG",2012,NA
"NAC","P_SAL_M","500-999","F43","D1111","BG",2012,NA
"NAC","P_SAL_M","500-999","G","D01","BG",2012,1143
"NAC","P_SAL_M","500-999","G","D111","BG",2012,971
"NAC","P_SAL_M","500-999","G","D1111","BG",2012,891
"NAC","P_SAL_M","500-999","G-J","D01","BG",2012,1262
"NAC","P_SAL_M","500-999","G-J","D111","BG",2012,1070
"NAC","P_SAL_M","500-999","G-J","D1111","BG",2012,945
"NAC","P_SAL_M","500-999","G-N","D01","BG",2012,1156
"NAC","P_SAL_M","500-999","G-N","D111","BG",2012,979
"NAC","P_SAL_M","500-999","G-N","D1111","BG",2012,882
"NAC","P_SAL_M","500-999","G-S_X_O","D01","BG",2012,1132
"NAC","P_SAL_M","500-999","G-S_X_O","D111","BG",2012,955
"NAC","P_SAL_M","500-999","G-S_X_O","D1111","BG",2012,849
"NAC","P_SAL_M","500-999","G45","D01","BG",2012,1188
"NAC","P_SAL_M","500-999","G45","D111","BG",2012,1000
"NAC","P_SAL_M","500-999","G45","D1111","BG",2012,924
"NAC","P_SAL_M","500-999","G46","D01","BG",2012,NA
"NAC","P_SAL_M","500-999","G46","D111","BG",2012,NA
"NAC","P_SAL_M","500-999","G46","D1111","BG",2012,NA
"NAC","P_SAL_M","500-999","G47","D01","BG",2012,946
"NAC","P_SAL_M","500-999","G47","D111","BG",2012,794
"NAC","P_SAL_M","500-999","G47","D1111","BG",2012,730
"NAC","P_SAL_M","500-999","H","D01","BG",2012,1081
"NAC","P_SAL_M","500-999","H","D111","BG",2012,898
"NAC","P_SAL_M","500-999","H","D1111","BG",2012,776
"NAC","P_SAL_M","500-999","H49","D01","BG",2012,866
"NAC","P_SAL_M","500-999","H49","D111","BG",2012,701
"NAC","P_SAL_M","500-999","H49","D1111","BG",2012,581
"NAC","P_SAL_M","500-999","H50","D01","BG",2012,NA
"NAC","P_SAL_M","500-999","H50","D111","BG",2012,NA
"NAC","P_SAL_M","500-999","H50","D1111","BG",2012,NA
"NAC","P_SAL_M","500-999","H51","D01","BG",2012,NA
"NAC","P_SAL_M","500-999","H51","D111","BG",2012,NA
"NAC","P_SAL_M","500-999","H51","D1111","BG",2012,NA
"NAC","P_SAL_M","500-999","H52","D01","BG",2012,NA
"NAC","P_SAL_M","500-999","H52","D111","BG",2012,NA
"NAC","P_SAL_M","500-999","H52","D1111","BG",2012,NA
"NAC","P_SAL_M","500-999","H53","D01","BG",2012,1205
"NAC","P_SAL_M","500-999","H53","D111","BG",2012,1034
"NAC","P_SAL_M","500-999","H53","D1111","BG",2012,969
"NAC","P_SAL_M","500-999","I","D01","BG",2012,NA
"NAC","P_SAL_M","500-999","I","D111","BG",2012,NA
"NAC","P_SAL_M","500-999","I","D1111","BG",2012,NA
"NAC","P_SAL_M","500-999","I55","D01","BG",2012,724
"NAC","P_SAL_M","500-999","I55","D111","BG",2012,589
"NAC","P_SAL_M","500-999","I55","D1111","BG",2012,530
"NAC","P_SAL_M","500-999","I56","D01","BG",2012,NA
"NAC","P_SAL_M","500-999","I56","D111","BG",2012,NA
"NAC","P_SAL_M","500-999","I56","D1111","BG",2012,NA
"NAC","P_SAL_M","500-999","J","D01","BG",2012,3141
"NAC","P_SAL_M","500-999","J","D111","BG",2012,2744
"NAC","P_SAL_M","500-999","J","D1111","BG",2012,2289
"NAC","P_SAL_M","500-999","J58","D01","BG",2012,NA
"NAC","P_SAL_M","500-999","J58","D111","BG",2012,NA
"NAC","P_SAL_M","500-999","J58","D1111","BG",2012,NA
"NAC","P_SAL_M","500-999","J60","D01","BG",2012,NA
"NAC","P_SAL_M","500-999","J60","D111","BG",2012,NA
"NAC","P_SAL_M","500-999","J60","D1111","BG",2012,NA
"NAC","P_SAL_M","500-999","J61","D01","BG",2012,NA
"NAC","P_SAL_M","500-999","J61","D111","BG",2012,NA
"NAC","P_SAL_M","500-999","J61","D1111","BG",2012,NA
"NAC","P_SAL_M","500-999","J62","D01","BG",2012,NA
"NAC","P_SAL_M","500-999","J62","D111","BG",2012,NA
"NAC","P_SAL_M","500-999","J62","D1111","BG",2012,NA
"NAC","P_SAL_M","500-999","K","D01","BG",2012,1735
"NAC","P_SAL_M","500-999","K","D111","BG",2012,1467
"NAC","P_SAL_M","500-999","K","D1111","BG",2012,1353
"NAC","P_SAL_M","500-999","K-N","D01","BG",2012,1048
"NAC","P_SAL_M","500-999","K-N","D111","BG",2012,887
"NAC","P_SAL_M","500-999","K-N","D1111","BG",2012,817
"NAC","P_SAL_M","500-999","K64","D01","BG",2012,1680
"NAC","P_SAL_M","500-999","K64","D111","BG",2012,1411
"NAC","P_SAL_M","500-999","K64","D1111","BG",2012,1295
"NAC","P_SAL_M","500-999","K65","D01","BG",2012,1960
"NAC","P_SAL_M","500-999","K65","D111","BG",2012,1698
"NAC","P_SAL_M","500-999","K65","D1111","BG",2012,1588
"NAC","P_SAL_M","500-999","M","D01","BG",2012,1600
"NAC","P_SAL_M","500-999","M","D111","BG",2012,1334
"NAC","P_SAL_M","500-999","M","D1111","BG",2012,1176
"NAC","P_SAL_M","500-999","M70","D01","BG",2012,NA
"NAC","P_SAL_M","500-999","M70","D111","BG",2012,NA
"NAC","P_SAL_M","500-999","M70","D1111","BG",2012,NA
"NAC","P_SAL_M","500-999","M73","D01","BG",2012,NA
"NAC","P_SAL_M","500-999","M73","D111","BG",2012,NA
"NAC","P_SAL_M","500-999","M73","D1111","BG",2012,NA
"NAC","P_SAL_M","500-999","N","D01","BG",2012,644
"NAC","P_SAL_M","500-999","N","D111","BG",2012,547
"NAC","P_SAL_M","500-999","N","D1111","BG",2012,508
"NAC","P_SAL_M","500-999","N78","D01","BG",2012,NA
"NAC","P_SAL_M","500-999","N78","D111","BG",2012,NA
"NAC","P_SAL_M","500-999","N78","D1111","BG",2012,NA
"NAC","P_SAL_M","500-999","N80","D01","BG",2012,427
"NAC","P_SAL_M","500-999","N80","D111","BG",2012,359
"NAC","P_SAL_M","500-999","N80","D1111","BG",2012,335
"NAC","P_SAL_M","500-999","N81","D01","BG",2012,480
"NAC","P_SAL_M","500-999","N81","D111","BG",2012,399
"NAC","P_SAL_M","500-999","N81","D1111","BG",2012,370
"NAC","P_SAL_M","500-999","N82","D01","BG",2012,1441
"NAC","P_SAL_M","500-999","N82","D111","BG",2012,1238
"NAC","P_SAL_M","500-999","N82","D1111","BG",2012,1150
"NAC","P_SAL_M","500-999","O","D01","BG",2012,1575
"NAC","P_SAL_M","500-999","O","D111","BG",2012,1249
"NAC","P_SAL_M","500-999","O","D1111","BG",2012,1135
"NAC","P_SAL_M","500-999","O-S","D01","BG",2012,1193
"NAC","P_SAL_M","500-999","O-S","D111","BG",2012,984
"NAC","P_SAL_M","500-999","O-S","D1111","BG",2012,864
"NAC","P_SAL_M","500-999","O84","D01","BG",2012,1575
"NAC","P_SAL_M","500-999","O84","D111","BG",2012,1249
"NAC","P_SAL_M","500-999","O84","D1111","BG",2012,1135
"NAC","P_SAL_M","500-999","P","D01","BG",2012,1369
"NAC","P_SAL_M","500-999","P","D111","BG",2012,1147
"NAC","P_SAL_M","500-999","P","D1111","BG",2012,967
"NAC","P_SAL_M","500-999","P-S","D01","BG",2012,1087
"NAC","P_SAL_M","500-999","P-S","D111","BG",2012,912
"NAC","P_SAL_M","500-999","P-S","D1111","BG",2012,790
"NAC","P_SAL_M","500-999","P85","D01","BG",2012,1369
"NAC","P_SAL_M","500-999","P85","D111","BG",2012,1147
"NAC","P_SAL_M","500-999","P85","D1111","BG",2012,967
"NAC","P_SAL_M","500-999","Q","D01","BG",2012,950
"NAC","P_SAL_M","500-999","Q","D111","BG",2012,797
"NAC","P_SAL_M","500-999","Q","D1111","BG",2012,704
"NAC","P_SAL_M","500-999","Q86","D01","BG",2012,992
"NAC","P_SAL_M","500-999","Q86","D111","BG",2012,832
"NAC","P_SAL_M","500-999","Q86","D1111","BG",2012,735
"NAC","P_SAL_M","500-999","Q87","D01","BG",2012,NA
"NAC","P_SAL_M","500-999","Q87","D111","BG",2012,NA
"NAC","P_SAL_M","500-999","Q87","D1111","BG",2012,NA
"NAC","P_SAL_M","500-999","Q88","D01","BG",2012,NA
"NAC","P_SAL_M","500-999","Q88","D111","BG",2012,NA
"NAC","P_SAL_M","500-999","Q88","D1111","BG",2012,NA
"NAC","P_SAL_M","GE10","B","D01","BG",2012,1742
"NAC","P_SAL_M","GE10","B","D111","BG",2012,1327
"NAC","P_SAL_M","GE10","B","D1111","BG",2012,1121
"NAC","P_SAL_M","GE10","B-E","D01","BG",2012,924
"NAC","P_SAL_M","GE10","B-E","D111","BG",2012,759
"NAC","P_SAL_M","GE10","B-E","D1111","BG",2012,663
"NAC","P_SAL_M","GE10","B-F","D01","BG",2012,905
"NAC","P_SAL_M","GE10","B-F","D111","BG",2012,747
"NAC","P_SAL_M","GE10","B-F","D1111","BG",2012,658
"NAC","P_SAL_M","GE10","B-N","D01","BG",2012,975
"NAC","P_SAL_M","GE10","B-N","D111","BG",2012,824
"NAC","P_SAL_M","GE10","B-N","D1111","BG",2012,736
"NAC","P_SAL_M","GE10","B-S","D01","BG",2012,973
"NAC","P_SAL_M","GE10","B-S","D111","BG",2012,816
"NAC","P_SAL_M","GE10","B-S","D1111","BG",2012,723
"NAC","P_SAL_M","GE10","B-S_X_O","D01","BG",2012,960
"NAC","P_SAL_M","GE10","B-S_X_O","D111","BG",2012,810
"NAC","P_SAL_M","GE10","B-S_X_O","D1111","BG",2012,718
"NAC","P_SAL_M","GE10","B05","D01","BG",2012,1894
"NAC","P_SAL_M","GE10","B05","D111","BG",2012,1396
"NAC","P_SAL_M","GE10","B05","D1111","BG",2012,1136
"NAC","P_SAL_M","GE10","B06","D01","BG",2012,NA
"NAC","P_SAL_M","GE10","B06","D111","BG",2012,NA
"NAC","P_SAL_M","GE10","B06","D1111","BG",2012,NA
"NAC","P_SAL_M","GE10","B07","D01","BG",2012,1970
"NAC","P_SAL_M","GE10","B07","D111","BG",2012,1554
"NAC","P_SAL_M","GE10","B07","D1111","BG",2012,1367
"NAC","P_SAL_M","GE10","B08","D01","BG",2012,944
"NAC","P_SAL_M","GE10","B08","D111","BG",2012,768
"NAC","P_SAL_M","GE10","B08","D1111","BG",2012,686
"NAC","P_SAL_M","GE10","B09","D01","BG",2012,NA
"NAC","P_SAL_M","GE10","B09","D111","BG",2012,NA
"NAC","P_SAL_M","GE10","B09","D1111","BG",2012,NA
"NAC","P_SAL_M","GE10","C","D01","BG",2012,793
"NAC","P_SAL_M","GE10","C","D111","BG",2012,659
"NAC","P_SAL_M","GE10","C","D1111","BG",2012,591
"NAC","P_SAL_M","GE10","C10","D01","BG",2012,705
"NAC","P_SAL_M","GE10","C10","D111","BG",2012,592
"NAC","P_SAL_M","GE10","C10","D1111","BG",2012,543
"NAC","P_SAL_M","GE10","C11","D01","BG",2012,1077
"NAC","P_SAL_M","GE10","C11","D111","BG",2012,907
"NAC","P_SAL_M","GE10","C11","D1111","BG",2012,805
"NAC","P_SAL_M","GE10","C12","D01","BG",2012,2089
"NAC","P_SAL_M","GE10","C12","D111","BG",2012,1672
"NAC","P_SAL_M","GE10","C12","D1111","BG",2012,1423
"NAC","P_SAL_M","GE10","C13","D01","BG",2012,708
"NAC","P_SAL_M","GE10","C13","D111","BG",2012,588
"NAC","P_SAL_M","GE10","C13","D1111","BG",2012,533
"NAC","P_SAL_M","GE10","C14","D01","BG",2012,513
"NAC","P_SAL_M","GE10","C14","D111","BG",2012,424
"NAC","P_SAL_M","GE10","C14","D1111","BG",2012,384
"NAC","P_SAL_M","GE10","C15","D01","BG",2012,469
"NAC","P_SAL_M","GE10","C15","D111","BG",2012,393
"NAC","P_SAL_M","GE10","C15","D1111","BG",2012,356
"NAC","P_SAL_M","GE10","C16","D01","BG",2012,559
"NAC","P_SAL_M","GE10","C16","D111","BG",2012,469
"NAC","P_SAL_M","GE10","C16","D1111","BG",2012,421
"NAC","P_SAL_M","GE10","C17","D01","BG",2012,767
"NAC","P_SAL_M","GE10","C17","D111","BG",2012,638
"NAC","P_SAL_M","GE10","C17","D1111","BG",2012,566
"NAC","P_SAL_M","GE10","C18","D01","BG",2012,842
"NAC","P_SAL_M","GE10","C18","D111","BG",2012,710
"NAC","P_SAL_M","GE10","C18","D1111","BG",2012,647
"NAC","P_SAL_M","GE10","C19","D01","BG",2012,2958
"NAC","P_SAL_M","GE10","C19","D111","BG",2012,2371
"NAC","P_SAL_M","GE10","C19","D1111","BG",2012,2115
"NAC","P_SAL_M","GE10","C20","D01","BG",2012,1134
"NAC","P_SAL_M","GE10","C20","D111","BG",2012,941
"NAC","P_SAL_M","GE10","C20","D1111","BG",2012,847
"NAC","P_SAL_M","GE10","C21","D01","BG",2012,1127
"NAC","P_SAL_M","GE10","C21","D111","BG",2012,940
"NAC","P_SAL_M","GE10","C21","D1111","BG",2012,834
"NAC","P_SAL_M","GE10","C22","D01","BG",2012,686
"NAC","P_SAL_M","GE10","C22","D111","BG",2012,577
"NAC","P_SAL_M","GE10","C22","D1111","BG",2012,527
"NAC","P_SAL_M","GE10","C23","D01","BG",2012,992
"NAC","P_SAL_M","GE10","C23","D111","BG",2012,819
"NAC","P_SAL_M","GE10","C23","D1111","BG",2012,727
"NAC","P_SAL_M","GE10","C24","D01","BG",2012,1365
"NAC","P_SAL_M","GE10","C24","D111","BG",2012,1081
"NAC","P_SAL_M","GE10","C24","D1111","BG",2012,955
"NAC","P_SAL_M","GE10","C25","D01","BG",2012,748
"NAC","P_SAL_M","GE10","C25","D111","BG",2012,622
"NAC","P_SAL_M","GE10","C25","D1111","BG",2012,553
"NAC","P_SAL_M","GE10","C26","D01","BG",2012,1140
"NAC","P_SAL_M","GE10","C26","D111","BG",2012,974
"NAC","P_SAL_M","GE10","C26","D1111","BG",2012,868
"NAC","P_SAL_M","GE10","C27","D01","BG",2012,1036
"NAC","P_SAL_M","GE10","C27","D111","BG",2012,862
"NAC","P_SAL_M","GE10","C27","D1111","BG",2012,774
"NAC","P_SAL_M","GE10","C28","D01","BG",2012,1018
"NAC","P_SAL_M","GE10","C28","D111","BG",2012,849
"NAC","P_SAL_M","GE10","C28","D1111","BG",2012,755
"NAC","P_SAL_M","GE10","C29","D01","BG",2012,844
"NAC","P_SAL_M","GE10","C29","D111","BG",2012,712
"NAC","P_SAL_M","GE10","C29","D1111","BG",2012,618
"NAC","P_SAL_M","GE10","C30","D01","BG",2012,908
"NAC","P_SAL_M","GE10","C30","D111","BG",2012,758
"NAC","P_SAL_M","GE10","C30","D1111","BG",2012,693
"NAC","P_SAL_M","GE10","C31","D01","BG",2012,543
"NAC","P_SAL_M","GE10","C31","D111","BG",2012,454
"NAC","P_SAL_M","GE10","C31","D1111","BG",2012,415
"NAC","P_SAL_M","GE10","C32","D01","BG",2012,787
"NAC","P_SAL_M","GE10","C32","D111","BG",2012,664
"NAC","P_SAL_M","GE10","C32","D1111","BG",2012,599
"NAC","P_SAL_M","GE10","C33","D01","BG",2012,1136
"NAC","P_SAL_M","GE10","C33","D111","BG",2012,937
"NAC","P_SAL_M","GE10","C33","D1111","BG",2012,828
"NAC","P_SAL_M","GE10","D","D01","BG",2012,2232
"NAC","P_SAL_M","GE10","D","D111","BG",2012,1798
"NAC","P_SAL_M","GE10","D","D1111","BG",2012,1388
"NAC","P_SAL_M","GE10","D35","D01","BG",2012,2232
"NAC","P_SAL_M","GE10","D35","D111","BG",2012,1798
"NAC","P_SAL_M","GE10","D35","D1111","BG",2012,1388
"NAC","P_SAL_M","GE10","E","D01","BG",2012,863
"NAC","P_SAL_M","GE10","E","D111","BG",2012,720
"NAC","P_SAL_M","GE10","E","D1111","BG",2012,620
"NAC","P_SAL_M","GE10","E36","D01","BG",2012,939
"NAC","P_SAL_M","GE10","E36","D111","BG",2012,778
"NAC","P_SAL_M","GE10","E36","D1111","BG",2012,639
"NAC","P_SAL_M","GE10","E37","D01","BG",2012,691
"NAC","P_SAL_M","GE10","E37","D111","BG",2012,577
"NAC","P_SAL_M","GE10","E37","D1111","BG",2012,526
"NAC","P_SAL_M","GE10","E38","D01","BG",2012,783
"NAC","P_SAL_M","GE10","E38","D111","BG",2012,659
"NAC","P_SAL_M","GE10","E38","D1111","BG",2012,599
"NAC","P_SAL_M","GE10","E39","D01","BG",2012,927
"NAC","P_SAL_M","GE10","E39","D111","BG",2012,783
"NAC","P_SAL_M","GE10","E39","D1111","BG",2012,685
"NAC","P_SAL_M","GE10","F","D01","BG",2012,813
"NAC","P_SAL_M","GE10","F","D111","BG",2012,686
"NAC","P_SAL_M","GE10","F","D1111","BG",2012,633
"NAC","P_SAL_M","GE10","F41","D01","BG",2012,698
"NAC","P_SAL_M","GE10","F41","D111","BG",2012,590
"NAC","P_SAL_M","GE10","F41","D1111","BG",2012,547
"NAC","P_SAL_M","GE10","F42","D01","BG",2012,951
"NAC","P_SAL_M","GE10","F42","D111","BG",2012,799
"NAC","P_SAL_M","GE10","F42","D1111","BG",2012,733
"NAC","P_SAL_M","GE10","F43","D01","BG",2012,824
"NAC","P_SAL_M","GE10","F43","D111","BG",2012,696
"NAC","P_SAL_M","GE10","F43","D1111","BG",2012,645
"NAC","P_SAL_M","GE10","G","D01","BG",2012,898
"NAC","P_SAL_M","GE10","G","D111","BG",2012,766
"NAC","P_SAL_M","GE10","G","D1111","BG",2012,708
"NAC","P_SAL_M","GE10","G-J","D01","BG",2012,1032
"NAC","P_SAL_M","GE10","G-J","D111","BG",2012,890
"NAC","P_SAL_M","GE10","G-J","D1111","BG",2012,800
"NAC","P_SAL_M","GE10","G-N","D01","BG",2012,1041
"NAC","P_SAL_M","GE10","G-N","D111","BG",2012,898
"NAC","P_SAL_M","GE10","G-N","D1111","BG",2012,810
"NAC","P_SAL_M","GE10","G-S_X_O","D01","BG",2012,997
"NAC","P_SAL_M","GE10","G-S_X_O","D111","BG",2012,851
"NAC","P_SAL_M","GE10","G-S_X_O","D1111","BG",2012,757
"NAC","P_SAL_M","GE10","G45","D01","BG",2012,1023
"NAC","P_SAL_M","GE10","G45","D111","BG",2012,872
"NAC","P_SAL_M","GE10","G45","D1111","BG",2012,801
"NAC","P_SAL_M","GE10","G46","D01","BG",2012,1056
"NAC","P_SAL_M","GE10","G46","D111","BG",2012,910
"NAC","P_SAL_M","GE10","G46","D1111","BG",2012,841
"NAC","P_SAL_M","GE10","G47","D01","BG",2012,731
"NAC","P_SAL_M","GE10","G47","D111","BG",2012,615
"NAC","P_SAL_M","GE10","G47","D1111","BG",2012,567
"NAC","P_SAL_M","GE10","H","D01","BG",2012,1007
"NAC","P_SAL_M","GE10","H","D111","BG",2012,885
"NAC","P_SAL_M","GE10","H","D1111","BG",2012,732
"NAC","P_SAL_M","GE10","H49","D01","BG",2012,834
"NAC","P_SAL_M","GE10","H49","D111","BG",2012,670
"NAC","P_SAL_M","GE10","H49","D1111","BG",2012,562
"NAC","P_SAL_M","GE10","H50","D01","BG",2012,2017
"NAC","P_SAL_M","GE10","H50","D111","BG",2012,1852
"NAC","P_SAL_M","GE10","H50","D1111","BG",2012,1551
"NAC","P_SAL_M","GE10","H51","D01","BG",2012,2524
"NAC","P_SAL_M","GE10","H51","D111","BG",2012,2110
"NAC","P_SAL_M","GE10","H51","D1111","BG",2012,1866
"NAC","P_SAL_M","GE10","H52","D01","BG",2012,1274
"NAC","P_SAL_M","GE10","H52","D111","BG",2012,1276
"NAC","P_SAL_M","GE10","H52","D1111","BG",2012,1020
"NAC","P_SAL_M","GE10","H53","D01","BG",2012,833
"NAC","P_SAL_M","GE10","H53","D111","BG",2012,693
"NAC","P_SAL_M","GE10","H53","D1111","BG",2012,595
"NAC","P_SAL_M","GE10","I","D01","BG",2012,624
"NAC","P_SAL_M","GE10","I","D111","BG",2012,522
"NAC","P_SAL_M","GE10","I","D1111","BG",2012,487
"NAC","P_SAL_M","GE10","I55","D01","BG",2012,738
"NAC","P_SAL_M","GE10","I55","D111","BG",2012,619
"NAC","P_SAL_M","GE10","I55","D1111","BG",2012,575
"NAC","P_SAL_M","GE10","I56","D01","BG",2012,535
"NAC","P_SAL_M","GE10","I56","D111","BG",2012,447
"NAC","P_SAL_M","GE10","I56","D1111","BG",2012,419
"NAC","P_SAL_M","GE10","J","D01","BG",2012,2140
"NAC","P_SAL_M","GE10","J","D111","BG",2012,1864
"NAC","P_SAL_M","GE10","J","D1111","BG",2012,1701
"NAC","P_SAL_M","GE10","J58","D01","BG",2012,1420
"NAC","P_SAL_M","GE10","J58","D111","BG",2012,1227
"NAC","P_SAL_M","GE10","J58","D1111","BG",2012,1113
"NAC","P_SAL_M","GE10","J59","D01","BG",2012,1674
"NAC","P_SAL_M","GE10","J59","D111","BG",2012,1482
"NAC","P_SAL_M","GE10","J59","D1111","BG",2012,1375
"NAC","P_SAL_M","GE10","J60","D01","BG",2012,1540
"NAC","P_SAL_M","GE10","J60","D111","BG",2012,1329
"NAC","P_SAL_M","GE10","J60","D1111","BG",2012,1200
"NAC","P_SAL_M","GE10","J61","D01","BG",2012,1762
"NAC","P_SAL_M","GE10","J61","D111","BG",2012,1506
"NAC","P_SAL_M","GE10","J61","D1111","BG",2012,1369
"NAC","P_SAL_M","GE10","J62","D01","BG",2012,2879
"NAC","P_SAL_M","GE10","J62","D111","BG",2012,2536
"NAC","P_SAL_M","GE10","J62","D1111","BG",2012,2323
"NAC","P_SAL_M","GE10","J63","D01","BG",2012,1770
"NAC","P_SAL_M","GE10","J63","D111","BG",2012,1538
"NAC","P_SAL_M","GE10","J63","D1111","BG",2012,1404
"NAC","P_SAL_M","GE10","K","D01","BG",2012,1802
"NAC","P_SAL_M","GE10","K","D111","BG",2012,1544
"NAC","P_SAL_M","GE10","K","D1111","BG",2012,1384
"NAC","P_SAL_M","GE10","K-N","D01","BG",2012,1062
"NAC","P_SAL_M","GE10","K-N","D111","BG",2012,918
"NAC","P_SAL_M","GE10","K-N","D1111","BG",2012,834
"NAC","P_SAL_M","GE10","K64","D01","BG",2012,1820
"NAC","P_SAL_M","GE10","K64","D111","BG",2012,1553
"NAC","P_SAL_M","GE10","K64","D1111","BG",2012,1382
"NAC","P_SAL_M","GE10","K65","D01","BG",2012,1975
"NAC","P_SAL_M","GE10","K65","D111","BG",2012,1721
"NAC","P_SAL_M","GE10","K65","D1111","BG",2012,1586
"NAC","P_SAL_M","GE10","K66","D01","BG",2012,1380
"NAC","P_SAL_M","GE10","K66","D111","BG",2012,1201
"NAC","P_SAL_M","GE10","K66","D1111","BG",2012,1116
"NAC","P_SAL_M","GE10","L","D01","BG",2012,938
"NAC","P_SAL_M","GE10","L","D111","BG",2012,802
"NAC","P_SAL_M","GE10","L","D1111","BG",2012,731
"NAC","P_SAL_M","GE10","L68","D01","BG",2012,938
"NAC","P_SAL_M","GE10","L68","D111","BG",2012,802
"NAC","P_SAL_M","GE10","L68","D1111","BG",2012,731
"NAC","P_SAL_M","GE10","M","D01","BG",2012,1546
"NAC","P_SAL_M","GE10","M","D111","BG",2012,1343
"NAC","P_SAL_M","GE10","M","D1111","BG",2012,1226
"NAC","P_SAL_M","GE10","M69","D01","BG",2012,1796
"NAC","P_SAL_M","GE10","M69","D111","BG",2012,1576
"NAC","P_SAL_M","GE10","M69","D1111","BG",2012,1445
"NAC","P_SAL_M","GE10","M70","D01","BG",2012,2018
"NAC","P_SAL_M","GE10","M70","D111","BG",2012,1779
"NAC","P_SAL_M","GE10","M70","D1111","BG",2012,1625
"NAC","P_SAL_M","GE10","M71","D01","BG",2012,1688
"NAC","P_SAL_M","GE10","M71","D111","BG",2012,1456
"NAC","P_SAL_M","GE10","M71","D1111","BG",2012,1337
"NAC","P_SAL_M","GE10","M72","D01","BG",2012,940
"NAC","P_SAL_M","GE10","M72","D111","BG",2012,793
"NAC","P_SAL_M","GE10","M72","D1111","BG",2012,696
"NAC","P_SAL_M","GE10","M73","D01","BG",2012,1774
"NAC","P_SAL_M","GE10","M73","D111","BG",2012,1559
"NAC","P_SAL_M","GE10","M73","D1111","BG",2012,1453
"NAC","P_SAL_M","GE10","M74","D01","BG",2012,1682
"NAC","P_SAL_M","GE10","M74","D111","BG",2012,1469
"NAC","P_SAL_M","GE10","M74","D1111","BG",2012,1350
"NAC","P_SAL_M","GE10","M75","D01","BG",2012,528
"NAC","P_SAL_M","GE10","M75","D111","BG",2012,450
"NAC","P_SAL_M","GE10","M75","D1111","BG",2012,416
"NAC","P_SAL_M","GE10","N","D01","BG",2012,554
"NAC","P_SAL_M","GE10","N","D111","BG",2012,483
"NAC","P_SAL_M","GE10","N","D1111","BG",2012,445
"NAC","P_SAL_M","GE10","N77","D01","BG",2012,1040
"NAC","P_SAL_M","GE10","N77","D111","BG",2012,883
"NAC","P_SAL_M","GE10","N77","D1111","BG",2012,819
"NAC","P_SAL_M","GE10","N78","D01","BG",2012,1149
"NAC","P_SAL_M","GE10","N78","D111","BG",2012,969
"NAC","P_SAL_M","GE10","N78","D1111","BG",2012,890
"NAC","P_SAL_M","GE10","N79","D01","BG",2012,926
"NAC","P_SAL_M","GE10","N79","D111","BG",2012,790
"NAC","P_SAL_M","GE10","N79","D1111","BG",2012,742
"NAC","P_SAL_M","GE10","N80","D01","BG",2012,481
"NAC","P_SAL_M","GE10","N80","D111","BG",2012,406
"NAC","P_SAL_M","GE10","N80","D1111","BG",2012,375
"NAC","P_SAL_M","GE10","N81","D01","BG",2012,356
"NAC","P_SAL_M","GE10","N81","D111","BG",2012,345
"NAC","P_SAL_M","GE10","N81","D1111","BG",2012,317
"NAC","P_SAL_M","GE10","N82","D01","BG",2012,1167
"NAC","P_SAL_M","GE10","N82","D111","BG",2012,998
"NAC","P_SAL_M","GE10","N82","D1111","BG",2012,921
"NAC","P_SAL_M","GE10","O","D01","BG",2012,1157
"NAC","P_SAL_M","GE10","O","D111","BG",2012,909
"NAC","P_SAL_M","GE10","O","D1111","BG",2012,797
"NAC","P_SAL_M","GE10","O-S","D01","BG",2012,969
"NAC","P_SAL_M","GE10","O-S","D111","BG",2012,792
"NAC","P_SAL_M","GE10","O-S","D1111","BG",2012,685
"NAC","P_SAL_M","GE10","O84","D01","BG",2012,1157
"NAC","P_SAL_M","GE10","O84","D111","BG",2012,909
"NAC","P_SAL_M","GE10","O84","D1111","BG",2012,797
"NAC","P_SAL_M","GE10","P","D01","BG",2012,908
"NAC","P_SAL_M","GE10","P","D111","BG",2012,744
"NAC","P_SAL_M","GE10","P","D1111","BG",2012,614
"NAC","P_SAL_M","GE10","P-S","D01","BG",2012,901
"NAC","P_SAL_M","GE10","P-S","D111","BG",2012,750
"NAC","P_SAL_M","GE10","P-S","D1111","BG",2012,644
"NAC","P_SAL_M","GE10","P85","D01","BG",2012,908
"NAC","P_SAL_M","GE10","P85","D111","BG",2012,744
"NAC","P_SAL_M","GE10","P85","D1111","BG",2012,614
"NAC","P_SAL_M","GE10","Q","D01","BG",2012,931
"NAC","P_SAL_M","GE10","Q","D111","BG",2012,784
"NAC","P_SAL_M","GE10","Q","D1111","BG",2012,696
"NAC","P_SAL_M","GE10","Q86","D01","BG",2012,1045
"NAC","P_SAL_M","GE10","Q86","D111","BG",2012,881
"NAC","P_SAL_M","GE10","Q86","D1111","BG",2012,784
"NAC","P_SAL_M","GE10","Q87","D01","BG",2012,573
"NAC","P_SAL_M","GE10","Q87","D111","BG",2012,474
"NAC","P_SAL_M","GE10","Q87","D1111","BG",2012,411
"NAC","P_SAL_M","GE10","Q88","D01","BG",2012,524
"NAC","P_SAL_M","GE10","Q88","D111","BG",2012,439
"NAC","P_SAL_M","GE10","Q88","D1111","BG",2012,383
"NAC","P_SAL_M","GE10","R","D01","BG",2012,815
"NAC","P_SAL_M","GE10","R","D111","BG",2012,698
"NAC","P_SAL_M","GE10","R","D1111","BG",2012,635
"NAC","P_SAL_M","GE10","R90","D01","BG",2012,680
"NAC","P_SAL_M","GE10","R90","D111","BG",2012,561
"NAC","P_SAL_M","GE10","R90","D1111","BG",2012,490
"NAC","P_SAL_M","GE10","R91","D01","BG",2012,631
"NAC","P_SAL_M","GE10","R91","D111","BG",2012,521
"NAC","P_SAL_M","GE10","R91","D1111","BG",2012,451
"NAC","P_SAL_M","GE10","R92","D01","BG",2012,678
"NAC","P_SAL_M","GE10","R92","D111","BG",2012,568
"NAC","P_SAL_M","GE10","R92","D1111","BG",2012,522
"NAC","P_SAL_M","GE10","R93","D01","BG",2012,1252
"NAC","P_SAL_M","GE10","R93","D111","BG",2012,1121
"NAC","P_SAL_M","GE10","R93","D1111","BG",2012,1051
"NAC","P_SAL_M","GE10","S","D01","BG",2012,720
"NAC","P_SAL_M","GE10","S","D111","BG",2012,621
"NAC","P_SAL_M","GE10","S","D1111","BG",2012,563
"NAC","P_SAL_M","GE10","S94","D01","BG",2012,806
"NAC","P_SAL_M","GE10","S94","D111","BG",2012,704
"NAC","P_SAL_M","GE10","S94","D1111","BG",2012,636
"NAC","P_SAL_M","GE10","S95","D01","BG",2012,824
"NAC","P_SAL_M","GE10","S95","D111","BG",2012,695
"NAC","P_SAL_M","GE10","S95","D1111","BG",2012,636
"NAC","P_SAL_M","GE10","S96","D01","BG",2012,504
"NAC","P_SAL_M","GE10","S96","D111","BG",2012,420
"NAC","P_SAL_M","GE10","S96","D1111","BG",2012,385
"NAC","P_SAL_M","GE1000","B","D01","BG",2012,2231
"NAC","P_SAL_M","GE1000","B","D111","BG",2012,1684
"NAC","P_SAL_M","GE1000","B","D1111","BG",2012,1397
"NAC","P_SAL_M","GE1000","B-E","D01","BG",2012,1647
"NAC","P_SAL_M","GE1000","B-E","D111","BG",2012,1311
"NAC","P_SAL_M","GE1000","B-E","D1111","BG",2012,1069
"NAC","P_SAL_M","GE1000","B-F","D01","BG",2012,1648
"NAC","P_SAL_M","GE1000","B-F","D111","BG",2012,1312
"NAC","P_SAL_M","GE1000","B-F","D1111","BG",2012,1069
"NAC","P_SAL_M","GE1000","B-N","D01","BG",2012,1483
"NAC","P_SAL_M","GE1000","B-N","D111","BG",2012,1247
"NAC","P_SAL_M","GE1000","B-N","D1111","BG",2012,1042
"NAC","P_SAL_M","GE1000","B-S","D01","BG",2012,1432
"NAC","P_SAL_M","GE1000","B-S","D111","BG",2012,1197
"NAC","P_SAL_M","GE1000","B-S","D1111","BG",2012,1009
"NAC","P_SAL_M","GE1000","B-S_X_O","D01","BG",2012,1452
"NAC","P_SAL_M","GE1000","B-S_X_O","D111","BG",2012,1220
"NAC","P_SAL_M","GE1000","B-S_X_O","D1111","BG",2012,1025
"NAC","P_SAL_M","GE1000","B05","D01","BG",2012,2108
"NAC","P_SAL_M","GE1000","B05","D111","BG",2012,1548
"NAC","P_SAL_M","GE1000","B05","D1111","BG",2012,1248
"NAC","P_SAL_M","GE1000","B07","D01","BG",2012,2549
"NAC","P_SAL_M","GE1000","B07","D111","BG",2012,2034
"NAC","P_SAL_M","GE1000","B07","D1111","BG",2012,1782
"NAC","P_SAL_M","GE1000","C","D01","BG",2012,1142
"NAC","P_SAL_M","GE1000","C","D111","BG",2012,931
"NAC","P_SAL_M","GE1000","C","D1111","BG",2012,812
"NAC","P_SAL_M","GE1000","C10","D01","BG",2012,NA
"NAC","P_SAL_M","GE1000","C10","D111","BG",2012,NA
"NAC","P_SAL_M","GE1000","C10","D1111","BG",2012,NA
"NAC","P_SAL_M","GE1000","C11","D01","BG",2012,NA
"NAC","P_SAL_M","GE1000","C11","D111","BG",2012,NA
"NAC","P_SAL_M","GE1000","C11","D1111","BG",2012,NA
"NAC","P_SAL_M","GE1000","C12","D01","BG",2012,NA
"NAC","P_SAL_M","GE1000","C12","D111","BG",2012,NA
"NAC","P_SAL_M","GE1000","C12","D1111","BG",2012,NA
"NAC","P_SAL_M","GE1000","C13","D01","BG",2012,887
"NAC","P_SAL_M","GE1000","C13","D111","BG",2012,746
"NAC","P_SAL_M","GE1000","C13","D1111","BG",2012,683
"NAC","P_SAL_M","GE1000","C14","D01","BG",2012,958
"NAC","P_SAL_M","GE1000","C14","D111","BG",2012,723
"NAC","P_SAL_M","GE1000","C14","D1111","BG",2012,649
"NAC","P_SAL_M","GE1000","C19","D01","BG",2012,NA
"NAC","P_SAL_M","GE1000","C19","D111","BG",2012,NA
"NAC","P_SAL_M","GE1000","C19","D1111","BG",2012,NA
"NAC","P_SAL_M","GE1000","C20","D01","BG",2012,NA
"NAC","P_SAL_M","GE1000","C20","D111","BG",2012,NA
"NAC","P_SAL_M","GE1000","C20","D1111","BG",2012,NA
"NAC","P_SAL_M","GE1000","C21","D01","BG",2012,1051
"NAC","P_SAL_M","GE1000","C21","D111","BG",2012,868
"NAC","P_SAL_M","GE1000","C21","D1111","BG",2012,749
"NAC","P_SAL_M","GE1000","C22","D01","BG",2012,NA
"NAC","P_SAL_M","GE1000","C22","D111","BG",2012,NA
"NAC","P_SAL_M","GE1000","C22","D1111","BG",2012,NA
"NAC","P_SAL_M","GE1000","C23","D01","BG",2012,NA
"NAC","P_SAL_M","GE1000","C23","D111","BG",2012,NA
"NAC","P_SAL_M","GE1000","C23","D1111","BG",2012,NA
"NAC","P_SAL_M","GE1000","C24","D01","BG",2012,NA
"NAC","P_SAL_M","GE1000","C24","D111","BG",2012,NA
"NAC","P_SAL_M","GE1000","C24","D1111","BG",2012,NA
"NAC","P_SAL_M","GE1000","C25","D01","BG",2012,679
"NAC","P_SAL_M","GE1000","C25","D111","BG",2012,552
"NAC","P_SAL_M","GE1000","C25","D1111","BG",2012,470
"NAC","P_SAL_M","GE1000","C27","D01","BG",2012,NA
"NAC","P_SAL_M","GE1000","C27","D111","BG",2012,NA
"NAC","P_SAL_M","GE1000","C27","D1111","BG",2012,NA
"NAC","P_SAL_M","GE1000","C28","D01","BG",2012,1386
"NAC","P_SAL_M","GE1000","C28","D111","BG",2012,1146
"NAC","P_SAL_M","GE1000","C28","D1111","BG",2012,968
"NAC","P_SAL_M","GE1000","C29","D01","BG",2012,879
"NAC","P_SAL_M","GE1000","C29","D111","BG",2012,745
"NAC","P_SAL_M","GE1000","C29","D1111","BG",2012,638
"NAC","P_SAL_M","GE1000","C30","D01","BG",2012,NA
"NAC","P_SAL_M","GE1000","C30","D111","BG",2012,NA
"NAC","P_SAL_M","GE1000","C30","D1111","BG",2012,NA
"NAC","P_SAL_M","GE1000","C33","D01","BG",2012,NA
"NAC","P_SAL_M","GE1000","C33","D111","BG",2012,NA
"NAC","P_SAL_M","GE1000","C33","D1111","BG",2012,NA
"NAC","P_SAL_M","GE1000","D","D01","BG",2012,2393
"NAC","P_SAL_M","GE1000","D","D111","BG",2012,1914
"NAC","P_SAL_M","GE1000","D","D1111","BG",2012,1429
"NAC","P_SAL_M","GE1000","D35","D01","BG",2012,2393
"NAC","P_SAL_M","GE1000","D35","D111","BG",2012,1914
"NAC","P_SAL_M","GE1000","D35","D1111","BG",2012,1429
"NAC","P_SAL_M","GE1000","E","D01","BG",2012,1167
"NAC","P_SAL_M","GE1000","E","D111","BG",2012,964
"NAC","P_SAL_M","GE1000","E","D1111","BG",2012,810
"NAC","P_SAL_M","GE1000","E36","D01","BG",2012,1167
"NAC","P_SAL_M","GE1000","E36","D111","BG",2012,964
"NAC","P_SAL_M","GE1000","E36","D1111","BG",2012,810
"NAC","P_SAL_M","GE1000","F","D01","BG",2012,NA
"NAC","P_SAL_M","GE1000","F","D111","BG",2012,NA
"NAC","P_SAL_M","GE1000","F","D1111","BG",2012,NA
"NAC","P_SAL_M","GE1000","F41","D01","BG",2012,NA
"NAC","P_SAL_M","GE1000","F41","D111","BG",2012,NA
"NAC","P_SAL_M","GE1000","F41","D1111","BG",2012,NA
"NAC","P_SAL_M","GE1000","G","D01","BG",2012,1175
"NAC","P_SAL_M","GE1000","G","D111","BG",2012,1001
"NAC","P_SAL_M","GE1000","G","D1111","BG",2012,909
"NAC","P_SAL_M","GE1000","G-J","D01","BG",2012,1364
"NAC","P_SAL_M","GE1000","G-J","D111","BG",2012,1215
"NAC","P_SAL_M","GE1000","G-J","D1111","BG",2012,1018
"NAC","P_SAL_M","GE1000","G-N","D01","BG",2012,1369
"NAC","P_SAL_M","GE1000","G-N","D111","BG",2012,1201
"NAC","P_SAL_M","GE1000","G-N","D1111","BG",2012,1024
"NAC","P_SAL_M","GE1000","G-S_X_O","D01","BG",2012,1339
"NAC","P_SAL_M","GE1000","G-S_X_O","D111","BG",2012,1167
"NAC","P_SAL_M","GE1000","G-S_X_O","D1111","BG",2012,999
"NAC","P_SAL_M","GE1000","G46","D01","BG",2012,NA
"NAC","P_SAL_M","GE1000","G46","D111","BG",2012,NA
"NAC","P_SAL_M","GE1000","G46","D1111","BG",2012,NA
"NAC","P_SAL_M","GE1000","G47","D01","BG",2012,1081
"NAC","P_SAL_M","GE1000","G47","D111","BG",2012,917
"NAC","P_SAL_M","GE1000","G47","D1111","BG",2012,825
"NAC","P_SAL_M","GE1000","H","D01","BG",2012,1202
"NAC","P_SAL_M","GE1000","H","D111","BG",2012,1119
"NAC","P_SAL_M","GE1000","H","D1111","BG",2012,860
"NAC","P_SAL_M","GE1000","H49","D01","BG",2012,1317
"NAC","P_SAL_M","GE1000","H49","D111","BG",2012,1058
"NAC","P_SAL_M","GE1000","H49","D1111","BG",2012,791
"NAC","P_SAL_M","GE1000","H50","D01","BG",2012,NA
"NAC","P_SAL_M","GE1000","H50","D111","BG",2012,NA
"NAC","P_SAL_M","GE1000","H50","D1111","BG",2012,NA
"NAC","P_SAL_M","GE1000","H52","D01","BG",2012,1245
"NAC","P_SAL_M","GE1000","H52","D111","BG",2012,1334
"NAC","P_SAL_M","GE1000","H52","D1111","BG",2012,1021
"NAC","P_SAL_M","GE1000","H53","D01","BG",2012,704
"NAC","P_SAL_M","GE1000","H53","D111","BG",2012,574
"NAC","P_SAL_M","GE1000","H53","D1111","BG",2012,462
"NAC","P_SAL_M","GE1000","I","D01","BG",2012,NA
"NAC","P_SAL_M","GE1000","I","D111","BG",2012,NA
"NAC","P_SAL_M","GE1000","I","D1111","BG",2012,NA
"NAC","P_SAL_M","GE1000","I56","D01","BG",2012,NA
"NAC","P_SAL_M","GE1000","I56","D111","BG",2012,NA
"NAC","P_SAL_M","GE1000","I56","D1111","BG",2012,NA
"NAC","P_SAL_M","GE1000","J","D01","BG",2012,2033
"NAC","P_SAL_M","GE1000","J","D111","BG",2012,1734
"NAC","P_SAL_M","GE1000","J","D1111","BG",2012,1580
"NAC","P_SAL_M","GE1000","J60","D01","BG",2012,1184
"NAC","P_SAL_M","GE1000","J60","D111","BG",2012,1011
"NAC","P_SAL_M","GE1000","J60","D1111","BG",2012,893
"NAC","P_SAL_M","GE1000","J61","D01","BG",2012,1889
"NAC","P_SAL_M","GE1000","J61","D111","BG",2012,1619
"NAC","P_SAL_M","GE1000","J61","D1111","BG",2012,1465
"NAC","P_SAL_M","GE1000","J62","D01","BG",2012,NA
"NAC","P_SAL_M","GE1000","J62","D111","BG",2012,NA
"NAC","P_SAL_M","GE1000","J62","D1111","BG",2012,NA
"NAC","P_SAL_M","GE1000","K","D01","BG",2012,1811
"NAC","P_SAL_M","GE1000","K","D111","BG",2012,1541
"NAC","P_SAL_M","GE1000","K","D1111","BG",2012,1357
"NAC","P_SAL_M","GE1000","K-N","D01","BG",2012,1380
"NAC","P_SAL_M","GE1000","K-N","D111","BG",2012,1172
"NAC","P_SAL_M","GE1000","K-N","D1111","BG",2012,1036
"NAC","P_SAL_M","GE1000","K64","D01","BG",2012,1811
"NAC","P_SAL_M","GE1000","K64","D111","BG",2012,1541
"NAC","P_SAL_M","GE1000","K64","D1111","BG",2012,1357
"NAC","P_SAL_M","GE1000","M","D01","BG",2012,947
"NAC","P_SAL_M","GE1000","M","D111","BG",2012,710
"NAC","P_SAL_M","GE1000","M","D1111","BG",2012,596
"NAC","P_SAL_M","GE1000","M71","D01","BG",2012,NA
"NAC","P_SAL_M","GE1000","M71","D111","BG",2012,NA
"NAC","P_SAL_M","GE1000","M71","D1111","BG",2012,NA
"NAC","P_SAL_M","GE1000","M72","D01","BG",2012,NA
"NAC","P_SAL_M","GE1000","M72","D111","BG",2012,NA
"NAC","P_SAL_M","GE1000","M72","D1111","BG",2012,NA
"NAC","P_SAL_M","GE1000","N","D01","BG",2012,705
"NAC","P_SAL_M","GE1000","N","D111","BG",2012,596
"NAC","P_SAL_M","GE1000","N","D1111","BG",2012,535
"NAC","P_SAL_M","GE1000","N78","D01","BG",2012,NA
"NAC","P_SAL_M","GE1000","N78","D111","BG",2012,NA
"NAC","P_SAL_M","GE1000","N78","D1111","BG",2012,NA
"NAC","P_SAL_M","GE1000","N80","D01","BG",2012,555
"NAC","P_SAL_M","GE1000","N80","D111","BG",2012,469
"NAC","P_SAL_M","GE1000","N80","D1111","BG",2012,420
"NAC","P_SAL_M","GE1000","O","D01","BG",2012,1177
"NAC","P_SAL_M","GE1000","O","D111","BG",2012,901
"NAC","P_SAL_M","GE1000","O","D1111","BG",2012,807
"NAC","P_SAL_M","GE1000","O-S","D01","BG",2012,1184
"NAC","P_SAL_M","GE1000","O-S","D111","BG",2012,957
"NAC","P_SAL_M","GE1000","O-S","D1111","BG",2012,846
"NAC","P_SAL_M","GE1000","O84","D01","BG",2012,1177
"NAC","P_SAL_M","GE1000","O84","D111","BG",2012,901
"NAC","P_SAL_M","GE1000","O84","D1111","BG",2012,807
"NAC","P_SAL_M","GE1000","P","D01","BG",2012,1261
"NAC","P_SAL_M","GE1000","P","D111","BG",2012,1067
"NAC","P_SAL_M","GE1000","P","D1111","BG",2012,924
"NAC","P_SAL_M","GE1000","P-S","D01","BG",2012,1189
"NAC","P_SAL_M","GE1000","P-S","D111","BG",2012,999
"NAC","P_SAL_M","GE1000","P-S","D1111","BG",2012,876
"NAC","P_SAL_M","GE1000","P85","D01","BG",2012,1261
"NAC","P_SAL_M","GE1000","P85","D111","BG",2012,1067
"NAC","P_SAL_M","GE1000","P85","D1111","BG",2012,924
"NAC","P_SAL_M","GE1000","Q","D01","BG",2012,1179
"NAC","P_SAL_M","GE1000","Q","D111","BG",2012,989
"NAC","P_SAL_M","GE1000","Q","D1111","BG",2012,869
"NAC","P_SAL_M","GE1000","Q86","D01","BG",2012,1179
"NAC","P_SAL_M","GE1000","Q86","D111","BG",2012,989
"NAC","P_SAL_M","GE1000","Q86","D1111","BG",2012,869
"NAC","P_SAL_M","GE1000","R","D01","BG",2012,995
"NAC","P_SAL_M","GE1000","R","D111","BG",2012,823
"NAC","P_SAL_M","GE1000","R","D1111","BG",2012,740
"NAC","P_SAL_M","GE1000","R92","D01","BG",2012,995
"NAC","P_SAL_M","GE1000","R92","D111","BG",2012,823
"NAC","P_SAL_M","GE1000","R92","D1111","BG",2012,740
"NAC","P_SAL_M","LT10","B","D01","BG",2012,881
"NAC","P_SAL_M","LT10","B","D111","BG",2012,745
"NAC","P_SAL_M","LT10","B","D1111","BG",2012,702
"NAC","P_SAL_M","LT10","B-E","D01","BG",2012,477
"NAC","P_SAL_M","LT10","B-E","D111","BG",2012,400
"NAC","P_SAL_M","LT10","B-E","D1111","BG",2012,377
"NAC","P_SAL_M","LT10","B-F","D01","BG",2012,507
"NAC","P_SAL_M","LT10","B-F","D111","BG",2012,425
"NAC","P_SAL_M","LT10","B-F","D1111","BG",2012,401
"NAC","P_SAL_M","LT10","B-N","D01","BG",2012,583
"NAC","P_SAL_M","LT10","B-N","D111","BG",2012,492
"NAC","P_SAL_M","LT10","B-N","D1111","BG",2012,464
"NAC","P_SAL_M","LT10","B-S","D01","BG",2012,577
"NAC","P_SAL_M","LT10","B-S","D111","BG",2012,487
"NAC","P_SAL_M","LT10","B-S","D1111","BG",2012,459
"NAC","P_SAL_M","LT10","B-S_X_O","D01","BG",2012,576
"NAC","P_SAL_M","LT10","B-S_X_O","D111","BG",2012,486
"NAC","P_SAL_M","LT10","B-S_X_O","D1111","BG",2012,458
"NAC","P_SAL_M","LT10","B05","D01","BG",2012,1191
"NAC","P_SAL_M","LT10","B05","D111","BG",2012,957
"NAC","P_SAL_M","LT10","B05","D1111","BG",2012,917
"NAC","P_SAL_M","LT10","B06","D01","BG",2012,NA
"NAC","P_SAL_M","LT10","B06","D111","BG",2012,NA
"NAC","P_SAL_M","LT10","B06","D1111","BG",2012,NA
"NAC","P_SAL_M","LT10","B07","D01","BG",2012,735
"NAC","P_SAL_M","LT10","B07","D111","BG",2012,623
"NAC","P_SAL_M","LT10","B07","D1111","BG",2012,601
"NAC","P_SAL_M","LT10","B08","D01","BG",2012,689
"NAC","P_SAL_M","LT10","B08","D111","BG",2012,571
"NAC","P_SAL_M","LT10","B08","D1111","BG",2012,534
"NAC","P_SAL_M","LT10","B09","D01","BG",2012,1854
"NAC","P_SAL_M","LT10","B09","D111","BG",2012,1644
"NAC","P_SAL_M","LT10","B09","D1111","BG",2012,1556
"NAC","P_SAL_M","LT10","C","D01","BG",2012,452
"NAC","P_SAL_M","LT10","C","D111","BG",2012,377
"NAC","P_SAL_M","LT10","C","D1111","BG",2012,355
"NAC","P_SAL_M","LT10","C10","D01","BG",2012,433
"NAC","P_SAL_M","LT10","C10","D111","BG",2012,360
"NAC","P_SAL_M","LT10","C10","D1111","BG",2012,343
"NAC","P_SAL_M","LT10","C11","D01","BG",2012,NA
"NAC","P_SAL_M","LT10","C11","D111","BG",2012,NA
"NAC","P_SAL_M","LT10","C11","D1111","BG",2012,NA
"NAC","P_SAL_M","LT10","C12","D01","BG",2012,930
"NAC","P_SAL_M","LT10","C12","D111","BG",2012,764
"NAC","P_SAL_M","LT10","C12","D1111","BG",2012,685
"NAC","P_SAL_M","LT10","C13","D01","BG",2012,NA
"NAC","P_SAL_M","LT10","C13","D111","BG",2012,NA
"NAC","P_SAL_M","LT10","C13","D1111","BG",2012,NA
"NAC","P_SAL_M","LT10","C14","D01","BG",2012,385
"NAC","P_SAL_M","LT10","C14","D111","BG",2012,321
"NAC","P_SAL_M","LT10","C14","D1111","BG",2012,305
"NAC","P_SAL_M","LT10","C15","D01","BG",2012,NA
"NAC","P_SAL_M","LT10","C15","D111","BG",2012,NA
"NAC","P_SAL_M","LT10","C15","D1111","BG",2012,NA
"NAC","P_SAL_M","LT10","C16","D01","BG",2012,377
"NAC","P_SAL_M","LT10","C16","D111","BG",2012,312
"NAC","P_SAL_M","LT10","C16","D1111","BG",2012,293
"NAC","P_SAL_M","LT10","C17","D01","BG",2012,NA
"NAC","P_SAL_M","LT10","C17","D111","BG",2012,NA
"NAC","P_SAL_M","LT10","C17","D1111","BG",2012,NA
"NAC","P_SAL_M","LT10","C18","D01","BG",2012,447
"NAC","P_SAL_M","LT10","C18","D111","BG",2012,373
"NAC","P_SAL_M","LT10","C18","D1111","BG",2012,349
"NAC","P_SAL_M","LT10","C19","D01","BG",2012,NA
"NAC","P_SAL_M","LT10","C19","D111","BG",2012,NA
"NAC","P_SAL_M","LT10","C19","D1111","BG",2012,NA
"NAC","P_SAL_M","LT10","C20","D01","BG",2012,578
"NAC","P_SAL_M","LT10","C20","D111","BG",2012,486
"NAC","P_SAL_M","LT10","C20","D1111","BG",2012,455
"NAC","P_SAL_M","LT10","C21","D01","BG",2012,NA
"NAC","P_SAL_M","LT10","C21","D111","BG",2012,NA
"NAC","P_SAL_M","LT10","C21","D1111","BG",2012,NA
"NAC","P_SAL_M","LT10","C22","D01","BG",2012,424
"NAC","P_SAL_M","LT10","C22","D111","BG",2012,352
"NAC","P_SAL_M","LT10","C22","D1111","BG",2012,330
"NAC","P_SAL_M","LT10","C23","D01","BG",2012,496
"NAC","P_SAL_M","LT10","C23","D111","BG",2012,412
"NAC","P_SAL_M","LT10","C23","D1111","BG",2012,388
"NAC","P_SAL_M","LT10","C24","D01","BG",2012,NA
"NAC","P_SAL_M","LT10","C24","D111","BG",2012,NA
"NAC","P_SAL_M","LT10","C24","D1111","BG",2012,NA
"NAC","P_SAL_M","LT10","C25","D01","BG",2012,466
"NAC","P_SAL_M","LT10","C25","D111","BG",2012,388
"NAC","P_SAL_M","LT10","C25","D1111","BG",2012,365
"NAC","P_SAL_M","LT10","C26","D01","BG",2012,730
"NAC","P_SAL_M","LT10","C26","D111","BG",2012,618
"NAC","P_SAL_M","LT10","C26","D1111","BG",2012,580
"NAC","P_SAL_M","LT10","C27","D01","BG",2012,NA
"NAC","P_SAL_M","LT10","C27","D111","BG",2012,NA
"NAC","P_SAL_M","LT10","C27","D1111","BG",2012,NA
"NAC","P_SAL_M","LT10","C28","D01","BG",2012,594
"NAC","P_SAL_M","LT10","C28","D111","BG",2012,494
"NAC","P_SAL_M","LT10","C28","D1111","BG",2012,461
"NAC","P_SAL_M","LT10","C29","D01","BG",2012,490
"NAC","P_SAL_M","LT10","C29","D111","BG",2012,409
"NAC","P_SAL_M","LT10","C29","D1111","BG",2012,381
"NAC","P_SAL_M","LT10","C30","D01","BG",2012,762
"NAC","P_SAL_M","LT10","C30","D111","BG",2012,642
"NAC","P_SAL_M","LT10","C30","D1111","BG",2012,614
"NAC","P_SAL_M","LT10","C31","D01","BG",2012,372
"NAC","P_SAL_M","LT10","C31","D111","BG",2012,311
"NAC","P_SAL_M","LT10","C31","D1111","BG",2012,293
"NAC","P_SAL_M","LT10","C32","D01","BG",2012,437
"NAC","P_SAL_M","LT10","C32","D111","BG",2012,365
"NAC","P_SAL_M","LT10","C32","D1111","BG",2012,342
"NAC","P_SAL_M","LT10","C33","D01","BG",2012,631
"NAC","P_SAL_M","LT10","C33","D111","BG",2012,536
"NAC","P_SAL_M","LT10","C33","D1111","BG",2012,505
"NAC","P_SAL_M","LT10","D","D01","BG",2012,1140
"NAC","P_SAL_M","LT10","D","D111","BG",2012,997
"NAC","P_SAL_M","LT10","D","D1111","BG",2012,942
"NAC","P_SAL_M","LT10","D35","D01","BG",2012,1140
"NAC","P_SAL_M","LT10","D35","D111","BG",2012,997
"NAC","P_SAL_M","LT10","D35","D1111","BG",2012,942
"NAC","P_SAL_M","LT10","E","D01","BG",2012,650
"NAC","P_SAL_M","LT10","E","D111","BG",2012,555
"NAC","P_SAL_M","LT10","E","D1111","BG",2012,519
"NAC","P_SAL_M","LT10","E36","D01","BG",2012,1063
"NAC","P_SAL_M","LT10","E36","D111","BG",2012,899
"NAC","P_SAL_M","LT10","E36","D1111","BG",2012,818
"NAC","P_SAL_M","LT10","E37","D01","BG",2012,570
"NAC","P_SAL_M","LT10","E37","D111","BG",2012,480
"NAC","P_SAL_M","LT10","E37","D1111","BG",2012,461
"NAC","P_SAL_M","LT10","E38","D01","BG",2012,630
"NAC","P_SAL_M","LT10","E38","D111","BG",2012,538
"NAC","P_SAL_M","LT10","E38","D1111","BG",2012,504
"NAC","P_SAL_M","LT10","E39","D01","BG",2012,757
"NAC","P_SAL_M","LT10","E39","D111","BG",2012,656
"NAC","P_SAL_M","LT10","E39","D1111","BG",2012,609
"NAC","P_SAL_M","LT10","F","D01","BG",2012,564
"NAC","P_SAL_M","LT10","F","D111","BG",2012,474
"NAC","P_SAL_M","LT10","F","D1111","BG",2012,447
"NAC","P_SAL_M","LT10","F41","D01","BG",2012,541
"NAC","P_SAL_M","LT10","F41","D111","BG",2012,454
"NAC","P_SAL_M","LT10","F41","D1111","BG",2012,428
"NAC","P_SAL_M","LT10","F42","D01","BG",2012,735
"NAC","P_SAL_M","LT10","F42","D111","BG",2012,628
"NAC","P_SAL_M","LT10","F42","D1111","BG",2012,589
"NAC","P_SAL_M","LT10","F43","D01","BG",2012,550
"NAC","P_SAL_M","LT10","F43","D111","BG",2012,461
"NAC","P_SAL_M","LT10","F43","D1111","BG",2012,436
"NAC","P_SAL_M","LT10","G","D01","BG",2012,545
"NAC","P_SAL_M","LT10","G","D111","BG",2012,458
"NAC","P_SAL_M","LT10","G","D1111","BG",2012,433
"NAC","P_SAL_M","LT10","G-J","D01","BG",2012,551
"NAC","P_SAL_M","LT10","G-J","D111","BG",2012,463
"NAC","P_SAL_M","LT10","G-J","D1111","BG",2012,438
"NAC","P_SAL_M","LT10","G-N","D01","BG",2012,602
"NAC","P_SAL_M","LT10","G-N","D111","BG",2012,509
"NAC","P_SAL_M","LT10","G-N","D1111","BG",2012,481
"NAC","P_SAL_M","LT10","G-S_X_O","D01","BG",2012,591
"NAC","P_SAL_M","LT10","G-S_X_O","D111","BG",2012,500
"NAC","P_SAL_M","LT10","G-S_X_O","D1111","BG",2012,471
"NAC","P_SAL_M","LT10","G45","D01","BG",2012,514
"NAC","P_SAL_M","LT10","G45","D111","BG",2012,430
"NAC","P_SAL_M","LT10","G45","D1111","BG",2012,404
"NAC","P_SAL_M","LT10","G46","D01","BG",2012,773
"NAC","P_SAL_M","LT10","G46","D111","BG",2012,659
"NAC","P_SAL_M","LT10","G46","D1111","BG",2012,618
"NAC","P_SAL_M","LT10","G47","D01","BG",2012,466
"NAC","P_SAL_M","LT10","G47","D111","BG",2012,388
"NAC","P_SAL_M","LT10","G47","D1111","BG",2012,368
"NAC","P_SAL_M","LT10","H","D01","BG",2012,538
"NAC","P_SAL_M","LT10","H","D111","BG",2012,441
"NAC","P_SAL_M","LT10","H","D1111","BG",2012,416
"NAC","P_SAL_M","LT10","H49","D01","BG",2012,486
"NAC","P_SAL_M","LT10","H49","D111","BG",2012,393
"NAC","P_SAL_M","LT10","H49","D1111","BG",2012,371
"NAC","P_SAL_M","LT10","H50","D01","BG",2012,970
"NAC","P_SAL_M","LT10","H50","D111","BG",2012,828
"NAC","P_SAL_M","LT10","H50","D1111","BG",2012,800
"NAC","P_SAL_M","LT10","H51","D01","BG",2012,NA
"NAC","P_SAL_M","LT10","H51","D111","BG",2012,NA
"NAC","P_SAL_M","LT10","H51","D1111","BG",2012,NA
"NAC","P_SAL_M","LT10","H52","D01","BG",2012,913
"NAC","P_SAL_M","LT10","H52","D111","BG",2012,785
"NAC","P_SAL_M","LT10","H52","D1111","BG",2012,738
"NAC","P_SAL_M","LT10","H53","D01","BG",2012,441
"NAC","P_SAL_M","LT10","H53","D111","BG",2012,371
"NAC","P_SAL_M","LT10","H53","D1111","BG",2012,350
"NAC","P_SAL_M","LT10","I","D01","BG",2012,430
"NAC","P_SAL_M","LT10","I","D111","BG",2012,358
"NAC","P_SAL_M","LT10","I","D1111","BG",2012,343
"NAC","P_SAL_M","LT10","I55","D01","BG",2012,502
"NAC","P_SAL_M","LT10","I55","D111","BG",2012,417
"NAC","P_SAL_M","LT10","I55","D1111","BG",2012,396
"NAC","P_SAL_M","LT10","I56","D01","BG",2012,420
"NAC","P_SAL_M","LT10","I56","D111","BG",2012,350
"NAC","P_SAL_M","LT10","I56","D1111","BG",2012,336
"NAC","P_SAL_M","LT10","J","D01","BG",2012,1140
"NAC","P_SAL_M","LT10","J","D111","BG",2012,998
"NAC","P_SAL_M","LT10","J","D1111","BG",2012,937
"NAC","P_SAL_M","LT10","J58","D01","BG",2012,NA
"NAC","P_SAL_M","LT10","J58","D111","BG",2012,NA
"NAC","P_SAL_M","LT10","J58","D1111","BG",2012,NA
"NAC","P_SAL_M","LT10","J59","D01","BG",2012,833
"NAC","P_SAL_M","LT10","J59","D111","BG",2012,721
"NAC","P_SAL_M","LT10","J59","D1111","BG",2012,683
"NAC","P_SAL_M","LT10","J60","D01","BG",2012,724
"NAC","P_SAL_M","LT10","J60","D111","BG",2012,608
"NAC","P_SAL_M","LT10","J60","D1111","BG",2012,568
"NAC","P_SAL_M","LT10","J61","D01","BG",2012,NA
"NAC","P_SAL_M","LT10","J61","D111","BG",2012,NA
"NAC","P_SAL_M","LT10","J61","D1111","BG",2012,NA
"NAC","P_SAL_M","LT10","J62","D01","BG",2012,1407
"NAC","P_SAL_M","LT10","J62","D111","BG",2012,1245
"NAC","P_SAL_M","LT10","J62","D1111","BG",2012,1169
"NAC","P_SAL_M","LT10","J63","D01","BG",2012,1008
"NAC","P_SAL_M","LT10","J63","D111","BG",2012,876
"NAC","P_SAL_M","LT10","J63","D1111","BG",2012,825
"NAC","P_SAL_M","LT10","K","D01","BG",2012,1038
"NAC","P_SAL_M","LT10","K","D111","BG",2012,907
"NAC","P_SAL_M","LT10","K","D1111","BG",2012,858
"NAC","P_SAL_M","LT10","K-N","D01","BG",2012,797
"NAC","P_SAL_M","LT10","K-N","D111","BG",2012,686
"NAC","P_SAL_M","LT10","K-N","D1111","BG",2012,645
"NAC","P_SAL_M","LT10","K64","D01","BG",2012,1178
"NAC","P_SAL_M","LT10","K64","D111","BG",2012,1032
"NAC","P_SAL_M","LT10","K64","D1111","BG",2012,975
"NAC","P_SAL_M","LT10","K65","D01","BG",2012,2905
"NAC","P_SAL_M","LT10","K65","D111","BG",2012,2630
"NAC","P_SAL_M","LT10","K65","D1111","BG",2012,2382
"NAC","P_SAL_M","LT10","K66","D01","BG",2012,840
"NAC","P_SAL_M","LT10","K66","D111","BG",2012,729
"NAC","P_SAL_M","LT10","K66","D1111","BG",2012,692
"NAC","P_SAL_M","LT10","L","D01","BG",2012,790
"NAC","P_SAL_M","LT10","L","D111","BG",2012,678
"NAC","P_SAL_M","LT10","L","D1111","BG",2012,637
"NAC","P_SAL_M","LT10","L68","D01","BG",2012,790
"NAC","P_SAL_M","LT10","L68","D111","BG",2012,678
"NAC","P_SAL_M","LT10","L68","D1111","BG",2012,637
"NAC","P_SAL_M","LT10","M","D01","BG",2012,818
"NAC","P_SAL_M","LT10","M","D111","BG",2012,705
"NAC","P_SAL_M","LT10","M","D1111","BG",2012,663
"NAC","P_SAL_M","LT10","M69","D01","BG",2012,641
"NAC","P_SAL_M","LT10","M69","D111","BG",2012,544
"NAC","P_SAL_M","LT10","M69","D1111","BG",2012,510
"NAC","P_SAL_M","LT10","M70","D01","BG",2012,1404
"NAC","P_SAL_M","LT10","M70","D111","BG",2012,1245
"NAC","P_SAL_M","LT10","M70","D1111","BG",2012,1182
"NAC","P_SAL_M","LT10","M71","D01","BG",2012,859
"NAC","P_SAL_M","LT10","M71","D111","BG",2012,734
"NAC","P_SAL_M","LT10","M71","D1111","BG",2012,688
"NAC","P_SAL_M","LT10","M72","D01","BG",2012,NA
"NAC","P_SAL_M","LT10","M72","D111","BG",2012,NA
"NAC","P_SAL_M","LT10","M72","D1111","BG",2012,NA
"NAC","P_SAL_M","LT10","M73","D01","BG",2012,818
"NAC","P_SAL_M","LT10","M73","D111","BG",2012,705
"NAC","P_SAL_M","LT10","M73","D1111","BG",2012,663
"NAC","P_SAL_M","LT10","M74","D01","BG",2012,815
"NAC","P_SAL_M","LT10","M74","D111","BG",2012,704
"NAC","P_SAL_M","LT10","M74","D1111","BG",2012,664
"NAC","P_SAL_M","LT10","M75","D01","BG",2012,501
"NAC","P_SAL_M","LT10","M75","D111","BG",2012,420
"NAC","P_SAL_M","LT10","M75","D1111","BG",2012,400
"NAC","P_SAL_M","LT10","N","D01","BG",2012,609
"NAC","P_SAL_M","LT10","N","D111","BG",2012,516
"NAC","P_SAL_M","LT10","N","D1111","BG",2012,485
"NAC","P_SAL_M","LT10","N77","D01","BG",2012,761
"NAC","P_SAL_M","LT10","N77","D111","BG",2012,645
"NAC","P_SAL_M","LT10","N77","D1111","BG",2012,608
"NAC","P_SAL_M","LT10","N78","D01","BG",2012,848
"NAC","P_SAL_M","LT10","N78","D111","BG",2012,721
"NAC","P_SAL_M","LT10","N78","D1111","BG",2012,679
"NAC","P_SAL_M","LT10","N79","D01","BG",2012,731
"NAC","P_SAL_M","LT10","N79","D111","BG",2012,621
"NAC","P_SAL_M","LT10","N79","D1111","BG",2012,585
"NAC","P_SAL_M","LT10","N80","D01","BG",2012,432
"NAC","P_SAL_M","LT10","N80","D111","BG",2012,365
"NAC","P_SAL_M","LT10","N80","D1111","BG",2012,345
"NAC","P_SAL_M","LT10","N81","D01","BG",2012,445
"NAC","P_SAL_M","LT10","N81","D111","BG",2012,372
"NAC","P_SAL_M","LT10","N81","D1111","BG",2012,347
"NAC","P_SAL_M","LT10","N82","D01","BG",2012,689
"NAC","P_SAL_M","LT10","N82","D111","BG",2012,585
"NAC","P_SAL_M","LT10","N82","D1111","BG",2012,547
"NAC","P_SAL_M","LT10","O","D01","BG",2012,1296
"NAC","P_SAL_M","LT10","O","D111","BG",2012,1025
"NAC","P_SAL_M","LT10","O","D1111","BG",2012,879
"NAC","P_SAL_M","LT10","O-S","D01","BG",2012,539
"NAC","P_SAL_M","LT10","O-S","D111","BG",2012,454
"NAC","P_SAL_M","LT10","O-S","D1111","BG",2012,422
"NAC","P_SAL_M","LT10","O84","D01","BG",2012,1296
"NAC","P_SAL_M","LT10","O84","D111","BG",2012,1025
"NAC","P_SAL_M","LT10","O84","D1111","BG",2012,879
"NAC","P_SAL_M","LT10","P","D01","BG",2012,602
"NAC","P_SAL_M","LT10","P","D111","BG",2012,494
"NAC","P_SAL_M","LT10","P","D1111","BG",2012,432
"NAC","P_SAL_M","LT10","P-S","D01","BG",2012,528
"NAC","P_SAL_M","LT10","P-S","D111","BG",2012,446
"NAC","P_SAL_M","LT10","P-S","D1111","BG",2012,415
"NAC","P_SAL_M","LT10","P85","D01","BG",2012,602
"NAC","P_SAL_M","LT10","P85","D111","BG",2012,494
"NAC","P_SAL_M","LT10","P85","D1111","BG",2012,432
"NAC","P_SAL_M","LT10","Q","D01","BG",2012,550
"NAC","P_SAL_M","LT10","Q","D111","BG",2012,463
"NAC","P_SAL_M","LT10","Q","D1111","BG",2012,440
"NAC","P_SAL_M","LT10","Q86","D01","BG",2012,559
"NAC","P_SAL_M","LT10","Q86","D111","BG",2012,471
"NAC","P_SAL_M","LT10","Q86","D1111","BG",2012,450
"NAC","P_SAL_M","LT10","Q87","D01","BG",2012,NA
"NAC","P_SAL_M","LT10","Q87","D111","BG",2012,NA
"NAC","P_SAL_M","LT10","Q87","D1111","BG",2012,NA
"NAC","P_SAL_M","LT10","Q88","D01","BG",2012,NA
"NAC","P_SAL_M","LT10","Q88","D111","BG",2012,NA
"NAC","P_SAL_M","LT10","Q88","D1111","BG",2012,NA
"NAC","P_SAL_M","LT10","R","D01","BG",2012,489
"NAC","P_SAL_M","LT10","R","D111","BG",2012,411
"NAC","P_SAL_M","LT10","R","D1111","BG",2012,387
"NAC","P_SAL_M","LT10","R90","D01","BG",2012,549
"NAC","P_SAL_M","LT10","R90","D111","BG",2012,461
"NAC","P_SAL_M","LT10","R90","D1111","BG",2012,429
"NAC","P_SAL_M","LT10","R91","D01","BG",2012,NA
"NAC","P_SAL_M","LT10","R91","D111","BG",2012,NA
"NAC","P_SAL_M","LT10","R91","D1111","BG",2012,NA
"NAC","P_SAL_M","LT10","R92","D01","BG",2012,418
"NAC","P_SAL_M","LT10","R92","D111","BG",2012,350
"NAC","P_SAL_M","LT10","R92","D1111","BG",2012,331
"NAC","P_SAL_M","LT10","R93","D01","BG",2012,492
"NAC","P_SAL_M","LT10","R93","D111","BG",2012,415
"NAC","P_SAL_M","LT10","R93","D1111","BG",2012,393
"NAC","P_SAL_M","LT10","S","D01","BG",2012,500
"NAC","P_SAL_M","LT10","S","D111","BG",2012,428
"NAC","P_SAL_M","LT10","S","D1111","BG",2012,400
"NAC","P_SAL_M","LT10","S94","D01","BG",2012,660
"NAC","P_SAL_M","LT10","S94","D111","BG",2012,577
"NAC","P_SAL_M","LT10","S94","D1111","BG",2012,533
"NAC","P_SAL_M","LT10","S95","D01","BG",2012,415
"NAC","P_SAL_M","LT10","S95","D111","BG",2012,348
"NAC","P_SAL_M","LT10","S95","D1111","BG",2012,330
"NAC","P_SAL_M","LT10","S96","D01","BG",2012,374
"NAC","P_SAL_M","LT10","S96","D111","BG",2012,313
"NAC","P_SAL_M","LT10","S96","D1111","BG",2012,297
"NAC","P_SAL_M","TOTAL","B","D01","BG",2012,1724
"NAC","P_SAL_M","TOTAL","B","D111","BG",2012,1315
"NAC","P_SAL_M","TOTAL","B","D1111","BG",2012,1113
"NAC","P_SAL_M","TOTAL","B-E","D01","BG",2012,888
"NAC","P_SAL_M","TOTAL","B-E","D111","BG",2012,731
"NAC","P_SAL_M","TOTAL","B-E","D1111","BG",2012,640
"NAC","P_SAL_M","TOTAL","B-F","D01","BG",2012,866
"NAC","P_SAL_M","TOTAL","B-F","D111","BG",2012,715
"NAC","P_SAL_M","TOTAL","B-F","D1111","BG",2012,633
"NAC","P_SAL_M","TOTAL","B-N","D01","BG",2012,893
"NAC","P_SAL_M","TOTAL","B-N","D111","BG",2012,755
"NAC","P_SAL_M","TOTAL","B-N","D1111","BG",2012,679
"NAC","P_SAL_M","TOTAL","B-S","D01","BG",2012,900
"NAC","P_SAL_M","TOTAL","B-S","D111","BG",2012,756
"NAC","P_SAL_M","TOTAL","B-S","D1111","BG",2012,674
"NAC","P_SAL_M","TOTAL","B-S_X_O","D01","BG",2012,886
"NAC","P_SAL_M","TOTAL","B-S_X_O","D111","BG",2012,747
"NAC","P_SAL_M","TOTAL","B-S_X_O","D1111","BG",2012,668
"NAC","P_SAL_M","TOTAL","B05","D01","BG",2012,1892
"NAC","P_SAL_M","TOTAL","B05","D111","BG",2012,1395
"NAC","P_SAL_M","TOTAL","B05","D1111","BG",2012,1136
"NAC","P_SAL_M","TOTAL","B06","D01","BG",2012,1051
"NAC","P_SAL_M","TOTAL","B06","D111","BG",2012,899
"NAC","P_SAL_M","TOTAL","B06","D1111","BG",2012,828
"NAC","P_SAL_M","TOTAL","B07","D01","BG",2012,1966
"NAC","P_SAL_M","TOTAL","B07","D111","BG",2012,1551
"NAC","P_SAL_M","TOTAL","B07","D1111","BG",2012,1365
"NAC","P_SAL_M","TOTAL","B08","D01","BG",2012,921
"NAC","P_SAL_M","TOTAL","B08","D111","BG",2012,750
"NAC","P_SAL_M","TOTAL","B08","D1111","BG",2012,672
"NAC","P_SAL_M","TOTAL","B09","D01","BG",2012,1502
"NAC","P_SAL_M","TOTAL","B09","D111","BG",2012,1279
"NAC","P_SAL_M","TOTAL","B09","D1111","BG",2012,1210
"NAC","P_SAL_M","TOTAL","C","D01","BG",2012,762
"NAC","P_SAL_M","TOTAL","C","D111","BG",2012,634
"NAC","P_SAL_M","TOTAL","C","D1111","BG",2012,570
"NAC","P_SAL_M","TOTAL","C10","D01","BG",2012,674
"NAC","P_SAL_M","TOTAL","C10","D111","BG",2012,566
"NAC","P_SAL_M","TOTAL","C10","D1111","BG",2012,521
"NAC","P_SAL_M","TOTAL","C11","D01","BG",2012,1047
"NAC","P_SAL_M","TOTAL","C11","D111","BG",2012,882
"NAC","P_SAL_M","TOTAL","C11","D1111","BG",2012,784
"NAC","P_SAL_M","TOTAL","C12","D01","BG",2012,2073
"NAC","P_SAL_M","TOTAL","C12","D111","BG",2012,1660
"NAC","P_SAL_M","TOTAL","C12","D1111","BG",2012,1412
"NAC","P_SAL_M","TOTAL","C13","D01","BG",2012,685
"NAC","P_SAL_M","TOTAL","C13","D111","BG",2012,569
"NAC","P_SAL_M","TOTAL","C13","D1111","BG",2012,517
"NAC","P_SAL_M","TOTAL","C14","D01","BG",2012,504
"NAC","P_SAL_M","TOTAL","C14","D111","BG",2012,417
"NAC","P_SAL_M","TOTAL","C14","D1111","BG",2012,378
"NAC","P_SAL_M","TOTAL","C15","D01","BG",2012,465
"NAC","P_SAL_M","TOTAL","C15","D111","BG",2012,390
"NAC","P_SAL_M","TOTAL","C15","D1111","BG",2012,354
"NAC","P_SAL_M","TOTAL","C16","D01","BG",2012,522
"NAC","P_SAL_M","TOTAL","C16","D111","BG",2012,436
"NAC","P_SAL_M","TOTAL","C16","D1111","BG",2012,395
"NAC","P_SAL_M","TOTAL","C17","D01","BG",2012,737
"NAC","P_SAL_M","TOTAL","C17","D111","BG",2012,614
"NAC","P_SAL_M","TOTAL","C17","D1111","BG",2012,546
"NAC","P_SAL_M","TOTAL","C18","D01","BG",2012,770
"NAC","P_SAL_M","TOTAL","C18","D111","BG",2012,649
"NAC","P_SAL_M","TOTAL","C18","D1111","BG",2012,592
"NAC","P_SAL_M","TOTAL","C19","D01","BG",2012,2952
"NAC","P_SAL_M","TOTAL","C19","D111","BG",2012,2367
"NAC","P_SAL_M","TOTAL","C19","D1111","BG",2012,2111
"NAC","P_SAL_M","TOTAL","C20","D01","BG",2012,1097
"NAC","P_SAL_M","TOTAL","C20","D111","BG",2012,911
"NAC","P_SAL_M","TOTAL","C20","D1111","BG",2012,821
"NAC","P_SAL_M","TOTAL","C21","D01","BG",2012,1126
"NAC","P_SAL_M","TOTAL","C21","D111","BG",2012,940
"NAC","P_SAL_M","TOTAL","C21","D1111","BG",2012,834
"NAC","P_SAL_M","TOTAL","C22","D01","BG",2012,655
"NAC","P_SAL_M","TOTAL","C22","D111","BG",2012,550
"NAC","P_SAL_M","TOTAL","C22","D1111","BG",2012,504
"NAC","P_SAL_M","TOTAL","C23","D01","BG",2012,939
"NAC","P_SAL_M","TOTAL","C23","D111","BG",2012,776
"NAC","P_SAL_M","TOTAL","C23","D1111","BG",2012,692
"NAC","P_SAL_M","TOTAL","C24","D01","BG",2012,1352
"NAC","P_SAL_M","TOTAL","C24","D111","BG",2012,1071
"NAC","P_SAL_M","TOTAL","C24","D1111","BG",2012,947
"NAC","P_SAL_M","TOTAL","C25","D01","BG",2012,718
"NAC","P_SAL_M","TOTAL","C25","D111","BG",2012,597
"NAC","P_SAL_M","TOTAL","C25","D1111","BG",2012,533
"NAC","P_SAL_M","TOTAL","C26","D01","BG",2012,1115
"NAC","P_SAL_M","TOTAL","C26","D111","BG",2012,953
"NAC","P_SAL_M","TOTAL","C26","D1111","BG",2012,851
"NAC","P_SAL_M","TOTAL","C27","D01","BG",2012,1023
"NAC","P_SAL_M","TOTAL","C27","D111","BG",2012,851
"NAC","P_SAL_M","TOTAL","C27","D1111","BG",2012,765
"NAC","P_SAL_M","TOTAL","C28","D01","BG",2012,1000
"NAC","P_SAL_M","TOTAL","C28","D111","BG",2012,833
"NAC","P_SAL_M","TOTAL","C28","D1111","BG",2012,742
"NAC","P_SAL_M","TOTAL","C29","D01","BG",2012,839
"NAC","P_SAL_M","TOTAL","C29","D111","BG",2012,709
"NAC","P_SAL_M","TOTAL","C29","D1111","BG",2012,615
"NAC","P_SAL_M","TOTAL","C30","D01","BG",2012,906
"NAC","P_SAL_M","TOTAL","C30","D111","BG",2012,757
"NAC","P_SAL_M","TOTAL","C30","D1111","BG",2012,692
"NAC","P_SAL_M","TOTAL","C31","D01","BG",2012,512
"NAC","P_SAL_M","TOTAL","C31","D111","BG",2012,428
"NAC","P_SAL_M","TOTAL","C31","D1111","BG",2012,393
"NAC","P_SAL_M","TOTAL","C32","D01","BG",2012,716
"NAC","P_SAL_M","TOTAL","C32","D111","BG",2012,603
"NAC","P_SAL_M","TOTAL","C32","D1111","BG",2012,547
"NAC","P_SAL_M","TOTAL","C33","D01","BG",2012,1060
"NAC","P_SAL_M","TOTAL","C33","D111","BG",2012,877
"NAC","P_SAL_M","TOTAL","C33","D1111","BG",2012,779
"NAC","P_SAL_M","TOTAL","D","D01","BG",2012,2195
"NAC","P_SAL_M","TOTAL","D","D111","BG",2012,1771
"NAC","P_SAL_M","TOTAL","D","D1111","BG",2012,1373
"NAC","P_SAL_M","TOTAL","D35","D01","BG",2012,2195
"NAC","P_SAL_M","TOTAL","D35","D111","BG",2012,1771
"NAC","P_SAL_M","TOTAL","D35","D1111","BG",2012,1373
"NAC","P_SAL_M","TOTAL","E","D01","BG",2012,857
"NAC","P_SAL_M","TOTAL","E","D111","BG",2012,715
"NAC","P_SAL_M","TOTAL","E","D1111","BG",2012,617
"NAC","P_SAL_M","TOTAL","E36","D01","BG",2012,940
"NAC","P_SAL_M","TOTAL","E36","D111","BG",2012,778
"NAC","P_SAL_M","TOTAL","E36","D1111","BG",2012,639
"NAC","P_SAL_M","TOTAL","E37","D01","BG",2012,675
"NAC","P_SAL_M","TOTAL","E37","D111","BG",2012,564
"NAC","P_SAL_M","TOTAL","E37","D1111","BG",2012,518
"NAC","P_SAL_M","TOTAL","E38","D01","BG",2012,775
"NAC","P_SAL_M","TOTAL","E38","D111","BG",2012,653
"NAC","P_SAL_M","TOTAL","E38","D1111","BG",2012,594
"NAC","P_SAL_M","TOTAL","E39","D01","BG",2012,905
"NAC","P_SAL_M","TOTAL","E39","D111","BG",2012,766
"NAC","P_SAL_M","TOTAL","E39","D1111","BG",2012,676
"NAC","P_SAL_M","TOTAL","F","D01","BG",2012,768
"NAC","P_SAL_M","TOTAL","F","D111","BG",2012,647
"NAC","P_SAL_M","TOTAL","F","D1111","BG",2012,599
"NAC","P_SAL_M","TOTAL","F41","D01","BG",2012,672
"NAC","P_SAL_M","TOTAL","F41","D111","BG",2012,568
"NAC","P_SAL_M","TOTAL","F41","D1111","BG",2012,527
"NAC","P_SAL_M","TOTAL","F42","D01","BG",2012,938
"NAC","P_SAL_M","TOTAL","F42","D111","BG",2012,789
"NAC","P_SAL_M","TOTAL","F42","D1111","BG",2012,725
"NAC","P_SAL_M","TOTAL","F43","D01","BG",2012,735
"NAC","P_SAL_M","TOTAL","F43","D111","BG",2012,620
"NAC","P_SAL_M","TOTAL","F43","D1111","BG",2012,577
"NAC","P_SAL_M","TOTAL","G","D01","BG",2012,758
"NAC","P_SAL_M","TOTAL","G","D111","BG",2012,644
"NAC","P_SAL_M","TOTAL","G","D1111","BG",2012,598
"NAC","P_SAL_M","TOTAL","G-J","D01","BG",2012,879
"NAC","P_SAL_M","TOTAL","G-J","D111","BG",2012,754
"NAC","P_SAL_M","TOTAL","G-J","D1111","BG",2012,684
"NAC","P_SAL_M","TOTAL","G-N","D01","BG",2012,913
"NAC","P_SAL_M","TOTAL","G-N","D111","BG",2012,785
"NAC","P_SAL_M","TOTAL","G-N","D1111","BG",2012,714
"NAC","P_SAL_M","TOTAL","G-S_X_O","D01","BG",2012,897
"NAC","P_SAL_M","TOTAL","G-S_X_O","D111","BG",2012,764
"NAC","P_SAL_M","TOTAL","G-S_X_O","D1111","BG",2012,687
"NAC","P_SAL_M","TOTAL","G45","D01","BG",2012,797
"NAC","P_SAL_M","TOTAL","G45","D111","BG",2012,676
"NAC","P_SAL_M","TOTAL","G45","D1111","BG",2012,625
"NAC","P_SAL_M","TOTAL","G46","D01","BG",2012,980
"NAC","P_SAL_M","TOTAL","G46","D111","BG",2012,843
"NAC","P_SAL_M","TOTAL","G46","D1111","BG",2012,782
"NAC","P_SAL_M","TOTAL","G47","D01","BG",2012,605
"NAC","P_SAL_M","TOTAL","G47","D111","BG",2012,507
"NAC","P_SAL_M","TOTAL","G47","D1111","BG",2012,473
"NAC","P_SAL_M","TOTAL","H","D01","BG",2012,925
"NAC","P_SAL_M","TOTAL","H","D111","BG",2012,807
"NAC","P_SAL_M","TOTAL","H","D1111","BG",2012,677
"NAC","P_SAL_M","TOTAL","H49","D01","BG",2012,748
"NAC","P_SAL_M","TOTAL","H49","D111","BG",2012,602
"NAC","P_SAL_M","TOTAL","H49","D1111","BG",2012,515
"NAC","P_SAL_M","TOTAL","H50","D01","BG",2012,1974
"NAC","P_SAL_M","TOTAL","H50","D111","BG",2012,1811
"NAC","P_SAL_M","TOTAL","H50","D1111","BG",2012,1520
"NAC","P_SAL_M","TOTAL","H51","D01","BG",2012,2499
"NAC","P_SAL_M","TOTAL","H51","D111","BG",2012,2091
"NAC","P_SAL_M","TOTAL","H51","D1111","BG",2012,1851
"NAC","P_SAL_M","TOTAL","H52","D01","BG",2012,1244
"NAC","P_SAL_M","TOTAL","H52","D111","BG",2012,1235
"NAC","P_SAL_M","TOTAL","H52","D1111","BG",2012,996
"NAC","P_SAL_M","TOTAL","H53","D01","BG",2012,817
"NAC","P_SAL_M","TOTAL","H53","D111","BG",2012,680
"NAC","P_SAL_M","TOTAL","H53","D1111","BG",2012,585
"NAC","P_SAL_M","TOTAL","I","D01","BG",2012,558
"NAC","P_SAL_M","TOTAL","I","D111","BG",2012,466
"NAC","P_SAL_M","TOTAL","I","D1111","BG",2012,438
"NAC","P_SAL_M","TOTAL","I55","D01","BG",2012,709
"NAC","P_SAL_M","TOTAL","I55","D111","BG",2012,594
"NAC","P_SAL_M","TOTAL","I55","D1111","BG",2012,553
"NAC","P_SAL_M","TOTAL","I56","D01","BG",2012,484
"NAC","P_SAL_M","TOTAL","I56","D111","BG",2012,404
"NAC","P_SAL_M","TOTAL","I56","D1111","BG",2012,382
"NAC","P_SAL_M","TOTAL","J","D01","BG",2012,1994
"NAC","P_SAL_M","TOTAL","J","D111","BG",2012,1737
"NAC","P_SAL_M","TOTAL","J","D1111","BG",2012,1589
"NAC","P_SAL_M","TOTAL","J58","D01","BG",2012,1281
"NAC","P_SAL_M","TOTAL","J58","D111","BG",2012,1104
"NAC","P_SAL_M","TOTAL","J58","D1111","BG",2012,1004
"NAC","P_SAL_M","TOTAL","J59","D01","BG",2012,1396
"NAC","P_SAL_M","TOTAL","J59","D111","BG",2012,1230
"NAC","P_SAL_M","TOTAL","J59","D1111","BG",2012,1146
"NAC","P_SAL_M","TOTAL","J60","D01","BG",2012,1487
"NAC","P_SAL_M","TOTAL","J60","D111","BG",2012,1282
"NAC","P_SAL_M","TOTAL","J60","D1111","BG",2012,1159
"NAC","P_SAL_M","TOTAL","J61","D01","BG",2012,1712
"NAC","P_SAL_M","TOTAL","J61","D111","BG",2012,1464
"NAC","P_SAL_M","TOTAL","J61","D1111","BG",2012,1331
"NAC","P_SAL_M","TOTAL","J62","D01","BG",2012,2596
"NAC","P_SAL_M","TOTAL","J62","D111","BG",2012,2288
"NAC","P_SAL_M","TOTAL","J62","D1111","BG",2012,2101
"NAC","P_SAL_M","TOTAL","J63","D01","BG",2012,1610
"NAC","P_SAL_M","TOTAL","J63","D111","BG",2012,1400
"NAC","P_SAL_M","TOTAL","J63","D1111","BG",2012,1283
"NAC","P_SAL_M","TOTAL","K","D01","BG",2012,1738
"NAC","P_SAL_M","TOTAL","K","D111","BG",2012,1491
"NAC","P_SAL_M","TOTAL","K","D1111","BG",2012,1340
"NAC","P_SAL_M","TOTAL","K-N","D01","BG",2012,1005
"NAC","P_SAL_M","TOTAL","K-N","D111","BG",2012,867
"NAC","P_SAL_M","TOTAL","K-N","D1111","BG",2012,793
"NAC","P_SAL_M","TOTAL","K64","D01","BG",2012,1784
"NAC","P_SAL_M","TOTAL","K64","D111","BG",2012,1525
"NAC","P_SAL_M","TOTAL","K64","D1111","BG",2012,1360
"NAC","P_SAL_M","TOTAL","K65","D01","BG",2012,1984
"NAC","P_SAL_M","TOTAL","K65","D111","BG",2012,1730
"NAC","P_SAL_M","TOTAL","K65","D1111","BG",2012,1594
"NAC","P_SAL_M","TOTAL","K66","D01","BG",2012,1190
"NAC","P_SAL_M","TOTAL","K66","D111","BG",2012,1034
"NAC","P_SAL_M","TOTAL","K66","D1111","BG",2012,966
"NAC","P_SAL_M","TOTAL","L","D01","BG",2012,869
"NAC","P_SAL_M","TOTAL","L","D111","BG",2012,745
"NAC","P_SAL_M","TOTAL","L","D1111","BG",2012,688
"NAC","P_SAL_M","TOTAL","L68","D01","BG",2012,869
"NAC","P_SAL_M","TOTAL","L68","D111","BG",2012,745
"NAC","P_SAL_M","TOTAL","L68","D1111","BG",2012,688
"NAC","P_SAL_M","TOTAL","M","D01","BG",2012,1207
"NAC","P_SAL_M","TOTAL","M","D111","BG",2012,1046
"NAC","P_SAL_M","TOTAL","M","D1111","BG",2012,964
"NAC","P_SAL_M","TOTAL","M69","D01","BG",2012,941
"NAC","P_SAL_M","TOTAL","M69","D111","BG",2012,812
"NAC","P_SAL_M","TOTAL","M69","D1111","BG",2012,753
"NAC","P_SAL_M","TOTAL","M70","D01","BG",2012,1792
"NAC","P_SAL_M","TOTAL","M70","D111","BG",2012,1582
"NAC","P_SAL_M","TOTAL","M70","D1111","BG",2012,1462
"NAC","P_SAL_M","TOTAL","M71","D01","BG",2012,1270
"NAC","P_SAL_M","TOTAL","M71","D111","BG",2012,1092
"NAC","P_SAL_M","TOTAL","M71","D1111","BG",2012,1010
"NAC","P_SAL_M","TOTAL","M72","D01","BG",2012,956
"NAC","P_SAL_M","TOTAL","M72","D111","BG",2012,808
"NAC","P_SAL_M","TOTAL","M72","D1111","BG",2012,711
"NAC","P_SAL_M","TOTAL","M73","D01","BG",2012,1361
"NAC","P_SAL_M","TOTAL","M73","D111","BG",2012,1190
"NAC","P_SAL_M","TOTAL","M73","D1111","BG",2012,1111
"NAC","P_SAL_M","TOTAL","M74","D01","BG",2012,1242
"NAC","P_SAL_M","TOTAL","M74","D111","BG",2012,1081
"NAC","P_SAL_M","TOTAL","M74","D1111","BG",2012,1002
"NAC","P_SAL_M","TOTAL","M75","D01","BG",2012,510
"NAC","P_SAL_M","TOTAL","M75","D111","BG",2012,430
"NAC","P_SAL_M","TOTAL","M75","D1111","BG",2012,405
"NAC","P_SAL_M","TOTAL","N","D01","BG",2012,558
"NAC","P_SAL_M","TOTAL","N","D111","BG",2012,486
"NAC","P_SAL_M","TOTAL","N","D1111","BG",2012,448
"NAC","P_SAL_M","TOTAL","N77","D01","BG",2012,918
"NAC","P_SAL_M","TOTAL","N77","D111","BG",2012,779
"NAC","P_SAL_M","TOTAL","N77","D1111","BG",2012,727
"NAC","P_SAL_M","TOTAL","N78","D01","BG",2012,1125
"NAC","P_SAL_M","TOTAL","N78","D111","BG",2012,949
"NAC","P_SAL_M","TOTAL","N78","D1111","BG",2012,873
"NAC","P_SAL_M","TOTAL","N79","D01","BG",2012,836
"NAC","P_SAL_M","TOTAL","N79","D111","BG",2012,712
"NAC","P_SAL_M","TOTAL","N79","D1111","BG",2012,670
"NAC","P_SAL_M","TOTAL","N80","D01","BG",2012,479
"NAC","P_SAL_M","TOTAL","N80","D111","BG",2012,405
"NAC","P_SAL_M","TOTAL","N80","D1111","BG",2012,374
"NAC","P_SAL_M","TOTAL","N81","D01","BG",2012,362
"NAC","P_SAL_M","TOTAL","N81","D111","BG",2012,347
"NAC","P_SAL_M","TOTAL","N81","D1111","BG",2012,319
"NAC","P_SAL_M","TOTAL","N82","D01","BG",2012,1091
"NAC","P_SAL_M","TOTAL","N82","D111","BG",2012,932
"NAC","P_SAL_M","TOTAL","N82","D1111","BG",2012,861
"NAC","P_SAL_M","TOTAL","O","D01","BG",2012,1158
"NAC","P_SAL_M","TOTAL","O","D111","BG",2012,909
"NAC","P_SAL_M","TOTAL","O","D1111","BG",2012,798
"NAC","P_SAL_M","TOTAL","O-S","D01","BG",2012,925
"NAC","P_SAL_M","TOTAL","O-S","D111","BG",2012,758
"NAC","P_SAL_M","TOTAL","O-S","D1111","BG",2012,658
"NAC","P_SAL_M","TOTAL","O84","D01","BG",2012,1158
"NAC","P_SAL_M","TOTAL","O84","D111","BG",2012,909
"NAC","P_SAL_M","TOTAL","O84","D1111","BG",2012,798
"NAC","P_SAL_M","TOTAL","P","D01","BG",2012,895
"NAC","P_SAL_M","TOTAL","P","D111","BG",2012,733
"NAC","P_SAL_M","TOTAL","P","D1111","BG",2012,606
"NAC","P_SAL_M","TOTAL","P-S","D01","BG",2012,852
"NAC","P_SAL_M","TOTAL","P-S","D111","BG",2012,710
"NAC","P_SAL_M","TOTAL","P-S","D1111","BG",2012,614
"NAC","P_SAL_M","TOTAL","P85","D01","BG",2012,895
"NAC","P_SAL_M","TOTAL","P85","D111","BG",2012,733
"NAC","P_SAL_M","TOTAL","P85","D1111","BG",2012,606
"NAC","P_SAL_M","TOTAL","Q","D01","BG",2012,892
"NAC","P_SAL_M","TOTAL","Q","D111","BG",2012,751
"NAC","P_SAL_M","TOTAL","Q","D1111","BG",2012,670
"NAC","P_SAL_M","TOTAL","Q86","D01","BG",2012,988
"NAC","P_SAL_M","TOTAL","Q86","D111","BG",2012,832
"NAC","P_SAL_M","TOTAL","Q86","D1111","BG",2012,745
"NAC","P_SAL_M","TOTAL","Q87","D01","BG",2012,569
"NAC","P_SAL_M","TOTAL","Q87","D111","BG",2012,471
"NAC","P_SAL_M","TOTAL","Q87","D1111","BG",2012,409
"NAC","P_SAL_M","TOTAL","Q88","D01","BG",2012,521
"NAC","P_SAL_M","TOTAL","Q88","D111","BG",2012,436
"NAC","P_SAL_M","TOTAL","Q88","D1111","BG",2012,381
"NAC","P_SAL_M","TOTAL","R","D01","BG",2012,753
"NAC","P_SAL_M","TOTAL","R","D111","BG",2012,643
"NAC","P_SAL_M","TOTAL","R","D1111","BG",2012,588
"NAC","P_SAL_M","TOTAL","R90","D01","BG",2012,669
"NAC","P_SAL_M","TOTAL","R90","D111","BG",2012,553
"NAC","P_SAL_M","TOTAL","R90","D1111","BG",2012,485
"NAC","P_SAL_M","TOTAL","R91","D01","BG",2012,632
"NAC","P_SAL_M","TOTAL","R91","D111","BG",2012,523
"NAC","P_SAL_M","TOTAL","R91","D1111","BG",2012,454
"NAC","P_SAL_M","TOTAL","R92","D01","BG",2012,639
"NAC","P_SAL_M","TOTAL","R92","D111","BG",2012,535
"NAC","P_SAL_M","TOTAL","R92","D1111","BG",2012,493
"NAC","P_SAL_M","TOTAL","R93","D01","BG",2012,981
"NAC","P_SAL_M","TOTAL","R93","D111","BG",2012,869
"NAC","P_SAL_M","TOTAL","R93","D1111","BG",2012,816
"NAC","P_SAL_M","TOTAL","S","D01","BG",2012,588
"NAC","P_SAL_M","TOTAL","S","D111","BG",2012,506
"NAC","P_SAL_M","TOTAL","S","D1111","BG",2012,466
"NAC","P_SAL_M","TOTAL","S94","D01","BG",2012,735
"NAC","P_SAL_M","TOTAL","S94","D111","BG",2012,642
"NAC","P_SAL_M","TOTAL","S94","D1111","BG",2012,585
"NAC","P_SAL_M","TOTAL","S95","D01","BG",2012,521
"NAC","P_SAL_M","TOTAL","S95","D111","BG",2012,438
"NAC","P_SAL_M","TOTAL","S95","D1111","BG",2012,410
"NAC","P_SAL_M","TOTAL","S96","D01","BG",2012,411
"NAC","P_SAL_M","TOTAL","S96","D111","BG",2012,344
"NAC","P_SAL_M","TOTAL","S96","D1111","BG",2012,322
"NAC","P_SAL_Y","10-49","B","D01","BG",2012,11532
"NAC","P_SAL_Y","10-49","B","D111","BG",2012,9595
"NAC","P_SAL_Y","10-49","B","D1111","BG",2012,8739
"NAC","P_SAL_Y","10-49","B-E","D01","BG",2012,6763
"NAC","P_SAL_Y","10-49","B-E","D111","BG",2012,5678
"NAC","P_SAL_Y","10-49","B-E","D1111","BG",2012,5233
"NAC","P_SAL_Y","10-49","B-F","D01","BG",2012,7095
"NAC","P_SAL_Y","10-49","B-F","D111","BG",2012,5970
"NAC","P_SAL_Y","10-49","B-F","D1111","BG",2012,5522
"NAC","P_SAL_Y","10-49","B-N","D01","BG",2012,8824
"NAC","P_SAL_Y","10-49","B-N","D111","BG",2012,7518
"NAC","P_SAL_Y","10-49","B-N","D1111","BG",2012,6984
"NAC","P_SAL_Y","10-49","B-S","D01","BG",2012,9041
"NAC","P_SAL_Y","10-49","B-S","D111","BG",2012,7614
"NAC","P_SAL_Y","10-49","B-S","D1111","BG",2012,6920
"NAC","P_SAL_Y","10-49","B-S_X_O","D01","BG",2012,8837
"NAC","P_SAL_Y","10-49","B-S_X_O","D111","BG",2012,7471
"NAC","P_SAL_Y","10-49","B-S_X_O","D1111","BG",2012,6812
"NAC","P_SAL_Y","10-49","B05","D01","BG",2012,NA
"NAC","P_SAL_Y","10-49","B05","D111","BG",2012,NA
"NAC","P_SAL_Y","10-49","B05","D1111","BG",2012,NA
"NAC","P_SAL_Y","10-49","B06","D01","BG",2012,36858
"NAC","P_SAL_Y","10-49","B06","D111","BG",2012,32948
"NAC","P_SAL_Y","10-49","B06","D1111","BG",2012,30797
"NAC","P_SAL_Y","10-49","B07","D01","BG",2012,NA
"NAC","P_SAL_Y","10-49","B07","D111","BG",2012,NA
"NAC","P_SAL_Y","10-49","B07","D1111","BG",2012,NA
"NAC","P_SAL_Y","10-49","B08","D01","BG",2012,10687
"NAC","P_SAL_Y","10-49","B08","D111","BG",2012,8827
"NAC","P_SAL_Y","10-49","B08","D1111","BG",2012,8014
"NAC","P_SAL_Y","10-49","B09","D01","BG",2012,NA
"NAC","P_SAL_Y","10-49","B09","D111","BG",2012,NA
"NAC","P_SAL_Y","10-49","B09","D1111","BG",2012,NA
"NAC","P_SAL_Y","10-49","C","D01","BG",2012,6482
"NAC","P_SAL_Y","10-49","C","D111","BG",2012,5432
"NAC","P_SAL_Y","10-49","C","D1111","BG",2012,5015
"NAC","P_SAL_Y","10-49","C10","D01","BG",2012,6076
"NAC","P_SAL_Y","10-49","C10","D111","BG",2012,5075
"NAC","P_SAL_Y","10-49","C10","D1111","BG",2012,4706
"NAC","P_SAL_Y","10-49","C11","D01","BG",2012,7658
"NAC","P_SAL_Y","10-49","C11","D111","BG",2012,6447
"NAC","P_SAL_Y","10-49","C11","D1111","BG",2012,5914
"NAC","P_SAL_Y","10-49","C12","D01","BG",2012,NA
"NAC","P_SAL_Y","10-49","C12","D111","BG",2012,NA
"NAC","P_SAL_Y","10-49","C12","D1111","BG",2012,NA
"NAC","P_SAL_Y","10-49","C13","D01","BG",2012,6344
"NAC","P_SAL_Y","10-49","C13","D111","BG",2012,5277
"NAC","P_SAL_Y","10-49","C13","D1111","BG",2012,4843
"NAC","P_SAL_Y","10-49","C14","D01","BG",2012,4735
"NAC","P_SAL_Y","10-49","C14","D111","BG",2012,3935
"NAC","P_SAL_Y","10-49","C14","D1111","BG",2012,3639
"NAC","P_SAL_Y","10-49","C15","D01","BG",2012,4769
"NAC","P_SAL_Y","10-49","C15","D111","BG",2012,3982
"NAC","P_SAL_Y","10-49","C15","D1111","BG",2012,3675
"NAC","P_SAL_Y","10-49","C16","D01","BG",2012,4765
"NAC","P_SAL_Y","10-49","C16","D111","BG",2012,3977
"NAC","P_SAL_Y","10-49","C16","D1111","BG",2012,3679
"NAC","P_SAL_Y","10-49","C17","D01","BG",2012,5944
"NAC","P_SAL_Y","10-49","C17","D111","BG",2012,4972
"NAC","P_SAL_Y","10-49","C17","D1111","BG",2012,4562
"NAC","P_SAL_Y","10-49","C18","D01","BG",2012,7179
"NAC","P_SAL_Y","10-49","C18","D111","BG",2012,6072
"NAC","P_SAL_Y","10-49","C18","D1111","BG",2012,5581
"NAC","P_SAL_Y","10-49","C19","D01","BG",2012,NA
"NAC","P_SAL_Y","10-49","C19","D111","BG",2012,NA
"NAC","P_SAL_Y","10-49","C19","D1111","BG",2012,NA
"NAC","P_SAL_Y","10-49","C20","D01","BG",2012,8458
"NAC","P_SAL_Y","10-49","C20","D111","BG",2012,7129
"NAC","P_SAL_Y","10-49","C20","D1111","BG",2012,6627
"NAC","P_SAL_Y","10-49","C21","D01","BG",2012,9660
"NAC","P_SAL_Y","10-49","C21","D111","BG",2012,8186
"NAC","P_SAL_Y","10-49","C21","D1111","BG",2012,7566
"NAC","P_SAL_Y","10-49","C22","D01","BG",2012,6845
"NAC","P_SAL_Y","10-49","C22","D111","BG",2012,5741
"NAC","P_SAL_Y","10-49","C22","D1111","BG",2012,5275
"NAC","P_SAL_Y","10-49","C23","D01","BG",2012,7610
"NAC","P_SAL_Y","10-49","C23","D111","BG",2012,6293
"NAC","P_SAL_Y","10-49","C23","D1111","BG",2012,5806
"NAC","P_SAL_Y","10-49","C24","D01","BG",2012,8295
"NAC","P_SAL_Y","10-49","C24","D111","BG",2012,6798
"NAC","P_SAL_Y","10-49","C24","D1111","BG",2012,6260
"NAC","P_SAL_Y","10-49","C25","D01","BG",2012,7545
"NAC","P_SAL_Y","10-49","C25","D111","BG",2012,6323
"NAC","P_SAL_Y","10-49","C25","D1111","BG",2012,5815
"NAC","P_SAL_Y","10-49","C26","D01","BG",2012,11117
"NAC","P_SAL_Y","10-49","C26","D111","BG",2012,9505
"NAC","P_SAL_Y","10-49","C26","D1111","BG",2012,8757
"NAC","P_SAL_Y","10-49","C27","D01","BG",2012,10727
"NAC","P_SAL_Y","10-49","C27","D111","BG",2012,9302
"NAC","P_SAL_Y","10-49","C27","D1111","BG",2012,8675
"NAC","P_SAL_Y","10-49","C28","D01","BG",2012,8540
"NAC","P_SAL_Y","10-49","C28","D111","BG",2012,7181
"NAC","P_SAL_Y","10-49","C28","D1111","BG",2012,6609
"NAC","P_SAL_Y","10-49","C29","D01","BG",2012,10185
"NAC","P_SAL_Y","10-49","C29","D111","BG",2012,8624
"NAC","P_SAL_Y","10-49","C29","D1111","BG",2012,7950
"NAC","P_SAL_Y","10-49","C30","D01","BG",2012,7912
"NAC","P_SAL_Y","10-49","C30","D111","BG",2012,6629
"NAC","P_SAL_Y","10-49","C30","D1111","BG",2012,6224
"NAC","P_SAL_Y","10-49","C31","D01","BG",2012,5045
"NAC","P_SAL_Y","10-49","C31","D111","BG",2012,4227
"NAC","P_SAL_Y","10-49","C31","D1111","BG",2012,3899
"NAC","P_SAL_Y","10-49","C32","D01","BG",2012,NA
"NAC","P_SAL_Y","10-49","C32","D111","BG",2012,NA
"NAC","P_SAL_Y","10-49","C32","D1111","BG",2012,NA
"NAC","P_SAL_Y","10-49","C33","D01","BG",2012,10078
"NAC","P_SAL_Y","10-49","C33","D111","BG",2012,8495
"NAC","P_SAL_Y","10-49","C33","D1111","BG",2012,7878
"NAC","P_SAL_Y","10-49","D","D01","BG",2012,19853
"NAC","P_SAL_Y","10-49","D","D111","BG",2012,17436
"NAC","P_SAL_Y","10-49","D","D1111","BG",2012,15650
"NAC","P_SAL_Y","10-49","D35","D01","BG",2012,19853
"NAC","P_SAL_Y","10-49","D35","D111","BG",2012,17436
"NAC","P_SAL_Y","10-49","D35","D1111","BG",2012,15650
"NAC","P_SAL_Y","10-49","E","D01","BG",2012,7789
"NAC","P_SAL_Y","10-49","E","D111","BG",2012,6578
"NAC","P_SAL_Y","10-49","E","D1111","BG",2012,6000
"NAC","P_SAL_Y","10-49","E36","D01","BG",2012,8172
"NAC","P_SAL_Y","10-49","E36","D111","BG",2012,6792
"NAC","P_SAL_Y","10-49","E36","D1111","BG",2012,5643
"NAC","P_SAL_Y","10-49","E37","D01","BG",2012,7505
"NAC","P_SAL_Y","10-49","E37","D111","BG",2012,6274
"NAC","P_SAL_Y","10-49","E37","D1111","BG",2012,5783
"NAC","P_SAL_Y","10-49","E38","D01","BG",2012,7366
"NAC","P_SAL_Y","10-49","E38","D111","BG",2012,6210
"NAC","P_SAL_Y","10-49","E38","D1111","BG",2012,5711
"NAC","P_SAL_Y","10-49","E39","D01","BG",2012,12870
"NAC","P_SAL_Y","10-49","E39","D111","BG",2012,11185
"NAC","P_SAL_Y","10-49","E39","D1111","BG",2012,10325
"NAC","P_SAL_Y","10-49","F","D01","BG",2012,7967
"NAC","P_SAL_Y","10-49","F","D111","BG",2012,6738
"NAC","P_SAL_Y","10-49","F","D1111","BG",2012,6283
"NAC","P_SAL_Y","10-49","F41","D01","BG",2012,6963
"NAC","P_SAL_Y","10-49","F41","D111","BG",2012,5864
"NAC","P_SAL_Y","10-49","F41","D1111","BG",2012,5463
"NAC","P_SAL_Y","10-49","F42","D01","BG",2012,10031
"NAC","P_SAL_Y","10-49","F42","D111","BG",2012,8565
"NAC","P_SAL_Y","10-49","F42","D1111","BG",2012,8024
"NAC","P_SAL_Y","10-49","F43","D01","BG",2012,8251
"NAC","P_SAL_Y","10-49","F43","D111","BG",2012,6969
"NAC","P_SAL_Y","10-49","F43","D1111","BG",2012,6488
"NAC","P_SAL_Y","10-49","G","D01","BG",2012,9025
"NAC","P_SAL_Y","10-49","G","D111","BG",2012,7692
"NAC","P_SAL_Y","10-49","G","D1111","BG",2012,7155
"NAC","P_SAL_Y","10-49","G-J","D01","BG",2012,9141
"NAC","P_SAL_Y","10-49","G-J","D111","BG",2012,7778
"NAC","P_SAL_Y","10-49","G-J","D1111","BG",2012,7246
"NAC","P_SAL_Y","10-49","G-N","D01","BG",2012,9972
"NAC","P_SAL_Y","10-49","G-N","D111","BG",2012,8546
"NAC","P_SAL_Y","10-49","G-N","D1111","BG",2012,7953
"NAC","P_SAL_Y","10-49","G-S_X_O","D01","BG",2012,9620
"NAC","P_SAL_Y","10-49","G-S_X_O","D111","BG",2012,8145
"NAC","P_SAL_Y","10-49","G-S_X_O","D1111","BG",2012,7391
"NAC","P_SAL_Y","10-49","G45","D01","BG",2012,9567
"NAC","P_SAL_Y","10-49","G45","D111","BG",2012,8116
"NAC","P_SAL_Y","10-49","G45","D1111","BG",2012,7538
"NAC","P_SAL_Y","10-49","G46","D01","BG",2012,11211
"NAC","P_SAL_Y","10-49","G46","D111","BG",2012,9687
"NAC","P_SAL_Y","10-49","G46","D1111","BG",2012,9012
"NAC","P_SAL_Y","10-49","G47","D01","BG",2012,6783
"NAC","P_SAL_Y","10-49","G47","D111","BG",2012,5661
"NAC","P_SAL_Y","10-49","G47","D1111","BG",2012,5267
"NAC","P_SAL_Y","10-49","H","D01","BG",2012,8005
"NAC","P_SAL_Y","10-49","H","D111","BG",2012,6574
"NAC","P_SAL_Y","10-49","H","D1111","BG",2012,6122
"NAC","P_SAL_Y","10-49","H49","D01","BG",2012,6660
"NAC","P_SAL_Y","10-49","H49","D111","BG",2012,5361
"NAC","P_SAL_Y","10-49","H49","D1111","BG",2012,5002
"NAC","P_SAL_Y","10-49","H50","D01","BG",2012,12541
"NAC","P_SAL_Y","10-49","H50","D111","BG",2012,10833
"NAC","P_SAL_Y","10-49","H50","D1111","BG",2012,10418
"NAC","P_SAL_Y","10-49","H51","D01","BG",2012,24166
"NAC","P_SAL_Y","10-49","H51","D111","BG",2012,20007
"NAC","P_SAL_Y","10-49","H51","D1111","BG",2012,18253
"NAC","P_SAL_Y","10-49","H52","D01","BG",2012,15223
"NAC","P_SAL_Y","10-49","H52","D111","BG",2012,13104
"NAC","P_SAL_Y","10-49","H52","D1111","BG",2012,12142
"NAC","P_SAL_Y","10-49","H53","D01","BG",2012,NA
"NAC","P_SAL_Y","10-49","H53","D111","BG",2012,NA
"NAC","P_SAL_Y","10-49","H53","D1111","BG",2012,NA
"NAC","P_SAL_Y","10-49","I","D01","BG",2012,6279
"NAC","P_SAL_Y","10-49","I","D111","BG",2012,5231
"NAC","P_SAL_Y","10-49","I","D1111","BG",2012,4916
"NAC","P_SAL_Y","10-49","I55","D01","BG",2012,7465
"NAC","P_SAL_Y","10-49","I55","D111","BG",2012,6220
"NAC","P_SAL_Y","10-49","I55","D1111","BG",2012,5825
"NAC","P_SAL_Y","10-49","I56","D01","BG",2012,5765
"NAC","P_SAL_Y","10-49","I56","D111","BG",2012,4803
"NAC","P_SAL_Y","10-49","I56","D1111","BG",2012,4523
"NAC","P_SAL_Y","10-49","J","D01","BG",2012,20430
"NAC","P_SAL_Y","10-49","J","D111","BG",2012,18026
"NAC","P_SAL_Y","10-49","J","D1111","BG",2012,16765
"NAC","P_SAL_Y","10-49","J58","D01","BG",2012,12071
"NAC","P_SAL_Y","10-49","J58","D111","BG",2012,10413
"NAC","P_SAL_Y","10-49","J58","D1111","BG",2012,9660
"NAC","P_SAL_Y","10-49","J59","D01","BG",2012,21644
"NAC","P_SAL_Y","10-49","J59","D111","BG",2012,19244
"NAC","P_SAL_Y","10-49","J59","D1111","BG",2012,18024
"NAC","P_SAL_Y","10-49","J60","D01","BG",2012,13427
"NAC","P_SAL_Y","10-49","J60","D111","BG",2012,11434
"NAC","P_SAL_Y","10-49","J60","D1111","BG",2012,10599
"NAC","P_SAL_Y","10-49","J61","D01","BG",2012,9157
"NAC","P_SAL_Y","10-49","J61","D111","BG",2012,7726
"NAC","P_SAL_Y","10-49","J61","D1111","BG",2012,7109
"NAC","P_SAL_Y","10-49","J62","D01","BG",2012,26944
"NAC","P_SAL_Y","10-49","J62","D111","BG",2012,23960
"NAC","P_SAL_Y","10-49","J62","D1111","BG",2012,22295
"NAC","P_SAL_Y","10-49","J63","D01","BG",2012,19275
"NAC","P_SAL_Y","10-49","J63","D111","BG",2012,17084
"NAC","P_SAL_Y","10-49","J63","D1111","BG",2012,15957
"NAC","P_SAL_Y","10-49","K","D01","BG",2012,20669
"NAC","P_SAL_Y","10-49","K","D111","BG",2012,18258
"NAC","P_SAL_Y","10-49","K","D1111","BG",2012,16886
"NAC","P_SAL_Y","10-49","K-N","D01","BG",2012,13307
"NAC","P_SAL_Y","10-49","K-N","D111","BG",2012,11625
"NAC","P_SAL_Y","10-49","K-N","D1111","BG",2012,10792
"NAC","P_SAL_Y","10-49","K64","D01","BG",2012,21909
"NAC","P_SAL_Y","10-49","K64","D111","BG",2012,19405
"NAC","P_SAL_Y","10-49","K64","D1111","BG",2012,17940
"NAC","P_SAL_Y","10-49","K65","D01","BG",2012,27533
"NAC","P_SAL_Y","10-49","K65","D111","BG",2012,24218
"NAC","P_SAL_Y","10-49","K65","D1111","BG",2012,21916
"NAC","P_SAL_Y","10-49","K66","D01","BG",2012,16247
"NAC","P_SAL_Y","10-49","K66","D111","BG",2012,14295
"NAC","P_SAL_Y","10-49","K66","D1111","BG",2012,13393
"NAC","P_SAL_Y","10-49","L","D01","BG",2012,11482
"NAC","P_SAL_Y","10-49","L","D111","BG",2012,9855
"NAC","P_SAL_Y","10-49","L","D1111","BG",2012,9036
"NAC","P_SAL_Y","10-49","L68","D01","BG",2012,11482
"NAC","P_SAL_Y","10-49","L68","D111","BG",2012,9855
"NAC","P_SAL_Y","10-49","L68","D1111","BG",2012,9036
"NAC","P_SAL_Y","10-49","M","D01","BG",2012,18584
"NAC","P_SAL_Y","10-49","M","D111","BG",2012,16416
"NAC","P_SAL_Y","10-49","M","D1111","BG",2012,15300
"NAC","P_SAL_Y","10-49","M69","D01","BG",2012,14465
"NAC","P_SAL_Y","10-49","M69","D111","BG",2012,12525
"NAC","P_SAL_Y","10-49","M69","D1111","BG",2012,11673
"NAC","P_SAL_Y","10-49","M70","D01","BG",2012,32313
"NAC","P_SAL_Y","10-49","M70","D111","BG",2012,29641
"NAC","P_SAL_Y","10-49","M70","D1111","BG",2012,28130
"NAC","P_SAL_Y","10-49","M71","D01","BG",2012,18346
"NAC","P_SAL_Y","10-49","M71","D111","BG",2012,16008
"NAC","P_SAL_Y","10-49","M71","D1111","BG",2012,14827
"NAC","P_SAL_Y","10-49","M72","D01","BG",2012,11988
"NAC","P_SAL_Y","10-49","M72","D111","BG",2012,10166
"NAC","P_SAL_Y","10-49","M72","D1111","BG",2012,9120
"NAC","P_SAL_Y","10-49","M73","D01","BG",2012,18320
"NAC","P_SAL_Y","10-49","M73","D111","BG",2012,16228
"NAC","P_SAL_Y","10-49","M73","D1111","BG",2012,15127
"NAC","P_SAL_Y","10-49","M74","D01","BG",2012,18517
"NAC","P_SAL_Y","10-49","M74","D111","BG",2012,16403
"NAC","P_SAL_Y","10-49","M74","D1111","BG",2012,15296
"NAC","P_SAL_Y","10-49","M75","D01","BG",2012,6341
"NAC","P_SAL_Y","10-49","M75","D111","BG",2012,5398
"NAC","P_SAL_Y","10-49","M75","D1111","BG",2012,4996
"NAC","P_SAL_Y","10-49","N","D01","BG",2012,7224
"NAC","P_SAL_Y","10-49","N","D111","BG",2012,6172
"NAC","P_SAL_Y","10-49","N","D1111","BG",2012,5749
"NAC","P_SAL_Y","10-49","N77","D01","BG",2012,13394
"NAC","P_SAL_Y","10-49","N77","D111","BG",2012,11428
"NAC","P_SAL_Y","10-49","N77","D1111","BG",2012,10675
"NAC","P_SAL_Y","10-49","N78","D01","BG",2012,12193
"NAC","P_SAL_Y","10-49","N78","D111","BG",2012,10281
"NAC","P_SAL_Y","10-49","N78","D1111","BG",2012,9518
"NAC","P_SAL_Y","10-49","N79","D01","BG",2012,11015
"NAC","P_SAL_Y","10-49","N79","D111","BG",2012,9411
"NAC","P_SAL_Y","10-49","N79","D1111","BG",2012,8820
"NAC","P_SAL_Y","10-49","N80","D01","BG",2012,5326
"NAC","P_SAL_Y","10-49","N80","D111","BG",2012,4494
"NAC","P_SAL_Y","10-49","N80","D1111","BG",2012,4213
"NAC","P_SAL_Y","10-49","N81","D01","BG",2012,5245
"NAC","P_SAL_Y","10-49","N81","D111","BG",2012,4572
"NAC","P_SAL_Y","10-49","N81","D1111","BG",2012,4217
"NAC","P_SAL_Y","10-49","N82","D01","BG",2012,10768
"NAC","P_SAL_Y","10-49","N82","D111","BG",2012,9317
"NAC","P_SAL_Y","10-49","N82","D1111","BG",2012,8653
"NAC","P_SAL_Y","10-49","O","D01","BG",2012,15578
"NAC","P_SAL_Y","10-49","O","D111","BG",2012,12216
"NAC","P_SAL_Y","10-49","O","D1111","BG",2012,10392
"NAC","P_SAL_Y","10-49","O-S","D01","BG",2012,9702
"NAC","P_SAL_Y","10-49","O-S","D111","BG",2012,7908
"NAC","P_SAL_Y","10-49","O-S","D1111","BG",2012,6726
"NAC","P_SAL_Y","10-49","O84","D01","BG",2012,15578
"NAC","P_SAL_Y","10-49","O84","D111","BG",2012,12216
"NAC","P_SAL_Y","10-49","O84","D1111","BG",2012,10392
"NAC","P_SAL_Y","10-49","P","D01","BG",2012,9243
"NAC","P_SAL_Y","10-49","P","D111","BG",2012,7501
"NAC","P_SAL_Y","10-49","P","D1111","BG",2012,6164
"NAC","P_SAL_Y","10-49","P-S","D01","BG",2012,8882
"NAC","P_SAL_Y","10-49","P-S","D111","BG",2012,7306
"NAC","P_SAL_Y","10-49","P-S","D1111","BG",2012,6214
"NAC","P_SAL_Y","10-49","P85","D01","BG",2012,9243
"NAC","P_SAL_Y","10-49","P85","D111","BG",2012,7501
"NAC","P_SAL_Y","10-49","P85","D1111","BG",2012,6164
"NAC","P_SAL_Y","10-49","Q","D01","BG",2012,8524
"NAC","P_SAL_Y","10-49","Q","D111","BG",2012,7187
"NAC","P_SAL_Y","10-49","Q","D1111","BG",2012,6503
"NAC","P_SAL_Y","10-49","Q86","D01","BG",2012,10407
"NAC","P_SAL_Y","10-49","Q86","D111","BG",2012,8844
"NAC","P_SAL_Y","10-49","Q86","D1111","BG",2012,8142
"NAC","P_SAL_Y","10-49","Q87","D01","BG",2012,6638
"NAC","P_SAL_Y","10-49","Q87","D111","BG",2012,5462
"NAC","P_SAL_Y","10-49","Q87","D1111","BG",2012,4773
"NAC","P_SAL_Y","10-49","Q88","D01","BG",2012,6134
"NAC","P_SAL_Y","10-49","Q88","D111","BG",2012,5149
"NAC","P_SAL_Y","10-49","Q88","D1111","BG",2012,4515
"NAC","P_SAL_Y","10-49","R","D01","BG",2012,7440
"NAC","P_SAL_Y","10-49","R","D111","BG",2012,6246
"NAC","P_SAL_Y","10-49","R","D1111","BG",2012,5709
"NAC","P_SAL_Y","10-49","R90","D01","BG",2012,7857
"NAC","P_SAL_Y","10-49","R90","D111","BG",2012,6487
"NAC","P_SAL_Y","10-49","R90","D1111","BG",2012,5741
"NAC","P_SAL_Y","10-49","R91","D01","BG",2012,7254
"NAC","P_SAL_Y","10-49","R91","D111","BG",2012,6000
"NAC","P_SAL_Y","10-49","R91","D1111","BG",2012,5224
"NAC","P_SAL_Y","10-49","R92","D01","BG",2012,6269
"NAC","P_SAL_Y","10-49","R92","D111","BG",2012,5254
"NAC","P_SAL_Y","10-49","R92","D1111","BG",2012,4930
"NAC","P_SAL_Y","10-49","R93","D01","BG",2012,8583
"NAC","P_SAL_Y","10-49","R93","D111","BG",2012,7335
"NAC","P_SAL_Y","10-49","R93","D1111","BG",2012,6851
"NAC","P_SAL_Y","10-49","S","D01","BG",2012,8313
"NAC","P_SAL_Y","10-49","S","D111","BG",2012,7131
"NAC","P_SAL_Y","10-49","S","D1111","BG",2012,6490
"NAC","P_SAL_Y","10-49","S94","D01","BG",2012,9977
"NAC","P_SAL_Y","10-49","S94","D111","BG",2012,8678
"NAC","P_SAL_Y","10-49","S94","D1111","BG",2012,7862
"NAC","P_SAL_Y","10-49","S95","D01","BG",2012,NA
"NAC","P_SAL_Y","10-49","S95","D111","BG",2012,NA
"NAC","P_SAL_Y","10-49","S95","D1111","BG",2012,NA
"NAC","P_SAL_Y","10-49","S96","D01","BG",2012,5826
"NAC","P_SAL_Y","10-49","S96","D111","BG",2012,4849
"NAC","P_SAL_Y","10-49","S96","D1111","BG",2012,4457
"NAC","P_SAL_Y","250-499","B","D01","BG",2012,11558
"NAC","P_SAL_Y","250-499","B","D111","BG",2012,8921
"NAC","P_SAL_Y","250-499","B","D1111","BG",2012,7972
"NAC","P_SAL_Y","250-499","B-E","D01","BG",2012,11626
"NAC","P_SAL_Y","250-499","B-E","D111","BG",2012,9661
"NAC","P_SAL_Y","250-499","B-E","D1111","BG",2012,8494
"NAC","P_SAL_Y","250-499","B-F","D01","BG",2012,11812
"NAC","P_SAL_Y","250-499","B-F","D111","BG",2012,9832
"NAC","P_SAL_Y","250-499","B-F","D1111","BG",2012,8682
"NAC","P_SAL_Y","250-499","B-N","D01","BG",2012,12828
"NAC","P_SAL_Y","250-499","B-N","D111","BG",2012,10833
"NAC","P_SAL_Y","250-499","B-N","D1111","BG",2012,9670
"NAC","P_SAL_Y","250-499","B-S","D01","BG",2012,13081
"NAC","P_SAL_Y","250-499","B-S","D111","BG",2012,10941
"NAC","P_SAL_Y","250-499","B-S","D1111","BG",2012,9711
"NAC","P_SAL_Y","250-499","B-S_X_O","D01","BG",2012,12770
"NAC","P_SAL_Y","250-499","B-S_X_O","D111","BG",2012,10774
"NAC","P_SAL_Y","250-499","B-S_X_O","D1111","BG",2012,9575
"NAC","P_SAL_Y","250-499","B05","D01","BG",2012,9154
"NAC","P_SAL_Y","250-499","B05","D111","BG",2012,6960
"NAC","P_SAL_Y","250-499","B05","D1111","BG",2012,6276
"NAC","P_SAL_Y","250-499","B06","D01","BG",2012,NA
"NAC","P_SAL_Y","250-499","B06","D111","BG",2012,NA
"NAC","P_SAL_Y","250-499","B06","D1111","BG",2012,NA
"NAC","P_SAL_Y","250-499","B07","D01","BG",2012,13709
"NAC","P_SAL_Y","250-499","B07","D111","BG",2012,10515
"NAC","P_SAL_Y","250-499","B07","D1111","BG",2012,9473
"NAC","P_SAL_Y","250-499","B08","D01","BG",2012,10416
"NAC","P_SAL_Y","250-499","B08","D111","BG",2012,8362
"NAC","P_SAL_Y","250-499","B08","D1111","BG",2012,7202
"NAC","P_SAL_Y","250-499","C","D01","BG",2012,11195
"NAC","P_SAL_Y","250-499","C","D111","BG",2012,9351
"NAC","P_SAL_Y","250-499","C","D1111","BG",2012,8271
"NAC","P_SAL_Y","250-499","C10","D01","BG",2012,NA
"NAC","P_SAL_Y","250-499","C10","D111","BG",2012,NA
"NAC","P_SAL_Y","250-499","C10","D1111","BG",2012,NA
"NAC","P_SAL_Y","250-499","C11","D01","BG",2012,14271
"NAC","P_SAL_Y","250-499","C11","D111","BG",2012,12122
"NAC","P_SAL_Y","250-499","C11","D1111","BG",2012,11091
"NAC","P_SAL_Y","250-499","C12","D01","BG",2012,20720
"NAC","P_SAL_Y","250-499","C12","D111","BG",2012,17834
"NAC","P_SAL_Y","250-499","C12","D1111","BG",2012,15536
"NAC","P_SAL_Y","250-499","C13","D01","BG",2012,7557
"NAC","P_SAL_Y","250-499","C13","D111","BG",2012,6146
"NAC","P_SAL_Y","250-499","C13","D1111","BG",2012,5351
"NAC","P_SAL_Y","250-499","C14","D01","BG",2012,7088
"NAC","P_SAL_Y","250-499","C14","D111","BG",2012,5947
"NAC","P_SAL_Y","250-499","C14","D1111","BG",2012,5275
"NAC","P_SAL_Y","250-499","C15","D01","BG",2012,7553
"NAC","P_SAL_Y","250-499","C15","D111","BG",2012,6415
"NAC","P_SAL_Y","250-499","C15","D1111","BG",2012,5542
"NAC","P_SAL_Y","250-499","C16","D01","BG",2012,NA
"NAC","P_SAL_Y","250-499","C16","D111","BG",2012,NA
"NAC","P_SAL_Y","250-499","C16","D1111","BG",2012,NA
"NAC","P_SAL_Y","250-499","C17","D01","BG",2012,11184
"NAC","P_SAL_Y","250-499","C17","D111","BG",2012,9163
"NAC","P_SAL_Y","250-499","C17","D1111","BG",2012,7907
"NAC","P_SAL_Y","250-499","C18","D01","BG",2012,16015
"NAC","P_SAL_Y","250-499","C18","D111","BG",2012,13728
"NAC","P_SAL_Y","250-499","C18","D1111","BG",2012,12406
"NAC","P_SAL_Y","250-499","C19","D01","BG",2012,NA
"NAC","P_SAL_Y","250-499","C19","D111","BG",2012,NA
"NAC","P_SAL_Y","250-499","C19","D1111","BG",2012,NA
"NAC","P_SAL_Y","250-499","C20","D01","BG",2012,20627
"NAC","P_SAL_Y","250-499","C20","D111","BG",2012,17157
"NAC","P_SAL_Y","250-499","C20","D1111","BG",2012,14968
"NAC","P_SAL_Y","250-499","C21","D01","BG",2012,14039
"NAC","P_SAL_Y","250-499","C21","D111","BG",2012,11790
"NAC","P_SAL_Y","250-499","C21","D1111","BG",2012,10211
"NAC","P_SAL_Y","250-499","C22","D01","BG",2012,8782
"NAC","P_SAL_Y","250-499","C22","D111","BG",2012,7425
"NAC","P_SAL_Y","250-499","C22","D1111","BG",2012,6877
"NAC","P_SAL_Y","250-499","C23","D01","BG",2012,NA
"NAC","P_SAL_Y","250-499","C23","D111","BG",2012,NA
"NAC","P_SAL_Y","250-499","C23","D1111","BG",2012,NA
"NAC","P_SAL_Y","250-499","C24","D01","BG",2012,13021
"NAC","P_SAL_Y","250-499","C24","D111","BG",2012,10328
"NAC","P_SAL_Y","250-499","C24","D1111","BG",2012,8749
"NAC","P_SAL_Y","250-499","C25","D01","BG",2012,10519
"NAC","P_SAL_Y","250-499","C25","D111","BG",2012,8748
"NAC","P_SAL_Y","250-499","C25","D1111","BG",2012,7522
"NAC","P_SAL_Y","250-499","C26","D01","BG",2012,14742
"NAC","P_SAL_Y","250-499","C26","D111","BG",2012,12587
"NAC","P_SAL_Y","250-499","C26","D1111","BG",2012,10592
"NAC","P_SAL_Y","250-499","C27","D01","BG",2012,12568
"NAC","P_SAL_Y","250-499","C27","D111","BG",2012,10595
"NAC","P_SAL_Y","250-499","C27","D1111","BG",2012,9455
"NAC","P_SAL_Y","250-499","C28","D01","BG",2012,13182
"NAC","P_SAL_Y","250-499","C28","D111","BG",2012,11007
"NAC","P_SAL_Y","250-499","C28","D1111","BG",2012,9863
"NAC","P_SAL_Y","250-499","C29","D01","BG",2012,10217
"NAC","P_SAL_Y","250-499","C29","D111","BG",2012,8538
"NAC","P_SAL_Y","250-499","C29","D1111","BG",2012,7640
"NAC","P_SAL_Y","250-499","C30","D01","BG",2012,11397
"NAC","P_SAL_Y","250-499","C30","D111","BG",2012,9408
"NAC","P_SAL_Y","250-499","C30","D1111","BG",2012,8572
"NAC","P_SAL_Y","250-499","C31","D01","BG",2012,NA
"NAC","P_SAL_Y","250-499","C31","D111","BG",2012,NA
"NAC","P_SAL_Y","250-499","C31","D1111","BG",2012,NA
"NAC","P_SAL_Y","250-499","C32","D01","BG",2012,NA
"NAC","P_SAL_Y","250-499","C32","D111","BG",2012,NA
"NAC","P_SAL_Y","250-499","C32","D1111","BG",2012,NA
"NAC","P_SAL_Y","250-499","C33","D01","BG",2012,12555
"NAC","P_SAL_Y","250-499","C33","D111","BG",2012,9658
"NAC","P_SAL_Y","250-499","C33","D1111","BG",2012,8479
"NAC","P_SAL_Y","250-499","D","D01","BG",2012,31149
"NAC","P_SAL_Y","250-499","D","D111","BG",2012,25476
"NAC","P_SAL_Y","250-499","D","D1111","BG",2012,21791
"NAC","P_SAL_Y","250-499","D35","D01","BG",2012,31149
"NAC","P_SAL_Y","250-499","D35","D111","BG",2012,25476
"NAC","P_SAL_Y","250-499","D35","D1111","BG",2012,21791
"NAC","P_SAL_Y","250-499","E","D01","BG",2012,9290
"NAC","P_SAL_Y","250-499","E","D111","BG",2012,7744
"NAC","P_SAL_Y","250-499","E","D1111","BG",2012,6619
"NAC","P_SAL_Y","250-499","E36","D01","BG",2012,10020
"NAC","P_SAL_Y","250-499","E36","D111","BG",2012,8340
"NAC","P_SAL_Y","250-499","E36","D1111","BG",2012,6828
"NAC","P_SAL_Y","250-499","E37","D01","BG",2012,NA
"NAC","P_SAL_Y","250-499","E37","D111","BG",2012,NA
"NAC","P_SAL_Y","250-499","E37","D1111","BG",2012,NA
"NAC","P_SAL_Y","250-499","E38","D01","BG",2012,8468
"NAC","P_SAL_Y","250-499","E38","D111","BG",2012,7079
"NAC","P_SAL_Y","250-499","E38","D1111","BG",2012,6446
"NAC","P_SAL_Y","250-499","F","D01","BG",2012,13066
"NAC","P_SAL_Y","250-499","F","D111","BG",2012,10984
"NAC","P_SAL_Y","250-499","F","D1111","BG",2012,9945
"NAC","P_SAL_Y","250-499","F41","D01","BG",2012,NA
"NAC","P_SAL_Y","250-499","F41","D111","BG",2012,NA
"NAC","P_SAL_Y","250-499","F41","D1111","BG",2012,NA
"NAC","P_SAL_Y","250-499","F42","D01","BG",2012,13357
"NAC","P_SAL_Y","250-499","F42","D111","BG",2012,11222
"NAC","P_SAL_Y","250-499","F42","D1111","BG",2012,10211
"NAC","P_SAL_Y","250-499","F43","D01","BG",2012,NA
"NAC","P_SAL_Y","250-499","F43","D111","BG",2012,NA
"NAC","P_SAL_Y","250-499","F43","D1111","BG",2012,NA
"NAC","P_SAL_Y","250-499","G","D01","BG",2012,12927
"NAC","P_SAL_Y","250-499","G","D111","BG",2012,11002
"NAC","P_SAL_Y","250-499","G","D1111","BG",2012,10105
"NAC","P_SAL_Y","250-499","G-J","D01","BG",2012,17484
"NAC","P_SAL_Y","250-499","G-J","D111","BG",2012,14982
"NAC","P_SAL_Y","250-499","G-J","D1111","BG",2012,13536
"NAC","P_SAL_Y","250-499","G-N","D01","BG",2012,14331
"NAC","P_SAL_Y","250-499","G-N","D111","BG",2012,12314
"NAC","P_SAL_Y","250-499","G-N","D1111","BG",2012,11132
"NAC","P_SAL_Y","250-499","G-S_X_O","D01","BG",2012,13751
"NAC","P_SAL_Y","250-499","G-S_X_O","D111","BG",2012,11739
"NAC","P_SAL_Y","250-499","G-S_X_O","D1111","BG",2012,10490
"NAC","P_SAL_Y","250-499","G45","D01","BG",2012,16327
"NAC","P_SAL_Y","250-499","G45","D111","BG",2012,13923
"NAC","P_SAL_Y","250-499","G45","D1111","BG",2012,12693
"NAC","P_SAL_Y","250-499","G46","D01","BG",2012,13825
"NAC","P_SAL_Y","250-499","G46","D111","BG",2012,11795
"NAC","P_SAL_Y","250-499","G46","D1111","BG",2012,10751
"NAC","P_SAL_Y","250-499","G47","D01","BG",2012,11313
"NAC","P_SAL_Y","250-499","G47","D111","BG",2012,9597
"NAC","P_SAL_Y","250-499","G47","D1111","BG",2012,8909
"NAC","P_SAL_Y","250-499","H","D01","BG",2012,11341
"NAC","P_SAL_Y","250-499","H","D111","BG",2012,8925
"NAC","P_SAL_Y","250-499","H","D1111","BG",2012,7503
"NAC","P_SAL_Y","250-499","H49","D01","BG",2012,10663
"NAC","P_SAL_Y","250-499","H49","D111","BG",2012,8302
"NAC","P_SAL_Y","250-499","H49","D1111","BG",2012,7005
"NAC","P_SAL_Y","250-499","H50","D01","BG",2012,NA
"NAC","P_SAL_Y","250-499","H50","D111","BG",2012,NA
"NAC","P_SAL_Y","250-499","H50","D1111","BG",2012,NA
"NAC","P_SAL_Y","250-499","H51","D01","BG",2012,NA
"NAC","P_SAL_Y","250-499","H51","D111","BG",2012,NA
"NAC","P_SAL_Y","250-499","H51","D1111","BG",2012,NA
"NAC","P_SAL_Y","250-499","H52","D01","BG",2012,NA
"NAC","P_SAL_Y","250-499","H52","D111","BG",2012,NA
"NAC","P_SAL_Y","250-499","H52","D1111","BG",2012,NA
"NAC","P_SAL_Y","250-499","H53","D01","BG",2012,NA
"NAC","P_SAL_Y","250-499","H53","D111","BG",2012,NA
"NAC","P_SAL_Y","250-499","H53","D1111","BG",2012,NA
"NAC","P_SAL_Y","250-499","I","D01","BG",2012,8240
"NAC","P_SAL_Y","250-499","I","D111","BG",2012,6872
"NAC","P_SAL_Y","250-499","I","D1111","BG",2012,6230
"NAC","P_SAL_Y","250-499","I55","D01","BG",2012,9564
"NAC","P_SAL_Y","250-499","I55","D111","BG",2012,7983
"NAC","P_SAL_Y","250-499","I55","D1111","BG",2012,7164
"NAC","P_SAL_Y","250-499","I56","D01","BG",2012,5495
"NAC","P_SAL_Y","250-499","I56","D111","BG",2012,4569
"NAC","P_SAL_Y","250-499","I56","D1111","BG",2012,4293
"NAC","P_SAL_Y","250-499","J","D01","BG",2012,36819
"NAC","P_SAL_Y","250-499","J","D111","BG",2012,32406
"NAC","P_SAL_Y","250-499","J","D1111","BG",2012,29397
"NAC","P_SAL_Y","250-499","J58","D01","BG",2012,NA
"NAC","P_SAL_Y","250-499","J58","D111","BG",2012,NA
"NAC","P_SAL_Y","250-499","J58","D1111","BG",2012,NA
"NAC","P_SAL_Y","250-499","J60","D01","BG",2012,35704
"NAC","P_SAL_Y","250-499","J60","D111","BG",2012,31270
"NAC","P_SAL_Y","250-499","J60","D1111","BG",2012,28454
"NAC","P_SAL_Y","250-499","J61","D01","BG",2012,17575
"NAC","P_SAL_Y","250-499","J61","D111","BG",2012,14314
"NAC","P_SAL_Y","250-499","J61","D1111","BG",2012,13041
"NAC","P_SAL_Y","250-499","J62","D01","BG",2012,49998
"NAC","P_SAL_Y","250-499","J62","D111","BG",2012,44596
"NAC","P_SAL_Y","250-499","J62","D1111","BG",2012,40450
"NAC","P_SAL_Y","250-499","J63","D01","BG",2012,25374
"NAC","P_SAL_Y","250-499","J63","D111","BG",2012,22062
"NAC","P_SAL_Y","250-499","J63","D1111","BG",2012,19941
"NAC","P_SAL_Y","250-499","K","D01","BG",2012,19957
"NAC","P_SAL_Y","250-499","K","D111","BG",2012,17321
"NAC","P_SAL_Y","250-499","K","D1111","BG",2012,15634
"NAC","P_SAL_Y","250-499","K-N","D01","BG",2012,10642
"NAC","P_SAL_Y","250-499","K-N","D111","BG",2012,9190
"NAC","P_SAL_Y","250-499","K-N","D1111","BG",2012,8318
"NAC","P_SAL_Y","250-499","K64","D01","BG",2012,20656
"NAC","P_SAL_Y","250-499","K64","D111","BG",2012,17819
"NAC","P_SAL_Y","250-499","K64","D1111","BG",2012,15799
"NAC","P_SAL_Y","250-499","K65","D01","BG",2012,21825
"NAC","P_SAL_Y","250-499","K65","D111","BG",2012,19003
"NAC","P_SAL_Y","250-499","K65","D1111","BG",2012,17438
"NAC","P_SAL_Y","250-499","K66","D01","BG",2012,NA
"NAC","P_SAL_Y","250-499","K66","D111","BG",2012,NA
"NAC","P_SAL_Y","250-499","K66","D1111","BG",2012,NA
"NAC","P_SAL_Y","250-499","L","D01","BG",2012,17497
"NAC","P_SAL_Y","250-499","L","D111","BG",2012,14686
"NAC","P_SAL_Y","250-499","L","D1111","BG",2012,13339
"NAC","P_SAL_Y","250-499","L68","D01","BG",2012,17497
"NAC","P_SAL_Y","250-499","L68","D111","BG",2012,14686
"NAC","P_SAL_Y","250-499","L68","D1111","BG",2012,13339
"NAC","P_SAL_Y","250-499","M","D01","BG",2012,17254
"NAC","P_SAL_Y","250-499","M","D111","BG",2012,14437
"NAC","P_SAL_Y","250-499","M","D1111","BG",2012,12785
"NAC","P_SAL_Y","250-499","M69","D01","BG",2012,NA
"NAC","P_SAL_Y","250-499","M69","D111","BG",2012,NA
"NAC","P_SAL_Y","250-499","M69","D1111","BG",2012,NA
"NAC","P_SAL_Y","250-499","M70","D01","BG",2012,NA
"NAC","P_SAL_Y","250-499","M70","D111","BG",2012,NA
"NAC","P_SAL_Y","250-499","M70","D1111","BG",2012,NA
"NAC","P_SAL_Y","250-499","M71","D01","BG",2012,NA
"NAC","P_SAL_Y","250-499","M71","D111","BG",2012,NA
"NAC","P_SAL_Y","250-499","M71","D1111","BG",2012,NA
"NAC","P_SAL_Y","250-499","M72","D01","BG",2012,8981
"NAC","P_SAL_Y","250-499","M72","D111","BG",2012,7411
"NAC","P_SAL_Y","250-499","M72","D1111","BG",2012,6677
"NAC","P_SAL_Y","250-499","M73","D01","BG",2012,NA
"NAC","P_SAL_Y","250-499","M73","D111","BG",2012,NA
"NAC","P_SAL_Y","250-499","M73","D1111","BG",2012,NA
"NAC","P_SAL_Y","250-499","M74","D01","BG",2012,29360
"NAC","P_SAL_Y","250-499","M74","D111","BG",2012,24928
"NAC","P_SAL_Y","250-499","M74","D1111","BG",2012,22784
"NAC","P_SAL_Y","250-499","N","D01","BG",2012,6300
"NAC","P_SAL_Y","250-499","N","D111","BG",2012,5538
"NAC","P_SAL_Y","250-499","N","D1111","BG",2012,5092
"NAC","P_SAL_Y","250-499","N78","D01","BG",2012,11681
"NAC","P_SAL_Y","250-499","N78","D111","BG",2012,9888
"NAC","P_SAL_Y","250-499","N78","D1111","BG",2012,9163
"NAC","P_SAL_Y","250-499","N80","D01","BG",2012,6151
"NAC","P_SAL_Y","250-499","N80","D111","BG",2012,5220
"NAC","P_SAL_Y","250-499","N80","D1111","BG",2012,4844
"NAC","P_SAL_Y","250-499","N81","D01","BG",2012,3931
"NAC","P_SAL_Y","250-499","N81","D111","BG",2012,3861
"NAC","P_SAL_Y","250-499","N81","D1111","BG",2012,3501
"NAC","P_SAL_Y","250-499","N82","D01","BG",2012,15772
"NAC","P_SAL_Y","250-499","N82","D111","BG",2012,13236
"NAC","P_SAL_Y","250-499","N82","D1111","BG",2012,12063
"NAC","P_SAL_Y","250-499","O","D01","BG",2012,15835
"NAC","P_SAL_Y","250-499","O","D111","BG",2012,12414
"NAC","P_SAL_Y","250-499","O","D1111","BG",2012,10916
"NAC","P_SAL_Y","250-499","O-S","D01","BG",2012,13891
"NAC","P_SAL_Y","250-499","O-S","D111","BG",2012,11285
"NAC","P_SAL_Y","250-499","O-S","D1111","BG",2012,9843
"NAC","P_SAL_Y","250-499","O84","D01","BG",2012,15835
"NAC","P_SAL_Y","250-499","O84","D111","BG",2012,12414
"NAC","P_SAL_Y","250-499","O84","D1111","BG",2012,10916
"NAC","P_SAL_Y","250-499","P","D01","BG",2012,15540
"NAC","P_SAL_Y","250-499","P","D111","BG",2012,12903
"NAC","P_SAL_Y","250-499","P","D1111","BG",2012,10724
"NAC","P_SAL_Y","250-499","P-S","D01","BG",2012,12443
"NAC","P_SAL_Y","250-499","P-S","D111","BG",2012,10445
"NAC","P_SAL_Y","250-499","P-S","D1111","BG",2012,9044
"NAC","P_SAL_Y","250-499","P85","D01","BG",2012,15540
"NAC","P_SAL_Y","250-499","P85","D111","BG",2012,12903
"NAC","P_SAL_Y","250-499","P85","D1111","BG",2012,10724
"NAC","P_SAL_Y","250-499","Q","D01","BG",2012,12094
"NAC","P_SAL_Y","250-499","Q","D111","BG",2012,10116
"NAC","P_SAL_Y","250-499","Q","D1111","BG",2012,8884
"NAC","P_SAL_Y","250-499","Q86","D01","BG",2012,12557
"NAC","P_SAL_Y","250-499","Q86","D111","BG",2012,10505
"NAC","P_SAL_Y","250-499","Q86","D1111","BG",2012,9243
"NAC","P_SAL_Y","250-499","Q87","D01","BG",2012,NA
"NAC","P_SAL_Y","250-499","Q87","D111","BG",2012,NA
"NAC","P_SAL_Y","250-499","Q87","D1111","BG",2012,NA
"NAC","P_SAL_Y","250-499","Q88","D01","BG",2012,7284
"NAC","P_SAL_Y","250-499","Q88","D111","BG",2012,6078
"NAC","P_SAL_Y","250-499","Q88","D1111","BG",2012,5158
"NAC","P_SAL_Y","250-499","R","D01","BG",2012,9718
"NAC","P_SAL_Y","250-499","R","D111","BG",2012,8132
"NAC","P_SAL_Y","250-499","R","D1111","BG",2012,7155
"NAC","P_SAL_Y","250-499","R90","D01","BG",2012,9236
"NAC","P_SAL_Y","250-499","R90","D111","BG",2012,7681
"NAC","P_SAL_Y","250-499","R90","D1111","BG",2012,6659
"NAC","P_SAL_Y","250-499","R91","D01","BG",2012,NA
"NAC","P_SAL_Y","250-499","R91","D111","BG",2012,NA
"NAC","P_SAL_Y","250-499","R91","D1111","BG",2012,NA
"NAC","P_SAL_Y","250-499","R92","D01","BG",2012,NA
"NAC","P_SAL_Y","250-499","R92","D111","BG",2012,NA
"NAC","P_SAL_Y","250-499","R92","D1111","BG",2012,NA
"NAC","P_SAL_Y","250-499","R93","D01","BG",2012,NA
"NAC","P_SAL_Y","250-499","R93","D111","BG",2012,NA
"NAC","P_SAL_Y","250-499","R93","D1111","BG",2012,NA
"NAC","P_SAL_Y","250-499","S","D01","BG",2012,6729
"NAC","P_SAL_Y","250-499","S","D111","BG",2012,6700
"NAC","P_SAL_Y","250-499","S","D1111","BG",2012,6250
"NAC","P_SAL_Y","250-499","S94","D01","BG",2012,6729
"NAC","P_SAL_Y","250-499","S94","D111","BG",2012,6700
"NAC","P_SAL_Y","250-499","S94","D1111","BG",2012,6250
"NAC","P_SAL_Y","50-249","B","D01","BG",2012,12269
"NAC","P_SAL_Y","50-249","B","D111","BG",2012,9657
"NAC","P_SAL_Y","50-249","B","D1111","BG",2012,8582
"NAC","P_SAL_Y","50-249","B-E","D01","BG",2012,8865
"NAC","P_SAL_Y","50-249","B-E","D111","BG",2012,7422
"NAC","P_SAL_Y","50-249","B-E","D1111","BG",2012,6717
"NAC","P_SAL_Y","50-249","B-F","D01","BG",2012,9019
"NAC","P_SAL_Y","50-249","B-F","D111","BG",2012,7558
"NAC","P_SAL_Y","50-249","B-F","D1111","BG",2012,6869
"NAC","P_SAL_Y","50-249","B-N","D01","BG",2012,10453
"NAC","P_SAL_Y","50-249","B-N","D111","BG",2012,8889
"NAC","P_SAL_Y","50-249","B-N","D1111","BG",2012,8115
"NAC","P_SAL_Y","50-249","B-S","D01","BG",2012,10686
"NAC","P_SAL_Y","50-249","B-S","D111","BG",2012,8992
"NAC","P_SAL_Y","50-249","B-S","D1111","BG",2012,8074
"NAC","P_SAL_Y","50-249","B-S_X_O","D01","BG",2012,10588
"NAC","P_SAL_Y","50-249","B-S_X_O","D111","BG",2012,8963
"NAC","P_SAL_Y","50-249","B-S_X_O","D1111","BG",2012,8072
"NAC","P_SAL_Y","50-249","B05","D01","BG",2012,11026
"NAC","P_SAL_Y","50-249","B05","D111","BG",2012,8565
"NAC","P_SAL_Y","50-249","B05","D1111","BG",2012,7674
"NAC","P_SAL_Y","50-249","B07","D01","BG",2012,13622
"NAC","P_SAL_Y","50-249","B07","D111","BG",2012,10029
"NAC","P_SAL_Y","50-249","B07","D1111","BG",2012,8627
"NAC","P_SAL_Y","50-249","B08","D01","BG",2012,12212
"NAC","P_SAL_Y","50-249","B08","D111","BG",2012,9853
"NAC","P_SAL_Y","50-249","B08","D1111","BG",2012,8770
"NAC","P_SAL_Y","50-249","B09","D01","BG",2012,NA
"NAC","P_SAL_Y","50-249","B09","D111","BG",2012,NA
"NAC","P_SAL_Y","50-249","B09","D1111","BG",2012,NA
"NAC","P_SAL_Y","50-249","C","D01","BG",2012,8622
"NAC","P_SAL_Y","50-249","C","D111","BG",2012,7230
"NAC","P_SAL_Y","50-249","C","D1111","BG",2012,6568
"NAC","P_SAL_Y","50-249","C10","D01","BG",2012,8270
"NAC","P_SAL_Y","50-249","C10","D111","BG",2012,6964
"NAC","P_SAL_Y","50-249","C10","D1111","BG",2012,6395
"NAC","P_SAL_Y","50-249","C11","D01","BG",2012,9761
"NAC","P_SAL_Y","50-249","C11","D111","BG",2012,8169
"NAC","P_SAL_Y","50-249","C11","D1111","BG",2012,7379
"NAC","P_SAL_Y","50-249","C12","D01","BG",2012,10885
"NAC","P_SAL_Y","50-249","C12","D111","BG",2012,8742
"NAC","P_SAL_Y","50-249","C12","D1111","BG",2012,8050
"NAC","P_SAL_Y","50-249","C13","D01","BG",2012,7706
"NAC","P_SAL_Y","50-249","C13","D111","BG",2012,6343
"NAC","P_SAL_Y","50-249","C13","D1111","BG",2012,5715
"NAC","P_SAL_Y","50-249","C14","D01","BG",2012,5702
"NAC","P_SAL_Y","50-249","C14","D111","BG",2012,4770
"NAC","P_SAL_Y","50-249","C14","D1111","BG",2012,4332
"NAC","P_SAL_Y","50-249","C15","D01","BG",2012,5550
"NAC","P_SAL_Y","50-249","C15","D111","BG",2012,4637
"NAC","P_SAL_Y","50-249","C15","D1111","BG",2012,4223
"NAC","P_SAL_Y","50-249","C16","D01","BG",2012,6933
"NAC","P_SAL_Y","50-249","C16","D111","BG",2012,5832
"NAC","P_SAL_Y","50-249","C16","D1111","BG",2012,5250
"NAC","P_SAL_Y","50-249","C17","D01","BG",2012,8218
"NAC","P_SAL_Y","50-249","C17","D111","BG",2012,6877
"NAC","P_SAL_Y","50-249","C17","D1111","BG",2012,6358
"NAC","P_SAL_Y","50-249","C18","D01","BG",2012,11402
"NAC","P_SAL_Y","50-249","C18","D111","BG",2012,9526
"NAC","P_SAL_Y","50-249","C18","D1111","BG",2012,8657
"NAC","P_SAL_Y","50-249","C19","D01","BG",2012,13595
"NAC","P_SAL_Y","50-249","C19","D111","BG",2012,11351
"NAC","P_SAL_Y","50-249","C19","D1111","BG",2012,10407
"NAC","P_SAL_Y","50-249","C20","D01","BG",2012,11970
"NAC","P_SAL_Y","50-249","C20","D111","BG",2012,10036
"NAC","P_SAL_Y","50-249","C20","D1111","BG",2012,9169
"NAC","P_SAL_Y","50-249","C21","D01","BG",2012,12410
"NAC","P_SAL_Y","50-249","C21","D111","BG",2012,10464
"NAC","P_SAL_Y","50-249","C21","D1111","BG",2012,9583
"NAC","P_SAL_Y","50-249","C22","D01","BG",2012,9006
"NAC","P_SAL_Y","50-249","C22","D111","BG",2012,7597
"NAC","P_SAL_Y","50-249","C22","D1111","BG",2012,6912
"NAC","P_SAL_Y","50-249","C23","D01","BG",2012,13050
"NAC","P_SAL_Y","50-249","C23","D111","BG",2012,10905
"NAC","P_SAL_Y","50-249","C23","D1111","BG",2012,9648
"NAC","P_SAL_Y","50-249","C24","D01","BG",2012,10513
"NAC","P_SAL_Y","50-249","C24","D111","BG",2012,8618
"NAC","P_SAL_Y","50-249","C24","D1111","BG",2012,7739
"NAC","P_SAL_Y","50-249","C25","D01","BG",2012,9751
"NAC","P_SAL_Y","50-249","C25","D111","BG",2012,8174
"NAC","P_SAL_Y","50-249","C25","D1111","BG",2012,7414
"NAC","P_SAL_Y","50-249","C26","D01","BG",2012,14441
"NAC","P_SAL_Y","50-249","C26","D111","BG",2012,12356
"NAC","P_SAL_Y","50-249","C26","D1111","BG",2012,11236
"NAC","P_SAL_Y","50-249","C27","D01","BG",2012,10696
"NAC","P_SAL_Y","50-249","C27","D111","BG",2012,8984
"NAC","P_SAL_Y","50-249","C27","D1111","BG",2012,8232
"NAC","P_SAL_Y","50-249","C28","D01","BG",2012,11962
"NAC","P_SAL_Y","50-249","C28","D111","BG",2012,9990
"NAC","P_SAL_Y","50-249","C28","D1111","BG",2012,9064
"NAC","P_SAL_Y","50-249","C29","D01","BG",2012,7811
"NAC","P_SAL_Y","50-249","C29","D111","BG",2012,6551
"NAC","P_SAL_Y","50-249","C29","D1111","BG",2012,5956
"NAC","P_SAL_Y","50-249","C30","D01","BG",2012,10595
"NAC","P_SAL_Y","50-249","C30","D111","BG",2012,8989
"NAC","P_SAL_Y","50-249","C30","D1111","BG",2012,8147
"NAC","P_SAL_Y","50-249","C31","D01","BG",2012,7187
"NAC","P_SAL_Y","50-249","C31","D111","BG",2012,6041
"NAC","P_SAL_Y","50-249","C31","D1111","BG",2012,5510
"NAC","P_SAL_Y","50-249","C32","D01","BG",2012,8807
"NAC","P_SAL_Y","50-249","C32","D111","BG",2012,7377
"NAC","P_SAL_Y","50-249","C32","D1111","BG",2012,6624
"NAC","P_SAL_Y","50-249","C33","D01","BG",2012,14365
"NAC","P_SAL_Y","50-249","C33","D111","BG",2012,12064
"NAC","P_SAL_Y","50-249","C33","D1111","BG",2012,10739
"NAC","P_SAL_Y","50-249","D","D01","BG",2012,20151
"NAC","P_SAL_Y","50-249","D","D111","BG",2012,16809
"NAC","P_SAL_Y","50-249","D","D1111","BG",2012,13832
"NAC","P_SAL_Y","50-249","D35","D01","BG",2012,20151
"NAC","P_SAL_Y","50-249","D35","D111","BG",2012,16809
"NAC","P_SAL_Y","50-249","D35","D1111","BG",2012,13832
"NAC","P_SAL_Y","50-249","E","D01","BG",2012,9447
"NAC","P_SAL_Y","50-249","E","D111","BG",2012,7930
"NAC","P_SAL_Y","50-249","E","D1111","BG",2012,7115
"NAC","P_SAL_Y","50-249","E36","D01","BG",2012,9465
"NAC","P_SAL_Y","50-249","E36","D111","BG",2012,7758
"NAC","P_SAL_Y","50-249","E36","D1111","BG",2012,6425
"NAC","P_SAL_Y","50-249","E37","D01","BG",2012,NA
"NAC","P_SAL_Y","50-249","E37","D111","BG",2012,NA
"NAC","P_SAL_Y","50-249","E37","D1111","BG",2012,NA
"NAC","P_SAL_Y","50-249","E38","D01","BG",2012,9336
"NAC","P_SAL_Y","50-249","E38","D111","BG",2012,7886
"NAC","P_SAL_Y","50-249","E38","D1111","BG",2012,7217
"NAC","P_SAL_Y","50-249","E39","D01","BG",2012,10154
"NAC","P_SAL_Y","50-249","E39","D111","BG",2012,8388
"NAC","P_SAL_Y","50-249","E39","D1111","BG",2012,7048
"NAC","P_SAL_Y","50-249","F","D01","BG",2012,9652
"NAC","P_SAL_Y","50-249","F","D111","BG",2012,8114
"NAC","P_SAL_Y","50-249","F","D1111","BG",2012,7490
"NAC","P_SAL_Y","50-249","F41","D01","BG",2012,8659
"NAC","P_SAL_Y","50-249","F41","D111","BG",2012,7323
"NAC","P_SAL_Y","50-249","F41","D1111","BG",2012,6767
"NAC","P_SAL_Y","50-249","F42","D01","BG",2012,10464
"NAC","P_SAL_Y","50-249","F42","D111","BG",2012,8750
"NAC","P_SAL_Y","50-249","F42","D1111","BG",2012,8028
"NAC","P_SAL_Y","50-249","F43","D01","BG",2012,10366
"NAC","P_SAL_Y","50-249","F43","D111","BG",2012,8707
"NAC","P_SAL_Y","50-249","F43","D1111","BG",2012,8114
"NAC","P_SAL_Y","50-249","G","D01","BG",2012,12010
"NAC","P_SAL_Y","50-249","G","D111","BG",2012,10282
"NAC","P_SAL_Y","50-249","G","D1111","BG",2012,9471
"NAC","P_SAL_Y","50-249","G-J","D01","BG",2012,12823
"NAC","P_SAL_Y","50-249","G-J","D111","BG",2012,10956
"NAC","P_SAL_Y","50-249","G-J","D1111","BG",2012,10082
"NAC","P_SAL_Y","50-249","G-N","D01","BG",2012,12173
"NAC","P_SAL_Y","50-249","G-N","D111","BG",2012,10486
"NAC","P_SAL_Y","50-249","G-N","D1111","BG",2012,9610
"NAC","P_SAL_Y","50-249","G-S_X_O","D01","BG",2012,11751
"NAC","P_SAL_Y","50-249","G-S_X_O","D111","BG",2012,10005
"NAC","P_SAL_Y","50-249","G-S_X_O","D1111","BG",2012,8963
"NAC","P_SAL_Y","50-249","G45","D01","BG",2012,15632
"NAC","P_SAL_Y","50-249","G45","D111","BG",2012,13432
"NAC","P_SAL_Y","50-249","G45","D1111","BG",2012,12198
"NAC","P_SAL_Y","50-249","G46","D01","BG",2012,13478
"NAC","P_SAL_Y","50-249","G46","D111","BG",2012,11592
"NAC","P_SAL_Y","50-249","G46","D1111","BG",2012,10679
"NAC","P_SAL_Y","50-249","G47","D01","BG",2012,9383
"NAC","P_SAL_Y","50-249","G47","D111","BG",2012,7955
"NAC","P_SAL_Y","50-249","G47","D1111","BG",2012,7366
"NAC","P_SAL_Y","50-249","H","D01","BG",2012,11456
"NAC","P_SAL_Y","50-249","H","D111","BG",2012,9496
"NAC","P_SAL_Y","50-249","H","D1111","BG",2012,8577
"NAC","P_SAL_Y","50-249","H49","D01","BG",2012,8056
"NAC","P_SAL_Y","50-249","H49","D111","BG",2012,6519
"NAC","P_SAL_Y","50-249","H49","D1111","BG",2012,6000
"NAC","P_SAL_Y","50-249","H50","D01","BG",2012,14483
"NAC","P_SAL_Y","50-249","H50","D111","BG",2012,11876
"NAC","P_SAL_Y","50-249","H50","D1111","BG",2012,10429
"NAC","P_SAL_Y","50-249","H51","D01","BG",2012,31989
"NAC","P_SAL_Y","50-249","H51","D111","BG",2012,26496
"NAC","P_SAL_Y","50-249","H51","D1111","BG",2012,23573
"NAC","P_SAL_Y","50-249","H52","D01","BG",2012,17853
"NAC","P_SAL_Y","50-249","H52","D111","BG",2012,15384
"NAC","P_SAL_Y","50-249","H52","D1111","BG",2012,13476
"NAC","P_SAL_Y","50-249","H53","D01","BG",2012,10655
"NAC","P_SAL_Y","50-249","H53","D111","BG",2012,8877
"NAC","P_SAL_Y","50-249","H53","D1111","BG",2012,8228
"NAC","P_SAL_Y","50-249","I","D01","BG",2012,8901
"NAC","P_SAL_Y","50-249","I","D111","BG",2012,7494
"NAC","P_SAL_Y","50-249","I","D1111","BG",2012,7004
"NAC","P_SAL_Y","50-249","I55","D01","BG",2012,9784
"NAC","P_SAL_Y","50-249","I55","D111","BG",2012,8256
"NAC","P_SAL_Y","50-249","I55","D1111","BG",2012,7710
"NAC","P_SAL_Y","50-249","I56","D01","BG",2012,7252
"NAC","P_SAL_Y","50-249","I56","D111","BG",2012,6070
"NAC","P_SAL_Y","50-249","I56","D1111","BG",2012,5686
"NAC","P_SAL_Y","50-249","J","D01","BG",2012,24837
"NAC","P_SAL_Y","50-249","J","D111","BG",2012,21776
"NAC","P_SAL_Y","50-249","J","D1111","BG",2012,20085
"NAC","P_SAL_Y","50-249","J58","D01","BG",2012,14406
"NAC","P_SAL_Y","50-249","J58","D111","BG",2012,12392
"NAC","P_SAL_Y","50-249","J58","D1111","BG",2012,11432
"NAC","P_SAL_Y","50-249","J59","D01","BG",2012,18030
"NAC","P_SAL_Y","50-249","J59","D111","BG",2012,15841
"NAC","P_SAL_Y","50-249","J59","D1111","BG",2012,14461
"NAC","P_SAL_Y","50-249","J60","D01","BG",2012,15719
"NAC","P_SAL_Y","50-249","J60","D111","BG",2012,13537
"NAC","P_SAL_Y","50-249","J60","D1111","BG",2012,12432
"NAC","P_SAL_Y","50-249","J61","D01","BG",2012,20658
"NAC","P_SAL_Y","50-249","J61","D111","BG",2012,17610
"NAC","P_SAL_Y","50-249","J61","D1111","BG",2012,16359
"NAC","P_SAL_Y","50-249","J62","D01","BG",2012,33330
"NAC","P_SAL_Y","50-249","J62","D111","BG",2012,29601
"NAC","P_SAL_Y","50-249","J62","D1111","BG",2012,27311
"NAC","P_SAL_Y","50-249","J63","D01","BG",2012,17169
"NAC","P_SAL_Y","50-249","J63","D111","BG",2012,14654
"NAC","P_SAL_Y","50-249","J63","D1111","BG",2012,13361
"NAC","P_SAL_Y","50-249","K","D01","BG",2012,24207
"NAC","P_SAL_Y","50-249","K","D111","BG",2012,20896
"NAC","P_SAL_Y","50-249","K","D1111","BG",2012,18675
"NAC","P_SAL_Y","50-249","K-N","D01","BG",2012,10872
"NAC","P_SAL_Y","50-249","K-N","D111","BG",2012,9547
"NAC","P_SAL_Y","50-249","K-N","D1111","BG",2012,8666
"NAC","P_SAL_Y","50-249","K64","D01","BG",2012,26640
"NAC","P_SAL_Y","50-249","K64","D111","BG",2012,22941
"NAC","P_SAL_Y","50-249","K64","D1111","BG",2012,20066
"NAC","P_SAL_Y","50-249","K65","D01","BG",2012,24249
"NAC","P_SAL_Y","50-249","K65","D111","BG",2012,21189
"NAC","P_SAL_Y","50-249","K65","D1111","BG",2012,19487
"NAC","P_SAL_Y","50-249","K66","D01","BG",2012,NA
"NAC","P_SAL_Y","50-249","K66","D111","BG",2012,NA
"NAC","P_SAL_Y","50-249","K66","D1111","BG",2012,NA
"NAC","P_SAL_Y","50-249","L","D01","BG",2012,10297
"NAC","P_SAL_Y","50-249","L","D111","BG",2012,8750
"NAC","P_SAL_Y","50-249","L","D1111","BG",2012,7870
"NAC","P_SAL_Y","50-249","L68","D01","BG",2012,10297
"NAC","P_SAL_Y","50-249","L68","D111","BG",2012,8750
"NAC","P_SAL_Y","50-249","L68","D1111","BG",2012,7870
"NAC","P_SAL_Y","50-249","M","D01","BG",2012,18945
"NAC","P_SAL_Y","50-249","M","D111","BG",2012,16412
"NAC","P_SAL_Y","50-249","M","D1111","BG",2012,14813
"NAC","P_SAL_Y","50-249","M69","D01","BG",2012,NA
"NAC","P_SAL_Y","50-249","M69","D111","BG",2012,NA
"NAC","P_SAL_Y","50-249","M69","D1111","BG",2012,NA
"NAC","P_SAL_Y","50-249","M70","D01","BG",2012,23320
"NAC","P_SAL_Y","50-249","M70","D111","BG",2012,20636
"NAC","P_SAL_Y","50-249","M70","D1111","BG",2012,18803
"NAC","P_SAL_Y","50-249","M71","D01","BG",2012,25071
"NAC","P_SAL_Y","50-249","M71","D111","BG",2012,21572
"NAC","P_SAL_Y","50-249","M71","D1111","BG",2012,19703
"NAC","P_SAL_Y","50-249","M72","D01","BG",2012,11700
"NAC","P_SAL_Y","50-249","M72","D111","BG",2012,9905
"NAC","P_SAL_Y","50-249","M72","D1111","BG",2012,8634
"NAC","P_SAL_Y","50-249","M73","D01","BG",2012,NA
"NAC","P_SAL_Y","50-249","M73","D111","BG",2012,NA
"NAC","P_SAL_Y","50-249","M73","D1111","BG",2012,NA
"NAC","P_SAL_Y","50-249","M74","D01","BG",2012,20172
"NAC","P_SAL_Y","50-249","M74","D111","BG",2012,17422
"NAC","P_SAL_Y","50-249","M74","D1111","BG",2012,15679
"NAC","P_SAL_Y","50-249","N","D01","BG",2012,5320
"NAC","P_SAL_Y","50-249","N","D111","BG",2012,4857
"NAC","P_SAL_Y","50-249","N","D1111","BG",2012,4502
"NAC","P_SAL_Y","50-249","N77","D01","BG",2012,10491
"NAC","P_SAL_Y","50-249","N77","D111","BG",2012,8795
"NAC","P_SAL_Y","50-249","N77","D1111","BG",2012,7991
"NAC","P_SAL_Y","50-249","N78","D01","BG",2012,9890
"NAC","P_SAL_Y","50-249","N78","D111","BG",2012,8271
"NAC","P_SAL_Y","50-249","N78","D1111","BG",2012,7830
"NAC","P_SAL_Y","50-249","N79","D01","BG",2012,11308
"NAC","P_SAL_Y","50-249","N79","D111","BG",2012,9615
"NAC","P_SAL_Y","50-249","N79","D1111","BG",2012,9085
"NAC","P_SAL_Y","50-249","N80","D01","BG",2012,5435
"NAC","P_SAL_Y","50-249","N80","D111","BG",2012,4602
"NAC","P_SAL_Y","50-249","N80","D1111","BG",2012,4301
"NAC","P_SAL_Y","50-249","N81","D01","BG",2012,4017
"NAC","P_SAL_Y","50-249","N81","D111","BG",2012,4076
"NAC","P_SAL_Y","50-249","N81","D1111","BG",2012,3754
"NAC","P_SAL_Y","50-249","N82","D01","BG",2012,10452
"NAC","P_SAL_Y","50-249","N82","D111","BG",2012,8908
"NAC","P_SAL_Y","50-249","N82","D1111","BG",2012,8104
"NAC","P_SAL_Y","50-249","O","D01","BG",2012,11723
"NAC","P_SAL_Y","50-249","O","D111","BG",2012,9302
"NAC","P_SAL_Y","50-249","O","D1111","BG",2012,8104
"NAC","P_SAL_Y","50-249","O-S","D01","BG",2012,11266
"NAC","P_SAL_Y","50-249","O-S","D111","BG",2012,9248
"NAC","P_SAL_Y","50-249","O-S","D1111","BG",2012,7972
"NAC","P_SAL_Y","50-249","O84","D01","BG",2012,11723
"NAC","P_SAL_Y","50-249","O84","D111","BG",2012,9302
"NAC","P_SAL_Y","50-249","O84","D1111","BG",2012,8104
"NAC","P_SAL_Y","50-249","P","D01","BG",2012,11174
"NAC","P_SAL_Y","50-249","P","D111","BG",2012,9126
"NAC","P_SAL_Y","50-249","P","D1111","BG",2012,7464
"NAC","P_SAL_Y","50-249","P-S","D01","BG",2012,11070
"NAC","P_SAL_Y","50-249","P-S","D111","BG",2012,9225
"NAC","P_SAL_Y","50-249","P-S","D1111","BG",2012,7916
"NAC","P_SAL_Y","50-249","P85","D01","BG",2012,11174
"NAC","P_SAL_Y","50-249","P85","D111","BG",2012,9126
"NAC","P_SAL_Y","50-249","P85","D1111","BG",2012,7464
"NAC","P_SAL_Y","50-249","Q","D01","BG",2012,10870
"NAC","P_SAL_Y","50-249","Q","D111","BG",2012,9185
"NAC","P_SAL_Y","50-249","Q","D1111","BG",2012,8191
"NAC","P_SAL_Y","50-249","Q86","D01","BG",2012,12776
"NAC","P_SAL_Y","50-249","Q86","D111","BG",2012,10833
"NAC","P_SAL_Y","50-249","Q86","D1111","BG",2012,9727
"NAC","P_SAL_Y","50-249","Q87","D01","BG",2012,7076
"NAC","P_SAL_Y","50-249","Q87","D111","BG",2012,5874
"NAC","P_SAL_Y","50-249","Q87","D1111","BG",2012,5075
"NAC","P_SAL_Y","50-249","Q88","D01","BG",2012,6469
"NAC","P_SAL_Y","50-249","Q88","D111","BG",2012,5408
"NAC","P_SAL_Y","50-249","Q88","D1111","BG",2012,4701
"NAC","P_SAL_Y","50-249","R","D01","BG",2012,11606
"NAC","P_SAL_Y","50-249","R","D111","BG",2012,10119
"NAC","P_SAL_Y","50-249","R","D1111","BG",2012,9257
"NAC","P_SAL_Y","50-249","R90","D01","BG",2012,7852
"NAC","P_SAL_Y","50-249","R90","D111","BG",2012,6455
"NAC","P_SAL_Y","50-249","R90","D1111","BG",2012,5608
"NAC","P_SAL_Y","50-249","R91","D01","BG",2012,8033
"NAC","P_SAL_Y","50-249","R91","D111","BG",2012,6640
"NAC","P_SAL_Y","50-249","R91","D1111","BG",2012,5726
"NAC","P_SAL_Y","50-249","R92","D01","BG",2012,8312
"NAC","P_SAL_Y","50-249","R92","D111","BG",2012,6994
"NAC","P_SAL_Y","50-249","R92","D1111","BG",2012,6410
"NAC","P_SAL_Y","50-249","R93","D01","BG",2012,NA
"NAC","P_SAL_Y","50-249","R93","D111","BG",2012,NA
"NAC","P_SAL_Y","50-249","R93","D1111","BG",2012,NA
"NAC","P_SAL_Y","50-249","S","D01","BG",2012,10170
"NAC","P_SAL_Y","50-249","S","D111","BG",2012,8552
"NAC","P_SAL_Y","50-249","S","D1111","BG",2012,7624
"NAC","P_SAL_Y","50-249","S94","D01","BG",2012,10593
"NAC","P_SAL_Y","50-249","S94","D111","BG",2012,8911
"NAC","P_SAL_Y","50-249","S94","D1111","BG",2012,7920
"NAC","P_SAL_Y","50-249","S95","D01","BG",2012,NA
"NAC","P_SAL_Y","50-249","S95","D111","BG",2012,NA
"NAC","P_SAL_Y","50-249","S95","D1111","BG",2012,NA
"NAC","P_SAL_Y","50-249","S96","D01","BG",2012,7346
"NAC","P_SAL_Y","50-249","S96","D111","BG",2012,6160
"NAC","P_SAL_Y","50-249","S96","D1111","BG",2012,5565
"NAC","P_SAL_Y","500-999","B","D01","BG",2012,12340
"NAC","P_SAL_Y","500-999","B","D111","BG",2012,9500
"NAC","P_SAL_Y","500-999","B","D1111","BG",2012,8494
"NAC","P_SAL_Y","500-999","B-E","D01","BG",2012,12655
"NAC","P_SAL_Y","500-999","B-E","D111","BG",2012,10384
"NAC","P_SAL_Y","500-999","B-E","D1111","BG",2012,9093
"NAC","P_SAL_Y","500-999","B-F","D01","BG",2012,12937
"NAC","P_SAL_Y","500-999","B-F","D111","BG",2012,10664
"NAC","P_SAL_Y","500-999","B-F","D1111","BG",2012,9394
"NAC","P_SAL_Y","500-999","B-N","D01","BG",2012,13310
"NAC","P_SAL_Y","500-999","B-N","D111","BG",2012,11096
"NAC","P_SAL_Y","500-999","B-N","D1111","BG",2012,9865
"NAC","P_SAL_Y","500-999","B-S","D01","BG",2012,13531
"NAC","P_SAL_Y","500-999","B-S","D111","BG",2012,11254
"NAC","P_SAL_Y","500-999","B-S","D1111","BG",2012,9977
"NAC","P_SAL_Y","500-999","B-S_X_O","D01","BG",2012,13263
"NAC","P_SAL_Y","500-999","B-S_X_O","D111","BG",2012,11067
"NAC","P_SAL_Y","500-999","B-S_X_O","D1111","BG",2012,9796
"NAC","P_SAL_Y","500-999","B05","D01","BG",2012,NA
"NAC","P_SAL_Y","500-999","B05","D111","BG",2012,NA
"NAC","P_SAL_Y","500-999","B05","D1111","BG",2012,NA
"NAC","P_SAL_Y","500-999","B06","D01","BG",2012,NA
"NAC","P_SAL_Y","500-999","B06","D111","BG",2012,NA
"NAC","P_SAL_Y","500-999","B06","D1111","BG",2012,NA
"NAC","P_SAL_Y","500-999","B07","D01","BG",2012,NA
"NAC","P_SAL_Y","500-999","B07","D111","BG",2012,NA
"NAC","P_SAL_Y","500-999","B07","D1111","BG",2012,NA
"NAC","P_SAL_Y","500-999","B08","D01","BG",2012,NA
"NAC","P_SAL_Y","500-999","B08","D111","BG",2012,NA
"NAC","P_SAL_Y","500-999","B08","D1111","BG",2012,NA
"NAC","P_SAL_Y","500-999","C","D01","BG",2012,12782
"NAC","P_SAL_Y","500-999","C","D111","BG",2012,10504
"NAC","P_SAL_Y","500-999","C","D1111","BG",2012,9242
"NAC","P_SAL_Y","500-999","C10","D01","BG",2012,13461
"NAC","P_SAL_Y","500-999","C10","D111","BG",2012,11480
"NAC","P_SAL_Y","500-999","C10","D1111","BG",2012,10285
"NAC","P_SAL_Y","500-999","C11","D01","BG",2012,14704
"NAC","P_SAL_Y","500-999","C11","D111","BG",2012,12332
"NAC","P_SAL_Y","500-999","C11","D1111","BG",2012,10818
"NAC","P_SAL_Y","500-999","C12","D01","BG",2012,NA
"NAC","P_SAL_Y","500-999","C12","D111","BG",2012,NA
"NAC","P_SAL_Y","500-999","C12","D1111","BG",2012,NA
"NAC","P_SAL_Y","500-999","C13","D01","BG",2012,NA
"NAC","P_SAL_Y","500-999","C13","D111","BG",2012,NA
"NAC","P_SAL_Y","500-999","C13","D1111","BG",2012,NA
"NAC","P_SAL_Y","500-999","C14","D01","BG",2012,7130
"NAC","P_SAL_Y","500-999","C14","D111","BG",2012,5994
"NAC","P_SAL_Y","500-999","C14","D1111","BG",2012,5315
"NAC","P_SAL_Y","500-999","C15","D01","BG",2012,NA
"NAC","P_SAL_Y","500-999","C15","D111","BG",2012,NA
"NAC","P_SAL_Y","500-999","C15","D1111","BG",2012,NA
"NAC","P_SAL_Y","500-999","C16","D01","BG",2012,NA
"NAC","P_SAL_Y","500-999","C16","D111","BG",2012,NA
"NAC","P_SAL_Y","500-999","C16","D1111","BG",2012,NA
"NAC","P_SAL_Y","500-999","C17","D01","BG",2012,NA
"NAC","P_SAL_Y","500-999","C17","D111","BG",2012,NA
"NAC","P_SAL_Y","500-999","C17","D1111","BG",2012,NA
"NAC","P_SAL_Y","500-999","C20","D01","BG",2012,NA
"NAC","P_SAL_Y","500-999","C20","D111","BG",2012,NA
"NAC","P_SAL_Y","500-999","C20","D1111","BG",2012,NA
"NAC","P_SAL_Y","500-999","C21","D01","BG",2012,NA
"NAC","P_SAL_Y","500-999","C21","D111","BG",2012,NA
"NAC","P_SAL_Y","500-999","C21","D1111","BG",2012,NA
"NAC","P_SAL_Y","500-999","C22","D01","BG",2012,8766
"NAC","P_SAL_Y","500-999","C22","D111","BG",2012,7307
"NAC","P_SAL_Y","500-999","C22","D1111","BG",2012,6648
"NAC","P_SAL_Y","500-999","C23","D01","BG",2012,14472
"NAC","P_SAL_Y","500-999","C23","D111","BG",2012,11780
"NAC","P_SAL_Y","500-999","C23","D1111","BG",2012,10114
"NAC","P_SAL_Y","500-999","C24","D01","BG",2012,23087
"NAC","P_SAL_Y","500-999","C24","D111","BG",2012,18409
"NAC","P_SAL_Y","500-999","C24","D1111","BG",2012,16299
"NAC","P_SAL_Y","500-999","C25","D01","BG",2012,10617
"NAC","P_SAL_Y","500-999","C25","D111","BG",2012,8889
"NAC","P_SAL_Y","500-999","C25","D1111","BG",2012,7672
"NAC","P_SAL_Y","500-999","C27","D01","BG",2012,13870
"NAC","P_SAL_Y","500-999","C27","D111","BG",2012,10910
"NAC","P_SAL_Y","500-999","C27","D1111","BG",2012,9496
"NAC","P_SAL_Y","500-999","C28","D01","BG",2012,10923
"NAC","P_SAL_Y","500-999","C28","D111","BG",2012,9144
"NAC","P_SAL_Y","500-999","C28","D1111","BG",2012,8199
"NAC","P_SAL_Y","500-999","C29","D01","BG",2012,10170
"NAC","P_SAL_Y","500-999","C29","D111","BG",2012,8534
"NAC","P_SAL_Y","500-999","C29","D1111","BG",2012,7335
"NAC","P_SAL_Y","500-999","C30","D01","BG",2012,11064
"NAC","P_SAL_Y","500-999","C30","D111","BG",2012,9213
"NAC","P_SAL_Y","500-999","C30","D1111","BG",2012,8469
"NAC","P_SAL_Y","500-999","C31","D01","BG",2012,NA
"NAC","P_SAL_Y","500-999","C31","D111","BG",2012,NA
"NAC","P_SAL_Y","500-999","C31","D1111","BG",2012,NA
"NAC","P_SAL_Y","500-999","C32","D01","BG",2012,9451
"NAC","P_SAL_Y","500-999","C32","D111","BG",2012,7853
"NAC","P_SAL_Y","500-999","C32","D1111","BG",2012,6998
"NAC","P_SAL_Y","500-999","C33","D01","BG",2012,15712
"NAC","P_SAL_Y","500-999","C33","D111","BG",2012,12941
"NAC","P_SAL_Y","500-999","C33","D1111","BG",2012,11153
"NAC","P_SAL_Y","500-999","D","D01","BG",2012,13115
"NAC","P_SAL_Y","500-999","D","D111","BG",2012,10274
"NAC","P_SAL_Y","500-999","D","D1111","BG",2012,9147
"NAC","P_SAL_Y","500-999","D35","D01","BG",2012,13115
"NAC","P_SAL_Y","500-999","D35","D111","BG",2012,10274
"NAC","P_SAL_Y","500-999","D35","D1111","BG",2012,9147
"NAC","P_SAL_Y","500-999","E","D01","BG",2012,11568
"NAC","P_SAL_Y","500-999","E","D111","BG",2012,9656
"NAC","P_SAL_Y","500-999","E","D1111","BG",2012,8008
"NAC","P_SAL_Y","500-999","E36","D01","BG",2012,10602
"NAC","P_SAL_Y","500-999","E36","D111","BG",2012,8784
"NAC","P_SAL_Y","500-999","E36","D1111","BG",2012,6976
"NAC","P_SAL_Y","500-999","E38","D01","BG",2012,13674
"NAC","P_SAL_Y","500-999","E38","D111","BG",2012,11556
"NAC","P_SAL_Y","500-999","E38","D1111","BG",2012,10259
"NAC","P_SAL_Y","500-999","F","D01","BG",2012,NA
"NAC","P_SAL_Y","500-999","F","D111","BG",2012,NA
"NAC","P_SAL_Y","500-999","F","D1111","BG",2012,NA
"NAC","P_SAL_Y","500-999","F41","D01","BG",2012,13279
"NAC","P_SAL_Y","500-999","F41","D111","BG",2012,11344
"NAC","P_SAL_Y","500-999","F41","D1111","BG",2012,10585
"NAC","P_SAL_Y","500-999","F42","D01","BG",2012,14279
"NAC","P_SAL_Y","500-999","F42","D111","BG",2012,11973
"NAC","P_SAL_Y","500-999","F42","D1111","BG",2012,10767
"NAC","P_SAL_Y","500-999","F43","D01","BG",2012,NA
"NAC","P_SAL_Y","500-999","F43","D111","BG",2012,NA
"NAC","P_SAL_Y","500-999","F43","D1111","BG",2012,NA
"NAC","P_SAL_Y","500-999","G","D01","BG",2012,13722
"NAC","P_SAL_Y","500-999","G","D111","BG",2012,11648
"NAC","P_SAL_Y","500-999","G","D1111","BG",2012,10689
"NAC","P_SAL_Y","500-999","G-J","D01","BG",2012,15140
"NAC","P_SAL_Y","500-999","G-J","D111","BG",2012,12836
"NAC","P_SAL_Y","500-999","G-J","D1111","BG",2012,11342
"NAC","P_SAL_Y","500-999","G-N","D01","BG",2012,13877
"NAC","P_SAL_Y","500-999","G-N","D111","BG",2012,11752
"NAC","P_SAL_Y","500-999","G-N","D1111","BG",2012,10582
"NAC","P_SAL_Y","500-999","G-S_X_O","D01","BG",2012,13580
"NAC","P_SAL_Y","500-999","G-S_X_O","D111","BG",2012,11460
"NAC","P_SAL_Y","500-999","G-S_X_O","D1111","BG",2012,10187
"NAC","P_SAL_Y","500-999","G45","D01","BG",2012,14260
"NAC","P_SAL_Y","500-999","G45","D111","BG",2012,12005
"NAC","P_SAL_Y","500-999","G45","D1111","BG",2012,11094
"NAC","P_SAL_Y","500-999","G46","D01","BG",2012,NA
"NAC","P_SAL_Y","500-999","G46","D111","BG",2012,NA
"NAC","P_SAL_Y","500-999","G46","D1111","BG",2012,NA
"NAC","P_SAL_Y","500-999","G47","D01","BG",2012,11350
"NAC","P_SAL_Y","500-999","G47","D111","BG",2012,9531
"NAC","P_SAL_Y","500-999","G47","D1111","BG",2012,8764
"NAC","P_SAL_Y","500-999","H","D01","BG",2012,12973
"NAC","P_SAL_Y","500-999","H","D111","BG",2012,10780
"NAC","P_SAL_Y","500-999","H","D1111","BG",2012,9317
"NAC","P_SAL_Y","500-999","H49","D01","BG",2012,10392
"NAC","P_SAL_Y","500-999","H49","D111","BG",2012,8412
"NAC","P_SAL_Y","500-999","H49","D1111","BG",2012,6977
"NAC","P_SAL_Y","500-999","H50","D01","BG",2012,NA
"NAC","P_SAL_Y","500-999","H50","D111","BG",2012,NA
"NAC","P_SAL_Y","500-999","H50","D1111","BG",2012,NA
"NAC","P_SAL_Y","500-999","H51","D01","BG",2012,NA
"NAC","P_SAL_Y","500-999","H51","D111","BG",2012,NA
"NAC","P_SAL_Y","500-999","H51","D1111","BG",2012,NA
"NAC","P_SAL_Y","500-999","H52","D01","BG",2012,NA
"NAC","P_SAL_Y","500-999","H52","D111","BG",2012,NA
"NAC","P_SAL_Y","500-999","H52","D1111","BG",2012,NA
"NAC","P_SAL_Y","500-999","H53","D01","BG",2012,14462
"NAC","P_SAL_Y","500-999","H53","D111","BG",2012,12410
"NAC","P_SAL_Y","500-999","H53","D1111","BG",2012,11626
"NAC","P_SAL_Y","500-999","I","D01","BG",2012,NA
"NAC","P_SAL_Y","500-999","I","D111","BG",2012,NA
"NAC","P_SAL_Y","500-999","I","D1111","BG",2012,NA
"NAC","P_SAL_Y","500-999","I55","D01","BG",2012,8682
"NAC","P_SAL_Y","500-999","I55","D111","BG",2012,7072
"NAC","P_SAL_Y","500-999","I55","D1111","BG",2012,6358
"NAC","P_SAL_Y","500-999","I56","D01","BG",2012,NA
"NAC","P_SAL_Y","500-999","I56","D111","BG",2012,NA
"NAC","P_SAL_Y","500-999","I56","D1111","BG",2012,NA
"NAC","P_SAL_Y","500-999","J","D01","BG",2012,37694
"NAC","P_SAL_Y","500-999","J","D111","BG",2012,32930
"NAC","P_SAL_Y","500-999","J","D1111","BG",2012,27470
"NAC","P_SAL_Y","500-999","J58","D01","BG",2012,NA
"NAC","P_SAL_Y","500-999","J58","D111","BG",2012,NA
"NAC","P_SAL_Y","500-999","J58","D1111","BG",2012,NA
"NAC","P_SAL_Y","500-999","J60","D01","BG",2012,NA
"NAC","P_SAL_Y","500-999","J60","D111","BG",2012,NA
"NAC","P_SAL_Y","500-999","J60","D1111","BG",2012,NA
"NAC","P_SAL_Y","500-999","J61","D01","BG",2012,NA
"NAC","P_SAL_Y","500-999","J61","D111","BG",2012,NA
"NAC","P_SAL_Y","500-999","J61","D1111","BG",2012,NA
"NAC","P_SAL_Y","500-999","J62","D01","BG",2012,NA
"NAC","P_SAL_Y","500-999","J62","D111","BG",2012,NA
"NAC","P_SAL_Y","500-999","J62","D1111","BG",2012,NA
"NAC","P_SAL_Y","500-999","K","D01","BG",2012,20820
"NAC","P_SAL_Y","500-999","K","D111","BG",2012,17607
"NAC","P_SAL_Y","500-999","K","D1111","BG",2012,16232
"NAC","P_SAL_Y","500-999","K-N","D01","BG",2012,12579
"NAC","P_SAL_Y","500-999","K-N","D111","BG",2012,10639
"NAC","P_SAL_Y","500-999","K-N","D1111","BG",2012,9801
"NAC","P_SAL_Y","500-999","K64","D01","BG",2012,20158
"NAC","P_SAL_Y","500-999","K64","D111","BG",2012,16927
"NAC","P_SAL_Y","500-999","K64","D1111","BG",2012,15540
"NAC","P_SAL_Y","500-999","K65","D01","BG",2012,23519
"NAC","P_SAL_Y","500-999","K65","D111","BG",2012,20379
"NAC","P_SAL_Y","500-999","K65","D1111","BG",2012,19056
"NAC","P_SAL_Y","500-999","M","D01","BG",2012,19201
"NAC","P_SAL_Y","500-999","M","D111","BG",2012,16012
"NAC","P_SAL_Y","500-999","M","D1111","BG",2012,14117
"NAC","P_SAL_Y","500-999","M70","D01","BG",2012,NA
"NAC","P_SAL_Y","500-999","M70","D111","BG",2012,NA
"NAC","P_SAL_Y","500-999","M70","D1111","BG",2012,NA
"NAC","P_SAL_Y","500-999","M73","D01","BG",2012,NA
"NAC","P_SAL_Y","500-999","M73","D111","BG",2012,NA
"NAC","P_SAL_Y","500-999","M73","D1111","BG",2012,NA
"NAC","P_SAL_Y","500-999","N","D01","BG",2012,7731
"NAC","P_SAL_Y","500-999","N","D111","BG",2012,6560
"NAC","P_SAL_Y","500-999","N","D1111","BG",2012,6094
"NAC","P_SAL_Y","500-999","N78","D01","BG",2012,NA
"NAC","P_SAL_Y","500-999","N78","D111","BG",2012,NA
"NAC","P_SAL_Y","500-999","N78","D1111","BG",2012,NA
"NAC","P_SAL_Y","500-999","N80","D01","BG",2012,5122
"NAC","P_SAL_Y","500-999","N80","D111","BG",2012,4314
"NAC","P_SAL_Y","500-999","N80","D1111","BG",2012,4024
"NAC","P_SAL_Y","500-999","N81","D01","BG",2012,5757
"NAC","P_SAL_Y","500-999","N81","D111","BG",2012,4784
"NAC","P_SAL_Y","500-999","N81","D1111","BG",2012,4435
"NAC","P_SAL_Y","500-999","N82","D01","BG",2012,17291
"NAC","P_SAL_Y","500-999","N82","D111","BG",2012,14855
"NAC","P_SAL_Y","500-999","N82","D1111","BG",2012,13805
"NAC","P_SAL_Y","500-999","O","D01","BG",2012,18902
"NAC","P_SAL_Y","500-999","O","D111","BG",2012,14993
"NAC","P_SAL_Y","500-999","O","D1111","BG",2012,13615
"NAC","P_SAL_Y","500-999","O-S","D01","BG",2012,14310
"NAC","P_SAL_Y","500-999","O-S","D111","BG",2012,11813
"NAC","P_SAL_Y","500-999","O-S","D1111","BG",2012,10373
"NAC","P_SAL_Y","500-999","O84","D01","BG",2012,18902
"NAC","P_SAL_Y","500-999","O84","D111","BG",2012,14993
"NAC","P_SAL_Y","500-999","O84","D1111","BG",2012,13615
"NAC","P_SAL_Y","500-999","P","D01","BG",2012,16429
"NAC","P_SAL_Y","500-999","P","D111","BG",2012,13760
"NAC","P_SAL_Y","500-999","P","D1111","BG",2012,11602
"NAC","P_SAL_Y","500-999","P-S","D01","BG",2012,13049
"NAC","P_SAL_Y","500-999","P-S","D111","BG",2012,10940
"NAC","P_SAL_Y","500-999","P-S","D1111","BG",2012,9483
"NAC","P_SAL_Y","500-999","P85","D01","BG",2012,16429
"NAC","P_SAL_Y","500-999","P85","D111","BG",2012,13760
"NAC","P_SAL_Y","500-999","P85","D1111","BG",2012,11602
"NAC","P_SAL_Y","500-999","Q","D01","BG",2012,11399
"NAC","P_SAL_Y","500-999","Q","D111","BG",2012,9562
"NAC","P_SAL_Y","500-999","Q","D1111","BG",2012,8448
"NAC","P_SAL_Y","500-999","Q86","D01","BG",2012,11903
"NAC","P_SAL_Y","500-999","Q86","D111","BG",2012,9985
"NAC","P_SAL_Y","500-999","Q86","D1111","BG",2012,8817
"NAC","P_SAL_Y","500-999","Q87","D01","BG",2012,NA
"NAC","P_SAL_Y","500-999","Q87","D111","BG",2012,NA
"NAC","P_SAL_Y","500-999","Q87","D1111","BG",2012,NA
"NAC","P_SAL_Y","500-999","Q88","D01","BG",2012,NA
"NAC","P_SAL_Y","500-999","Q88","D111","BG",2012,NA
"NAC","P_SAL_Y","500-999","Q88","D1111","BG",2012,NA
"NAC","P_SAL_Y","GE10","B","D01","BG",2012,20899
"NAC","P_SAL_Y","GE10","B","D111","BG",2012,15924
"NAC","P_SAL_Y","GE10","B","D1111","BG",2012,13456
"NAC","P_SAL_Y","GE10","B-E","D01","BG",2012,11084
"NAC","P_SAL_Y","GE10","B-E","D111","BG",2012,9112
"NAC","P_SAL_Y","GE10","B-E","D1111","BG",2012,7959
"NAC","P_SAL_Y","GE10","B-F","D01","BG",2012,10859
"NAC","P_SAL_Y","GE10","B-F","D111","BG",2012,8962
"NAC","P_SAL_Y","GE10","B-F","D1111","BG",2012,7897
"NAC","P_SAL_Y","GE10","B-N","D01","BG",2012,11694
"NAC","P_SAL_Y","GE10","B-N","D111","BG",2012,9890
"NAC","P_SAL_Y","GE10","B-N","D1111","BG",2012,8827
"NAC","P_SAL_Y","GE10","B-S","D01","BG",2012,11677
"NAC","P_SAL_Y","GE10","B-S","D111","BG",2012,9794
"NAC","P_SAL_Y","GE10","B-S","D1111","BG",2012,8677
"NAC","P_SAL_Y","GE10","B-S_X_O","D01","BG",2012,11525
"NAC","P_SAL_Y","GE10","B-S_X_O","D111","BG",2012,9717
"NAC","P_SAL_Y","GE10","B-S_X_O","D1111","BG",2012,8616
"NAC","P_SAL_Y","GE10","B05","D01","BG",2012,22723
"NAC","P_SAL_Y","GE10","B05","D111","BG",2012,16747
"NAC","P_SAL_Y","GE10","B05","D1111","BG",2012,13638
"NAC","P_SAL_Y","GE10","B06","D01","BG",2012,NA
"NAC","P_SAL_Y","GE10","B06","D111","BG",2012,NA
"NAC","P_SAL_Y","GE10","B06","D1111","BG",2012,NA
"NAC","P_SAL_Y","GE10","B07","D01","BG",2012,23638
"NAC","P_SAL_Y","GE10","B07","D111","BG",2012,18648
"NAC","P_SAL_Y","GE10","B07","D1111","BG",2012,16401
"NAC","P_SAL_Y","GE10","B08","D01","BG",2012,11330
"NAC","P_SAL_Y","GE10","B08","D111","BG",2012,9215
"NAC","P_SAL_Y","GE10","B08","D1111","BG",2012,8227
"NAC","P_SAL_Y","GE10","B09","D01","BG",2012,NA
"NAC","P_SAL_Y","GE10","B09","D111","BG",2012,NA
"NAC","P_SAL_Y","GE10","B09","D1111","BG",2012,NA
"NAC","P_SAL_Y","GE10","C","D01","BG",2012,9512
"NAC","P_SAL_Y","GE10","C","D111","BG",2012,7909
"NAC","P_SAL_Y","GE10","C","D1111","BG",2012,7093
"NAC","P_SAL_Y","GE10","C10","D01","BG",2012,8459
"NAC","P_SAL_Y","GE10","C10","D111","BG",2012,7110
"NAC","P_SAL_Y","GE10","C10","D1111","BG",2012,6518
"NAC","P_SAL_Y","GE10","C11","D01","BG",2012,12925
"NAC","P_SAL_Y","GE10","C11","D111","BG",2012,10888
"NAC","P_SAL_Y","GE10","C11","D1111","BG",2012,9661
"NAC","P_SAL_Y","GE10","C12","D01","BG",2012,25069
"NAC","P_SAL_Y","GE10","C12","D111","BG",2012,20064
"NAC","P_SAL_Y","GE10","C12","D1111","BG",2012,17070
"NAC","P_SAL_Y","GE10","C13","D01","BG",2012,8494
"NAC","P_SAL_Y","GE10","C13","D111","BG",2012,7058
"NAC","P_SAL_Y","GE10","C13","D1111","BG",2012,6401
"NAC","P_SAL_Y","GE10","C14","D01","BG",2012,6151
"NAC","P_SAL_Y","GE10","C14","D111","BG",2012,5093
"NAC","P_SAL_Y","GE10","C14","D1111","BG",2012,4603
"NAC","P_SAL_Y","GE10","C15","D01","BG",2012,5628
"NAC","P_SAL_Y","GE10","C15","D111","BG",2012,4716
"NAC","P_SAL_Y","GE10","C15","D1111","BG",2012,4271
"NAC","P_SAL_Y","GE10","C16","D01","BG",2012,6713
"NAC","P_SAL_Y","GE10","C16","D111","BG",2012,5624
"NAC","P_SAL_Y","GE10","C16","D1111","BG",2012,5053
"NAC","P_SAL_Y","GE10","C17","D01","BG",2012,9200
"NAC","P_SAL_Y","GE10","C17","D111","BG",2012,7658
"NAC","P_SAL_Y","GE10","C17","D1111","BG",2012,6787
"NAC","P_SAL_Y","GE10","C18","D01","BG",2012,10102
"NAC","P_SAL_Y","GE10","C18","D111","BG",2012,8519
"NAC","P_SAL_Y","GE10","C18","D1111","BG",2012,7761
"NAC","P_SAL_Y","GE10","C19","D01","BG",2012,35490
"NAC","P_SAL_Y","GE10","C19","D111","BG",2012,28456
"NAC","P_SAL_Y","GE10","C19","D1111","BG",2012,25375
"NAC","P_SAL_Y","GE10","C20","D01","BG",2012,13605
"NAC","P_SAL_Y","GE10","C20","D111","BG",2012,11295
"NAC","P_SAL_Y","GE10","C20","D1111","BG",2012,10162
"NAC","P_SAL_Y","GE10","C21","D01","BG",2012,13520
"NAC","P_SAL_Y","GE10","C21","D111","BG",2012,11275
"NAC","P_SAL_Y","GE10","C21","D1111","BG",2012,10003
"NAC","P_SAL_Y","GE10","C22","D01","BG",2012,8237
"NAC","P_SAL_Y","GE10","C22","D111","BG",2012,6920
"NAC","P_SAL_Y","GE10","C22","D1111","BG",2012,6325
"NAC","P_SAL_Y","GE10","C23","D01","BG",2012,11898
"NAC","P_SAL_Y","GE10","C23","D111","BG",2012,9828
"NAC","P_SAL_Y","GE10","C23","D1111","BG",2012,8730
"NAC","P_SAL_Y","GE10","C24","D01","BG",2012,16377
"NAC","P_SAL_Y","GE10","C24","D111","BG",2012,12971
"NAC","P_SAL_Y","GE10","C24","D1111","BG",2012,11460
"NAC","P_SAL_Y","GE10","C25","D01","BG",2012,8972
"NAC","P_SAL_Y","GE10","C25","D111","BG",2012,7467
"NAC","P_SAL_Y","GE10","C25","D1111","BG",2012,6639
"NAC","P_SAL_Y","GE10","C26","D01","BG",2012,13676
"NAC","P_SAL_Y","GE10","C26","D111","BG",2012,11692
"NAC","P_SAL_Y","GE10","C26","D1111","BG",2012,10413
"NAC","P_SAL_Y","GE10","C27","D01","BG",2012,12433
"NAC","P_SAL_Y","GE10","C27","D111","BG",2012,10345
"NAC","P_SAL_Y","GE10","C27","D1111","BG",2012,9285
"NAC","P_SAL_Y","GE10","C28","D01","BG",2012,12219
"NAC","P_SAL_Y","GE10","C28","D111","BG",2012,10188
"NAC","P_SAL_Y","GE10","C28","D1111","BG",2012,9054
"NAC","P_SAL_Y","GE10","C29","D01","BG",2012,10124
"NAC","P_SAL_Y","GE10","C29","D111","BG",2012,8547
"NAC","P_SAL_Y","GE10","C29","D1111","BG",2012,7420
"NAC","P_SAL_Y","GE10","C30","D01","BG",2012,10897
"NAC","P_SAL_Y","GE10","C30","D111","BG",2012,9099
"NAC","P_SAL_Y","GE10","C30","D1111","BG",2012,8315
"NAC","P_SAL_Y","GE10","C31","D01","BG",2012,6512
"NAC","P_SAL_Y","GE10","C31","D111","BG",2012,5445
"NAC","P_SAL_Y","GE10","C31","D1111","BG",2012,4980
"NAC","P_SAL_Y","GE10","C32","D01","BG",2012,9447
"NAC","P_SAL_Y","GE10","C32","D111","BG",2012,7963
"NAC","P_SAL_Y","GE10","C32","D1111","BG",2012,7184
"NAC","P_SAL_Y","GE10","C33","D01","BG",2012,13629
"NAC","P_SAL_Y","GE10","C33","D111","BG",2012,11243
"NAC","P_SAL_Y","GE10","C33","D1111","BG",2012,9932
"NAC","P_SAL_Y","GE10","D","D01","BG",2012,26788
"NAC","P_SAL_Y","GE10","D","D111","BG",2012,21578
"NAC","P_SAL_Y","GE10","D","D1111","BG",2012,16660
"NAC","P_SAL_Y","GE10","D35","D01","BG",2012,26788
"NAC","P_SAL_Y","GE10","D35","D111","BG",2012,21578
"NAC","P_SAL_Y","GE10","D35","D1111","BG",2012,16660
"NAC","P_SAL_Y","GE10","E","D01","BG",2012,10359
"NAC","P_SAL_Y","GE10","E","D111","BG",2012,8645
"NAC","P_SAL_Y","GE10","E","D1111","BG",2012,7437
"NAC","P_SAL_Y","GE10","E36","D01","BG",2012,11274
"NAC","P_SAL_Y","GE10","E36","D111","BG",2012,9335
"NAC","P_SAL_Y","GE10","E36","D1111","BG",2012,7663
"NAC","P_SAL_Y","GE10","E37","D01","BG",2012,8290
"NAC","P_SAL_Y","GE10","E37","D111","BG",2012,6923
"NAC","P_SAL_Y","GE10","E37","D1111","BG",2012,6313
"NAC","P_SAL_Y","GE10","E38","D01","BG",2012,9392
"NAC","P_SAL_Y","GE10","E38","D111","BG",2012,7914
"NAC","P_SAL_Y","GE10","E38","D1111","BG",2012,7193
"NAC","P_SAL_Y","GE10","E39","D01","BG",2012,11128
"NAC","P_SAL_Y","GE10","E39","D111","BG",2012,9391
"NAC","P_SAL_Y","GE10","E39","D1111","BG",2012,8224
"NAC","P_SAL_Y","GE10","F","D01","BG",2012,9756
"NAC","P_SAL_Y","GE10","F","D111","BG",2012,8227
"NAC","P_SAL_Y","GE10","F","D1111","BG",2012,7592
"NAC","P_SAL_Y","GE10","F41","D01","BG",2012,8379
"NAC","P_SAL_Y","GE10","F41","D111","BG",2012,7079
"NAC","P_SAL_Y","GE10","F41","D1111","BG",2012,6558
"NAC","P_SAL_Y","GE10","F42","D01","BG",2012,11408
"NAC","P_SAL_Y","GE10","F42","D111","BG",2012,9594
"NAC","P_SAL_Y","GE10","F42","D1111","BG",2012,8796
"NAC","P_SAL_Y","GE10","F43","D01","BG",2012,9887
"NAC","P_SAL_Y","GE10","F43","D111","BG",2012,8351
"NAC","P_SAL_Y","GE10","F43","D1111","BG",2012,7739
"NAC","P_SAL_Y","GE10","G","D01","BG",2012,10781
"NAC","P_SAL_Y","GE10","G","D111","BG",2012,9198
"NAC","P_SAL_Y","GE10","G","D1111","BG",2012,8492
"NAC","P_SAL_Y","GE10","G-J","D01","BG",2012,12383
"NAC","P_SAL_Y","GE10","G-J","D111","BG",2012,10675
"NAC","P_SAL_Y","GE10","G-J","D1111","BG",2012,9594
"NAC","P_SAL_Y","GE10","G-N","D01","BG",2012,12495
"NAC","P_SAL_Y","GE10","G-N","D111","BG",2012,10778
"NAC","P_SAL_Y","GE10","G-N","D1111","BG",2012,9719
"NAC","P_SAL_Y","GE10","G-S_X_O","D01","BG",2012,11959
"NAC","P_SAL_Y","GE10","G-S_X_O","D111","BG",2012,10210
"NAC","P_SAL_Y","GE10","G-S_X_O","D1111","BG",2012,9085
"NAC","P_SAL_Y","GE10","G45","D01","BG",2012,12275
"NAC","P_SAL_Y","GE10","G45","D111","BG",2012,10465
"NAC","P_SAL_Y","GE10","G45","D1111","BG",2012,9613
"NAC","P_SAL_Y","GE10","G46","D01","BG",2012,12673
"NAC","P_SAL_Y","GE10","G46","D111","BG",2012,10918
"NAC","P_SAL_Y","GE10","G46","D1111","BG",2012,10097
"NAC","P_SAL_Y","GE10","G47","D01","BG",2012,8766
"NAC","P_SAL_Y","GE10","G47","D111","BG",2012,7382
"NAC","P_SAL_Y","GE10","G47","D1111","BG",2012,6810
"NAC","P_SAL_Y","GE10","H","D01","BG",2012,12081
"NAC","P_SAL_Y","GE10","H","D111","BG",2012,10614
"NAC","P_SAL_Y","GE10","H","D1111","BG",2012,8789
"NAC","P_SAL_Y","GE10","H49","D01","BG",2012,10003
"NAC","P_SAL_Y","GE10","H49","D111","BG",2012,8041
"NAC","P_SAL_Y","GE10","H49","D1111","BG",2012,6738
"NAC","P_SAL_Y","GE10","H50","D01","BG",2012,24199
"NAC","P_SAL_Y","GE10","H50","D111","BG",2012,22228
"NAC","P_SAL_Y","GE10","H50","D1111","BG",2012,18612
"NAC","P_SAL_Y","GE10","H51","D01","BG",2012,30293
"NAC","P_SAL_Y","GE10","H51","D111","BG",2012,25322
"NAC","P_SAL_Y","GE10","H51","D1111","BG",2012,22398
"NAC","P_SAL_Y","GE10","H52","D01","BG",2012,15286
"NAC","P_SAL_Y","GE10","H52","D111","BG",2012,15307
"NAC","P_SAL_Y","GE10","H52","D1111","BG",2012,12234
"NAC","P_SAL_Y","GE10","H53","D01","BG",2012,9999
"NAC","P_SAL_Y","GE10","H53","D111","BG",2012,8313
"NAC","P_SAL_Y","GE10","H53","D1111","BG",2012,7138
"NAC","P_SAL_Y","GE10","I","D01","BG",2012,7484
"NAC","P_SAL_Y","GE10","I","D111","BG",2012,6260
"NAC","P_SAL_Y","GE10","I","D1111","BG",2012,5843
"NAC","P_SAL_Y","GE10","I55","D01","BG",2012,8853
"NAC","P_SAL_Y","GE10","I55","D111","BG",2012,7423
"NAC","P_SAL_Y","GE10","I55","D1111","BG",2012,6895
"NAC","P_SAL_Y","GE10","I56","D01","BG",2012,6424
"NAC","P_SAL_Y","GE10","I56","D111","BG",2012,5360
"NAC","P_SAL_Y","GE10","I56","D1111","BG",2012,5028
"NAC","P_SAL_Y","GE10","J","D01","BG",2012,25680
"NAC","P_SAL_Y","GE10","J","D111","BG",2012,22366
"NAC","P_SAL_Y","GE10","J","D1111","BG",2012,20410
"NAC","P_SAL_Y","GE10","J58","D01","BG",2012,17042
"NAC","P_SAL_Y","GE10","J58","D111","BG",2012,14726
"NAC","P_SAL_Y","GE10","J58","D1111","BG",2012,13353
"NAC","P_SAL_Y","GE10","J59","D01","BG",2012,20092
"NAC","P_SAL_Y","GE10","J59","D111","BG",2012,17783
"NAC","P_SAL_Y","GE10","J59","D1111","BG",2012,16494
"NAC","P_SAL_Y","GE10","J60","D01","BG",2012,18478
"NAC","P_SAL_Y","GE10","J60","D111","BG",2012,15947
"NAC","P_SAL_Y","GE10","J60","D1111","BG",2012,14403
"NAC","P_SAL_Y","GE10","J61","D01","BG",2012,21147
"NAC","P_SAL_Y","GE10","J61","D111","BG",2012,18073
"NAC","P_SAL_Y","GE10","J61","D1111","BG",2012,16424
"NAC","P_SAL_Y","GE10","J62","D01","BG",2012,34547
"NAC","P_SAL_Y","GE10","J62","D111","BG",2012,30437
"NAC","P_SAL_Y","GE10","J62","D1111","BG",2012,27874
"NAC","P_SAL_Y","GE10","J63","D01","BG",2012,21237
"NAC","P_SAL_Y","GE10","J63","D111","BG",2012,18458
"NAC","P_SAL_Y","GE10","J63","D1111","BG",2012,16847
"NAC","P_SAL_Y","GE10","K","D01","BG",2012,21626
"NAC","P_SAL_Y","GE10","K","D111","BG",2012,18532
"NAC","P_SAL_Y","GE10","K","D1111","BG",2012,16605
"NAC","P_SAL_Y","GE10","K-N","D01","BG",2012,12748
"NAC","P_SAL_Y","GE10","K-N","D111","BG",2012,11015
"NAC","P_SAL_Y","GE10","K-N","D1111","BG",2012,10005
"NAC","P_SAL_Y","GE10","K64","D01","BG",2012,21835
"NAC","P_SAL_Y","GE10","K64","D111","BG",2012,18641
"NAC","P_SAL_Y","GE10","K64","D1111","BG",2012,16582
"NAC","P_SAL_Y","GE10","K65","D01","BG",2012,23695
"NAC","P_SAL_Y","GE10","K65","D111","BG",2012,20652
"NAC","P_SAL_Y","GE10","K65","D1111","BG",2012,19035
"NAC","P_SAL_Y","GE10","K66","D01","BG",2012,16565
"NAC","P_SAL_Y","GE10","K66","D111","BG",2012,14414
"NAC","P_SAL_Y","GE10","K66","D1111","BG",2012,13388
"NAC","P_SAL_Y","GE10","L","D01","BG",2012,11251
"NAC","P_SAL_Y","GE10","L","D111","BG",2012,9621
"NAC","P_SAL_Y","GE10","L","D1111","BG",2012,8772
"NAC","P_SAL_Y","GE10","L68","D01","BG",2012,11251
"NAC","P_SAL_Y","GE10","L68","D111","BG",2012,9621
"NAC","P_SAL_Y","GE10","L68","D1111","BG",2012,8772
"NAC","P_SAL_Y","GE10","M","D01","BG",2012,18554
"NAC","P_SAL_Y","GE10","M","D111","BG",2012,16119
"NAC","P_SAL_Y","GE10","M","D1111","BG",2012,14714
"NAC","P_SAL_Y","GE10","M69","D01","BG",2012,21547
"NAC","P_SAL_Y","GE10","M69","D111","BG",2012,18909
"NAC","P_SAL_Y","GE10","M69","D1111","BG",2012,17337
"NAC","P_SAL_Y","GE10","M70","D01","BG",2012,24220
"NAC","P_SAL_Y","GE10","M70","D111","BG",2012,21351
"NAC","P_SAL_Y","GE10","M70","D1111","BG",2012,19499
"NAC","P_SAL_Y","GE10","M71","D01","BG",2012,20260
"NAC","P_SAL_Y","GE10","M71","D111","BG",2012,17471
"NAC","P_SAL_Y","GE10","M71","D1111","BG",2012,16047
"NAC","P_SAL_Y","GE10","M72","D01","BG",2012,11276
"NAC","P_SAL_Y","GE10","M72","D111","BG",2012,9512
"NAC","P_SAL_Y","GE10","M72","D1111","BG",2012,8351
"NAC","P_SAL_Y","GE10","M73","D01","BG",2012,21290
"NAC","P_SAL_Y","GE10","M73","D111","BG",2012,18711
"NAC","P_SAL_Y","GE10","M73","D1111","BG",2012,17430
"NAC","P_SAL_Y","GE10","M74","D01","BG",2012,20186
"NAC","P_SAL_Y","GE10","M74","D111","BG",2012,17622
"NAC","P_SAL_Y","GE10","M74","D1111","BG",2012,16200
"NAC","P_SAL_Y","GE10","M75","D01","BG",2012,6341
"NAC","P_SAL_Y","GE10","M75","D111","BG",2012,5398
"NAC","P_SAL_Y","GE10","M75","D1111","BG",2012,4996
"NAC","P_SAL_Y","GE10","N","D01","BG",2012,6645
"NAC","P_SAL_Y","GE10","N","D111","BG",2012,5796
"NAC","P_SAL_Y","GE10","N","D1111","BG",2012,5343
"NAC","P_SAL_Y","GE10","N77","D01","BG",2012,12476
"NAC","P_SAL_Y","GE10","N77","D111","BG",2012,10595
"NAC","P_SAL_Y","GE10","N77","D1111","BG",2012,9826
"NAC","P_SAL_Y","GE10","N78","D01","BG",2012,13789
"NAC","P_SAL_Y","GE10","N78","D111","BG",2012,11630
"NAC","P_SAL_Y","GE10","N78","D1111","BG",2012,10675
"NAC","P_SAL_Y","GE10","N79","D01","BG",2012,11114
"NAC","P_SAL_Y","GE10","N79","D111","BG",2012,9480
"NAC","P_SAL_Y","GE10","N79","D1111","BG",2012,8909
"NAC","P_SAL_Y","GE10","N80","D01","BG",2012,5771
"NAC","P_SAL_Y","GE10","N80","D111","BG",2012,4878
"NAC","P_SAL_Y","GE10","N80","D1111","BG",2012,4499
"NAC","P_SAL_Y","GE10","N81","D01","BG",2012,4273
"NAC","P_SAL_Y","GE10","N81","D111","BG",2012,4143
"NAC","P_SAL_Y","GE10","N81","D1111","BG",2012,3808
"NAC","P_SAL_Y","GE10","N82","D01","BG",2012,14000
"NAC","P_SAL_Y","GE10","N82","D111","BG",2012,11978
"NAC","P_SAL_Y","GE10","N82","D1111","BG",2012,11052
"NAC","P_SAL_Y","GE10","O","D01","BG",2012,13883
"NAC","P_SAL_Y","GE10","O","D111","BG",2012,10903
"NAC","P_SAL_Y","GE10","O","D1111","BG",2012,9564
"NAC","P_SAL_Y","GE10","O-S","D01","BG",2012,11624
"NAC","P_SAL_Y","GE10","O-S","D111","BG",2012,9501
"NAC","P_SAL_Y","GE10","O-S","D1111","BG",2012,8216
"NAC","P_SAL_Y","GE10","O84","D01","BG",2012,13883
"NAC","P_SAL_Y","GE10","O84","D111","BG",2012,10903
"NAC","P_SAL_Y","GE10","O84","D1111","BG",2012,9564
"NAC","P_SAL_Y","GE10","P","D01","BG",2012,10899
"NAC","P_SAL_Y","GE10","P","D111","BG",2012,8925
"NAC","P_SAL_Y","GE10","P","D1111","BG",2012,7367
"NAC","P_SAL_Y","GE10","P-S","D01","BG",2012,10815
"NAC","P_SAL_Y","GE10","P-S","D111","BG",2012,8998
"NAC","P_SAL_Y","GE10","P-S","D1111","BG",2012,7733
"NAC","P_SAL_Y","GE10","P85","D01","BG",2012,10899
"NAC","P_SAL_Y","GE10","P85","D111","BG",2012,8925
"NAC","P_SAL_Y","GE10","P85","D1111","BG",2012,7367
"NAC","P_SAL_Y","GE10","Q","D01","BG",2012,11176
"NAC","P_SAL_Y","GE10","Q","D111","BG",2012,9404
"NAC","P_SAL_Y","GE10","Q","D1111","BG",2012,8350
"NAC","P_SAL_Y","GE10","Q86","D01","BG",2012,12537
"NAC","P_SAL_Y","GE10","Q86","D111","BG",2012,10566
"NAC","P_SAL_Y","GE10","Q86","D1111","BG",2012,9410
"NAC","P_SAL_Y","GE10","Q87","D01","BG",2012,6873
"NAC","P_SAL_Y","GE10","Q87","D111","BG",2012,5687
"NAC","P_SAL_Y","GE10","Q87","D1111","BG",2012,4932
"NAC","P_SAL_Y","GE10","Q88","D01","BG",2012,6288
"NAC","P_SAL_Y","GE10","Q88","D111","BG",2012,5265
"NAC","P_SAL_Y","GE10","Q88","D1111","BG",2012,4595
"NAC","P_SAL_Y","GE10","R","D01","BG",2012,9783
"NAC","P_SAL_Y","GE10","R","D111","BG",2012,8373
"NAC","P_SAL_Y","GE10","R","D1111","BG",2012,7624
"NAC","P_SAL_Y","GE10","R90","D01","BG",2012,8160
"NAC","P_SAL_Y","GE10","R90","D111","BG",2012,6735
"NAC","P_SAL_Y","GE10","R90","D1111","BG",2012,5876
"NAC","P_SAL_Y","GE10","R91","D01","BG",2012,7572
"NAC","P_SAL_Y","GE10","R91","D111","BG",2012,6258
"NAC","P_SAL_Y","GE10","R91","D1111","BG",2012,5414
"NAC","P_SAL_Y","GE10","R92","D01","BG",2012,8140
"NAC","P_SAL_Y","GE10","R92","D111","BG",2012,6813
"NAC","P_SAL_Y","GE10","R92","D1111","BG",2012,6260
"NAC","P_SAL_Y","GE10","R93","D01","BG",2012,15030
"NAC","P_SAL_Y","GE10","R93","D111","BG",2012,13457
"NAC","P_SAL_Y","GE10","R93","D1111","BG",2012,12609
"NAC","P_SAL_Y","GE10","S","D01","BG",2012,8634
"NAC","P_SAL_Y","GE10","S","D111","BG",2012,7457
"NAC","P_SAL_Y","GE10","S","D1111","BG",2012,6760
"NAC","P_SAL_Y","GE10","S94","D01","BG",2012,9674
"NAC","P_SAL_Y","GE10","S94","D111","BG",2012,8448
"NAC","P_SAL_Y","GE10","S94","D1111","BG",2012,7633
"NAC","P_SAL_Y","GE10","S95","D01","BG",2012,9887
"NAC","P_SAL_Y","GE10","S95","D111","BG",2012,8344
"NAC","P_SAL_Y","GE10","S95","D1111","BG",2012,7629
"NAC","P_SAL_Y","GE10","S96","D01","BG",2012,6046
"NAC","P_SAL_Y","GE10","S96","D111","BG",2012,5039
"NAC","P_SAL_Y","GE10","S96","D1111","BG",2012,4617
"NAC","P_SAL_Y","GE1000","B","D01","BG",2012,26771
"NAC","P_SAL_Y","GE1000","B","D111","BG",2012,20205
"NAC","P_SAL_Y","GE1000","B","D1111","BG",2012,16765
"NAC","P_SAL_Y","GE1000","B-E","D01","BG",2012,19767
"NAC","P_SAL_Y","GE1000","B-E","D111","BG",2012,15738
"NAC","P_SAL_Y","GE1000","B-E","D1111","BG",2012,12824
"NAC","P_SAL_Y","GE1000","B-F","D01","BG",2012,19778
"NAC","P_SAL_Y","GE1000","B-F","D111","BG",2012,15744
"NAC","P_SAL_Y","GE1000","B-F","D1111","BG",2012,12827
"NAC","P_SAL_Y","GE1000","B-N","D01","BG",2012,17801
"NAC","P_SAL_Y","GE1000","B-N","D111","BG",2012,14959
"NAC","P_SAL_Y","GE1000","B-N","D1111","BG",2012,12507
"NAC","P_SAL_Y","GE1000","B-S","D01","BG",2012,17186
"NAC","P_SAL_Y","GE1000","B-S","D111","BG",2012,14366
"NAC","P_SAL_Y","GE1000","B-S","D1111","BG",2012,12105
"NAC","P_SAL_Y","GE1000","B-S_X_O","D01","BG",2012,17426
"NAC","P_SAL_Y","GE1000","B-S_X_O","D111","BG",2012,14645
"NAC","P_SAL_Y","GE1000","B-S_X_O","D1111","BG",2012,12295
"NAC","P_SAL_Y","GE1000","B05","D01","BG",2012,25292
"NAC","P_SAL_Y","GE1000","B05","D111","BG",2012,18577
"NAC","P_SAL_Y","GE1000","B05","D1111","BG",2012,14975
"NAC","P_SAL_Y","GE1000","B07","D01","BG",2012,30587
"NAC","P_SAL_Y","GE1000","B07","D111","BG",2012,24405
"NAC","P_SAL_Y","GE1000","B07","D1111","BG",2012,21382
"NAC","P_SAL_Y","GE1000","C","D01","BG",2012,13705
"NAC","P_SAL_Y","GE1000","C","D111","BG",2012,11173
"NAC","P_SAL_Y","GE1000","C","D1111","BG",2012,9747
"NAC","P_SAL_Y","GE1000","C10","D01","BG",2012,NA
"NAC","P_SAL_Y","GE1000","C10","D111","BG",2012,NA
"NAC","P_SAL_Y","GE1000","C10","D1111","BG",2012,NA
"NAC","P_SAL_Y","GE1000","C11","D01","BG",2012,NA
"NAC","P_SAL_Y","GE1000","C11","D111","BG",2012,NA
"NAC","P_SAL_Y","GE1000","C11","D1111","BG",2012,NA
"NAC","P_SAL_Y","GE1000","C12","D01","BG",2012,NA
"NAC","P_SAL_Y","GE1000","C12","D111","BG",2012,NA
"NAC","P_SAL_Y","GE1000","C12","D1111","BG",2012,NA
"NAC","P_SAL_Y","GE1000","C13","D01","BG",2012,10641
"NAC","P_SAL_Y","GE1000","C13","D111","BG",2012,8950
"NAC","P_SAL_Y","GE1000","C13","D1111","BG",2012,8191
"NAC","P_SAL_Y","GE1000","C14","D01","BG",2012,11495
"NAC","P_SAL_Y","GE1000","C14","D111","BG",2012,8680
"NAC","P_SAL_Y","GE1000","C14","D1111","BG",2012,7788
"NAC","P_SAL_Y","GE1000","C19","D01","BG",2012,NA
"NAC","P_SAL_Y","GE1000","C19","D111","BG",2012,NA
"NAC","P_SAL_Y","GE1000","C19","D1111","BG",2012,NA
"NAC","P_SAL_Y","GE1000","C20","D01","BG",2012,NA
"NAC","P_SAL_Y","GE1000","C20","D111","BG",2012,NA
"NAC","P_SAL_Y","GE1000","C20","D1111","BG",2012,NA
"NAC","P_SAL_Y","GE1000","C21","D01","BG",2012,12609
"NAC","P_SAL_Y","GE1000","C21","D111","BG",2012,10411
"NAC","P_SAL_Y","GE1000","C21","D1111","BG",2012,8991
"NAC","P_SAL_Y","GE1000","C22","D01","BG",2012,NA
"NAC","P_SAL_Y","GE1000","C22","D111","BG",2012,NA
"NAC","P_SAL_Y","GE1000","C22","D1111","BG",2012,NA
"NAC","P_SAL_Y","GE1000","C23","D01","BG",2012,NA
"NAC","P_SAL_Y","GE1000","C23","D111","BG",2012,NA
"NAC","P_SAL_Y","GE1000","C23","D1111","BG",2012,NA
"NAC","P_SAL_Y","GE1000","C24","D01","BG",2012,NA
"NAC","P_SAL_Y","GE1000","C24","D111","BG",2012,NA
"NAC","P_SAL_Y","GE1000","C24","D1111","BG",2012,NA
"NAC","P_SAL_Y","GE1000","C25","D01","BG",2012,8144
"NAC","P_SAL_Y","GE1000","C25","D111","BG",2012,6623
"NAC","P_SAL_Y","GE1000","C25","D1111","BG",2012,5643
"NAC","P_SAL_Y","GE1000","C27","D01","BG",2012,NA
"NAC","P_SAL_Y","GE1000","C27","D111","BG",2012,NA
"NAC","P_SAL_Y","GE1000","C27","D1111","BG",2012,NA
"NAC","P_SAL_Y","GE1000","C28","D01","BG",2012,16638
"NAC","P_SAL_Y","GE1000","C28","D111","BG",2012,13751
"NAC","P_SAL_Y","GE1000","C28","D1111","BG",2012,11612
"NAC","P_SAL_Y","GE1000","C29","D01","BG",2012,10546
"NAC","P_SAL_Y","GE1000","C29","D111","BG",2012,8937
"NAC","P_SAL_Y","GE1000","C29","D1111","BG",2012,7660
"NAC","P_SAL_Y","GE1000","C30","D01","BG",2012,NA
"NAC","P_SAL_Y","GE1000","C30","D111","BG",2012,NA
"NAC","P_SAL_Y","GE1000","C30","D1111","BG",2012,NA
"NAC","P_SAL_Y","GE1000","C33","D01","BG",2012,NA
"NAC","P_SAL_Y","GE1000","C33","D111","BG",2012,NA
"NAC","P_SAL_Y","GE1000","C33","D1111","BG",2012,NA
"NAC","P_SAL_Y","GE1000","D","D01","BG",2012,28714
"NAC","P_SAL_Y","GE1000","D","D111","BG",2012,22962
"NAC","P_SAL_Y","GE1000","D","D1111","BG",2012,17153
"NAC","P_SAL_Y","GE1000","D35","D01","BG",2012,28714
"NAC","P_SAL_Y","GE1000","D35","D111","BG",2012,22962
"NAC","P_SAL_Y","GE1000","D35","D1111","BG",2012,17153
"NAC","P_SAL_Y","GE1000","E","D01","BG",2012,14005
"NAC","P_SAL_Y","GE1000","E","D111","BG",2012,11569
"NAC","P_SAL_Y","GE1000","E","D1111","BG",2012,9726
"NAC","P_SAL_Y","GE1000","E36","D01","BG",2012,14005
"NAC","P_SAL_Y","GE1000","E36","D111","BG",2012,11569
"NAC","P_SAL_Y","GE1000","E36","D1111","BG",2012,9726
"NAC","P_SAL_Y","GE1000","F","D01","BG",2012,NA
"NAC","P_SAL_Y","GE1000","F","D111","BG",2012,NA
"NAC","P_SAL_Y","GE1000","F","D1111","BG",2012,NA
"NAC","P_SAL_Y","GE1000","F41","D01","BG",2012,NA
"NAC","P_SAL_Y","GE1000","F41","D111","BG",2012,NA
"NAC","P_SAL_Y","GE1000","F41","D1111","BG",2012,NA
"NAC","P_SAL_Y","GE1000","G","D01","BG",2012,14099
"NAC","P_SAL_Y","GE1000","G","D111","BG",2012,12010
"NAC","P_SAL_Y","GE1000","G","D1111","BG",2012,10908
"NAC","P_SAL_Y","GE1000","G-J","D01","BG",2012,16368
"NAC","P_SAL_Y","GE1000","G-J","D111","BG",2012,14578
"NAC","P_SAL_Y","GE1000","G-J","D1111","BG",2012,12217
"NAC","P_SAL_Y","GE1000","G-N","D01","BG",2012,16428
"NAC","P_SAL_Y","GE1000","G-N","D111","BG",2012,14415
"NAC","P_SAL_Y","GE1000","G-N","D1111","BG",2012,12284
"NAC","P_SAL_Y","GE1000","G-S_X_O","D01","BG",2012,16067
"NAC","P_SAL_Y","GE1000","G-S_X_O","D111","BG",2012,14010
"NAC","P_SAL_Y","GE1000","G-S_X_O","D1111","BG",2012,11987
"NAC","P_SAL_Y","GE1000","G46","D01","BG",2012,NA
"NAC","P_SAL_Y","GE1000","G46","D111","BG",2012,NA
"NAC","P_SAL_Y","GE1000","G46","D1111","BG",2012,NA
"NAC","P_SAL_Y","GE1000","G47","D01","BG",2012,12968
"NAC","P_SAL_Y","GE1000","G47","D111","BG",2012,11009
"NAC","P_SAL_Y","GE1000","G47","D1111","BG",2012,9903
"NAC","P_SAL_Y","GE1000","H","D01","BG",2012,14420
"NAC","P_SAL_Y","GE1000","H","D111","BG",2012,13424
"NAC","P_SAL_Y","GE1000","H","D1111","BG",2012,10322
"NAC","P_SAL_Y","GE1000","H49","D01","BG",2012,15803
"NAC","P_SAL_Y","GE1000","H49","D111","BG",2012,12696
"NAC","P_SAL_Y","GE1000","H49","D1111","BG",2012,9496
"NAC","P_SAL_Y","GE1000","H50","D01","BG",2012,NA
"NAC","P_SAL_Y","GE1000","H50","D111","BG",2012,NA
"NAC","P_SAL_Y","GE1000","H50","D1111","BG",2012,NA
"NAC","P_SAL_Y","GE1000","H52","D01","BG",2012,14944
"NAC","P_SAL_Y","GE1000","H52","D111","BG",2012,16005
"NAC","P_SAL_Y","GE1000","H52","D1111","BG",2012,12246
"NAC","P_SAL_Y","GE1000","H53","D01","BG",2012,8449
"NAC","P_SAL_Y","GE1000","H53","D111","BG",2012,6887
"NAC","P_SAL_Y","GE1000","H53","D1111","BG",2012,5547
"NAC","P_SAL_Y","GE1000","I","D01","BG",2012,NA
"NAC","P_SAL_Y","GE1000","I","D111","BG",2012,NA
"NAC","P_SAL_Y","GE1000","I","D1111","BG",2012,NA
"NAC","P_SAL_Y","GE1000","I56","D01","BG",2012,NA
"NAC","P_SAL_Y","GE1000","I56","D111","BG",2012,NA
"NAC","P_SAL_Y","GE1000","I56","D1111","BG",2012,NA
"NAC","P_SAL_Y","GE1000","J","D01","BG",2012,24397
"NAC","P_SAL_Y","GE1000","J","D111","BG",2012,20810
"NAC","P_SAL_Y","GE1000","J","D1111","BG",2012,18965
"NAC","P_SAL_Y","GE1000","J60","D01","BG",2012,14210
"NAC","P_SAL_Y","GE1000","J60","D111","BG",2012,12136
"NAC","P_SAL_Y","GE1000","J60","D1111","BG",2012,10710
"NAC","P_SAL_Y","GE1000","J61","D01","BG",2012,22668
"NAC","P_SAL_Y","GE1000","J61","D111","BG",2012,19426
"NAC","P_SAL_Y","GE1000","J61","D1111","BG",2012,17579
"NAC","P_SAL_Y","GE1000","J62","D01","BG",2012,NA
"NAC","P_SAL_Y","GE1000","J62","D111","BG",2012,NA
"NAC","P_SAL_Y","GE1000","J62","D1111","BG",2012,NA
"NAC","P_SAL_Y","GE1000","K","D01","BG",2012,21735
"NAC","P_SAL_Y","GE1000","K","D111","BG",2012,18492
"NAC","P_SAL_Y","GE1000","K","D1111","BG",2012,16281
"NAC","P_SAL_Y","GE1000","K-N","D01","BG",2012,16559
"NAC","P_SAL_Y","GE1000","K-N","D111","BG",2012,14061
"NAC","P_SAL_Y","GE1000","K-N","D1111","BG",2012,12428
"NAC","P_SAL_Y","GE1000","K64","D01","BG",2012,21735
"NAC","P_SAL_Y","GE1000","K64","D111","BG",2012,18492
"NAC","P_SAL_Y","GE1000","K64","D1111","BG",2012,16281
"NAC","P_SAL_Y","GE1000","M","D01","BG",2012,11367
"NAC","P_SAL_Y","GE1000","M","D111","BG",2012,8522
"NAC","P_SAL_Y","GE1000","M","D1111","BG",2012,7156
"NAC","P_SAL_Y","GE1000","M71","D01","BG",2012,NA
"NAC","P_SAL_Y","GE1000","M71","D111","BG",2012,NA
"NAC","P_SAL_Y","GE1000","M71","D1111","BG",2012,NA
"NAC","P_SAL_Y","GE1000","M72","D01","BG",2012,NA
"NAC","P_SAL_Y","GE1000","M72","D111","BG",2012,NA
"NAC","P_SAL_Y","GE1000","M72","D1111","BG",2012,NA
"NAC","P_SAL_Y","GE1000","N","D01","BG",2012,8461
"NAC","P_SAL_Y","GE1000","N","D111","BG",2012,7147
"NAC","P_SAL_Y","GE1000","N","D1111","BG",2012,6422
"NAC","P_SAL_Y","GE1000","N78","D01","BG",2012,NA
"NAC","P_SAL_Y","GE1000","N78","D111","BG",2012,NA
"NAC","P_SAL_Y","GE1000","N78","D1111","BG",2012,NA
"NAC","P_SAL_Y","GE1000","N80","D01","BG",2012,6659
"NAC","P_SAL_Y","GE1000","N80","D111","BG",2012,5623
"NAC","P_SAL_Y","GE1000","N80","D1111","BG",2012,5035
"NAC","P_SAL_Y","GE1000","O","D01","BG",2012,14126
"NAC","P_SAL_Y","GE1000","O","D111","BG",2012,10812
"NAC","P_SAL_Y","GE1000","O","D1111","BG",2012,9689
"NAC","P_SAL_Y","GE1000","O-S","D01","BG",2012,14206
"NAC","P_SAL_Y","GE1000","O-S","D111","BG",2012,11488
"NAC","P_SAL_Y","GE1000","O-S","D1111","BG",2012,10158
"NAC","P_SAL_Y","GE1000","O84","D01","BG",2012,14126
"NAC","P_SAL_Y","GE1000","O84","D111","BG",2012,10812
"NAC","P_SAL_Y","GE1000","O84","D1111","BG",2012,9689
"NAC","P_SAL_Y","GE1000","P","D01","BG",2012,15128
"NAC","P_SAL_Y","GE1000","P","D111","BG",2012,12799
"NAC","P_SAL_Y","GE1000","P","D1111","BG",2012,11084
"NAC","P_SAL_Y","GE1000","P-S","D01","BG",2012,14266
"NAC","P_SAL_Y","GE1000","P-S","D111","BG",2012,11990
"NAC","P_SAL_Y","GE1000","P-S","D1111","BG",2012,10507
"NAC","P_SAL_Y","GE1000","P85","D01","BG",2012,15128
"NAC","P_SAL_Y","GE1000","P85","D111","BG",2012,12799
"NAC","P_SAL_Y","GE1000","P85","D1111","BG",2012,11084
"NAC","P_SAL_Y","GE1000","Q","D01","BG",2012,14148
"NAC","P_SAL_Y","GE1000","Q","D111","BG",2012,11873
"NAC","P_SAL_Y","GE1000","Q","D1111","BG",2012,10432
"NAC","P_SAL_Y","GE1000","Q86","D01","BG",2012,14148
"NAC","P_SAL_Y","GE1000","Q86","D111","BG",2012,11873
"NAC","P_SAL_Y","GE1000","Q86","D1111","BG",2012,10432
"NAC","P_SAL_Y","GE1000","R","D01","BG",2012,11938
"NAC","P_SAL_Y","GE1000","R","D111","BG",2012,9878
"NAC","P_SAL_Y","GE1000","R","D1111","BG",2012,8883
"NAC","P_SAL_Y","GE1000","R92","D01","BG",2012,11938
"NAC","P_SAL_Y","GE1000","R92","D111","BG",2012,9878
"NAC","P_SAL_Y","GE1000","R92","D1111","BG",2012,8883
"NAC","P_SAL_Y","LT10","B","D01","BG",2012,10576
"NAC","P_SAL_Y","LT10","B","D111","BG",2012,8939
"NAC","P_SAL_Y","LT10","B","D1111","BG",2012,8419
"NAC","P_SAL_Y","LT10","B-E","D01","BG",2012,5725
"NAC","P_SAL_Y","LT10","B-E","D111","BG",2012,4796
"NAC","P_SAL_Y","LT10","B-E","D1111","BG",2012,4521
"NAC","P_SAL_Y","LT10","B-F","D01","BG",2012,6082
"NAC","P_SAL_Y","LT10","B-F","D111","BG",2012,5102
"NAC","P_SAL_Y","LT10","B-F","D1111","BG",2012,4811
"NAC","P_SAL_Y","LT10","B-N","D01","BG",2012,6992
"NAC","P_SAL_Y","LT10","B-N","D111","BG",2012,5905
"NAC","P_SAL_Y","LT10","B-N","D1111","BG",2012,5573
"NAC","P_SAL_Y","LT10","B-S","D01","BG",2012,6928
"NAC","P_SAL_Y","LT10","B-S","D111","BG",2012,5849
"NAC","P_SAL_Y","LT10","B-S","D1111","BG",2012,5511
"NAC","P_SAL_Y","LT10","B-S_X_O","D01","BG",2012,6912
"NAC","P_SAL_Y","LT10","B-S_X_O","D111","BG",2012,5838
"NAC","P_SAL_Y","LT10","B-S_X_O","D1111","BG",2012,5501
"NAC","P_SAL_Y","LT10","B05","D01","BG",2012,14294
"NAC","P_SAL_Y","LT10","B05","D111","BG",2012,11479
"NAC","P_SAL_Y","LT10","B05","D1111","BG",2012,11001
"NAC","P_SAL_Y","LT10","B06","D01","BG",2012,NA
"NAC","P_SAL_Y","LT10","B06","D111","BG",2012,NA
"NAC","P_SAL_Y","LT10","B06","D1111","BG",2012,NA
"NAC","P_SAL_Y","LT10","B07","D01","BG",2012,8823
"NAC","P_SAL_Y","LT10","B07","D111","BG",2012,7474
"NAC","P_SAL_Y","LT10","B07","D1111","BG",2012,7213
"NAC","P_SAL_Y","LT10","B08","D01","BG",2012,8267
"NAC","P_SAL_Y","LT10","B08","D111","BG",2012,6851
"NAC","P_SAL_Y","LT10","B08","D1111","BG",2012,6402
"NAC","P_SAL_Y","LT10","B09","D01","BG",2012,22251
"NAC","P_SAL_Y","LT10","B09","D111","BG",2012,19724
"NAC","P_SAL_Y","LT10","B09","D1111","BG",2012,18677
"NAC","P_SAL_Y","LT10","C","D01","BG",2012,5419
"NAC","P_SAL_Y","LT10","C","D111","BG",2012,4523
"NAC","P_SAL_Y","LT10","C","D1111","BG",2012,4264
"NAC","P_SAL_Y","LT10","C10","D01","BG",2012,5197
"NAC","P_SAL_Y","LT10","C10","D111","BG",2012,4322
"NAC","P_SAL_Y","LT10","C10","D1111","BG",2012,4112
"NAC","P_SAL_Y","LT10","C11","D01","BG",2012,NA
"NAC","P_SAL_Y","LT10","C11","D111","BG",2012,NA
"NAC","P_SAL_Y","LT10","C11","D1111","BG",2012,NA
"NAC","P_SAL_Y","LT10","C12","D01","BG",2012,11158
"NAC","P_SAL_Y","LT10","C12","D111","BG",2012,9162
"NAC","P_SAL_Y","LT10","C12","D1111","BG",2012,8216
"NAC","P_SAL_Y","LT10","C13","D01","BG",2012,NA
"NAC","P_SAL_Y","LT10","C13","D111","BG",2012,NA
"NAC","P_SAL_Y","LT10","C13","D1111","BG",2012,NA
"NAC","P_SAL_Y","LT10","C14","D01","BG",2012,4616
"NAC","P_SAL_Y","LT10","C14","D111","BG",2012,3852
"NAC","P_SAL_Y","LT10","C14","D1111","BG",2012,3664
"NAC","P_SAL_Y","LT10","C15","D01","BG",2012,NA
"NAC","P_SAL_Y","LT10","C15","D111","BG",2012,NA
"NAC","P_SAL_Y","LT10","C15","D1111","BG",2012,NA
"NAC","P_SAL_Y","LT10","C16","D01","BG",2012,4522
"NAC","P_SAL_Y","LT10","C16","D111","BG",2012,3741
"NAC","P_SAL_Y","LT10","C16","D1111","BG",2012,3520
"NAC","P_SAL_Y","LT10","C17","D01","BG",2012,NA
"NAC","P_SAL_Y","LT10","C17","D111","BG",2012,NA
"NAC","P_SAL_Y","LT10","C17","D1111","BG",2012,NA
"NAC","P_SAL_Y","LT10","C18","D01","BG",2012,5362
"NAC","P_SAL_Y","LT10","C18","D111","BG",2012,4482
"NAC","P_SAL_Y","LT10","C18","D1111","BG",2012,4186
"NAC","P_SAL_Y","LT10","C19","D01","BG",2012,NA
"NAC","P_SAL_Y","LT10","C19","D111","BG",2012,NA
"NAC","P_SAL_Y","LT10","C19","D1111","BG",2012,NA
"NAC","P_SAL_Y","LT10","C20","D01","BG",2012,6933
"NAC","P_SAL_Y","LT10","C20","D111","BG",2012,5833
"NAC","P_SAL_Y","LT10","C20","D1111","BG",2012,5457
"NAC","P_SAL_Y","LT10","C21","D01","BG",2012,NA
"NAC","P_SAL_Y","LT10","C21","D111","BG",2012,NA
"NAC","P_SAL_Y","LT10","C21","D1111","BG",2012,NA
"NAC","P_SAL_Y","LT10","C22","D01","BG",2012,5091
"NAC","P_SAL_Y","LT10","C22","D111","BG",2012,4228
"NAC","P_SAL_Y","LT10","C22","D1111","BG",2012,3965
"NAC","P_SAL_Y","LT10","C23","D01","BG",2012,5953
"NAC","P_SAL_Y","LT10","C23","D111","BG",2012,4944
"NAC","P_SAL_Y","LT10","C23","D1111","BG",2012,4657
"NAC","P_SAL_Y","LT10","C24","D01","BG",2012,NA
"NAC","P_SAL_Y","LT10","C24","D111","BG",2012,NA
"NAC","P_SAL_Y","LT10","C24","D1111","BG",2012,NA
"NAC","P_SAL_Y","LT10","C25","D01","BG",2012,5591
"NAC","P_SAL_Y","LT10","C25","D111","BG",2012,4661
"NAC","P_SAL_Y","LT10","C25","D1111","BG",2012,4374
"NAC","P_SAL_Y","LT10","C26","D01","BG",2012,8763
"NAC","P_SAL_Y","LT10","C26","D111","BG",2012,7414
"NAC","P_SAL_Y","LT10","C26","D1111","BG",2012,6955
"NAC","P_SAL_Y","LT10","C27","D01","BG",2012,NA
"NAC","P_SAL_Y","LT10","C27","D111","BG",2012,NA
"NAC","P_SAL_Y","LT10","C27","D1111","BG",2012,NA
"NAC","P_SAL_Y","LT10","C28","D01","BG",2012,7126
"NAC","P_SAL_Y","LT10","C28","D111","BG",2012,5929
"NAC","P_SAL_Y","LT10","C28","D1111","BG",2012,5534
"NAC","P_SAL_Y","LT10","C29","D01","BG",2012,5886
"NAC","P_SAL_Y","LT10","C29","D111","BG",2012,4911
"NAC","P_SAL_Y","LT10","C29","D1111","BG",2012,4571
"NAC","P_SAL_Y","LT10","C30","D01","BG",2012,9142
"NAC","P_SAL_Y","LT10","C30","D111","BG",2012,7709
"NAC","P_SAL_Y","LT10","C30","D1111","BG",2012,7366
"NAC","P_SAL_Y","LT10","C31","D01","BG",2012,4469
"NAC","P_SAL_Y","LT10","C31","D111","BG",2012,3735
"NAC","P_SAL_Y","LT10","C31","D1111","BG",2012,3516
"NAC","P_SAL_Y","LT10","C32","D01","BG",2012,5248
"NAC","P_SAL_Y","LT10","C32","D111","BG",2012,4383
"NAC","P_SAL_Y","LT10","C32","D1111","BG",2012,4100
"NAC","P_SAL_Y","LT10","C33","D01","BG",2012,7578
"NAC","P_SAL_Y","LT10","C33","D111","BG",2012,6432
"NAC","P_SAL_Y","LT10","C33","D1111","BG",2012,6060
"NAC","P_SAL_Y","LT10","D","D01","BG",2012,13676
"NAC","P_SAL_Y","LT10","D","D111","BG",2012,11962
"NAC","P_SAL_Y","LT10","D","D1111","BG",2012,11310
"NAC","P_SAL_Y","LT10","D35","D01","BG",2012,13676
"NAC","P_SAL_Y","LT10","D35","D111","BG",2012,11962
"NAC","P_SAL_Y","LT10","D35","D1111","BG",2012,11310
"NAC","P_SAL_Y","LT10","E","D01","BG",2012,7798
"NAC","P_SAL_Y","LT10","E","D111","BG",2012,6655
"NAC","P_SAL_Y","LT10","E","D1111","BG",2012,6234
"NAC","P_SAL_Y","LT10","E36","D01","BG",2012,12751
"NAC","P_SAL_Y","LT10","E36","D111","BG",2012,10786
"NAC","P_SAL_Y","LT10","E36","D1111","BG",2012,9811
"NAC","P_SAL_Y","LT10","E37","D01","BG",2012,6840
"NAC","P_SAL_Y","LT10","E37","D111","BG",2012,5758
"NAC","P_SAL_Y","LT10","E37","D1111","BG",2012,5528
"NAC","P_SAL_Y","LT10","E38","D01","BG",2012,7563
"NAC","P_SAL_Y","LT10","E38","D111","BG",2012,6451
"NAC","P_SAL_Y","LT10","E38","D1111","BG",2012,6049
"NAC","P_SAL_Y","LT10","E39","D01","BG",2012,9082
"NAC","P_SAL_Y","LT10","E39","D111","BG",2012,7876
"NAC","P_SAL_Y","LT10","E39","D1111","BG",2012,7313
"NAC","P_SAL_Y","LT10","F","D01","BG",2012,6769
"NAC","P_SAL_Y","LT10","F","D111","BG",2012,5692
"NAC","P_SAL_Y","LT10","F","D1111","BG",2012,5368
"NAC","P_SAL_Y","LT10","F41","D01","BG",2012,6497
"NAC","P_SAL_Y","LT10","F41","D111","BG",2012,5450
"NAC","P_SAL_Y","LT10","F41","D1111","BG",2012,5136
"NAC","P_SAL_Y","LT10","F42","D01","BG",2012,8818
"NAC","P_SAL_Y","LT10","F42","D111","BG",2012,7534
"NAC","P_SAL_Y","LT10","F42","D1111","BG",2012,7070
"NAC","P_SAL_Y","LT10","F43","D01","BG",2012,6597
"NAC","P_SAL_Y","LT10","F43","D111","BG",2012,5535
"NAC","P_SAL_Y","LT10","F43","D1111","BG",2012,5229
"NAC","P_SAL_Y","LT10","G","D01","BG",2012,6545
"NAC","P_SAL_Y","LT10","G","D111","BG",2012,5500
"NAC","P_SAL_Y","LT10","G","D1111","BG",2012,5191
"NAC","P_SAL_Y","LT10","G-J","D01","BG",2012,6613
"NAC","P_SAL_Y","LT10","G-J","D111","BG",2012,5557
"NAC","P_SAL_Y","LT10","G-J","D1111","BG",2012,5253
"NAC","P_SAL_Y","LT10","G-N","D01","BG",2012,7224
"NAC","P_SAL_Y","LT10","G-N","D111","BG",2012,6109
"NAC","P_SAL_Y","LT10","G-N","D1111","BG",2012,5768
"NAC","P_SAL_Y","LT10","G-S_X_O","D01","BG",2012,7093
"NAC","P_SAL_Y","LT10","G-S_X_O","D111","BG",2012,5998
"NAC","P_SAL_Y","LT10","G-S_X_O","D1111","BG",2012,5652
"NAC","P_SAL_Y","LT10","G45","D01","BG",2012,6163
"NAC","P_SAL_Y","LT10","G45","D111","BG",2012,5161
"NAC","P_SAL_Y","LT10","G45","D1111","BG",2012,4852
"NAC","P_SAL_Y","LT10","G46","D01","BG",2012,9272
"NAC","P_SAL_Y","LT10","G46","D111","BG",2012,7904
"NAC","P_SAL_Y","LT10","G46","D1111","BG",2012,7416
"NAC","P_SAL_Y","LT10","G47","D01","BG",2012,5587
"NAC","P_SAL_Y","LT10","G47","D111","BG",2012,4655
"NAC","P_SAL_Y","LT10","G47","D1111","BG",2012,4413
"NAC","P_SAL_Y","LT10","H","D01","BG",2012,6455
"NAC","P_SAL_Y","LT10","H","D111","BG",2012,5291
"NAC","P_SAL_Y","LT10","H","D1111","BG",2012,4993
"NAC","P_SAL_Y","LT10","H49","D01","BG",2012,5835
"NAC","P_SAL_Y","LT10","H49","D111","BG",2012,4717
"NAC","P_SAL_Y","LT10","H49","D1111","BG",2012,4456
"NAC","P_SAL_Y","LT10","H50","D01","BG",2012,11641
"NAC","P_SAL_Y","LT10","H50","D111","BG",2012,9937
"NAC","P_SAL_Y","LT10","H50","D1111","BG",2012,9597
"NAC","P_SAL_Y","LT10","H51","D01","BG",2012,NA
"NAC","P_SAL_Y","LT10","H51","D111","BG",2012,NA
"NAC","P_SAL_Y","LT10","H51","D1111","BG",2012,NA
"NAC","P_SAL_Y","LT10","H52","D01","BG",2012,10959
"NAC","P_SAL_Y","LT10","H52","D111","BG",2012,9424
"NAC","P_SAL_Y","LT10","H52","D1111","BG",2012,8855
"NAC","P_SAL_Y","LT10","H53","D01","BG",2012,5295
"NAC","P_SAL_Y","LT10","H53","D111","BG",2012,4447
"NAC","P_SAL_Y","LT10","H53","D1111","BG",2012,4195
"NAC","P_SAL_Y","LT10","I","D01","BG",2012,5155
"NAC","P_SAL_Y","LT10","I","D111","BG",2012,4293
"NAC","P_SAL_Y","LT10","I","D1111","BG",2012,4117
"NAC","P_SAL_Y","LT10","I55","D01","BG",2012,6022
"NAC","P_SAL_Y","LT10","I55","D111","BG",2012,5007
"NAC","P_SAL_Y","LT10","I55","D1111","BG",2012,4758
"NAC","P_SAL_Y","LT10","I56","D01","BG",2012,5039
"NAC","P_SAL_Y","LT10","I56","D111","BG",2012,4198
"NAC","P_SAL_Y","LT10","I56","D1111","BG",2012,4031
"NAC","P_SAL_Y","LT10","J","D01","BG",2012,13677
"NAC","P_SAL_Y","LT10","J","D111","BG",2012,11971
"NAC","P_SAL_Y","LT10","J","D1111","BG",2012,11244
"NAC","P_SAL_Y","LT10","J58","D01","BG",2012,NA
"NAC","P_SAL_Y","LT10","J58","D111","BG",2012,NA
"NAC","P_SAL_Y","LT10","J58","D1111","BG",2012,NA
"NAC","P_SAL_Y","LT10","J59","D01","BG",2012,9997
"NAC","P_SAL_Y","LT10","J59","D111","BG",2012,8649
"NAC","P_SAL_Y","LT10","J59","D1111","BG",2012,8199
"NAC","P_SAL_Y","LT10","J60","D01","BG",2012,8687
"NAC","P_SAL_Y","LT10","J60","D111","BG",2012,7291
"NAC","P_SAL_Y","LT10","J60","D1111","BG",2012,6816
"NAC","P_SAL_Y","LT10","J61","D01","BG",2012,NA
"NAC","P_SAL_Y","LT10","J61","D111","BG",2012,NA
"NAC","P_SAL_Y","LT10","J61","D1111","BG",2012,NA
"NAC","P_SAL_Y","LT10","J62","D01","BG",2012,16886
"NAC","P_SAL_Y","LT10","J62","D111","BG",2012,14937
"NAC","P_SAL_Y","LT10","J62","D1111","BG",2012,14026
"NAC","P_SAL_Y","LT10","J63","D01","BG",2012,12093
"NAC","P_SAL_Y","LT10","J63","D111","BG",2012,10515
"NAC","P_SAL_Y","LT10","J63","D1111","BG",2012,9900
"NAC","P_SAL_Y","LT10","K","D01","BG",2012,12461
"NAC","P_SAL_Y","LT10","K","D111","BG",2012,10889
"NAC","P_SAL_Y","LT10","K","D1111","BG",2012,10298
"NAC","P_SAL_Y","LT10","K-N","D01","BG",2012,9566
"NAC","P_SAL_Y","LT10","K-N","D111","BG",2012,8228
"NAC","P_SAL_Y","LT10","K-N","D1111","BG",2012,7739
"NAC","P_SAL_Y","LT10","K64","D01","BG",2012,14132
"NAC","P_SAL_Y","LT10","K64","D111","BG",2012,12381
"NAC","P_SAL_Y","LT10","K64","D1111","BG",2012,11705
"NAC","P_SAL_Y","LT10","K65","D01","BG",2012,34855
"NAC","P_SAL_Y","LT10","K65","D111","BG",2012,31562
"NAC","P_SAL_Y","LT10","K65","D1111","BG",2012,28580
"NAC","P_SAL_Y","LT10","K66","D01","BG",2012,10081
"NAC","P_SAL_Y","LT10","K66","D111","BG",2012,8748
"NAC","P_SAL_Y","LT10","K66","D1111","BG",2012,8309
"NAC","P_SAL_Y","LT10","L","D01","BG",2012,9478
"NAC","P_SAL_Y","LT10","L","D111","BG",2012,8140
"NAC","P_SAL_Y","LT10","L","D1111","BG",2012,7641
"NAC","P_SAL_Y","LT10","L68","D01","BG",2012,9478
"NAC","P_SAL_Y","LT10","L68","D111","BG",2012,8140
"NAC","P_SAL_Y","LT10","L68","D1111","BG",2012,7641
"NAC","P_SAL_Y","LT10","M","D01","BG",2012,9822
"NAC","P_SAL_Y","LT10","M","D111","BG",2012,8455
"NAC","P_SAL_Y","LT10","M","D1111","BG",2012,7952
"NAC","P_SAL_Y","LT10","M69","D01","BG",2012,7686
"NAC","P_SAL_Y","LT10","M69","D111","BG",2012,6523
"NAC","P_SAL_Y","LT10","M69","D1111","BG",2012,6117
"NAC","P_SAL_Y","LT10","M70","D01","BG",2012,16850
"NAC","P_SAL_Y","LT10","M70","D111","BG",2012,14938
"NAC","P_SAL_Y","LT10","M70","D1111","BG",2012,14189
"NAC","P_SAL_Y","LT10","M71","D01","BG",2012,10304
"NAC","P_SAL_Y","LT10","M71","D111","BG",2012,8811
"NAC","P_SAL_Y","LT10","M71","D1111","BG",2012,8259
"NAC","P_SAL_Y","LT10","M72","D01","BG",2012,NA
"NAC","P_SAL_Y","LT10","M72","D111","BG",2012,NA
"NAC","P_SAL_Y","LT10","M72","D1111","BG",2012,NA
"NAC","P_SAL_Y","LT10","M73","D01","BG",2012,9810
"NAC","P_SAL_Y","LT10","M73","D111","BG",2012,8454
"NAC","P_SAL_Y","LT10","M73","D1111","BG",2012,7952
"NAC","P_SAL_Y","LT10","M74","D01","BG",2012,9782
"NAC","P_SAL_Y","LT10","M74","D111","BG",2012,8451
"NAC","P_SAL_Y","LT10","M74","D1111","BG",2012,7964
"NAC","P_SAL_Y","LT10","M75","D01","BG",2012,6016
"NAC","P_SAL_Y","LT10","M75","D111","BG",2012,5046
"NAC","P_SAL_Y","LT10","M75","D1111","BG",2012,4798
"NAC","P_SAL_Y","LT10","N","D01","BG",2012,7312
"NAC","P_SAL_Y","LT10","N","D111","BG",2012,6191
"NAC","P_SAL_Y","LT10","N","D1111","BG",2012,5817
"NAC","P_SAL_Y","LT10","N77","D01","BG",2012,9130
"NAC","P_SAL_Y","LT10","N77","D111","BG",2012,7740
"NAC","P_SAL_Y","LT10","N77","D1111","BG",2012,7299
"NAC","P_SAL_Y","LT10","N78","D01","BG",2012,10177
"NAC","P_SAL_Y","LT10","N78","D111","BG",2012,8647
"NAC","P_SAL_Y","LT10","N78","D1111","BG",2012,8144
"NAC","P_SAL_Y","LT10","N79","D01","BG",2012,8767
"NAC","P_SAL_Y","LT10","N79","D111","BG",2012,7457
"NAC","P_SAL_Y","LT10","N79","D1111","BG",2012,7026
"NAC","P_SAL_Y","LT10","N80","D01","BG",2012,5182
"NAC","P_SAL_Y","LT10","N80","D111","BG",2012,4385
"NAC","P_SAL_Y","LT10","N80","D1111","BG",2012,4135
"NAC","P_SAL_Y","LT10","N81","D01","BG",2012,5337
"NAC","P_SAL_Y","LT10","N81","D111","BG",2012,4459
"NAC","P_SAL_Y","LT10","N81","D1111","BG",2012,4167
"NAC","P_SAL_Y","LT10","N82","D01","BG",2012,8273
"NAC","P_SAL_Y","LT10","N82","D111","BG",2012,7025
"NAC","P_SAL_Y","LT10","N82","D1111","BG",2012,6564
"NAC","P_SAL_Y","LT10","O","D01","BG",2012,15549
"NAC","P_SAL_Y","LT10","O","D111","BG",2012,12305
"NAC","P_SAL_Y","LT10","O","D1111","BG",2012,10542
"NAC","P_SAL_Y","LT10","O-S","D01","BG",2012,6468
"NAC","P_SAL_Y","LT10","O-S","D111","BG",2012,5451
"NAC","P_SAL_Y","LT10","O-S","D1111","BG",2012,5060
"NAC","P_SAL_Y","LT10","O84","D01","BG",2012,15549
"NAC","P_SAL_Y","LT10","O84","D111","BG",2012,12305
"NAC","P_SAL_Y","LT10","O84","D1111","BG",2012,10542
"NAC","P_SAL_Y","LT10","P","D01","BG",2012,7222
"NAC","P_SAL_Y","LT10","P","D111","BG",2012,5923
"NAC","P_SAL_Y","LT10","P","D1111","BG",2012,5189
"NAC","P_SAL_Y","LT10","P-S","D01","BG",2012,6332
"NAC","P_SAL_Y","LT10","P-S","D111","BG",2012,5348
"NAC","P_SAL_Y","LT10","P-S","D1111","BG",2012,4977
"NAC","P_SAL_Y","LT10","P85","D01","BG",2012,7222
"NAC","P_SAL_Y","LT10","P85","D111","BG",2012,5923
"NAC","P_SAL_Y","LT10","P85","D1111","BG",2012,5189
"NAC","P_SAL_Y","LT10","Q","D01","BG",2012,6596
"NAC","P_SAL_Y","LT10","Q","D111","BG",2012,5554
"NAC","P_SAL_Y","LT10","Q","D1111","BG",2012,5284
"NAC","P_SAL_Y","LT10","Q86","D01","BG",2012,6702
"NAC","P_SAL_Y","LT10","Q86","D111","BG",2012,5648
"NAC","P_SAL_Y","LT10","Q86","D1111","BG",2012,5397
"NAC","P_SAL_Y","LT10","Q87","D01","BG",2012,NA
"NAC","P_SAL_Y","LT10","Q87","D111","BG",2012,NA
"NAC","P_SAL_Y","LT10","Q87","D1111","BG",2012,NA
"NAC","P_SAL_Y","LT10","Q88","D01","BG",2012,NA
"NAC","P_SAL_Y","LT10","Q88","D111","BG",2012,NA
"NAC","P_SAL_Y","LT10","Q88","D1111","BG",2012,NA
"NAC","P_SAL_Y","LT10","R","D01","BG",2012,5872
"NAC","P_SAL_Y","LT10","R","D111","BG",2012,4931
"NAC","P_SAL_Y","LT10","R","D1111","BG",2012,4644
"NAC","P_SAL_Y","LT10","R90","D01","BG",2012,6584
"NAC","P_SAL_Y","LT10","R90","D111","BG",2012,5538
"NAC","P_SAL_Y","LT10","R90","D1111","BG",2012,5152
"NAC","P_SAL_Y","LT10","R91","D01","BG",2012,NA
"NAC","P_SAL_Y","LT10","R91","D111","BG",2012,NA
"NAC","P_SAL_Y","LT10","R91","D1111","BG",2012,NA
"NAC","P_SAL_Y","LT10","R92","D01","BG",2012,5018
"NAC","P_SAL_Y","LT10","R92","D111","BG",2012,4195
"NAC","P_SAL_Y","LT10","R92","D1111","BG",2012,3971
"NAC","P_SAL_Y","LT10","R93","D01","BG",2012,5904
"NAC","P_SAL_Y","LT10","R93","D111","BG",2012,4974
"NAC","P_SAL_Y","LT10","R93","D1111","BG",2012,4712
"NAC","P_SAL_Y","LT10","S","D01","BG",2012,5994
"NAC","P_SAL_Y","LT10","S","D111","BG",2012,5140
"NAC","P_SAL_Y","LT10","S","D1111","BG",2012,4801
"NAC","P_SAL_Y","LT10","S94","D01","BG",2012,7920
"NAC","P_SAL_Y","LT10","S94","D111","BG",2012,6923
"NAC","P_SAL_Y","LT10","S94","D1111","BG",2012,6391
"NAC","P_SAL_Y","LT10","S95","D01","BG",2012,4978
"NAC","P_SAL_Y","LT10","S95","D111","BG",2012,4171
"NAC","P_SAL_Y","LT10","S95","D1111","BG",2012,3961
"NAC","P_SAL_Y","LT10","S96","D01","BG",2012,4491
"NAC","P_SAL_Y","LT10","S96","D111","BG",2012,3755
"NAC","P_SAL_Y","LT10","S96","D1111","BG",2012,3561
"NAC","P_SAL_Y","TOTAL","B","D01","BG",2012,20692
"NAC","P_SAL_Y","TOTAL","B","D111","BG",2012,15783
"NAC","P_SAL_Y","TOTAL","B","D1111","BG",2012,13355
"NAC","P_SAL_Y","TOTAL","B-E","D01","BG",2012,10658
"NAC","P_SAL_Y","TOTAL","B-E","D111","BG",2012,8768
"NAC","P_SAL_Y","TOTAL","B-E","D1111","BG",2012,7685
"NAC","P_SAL_Y","TOTAL","B-F","D01","BG",2012,10390
"NAC","P_SAL_Y","TOTAL","B-F","D111","BG",2012,8582
"NAC","P_SAL_Y","TOTAL","B-F","D1111","BG",2012,7593
"NAC","P_SAL_Y","TOTAL","B-N","D01","BG",2012,10715
"NAC","P_SAL_Y","TOTAL","B-N","D111","BG",2012,9060
"NAC","P_SAL_Y","TOTAL","B-N","D1111","BG",2012,8150
"NAC","P_SAL_Y","TOTAL","B-S","D01","BG",2012,10802
"NAC","P_SAL_Y","TOTAL","B-S","D111","BG",2012,9067
"NAC","P_SAL_Y","TOTAL","B-S","D1111","BG",2012,8094
"NAC","P_SAL_Y","TOTAL","B-S_X_O","D01","BG",2012,10628
"NAC","P_SAL_Y","TOTAL","B-S_X_O","D111","BG",2012,8963
"NAC","P_SAL_Y","TOTAL","B-S_X_O","D1111","BG",2012,8011
"NAC","P_SAL_Y","TOTAL","B05","D01","BG",2012,22706
"NAC","P_SAL_Y","TOTAL","B05","D111","BG",2012,16737
"NAC","P_SAL_Y","TOTAL","B05","D1111","BG",2012,13633
"NAC","P_SAL_Y","TOTAL","B06","D01","BG",2012,12617
"NAC","P_SAL_Y","TOTAL","B06","D111","BG",2012,10786
"NAC","P_SAL_Y","TOTAL","B06","D1111","BG",2012,9939
"NAC","P_SAL_Y","TOTAL","B07","D01","BG",2012,23596
"NAC","P_SAL_Y","TOTAL","B07","D111","BG",2012,18616
"NAC","P_SAL_Y","TOTAL","B07","D1111","BG",2012,16375
"NAC","P_SAL_Y","TOTAL","B08","D01","BG",2012,11048
"NAC","P_SAL_Y","TOTAL","B08","D111","BG",2012,8998
"NAC","P_SAL_Y","TOTAL","B08","D1111","BG",2012,8059
"NAC","P_SAL_Y","TOTAL","B09","D01","BG",2012,18020
"NAC","P_SAL_Y","TOTAL","B09","D111","BG",2012,15347
"NAC","P_SAL_Y","TOTAL","B09","D1111","BG",2012,14518
"NAC","P_SAL_Y","TOTAL","C","D01","BG",2012,9147
"NAC","P_SAL_Y","TOTAL","C","D111","BG",2012,7607
"NAC","P_SAL_Y","TOTAL","C","D1111","BG",2012,6841
"NAC","P_SAL_Y","TOTAL","C10","D01","BG",2012,8093
"NAC","P_SAL_Y","TOTAL","C10","D111","BG",2012,6796
"NAC","P_SAL_Y","TOTAL","C10","D1111","BG",2012,6248
"NAC","P_SAL_Y","TOTAL","C11","D01","BG",2012,12569
"NAC","P_SAL_Y","TOTAL","C11","D111","BG",2012,10587
"NAC","P_SAL_Y","TOTAL","C11","D1111","BG",2012,9405
"NAC","P_SAL_Y","TOTAL","C12","D01","BG",2012,24879
"NAC","P_SAL_Y","TOTAL","C12","D111","BG",2012,19915
"NAC","P_SAL_Y","TOTAL","C12","D1111","BG",2012,16949
"NAC","P_SAL_Y","TOTAL","C13","D01","BG",2012,8224
"NAC","P_SAL_Y","TOTAL","C13","D111","BG",2012,6834
"NAC","P_SAL_Y","TOTAL","C13","D1111","BG",2012,6207
"NAC","P_SAL_Y","TOTAL","C14","D01","BG",2012,6048
"NAC","P_SAL_Y","TOTAL","C14","D111","BG",2012,5009
"NAC","P_SAL_Y","TOTAL","C14","D1111","BG",2012,4539
"NAC","P_SAL_Y","TOTAL","C15","D01","BG",2012,5586
"NAC","P_SAL_Y","TOTAL","C15","D111","BG",2012,4679
"NAC","P_SAL_Y","TOTAL","C15","D1111","BG",2012,4244
"NAC","P_SAL_Y","TOTAL","C16","D01","BG",2012,6261
"NAC","P_SAL_Y","TOTAL","C16","D111","BG",2012,5235
"NAC","P_SAL_Y","TOTAL","C16","D1111","BG",2012,4737
"NAC","P_SAL_Y","TOTAL","C17","D01","BG",2012,8847
"NAC","P_SAL_Y","TOTAL","C17","D111","BG",2012,7365
"NAC","P_SAL_Y","TOTAL","C17","D1111","BG",2012,6548
"NAC","P_SAL_Y","TOTAL","C18","D01","BG",2012,9238
"NAC","P_SAL_Y","TOTAL","C18","D111","BG",2012,7783
"NAC","P_SAL_Y","TOTAL","C18","D1111","BG",2012,7110
"NAC","P_SAL_Y","TOTAL","C19","D01","BG",2012,35424
"NAC","P_SAL_Y","TOTAL","C19","D111","BG",2012,28403
"NAC","P_SAL_Y","TOTAL","C19","D1111","BG",2012,25329
"NAC","P_SAL_Y","TOTAL","C20","D01","BG",2012,13167
"NAC","P_SAL_Y","TOTAL","C20","D111","BG",2012,10937
"NAC","P_SAL_Y","TOTAL","C20","D1111","BG",2012,9853
"NAC","P_SAL_Y","TOTAL","C21","D01","BG",2012,13509
"NAC","P_SAL_Y","TOTAL","C21","D111","BG",2012,11276
"NAC","P_SAL_Y","TOTAL","C21","D1111","BG",2012,10013
"NAC","P_SAL_Y","TOTAL","C22","D01","BG",2012,7860
"NAC","P_SAL_Y","TOTAL","C22","D111","BG",2012,6597
"NAC","P_SAL_Y","TOTAL","C22","D1111","BG",2012,6042
"NAC","P_SAL_Y","TOTAL","C23","D01","BG",2012,11273
"NAC","P_SAL_Y","TOTAL","C23","D111","BG",2012,9315
"NAC","P_SAL_Y","TOTAL","C23","D1111","BG",2012,8302
"NAC","P_SAL_Y","TOTAL","C24","D01","BG",2012,16220
"NAC","P_SAL_Y","TOTAL","C24","D111","BG",2012,12852
"NAC","P_SAL_Y","TOTAL","C24","D1111","BG",2012,11362
"NAC","P_SAL_Y","TOTAL","C25","D01","BG",2012,8613
"NAC","P_SAL_Y","TOTAL","C25","D111","BG",2012,7169
"NAC","P_SAL_Y","TOTAL","C25","D1111","BG",2012,6399
"NAC","P_SAL_Y","TOTAL","C26","D01","BG",2012,13383
"NAC","P_SAL_Y","TOTAL","C26","D111","BG",2012,11437
"NAC","P_SAL_Y","TOTAL","C26","D1111","BG",2012,10207
"NAC","P_SAL_Y","TOTAL","C27","D01","BG",2012,12276
"NAC","P_SAL_Y","TOTAL","C27","D111","BG",2012,10216
"NAC","P_SAL_Y","TOTAL","C27","D1111","BG",2012,9175
"NAC","P_SAL_Y","TOTAL","C28","D01","BG",2012,11995
"NAC","P_SAL_Y","TOTAL","C28","D111","BG",2012,10001
"NAC","P_SAL_Y","TOTAL","C28","D1111","BG",2012,8899
"NAC","P_SAL_Y","TOTAL","C29","D01","BG",2012,10074
"NAC","P_SAL_Y","TOTAL","C29","D111","BG",2012,8505
"NAC","P_SAL_Y","TOTAL","C29","D1111","BG",2012,7386
"NAC","P_SAL_Y","TOTAL","C30","D01","BG",2012,10873
"NAC","P_SAL_Y","TOTAL","C30","D111","BG",2012,9080
"NAC","P_SAL_Y","TOTAL","C30","D1111","BG",2012,8302
"NAC","P_SAL_Y","TOTAL","C31","D01","BG",2012,6146
"NAC","P_SAL_Y","TOTAL","C31","D111","BG",2012,5138
"NAC","P_SAL_Y","TOTAL","C31","D1111","BG",2012,4717
"NAC","P_SAL_Y","TOTAL","C32","D01","BG",2012,8596
"NAC","P_SAL_Y","TOTAL","C32","D111","BG",2012,7238
"NAC","P_SAL_Y","TOTAL","C32","D1111","BG",2012,6560
"NAC","P_SAL_Y","TOTAL","C33","D01","BG",2012,12725
"NAC","P_SAL_Y","TOTAL","C33","D111","BG",2012,10524
"NAC","P_SAL_Y","TOTAL","C33","D1111","BG",2012,9353
"NAC","P_SAL_Y","TOTAL","D","D01","BG",2012,26340
"NAC","P_SAL_Y","TOTAL","D","D111","BG",2012,21250
"NAC","P_SAL_Y","TOTAL","D","D1111","BG",2012,16478
"NAC","P_SAL_Y","TOTAL","D35","D01","BG",2012,26340
"NAC","P_SAL_Y","TOTAL","D35","D111","BG",2012,21250
"NAC","P_SAL_Y","TOTAL","D35","D1111","BG",2012,16478
"NAC","P_SAL_Y","TOTAL","E","D01","BG",2012,10282
"NAC","P_SAL_Y","TOTAL","E","D111","BG",2012,8585
"NAC","P_SAL_Y","TOTAL","E","D1111","BG",2012,7400
"NAC","P_SAL_Y","TOTAL","E36","D01","BG",2012,11276
"NAC","P_SAL_Y","TOTAL","E36","D111","BG",2012,9338
"NAC","P_SAL_Y","TOTAL","E36","D1111","BG",2012,7667
"NAC","P_SAL_Y","TOTAL","E37","D01","BG",2012,8100
"NAC","P_SAL_Y","TOTAL","E37","D111","BG",2012,6770
"NAC","P_SAL_Y","TOTAL","E37","D1111","BG",2012,6211
"NAC","P_SAL_Y","TOTAL","E38","D01","BG",2012,9297
"NAC","P_SAL_Y","TOTAL","E38","D111","BG",2012,7837
"NAC","P_SAL_Y","TOTAL","E38","D1111","BG",2012,7133
"NAC","P_SAL_Y","TOTAL","E39","D01","BG",2012,10865
"NAC","P_SAL_Y","TOTAL","E39","D111","BG",2012,9196
"NAC","P_SAL_Y","TOTAL","E39","D1111","BG",2012,8107
"NAC","P_SAL_Y","TOTAL","F","D01","BG",2012,9216
"NAC","P_SAL_Y","TOTAL","F","D111","BG",2012,7769
"NAC","P_SAL_Y","TOTAL","F","D1111","BG",2012,7190
"NAC","P_SAL_Y","TOTAL","F41","D01","BG",2012,8070
"NAC","P_SAL_Y","TOTAL","F41","D111","BG",2012,6811
"NAC","P_SAL_Y","TOTAL","F41","D1111","BG",2012,6324
"NAC","P_SAL_Y","TOTAL","F42","D01","BG",2012,11256
"NAC","P_SAL_Y","TOTAL","F42","D111","BG",2012,9473
"NAC","P_SAL_Y","TOTAL","F42","D1111","BG",2012,8695
"NAC","P_SAL_Y","TOTAL","F43","D01","BG",2012,8816
"NAC","P_SAL_Y","TOTAL","F43","D111","BG",2012,7434
"NAC","P_SAL_Y","TOTAL","F43","D1111","BG",2012,6921
"NAC","P_SAL_Y","TOTAL","G","D01","BG",2012,9099
"NAC","P_SAL_Y","TOTAL","G","D111","BG",2012,7730
"NAC","P_SAL_Y","TOTAL","G","D1111","BG",2012,7182
"NAC","P_SAL_Y","TOTAL","G-J","D01","BG",2012,10543
"NAC","P_SAL_Y","TOTAL","G-J","D111","BG",2012,9042
"NAC","P_SAL_Y","TOTAL","G-J","D1111","BG",2012,8210
"NAC","P_SAL_Y","TOTAL","G-N","D01","BG",2012,10961
"NAC","P_SAL_Y","TOTAL","G-N","D111","BG",2012,9420
"NAC","P_SAL_Y","TOTAL","G-N","D1111","BG",2012,8569
"NAC","P_SAL_Y","TOTAL","G-S_X_O","D01","BG",2012,10758
"NAC","P_SAL_Y","TOTAL","G-S_X_O","D111","BG",2012,9171
"NAC","P_SAL_Y","TOTAL","G-S_X_O","D1111","BG",2012,8238
"NAC","P_SAL_Y","TOTAL","G45","D01","BG",2012,9566
"NAC","P_SAL_Y","TOTAL","G45","D111","BG",2012,8115
"NAC","P_SAL_Y","TOTAL","G45","D1111","BG",2012,7503
"NAC","P_SAL_Y","TOTAL","G46","D01","BG",2012,11762
"NAC","P_SAL_Y","TOTAL","G46","D111","BG",2012,10111
"NAC","P_SAL_Y","TOTAL","G46","D1111","BG",2012,9380
"NAC","P_SAL_Y","TOTAL","G47","D01","BG",2012,7256
"NAC","P_SAL_Y","TOTAL","G47","D111","BG",2012,6087
"NAC","P_SAL_Y","TOTAL","G47","D1111","BG",2012,5672
"NAC","P_SAL_Y","TOTAL","H","D01","BG",2012,11094
"NAC","P_SAL_Y","TOTAL","H","D111","BG",2012,9681
"NAC","P_SAL_Y","TOTAL","H","D1111","BG",2012,8123
"NAC","P_SAL_Y","TOTAL","H49","D01","BG",2012,8973
"NAC","P_SAL_Y","TOTAL","H49","D111","BG",2012,7219
"NAC","P_SAL_Y","TOTAL","H49","D1111","BG",2012,6174
"NAC","P_SAL_Y","TOTAL","H50","D01","BG",2012,23688
"NAC","P_SAL_Y","TOTAL","H50","D111","BG",2012,21728
"NAC","P_SAL_Y","TOTAL","H50","D1111","BG",2012,18245
"NAC","P_SAL_Y","TOTAL","H51","D01","BG",2012,29986
"NAC","P_SAL_Y","TOTAL","H51","D111","BG",2012,25090
"NAC","P_SAL_Y","TOTAL","H51","D1111","BG",2012,22212
"NAC","P_SAL_Y","TOTAL","H52","D01","BG",2012,14926
"NAC","P_SAL_Y","TOTAL","H52","D111","BG",2012,14819
"NAC","P_SAL_Y","TOTAL","H52","D1111","BG",2012,11954
"NAC","P_SAL_Y","TOTAL","H53","D01","BG",2012,9806
"NAC","P_SAL_Y","TOTAL","H53","D111","BG",2012,8155
"NAC","P_SAL_Y","TOTAL","H53","D1111","BG",2012,7017
"NAC","P_SAL_Y","TOTAL","I","D01","BG",2012,6699
"NAC","P_SAL_Y","TOTAL","I","D111","BG",2012,5597
"NAC","P_SAL_Y","TOTAL","I","D1111","BG",2012,5261
"NAC","P_SAL_Y","TOTAL","I55","D01","BG",2012,8513
"NAC","P_SAL_Y","TOTAL","I55","D111","BG",2012,7132
"NAC","P_SAL_Y","TOTAL","I55","D1111","BG",2012,6638
"NAC","P_SAL_Y","TOTAL","I56","D01","BG",2012,5810
"NAC","P_SAL_Y","TOTAL","I56","D111","BG",2012,4845
"NAC","P_SAL_Y","TOTAL","I56","D1111","BG",2012,4586
"NAC","P_SAL_Y","TOTAL","J","D01","BG",2012,23926
"NAC","P_SAL_Y","TOTAL","J","D111","BG",2012,20847
"NAC","P_SAL_Y","TOTAL","J","D1111","BG",2012,19071
"NAC","P_SAL_Y","TOTAL","J58","D01","BG",2012,15373
"NAC","P_SAL_Y","TOTAL","J58","D111","BG",2012,13244
"NAC","P_SAL_Y","TOTAL","J58","D1111","BG",2012,12051
"NAC","P_SAL_Y","TOTAL","J59","D01","BG",2012,16755
"NAC","P_SAL_Y","TOTAL","J59","D111","BG",2012,14764
"NAC","P_SAL_Y","TOTAL","J59","D1111","BG",2012,13752
"NAC","P_SAL_Y","TOTAL","J60","D01","BG",2012,17840
"NAC","P_SAL_Y","TOTAL","J60","D111","BG",2012,15382
"NAC","P_SAL_Y","TOTAL","J60","D1111","BG",2012,13908
"NAC","P_SAL_Y","TOTAL","J61","D01","BG",2012,20549
"NAC","P_SAL_Y","TOTAL","J61","D111","BG",2012,17563
"NAC","P_SAL_Y","TOTAL","J61","D1111","BG",2012,15972
"NAC","P_SAL_Y","TOTAL","J62","D01","BG",2012,31148
"NAC","P_SAL_Y","TOTAL","J62","D111","BG",2012,27454
"NAC","P_SAL_Y","TOTAL","J62","D1111","BG",2012,25208
"NAC","P_SAL_Y","TOTAL","J63","D01","BG",2012,19324
"NAC","P_SAL_Y","TOTAL","J63","D111","BG",2012,16796
"NAC","P_SAL_Y","TOTAL","J63","D1111","BG",2012,15394
"NAC","P_SAL_Y","TOTAL","K","D01","BG",2012,20858
"NAC","P_SAL_Y","TOTAL","K","D111","BG",2012,17892
"NAC","P_SAL_Y","TOTAL","K","D1111","BG",2012,16077
"NAC","P_SAL_Y","TOTAL","K-N","D01","BG",2012,12055
"NAC","P_SAL_Y","TOTAL","K-N","D111","BG",2012,10408
"NAC","P_SAL_Y","TOTAL","K-N","D1111","BG",2012,9512
"NAC","P_SAL_Y","TOTAL","K64","D01","BG",2012,21412
"NAC","P_SAL_Y","TOTAL","K64","D111","BG",2012,18297
"NAC","P_SAL_Y","TOTAL","K64","D1111","BG",2012,16315
"NAC","P_SAL_Y","TOTAL","K65","D01","BG",2012,23804
"NAC","P_SAL_Y","TOTAL","K65","D111","BG",2012,20759
"NAC","P_SAL_Y","TOTAL","K65","D1111","BG",2012,19128
"NAC","P_SAL_Y","TOTAL","K66","D01","BG",2012,14275
"NAC","P_SAL_Y","TOTAL","K66","D111","BG",2012,12413
"NAC","P_SAL_Y","TOTAL","K66","D1111","BG",2012,11595
"NAC","P_SAL_Y","TOTAL","L","D01","BG",2012,10433
"NAC","P_SAL_Y","TOTAL","L","D111","BG",2012,8938
"NAC","P_SAL_Y","TOTAL","L","D1111","BG",2012,8250
"NAC","P_SAL_Y","TOTAL","L68","D01","BG",2012,10433
"NAC","P_SAL_Y","TOTAL","L68","D111","BG",2012,8938
"NAC","P_SAL_Y","TOTAL","L68","D1111","BG",2012,8250
"NAC","P_SAL_Y","TOTAL","M","D01","BG",2012,14486
"NAC","P_SAL_Y","TOTAL","M","D111","BG",2012,12549
"NAC","P_SAL_Y","TOTAL","M","D1111","BG",2012,11564
"NAC","P_SAL_Y","TOTAL","M69","D01","BG",2012,11286
"NAC","P_SAL_Y","TOTAL","M69","D111","BG",2012,9740
"NAC","P_SAL_Y","TOTAL","M69","D1111","BG",2012,9031
"NAC","P_SAL_Y","TOTAL","M70","D01","BG",2012,21501
"NAC","P_SAL_Y","TOTAL","M70","D111","BG",2012,18985
"NAC","P_SAL_Y","TOTAL","M70","D1111","BG",2012,17540
"NAC","P_SAL_Y","TOTAL","M71","D01","BG",2012,15235
"NAC","P_SAL_Y","TOTAL","M71","D111","BG",2012,13100
"NAC","P_SAL_Y","TOTAL","M71","D1111","BG",2012,12116
"NAC","P_SAL_Y","TOTAL","M72","D01","BG",2012,11466
"NAC","P_SAL_Y","TOTAL","M72","D111","BG",2012,9696
"NAC","P_SAL_Y","TOTAL","M72","D1111","BG",2012,8537
"NAC","P_SAL_Y","TOTAL","M73","D01","BG",2012,16330
"NAC","P_SAL_Y","TOTAL","M73","D111","BG",2012,14280
"NAC","P_SAL_Y","TOTAL","M73","D1111","BG",2012,13335
"NAC","P_SAL_Y","TOTAL","M74","D01","BG",2012,14909
"NAC","P_SAL_Y","TOTAL","M74","D111","BG",2012,12971
"NAC","P_SAL_Y","TOTAL","M74","D1111","BG",2012,12023
"NAC","P_SAL_Y","TOTAL","M75","D01","BG",2012,6121
"NAC","P_SAL_Y","TOTAL","M75","D111","BG",2012,5159
"NAC","P_SAL_Y","TOTAL","M75","D1111","BG",2012,4862
"NAC","P_SAL_Y","TOTAL","N","D01","BG",2012,6698
"NAC","P_SAL_Y","TOTAL","N","D111","BG",2012,5828
"NAC","P_SAL_Y","TOTAL","N","D1111","BG",2012,5381
"NAC","P_SAL_Y","TOTAL","N77","D01","BG",2012,11021
"NAC","P_SAL_Y","TOTAL","N77","D111","BG",2012,9354
"NAC","P_SAL_Y","TOTAL","N77","D1111","BG",2012,8728
"NAC","P_SAL_Y","TOTAL","N78","D01","BG",2012,13502
"NAC","P_SAL_Y","TOTAL","N78","D111","BG",2012,11393
"NAC","P_SAL_Y","TOTAL","N78","D1111","BG",2012,10474
"NAC","P_SAL_Y","TOTAL","N79","D01","BG",2012,10026
"NAC","P_SAL_Y","TOTAL","N79","D111","BG",2012,8542
"NAC","P_SAL_Y","TOTAL","N79","D1111","BG",2012,8036
"NAC","P_SAL_Y","TOTAL","N80","D01","BG",2012,5753
"NAC","P_SAL_Y","TOTAL","N80","D111","BG",2012,4862
"NAC","P_SAL_Y","TOTAL","N80","D1111","BG",2012,4487
"NAC","P_SAL_Y","TOTAL","N81","D01","BG",2012,4338
"NAC","P_SAL_Y","TOTAL","N81","D111","BG",2012,4163
"NAC","P_SAL_Y","TOTAL","N81","D1111","BG",2012,3830
"NAC","P_SAL_Y","TOTAL","N82","D01","BG",2012,13088
"NAC","P_SAL_Y","TOTAL","N82","D111","BG",2012,11189
"NAC","P_SAL_Y","TOTAL","N82","D1111","BG",2012,10337
"NAC","P_SAL_Y","TOTAL","O","D01","BG",2012,13893
"NAC","P_SAL_Y","TOTAL","O","D111","BG",2012,10912
"NAC","P_SAL_Y","TOTAL","O","D1111","BG",2012,9570
"NAC","P_SAL_Y","TOTAL","O-S","D01","BG",2012,11104
"NAC","P_SAL_Y","TOTAL","O-S","D111","BG",2012,9091
"NAC","P_SAL_Y","TOTAL","O-S","D1111","BG",2012,7897
"NAC","P_SAL_Y","TOTAL","O84","D01","BG",2012,13893
"NAC","P_SAL_Y","TOTAL","O84","D111","BG",2012,10912
"NAC","P_SAL_Y","TOTAL","O84","D1111","BG",2012,9570
"NAC","P_SAL_Y","TOTAL","P","D01","BG",2012,10743
"NAC","P_SAL_Y","TOTAL","P","D111","BG",2012,8798
"NAC","P_SAL_Y","TOTAL","P","D1111","BG",2012,7275
"NAC","P_SAL_Y","TOTAL","P-S","D01","BG",2012,10229
"NAC","P_SAL_Y","TOTAL","P-S","D111","BG",2012,8521
"NAC","P_SAL_Y","TOTAL","P-S","D1111","BG",2012,7373
"NAC","P_SAL_Y","TOTAL","P85","D01","BG",2012,10743
"NAC","P_SAL_Y","TOTAL","P85","D111","BG",2012,8798
"NAC","P_SAL_Y","TOTAL","P85","D1111","BG",2012,7275
"NAC","P_SAL_Y","TOTAL","Q","D01","BG",2012,10707
"NAC","P_SAL_Y","TOTAL","Q","D111","BG",2012,9010
"NAC","P_SAL_Y","TOTAL","Q","D1111","BG",2012,8036
"NAC","P_SAL_Y","TOTAL","Q86","D01","BG",2012,11850
"NAC","P_SAL_Y","TOTAL","Q86","D111","BG",2012,9987
"NAC","P_SAL_Y","TOTAL","Q86","D1111","BG",2012,8938
"NAC","P_SAL_Y","TOTAL","Q87","D01","BG",2012,6830
"NAC","P_SAL_Y","TOTAL","Q87","D111","BG",2012,5652
"NAC","P_SAL_Y","TOTAL","Q87","D1111","BG",2012,4908
"NAC","P_SAL_Y","TOTAL","Q88","D01","BG",2012,6251
"NAC","P_SAL_Y","TOTAL","Q88","D111","BG",2012,5233
"NAC","P_SAL_Y","TOTAL","Q88","D1111","BG",2012,4574
"NAC","P_SAL_Y","TOTAL","R","D01","BG",2012,9031
"NAC","P_SAL_Y","TOTAL","R","D111","BG",2012,7711
"NAC","P_SAL_Y","TOTAL","R","D1111","BG",2012,7051
"NAC","P_SAL_Y","TOTAL","R90","D01","BG",2012,8030
"NAC","P_SAL_Y","TOTAL","R90","D111","BG",2012,6637
"NAC","P_SAL_Y","TOTAL","R90","D1111","BG",2012,5816
"NAC","P_SAL_Y","TOTAL","R91","D01","BG",2012,7586
"NAC","P_SAL_Y","TOTAL","R91","D111","BG",2012,6272
"NAC","P_SAL_Y","TOTAL","R91","D1111","BG",2012,5452
"NAC","P_SAL_Y","TOTAL","R92","D01","BG",2012,7674
"NAC","P_SAL_Y","TOTAL","R92","D111","BG",2012,6422
"NAC","P_SAL_Y","TOTAL","R92","D1111","BG",2012,5918
"NAC","P_SAL_Y","TOTAL","R93","D01","BG",2012,11777
"NAC","P_SAL_Y","TOTAL","R93","D111","BG",2012,10434
"NAC","P_SAL_Y","TOTAL","R93","D1111","BG",2012,9794
"NAC","P_SAL_Y","TOTAL","S","D01","BG",2012,7054
"NAC","P_SAL_Y","TOTAL","S","D111","BG",2012,6070
"NAC","P_SAL_Y","TOTAL","S","D1111","BG",2012,5587
"NAC","P_SAL_Y","TOTAL","S94","D01","BG",2012,8817
"NAC","P_SAL_Y","TOTAL","S94","D111","BG",2012,7702
"NAC","P_SAL_Y","TOTAL","S94","D1111","BG",2012,7026
"NAC","P_SAL_Y","TOTAL","S95","D01","BG",2012,6253
"NAC","P_SAL_Y","TOTAL","S95","D111","BG",2012,5255
"NAC","P_SAL_Y","TOTAL","S95","D1111","BG",2012,4914
"NAC","P_SAL_Y","TOTAL","S96","D01","BG",2012,4937
"NAC","P_SAL_Y","TOTAL","S96","D111","BG",2012,4123
"NAC","P_SAL_Y","TOTAL","S96","D1111","BG",2012,3864
"NAC","TOTAL","10-49","B","D01","BG",2012,18866029
"NAC","TOTAL","10-49","B","D111","BG",2012,15697800
"NAC","TOTAL","10-49","B","D1111","BG",2012,14296370
"NAC","TOTAL","10-49","B-E","D01","BG",2012,781835260
"NAC","TOTAL","10-49","B-E","D111","BG",2012,656425780
"NAC","TOTAL","10-49","B-E","D1111","BG",2012,604957583
"NAC","TOTAL","10-49","B-F","D01","BG",2012,1131879248
"NAC","TOTAL","10-49","B-F","D111","BG",2012,952477540
"NAC","TOTAL","10-49","B-F","D1111","BG",2012,881027150
"NAC","TOTAL","10-49","B-N","D01","BG",2012,3529806467
"NAC","TOTAL","10-49","B-N","D111","BG",2012,3007366049
"NAC","TOTAL","10-49","B-N","D1111","BG",2012,2793547515
"NAC","TOTAL","10-49","B-S","D01","BG",2012,4799424364
"NAC","TOTAL","10-49","B-S","D111","BG",2012,4042149891
"NAC","TOTAL","10-49","B-S","D1111","BG",2012,3673657448
"NAC","TOTAL","10-49","B-S_X_O","D01","BG",2012,4549542441
"NAC","TOTAL","10-49","B-S_X_O","D111","BG",2012,3846187950
"NAC","TOTAL","10-49","B-S_X_O","D1111","BG",2012,3506957727
"NAC","TOTAL","10-49","B05","D01","BG",2012,NA
"NAC","TOTAL","10-49","B05","D111","BG",2012,NA
"NAC","TOTAL","10-49","B05","D1111","BG",2012,NA
"NAC","TOTAL","10-49","B06","D01","BG",2012,1621761
"NAC","TOTAL","10-49","B06","D111","BG",2012,1449715
"NAC","TOTAL","10-49","B06","D1111","BG",2012,1355050
"NAC","TOTAL","10-49","B07","D01","BG",2012,NA
"NAC","TOTAL","10-49","B07","D111","BG",2012,NA
"NAC","TOTAL","10-49","B07","D1111","BG",2012,NA
"NAC","TOTAL","10-49","B08","D01","BG",2012,15944573
"NAC","TOTAL","10-49","B08","D111","BG",2012,13169461
"NAC","TOTAL","10-49","B08","D1111","BG",2012,11956529
"NAC","TOTAL","10-49","B09","D01","BG",2012,NA
"NAC","TOTAL","10-49","B09","D111","BG",2012,NA
"NAC","TOTAL","10-49","B09","D1111","BG",2012,NA
"NAC","TOTAL","10-49","C","D01","BG",2012,706548316
"NAC","TOTAL","10-49","C","D111","BG",2012,592089809
"NAC","TOTAL","10-49","C","D1111","BG",2012,546671822
"NAC","TOTAL","10-49","C10","D01","BG",2012,121072192
"NAC","TOTAL","10-49","C10","D111","BG",2012,101127528
"NAC","TOTAL","10-49","C10","D1111","BG",2012,93772852
"NAC","TOTAL","10-49","C11","D01","BG",2012,20624251
"NAC","TOTAL","10-49","C11","D111","BG",2012,17362104
"NAC","TOTAL","10-49","C11","D1111","BG",2012,15925064
"NAC","TOTAL","10-49","C12","D01","BG",2012,NA
"NAC","TOTAL","10-49","C12","D111","BG",2012,NA
"NAC","TOTAL","10-49","C12","D1111","BG",2012,NA
"NAC","TOTAL","10-49","C13","D01","BG",2012,11971564
"NAC","TOTAL","10-49","C13","D111","BG",2012,9957977
"NAC","TOTAL","10-49","C13","D1111","BG",2012,9138218
"NAC","TOTAL","10-49","C14","D01","BG",2012,106480759
"NAC","TOTAL","10-49","C14","D111","BG",2012,88505225
"NAC","TOTAL","10-49","C14","D1111","BG",2012,81841465
"NAC","TOTAL","10-49","C15","D01","BG",2012,17061832
"NAC","TOTAL","10-49","C15","D111","BG",2012,14246255
"NAC","TOTAL","10-49","C15","D1111","BG",2012,13147455
"NAC","TOTAL","10-49","C16","D01","BG",2012,30260502
"NAC","TOTAL","10-49","C16","D111","BG",2012,25255848
"NAC","TOTAL","10-49","C16","D1111","BG",2012,23365472
"NAC","TOTAL","10-49","C17","D01","BG",2012,13771906
"NAC","TOTAL","10-49","C17","D111","BG",2012,11520182
"NAC","TOTAL","10-49","C17","D1111","BG",2012,10570848
"NAC","TOTAL","10-49","C18","D01","BG",2012,21473408
"NAC","TOTAL","10-49","C18","D111","BG",2012,18160395
"NAC","TOTAL","10-49","C18","D1111","BG",2012,16693803
"NAC","TOTAL","10-49","C19","D01","BG",2012,NA
"NAC","TOTAL","10-49","C19","D111","BG",2012,NA
"NAC","TOTAL","10-49","C19","D1111","BG",2012,NA
"NAC","TOTAL","10-49","C20","D01","BG",2012,19596933
"NAC","TOTAL","10-49","C20","D111","BG",2012,16518484
"NAC","TOTAL","10-49","C20","D1111","BG",2012,15355887
"NAC","TOTAL","10-49","C21","D01","BG",2012,2666062
"NAC","TOTAL","10-49","C21","D111","BG",2012,2259321
"NAC","TOTAL","10-49","C21","D1111","BG",2012,2088124
"NAC","TOTAL","10-49","C22","D01","BG",2012,43005649
"NAC","TOTAL","10-49","C22","D111","BG",2012,36069787
"NAC","TOTAL","10-49","C22","D1111","BG",2012,33145445
"NAC","TOTAL","10-49","C23","D01","BG",2012,36018495
"NAC","TOTAL","10-49","C23","D111","BG",2012,29782871
"NAC","TOTAL","10-49","C23","D1111","BG",2012,27479977
"NAC","TOTAL","10-49","C24","D01","BG",2012,9340628
"NAC","TOTAL","10-49","C24","D111","BG",2012,7654732
"NAC","TOTAL","10-49","C24","D1111","BG",2012,7048784
"NAC","TOTAL","10-49","C25","D01","BG",2012,83473952
"NAC","TOTAL","10-49","C25","D111","BG",2012,69947962
"NAC","TOTAL","10-49","C25","D1111","BG",2012,64332676
"NAC","TOTAL","10-49","C26","D01","BG",2012,20645047
"NAC","TOTAL","10-49","C26","D111","BG",2012,17651109
"NAC","TOTAL","10-49","C26","D1111","BG",2012,16261277
"NAC","TOTAL","10-49","C27","D01","BG",2012,27246003
"NAC","TOTAL","10-49","C27","D111","BG",2012,23626393
"NAC","TOTAL","10-49","C27","D1111","BG",2012,22035224
"NAC","TOTAL","10-49","C28","D01","BG",2012,42767340
"NAC","TOTAL","10-49","C28","D111","BG",2012,35961876
"NAC","TOTAL","10-49","C28","D1111","BG",2012,33100138
"NAC","TOTAL","10-49","C29","D01","BG",2012,5102865
"NAC","TOTAL","10-49","C29","D111","BG",2012,4320712
"NAC","TOTAL","10-49","C29","D1111","BG",2012,3983180
"NAC","TOTAL","10-49","C30","D01","BG",2012,1487364
"NAC","TOTAL","10-49","C30","D111","BG",2012,1246312
"NAC","TOTAL","10-49","C30","D1111","BG",2012,1170070
"NAC","TOTAL","10-49","C31","D01","BG",2012,31686370
"NAC","TOTAL","10-49","C31","D111","BG",2012,26551999
"NAC","TOTAL","10-49","C31","D1111","BG",2012,24486583
"NAC","TOTAL","10-49","C32","D01","BG",2012,NA
"NAC","TOTAL","10-49","C32","D111","BG",2012,NA
"NAC","TOTAL","10-49","C32","D1111","BG",2012,NA
"NAC","TOTAL","10-49","C33","D01","BG",2012,30495883
"NAC","TOTAL","10-49","C33","D111","BG",2012,25704403
"NAC","TOTAL","10-49","C33","D1111","BG",2012,23838556
"NAC","TOTAL","10-49","D","D01","BG",2012,29322620
"NAC","TOTAL","10-49","D","D111","BG",2012,25752474
"NAC","TOTAL","10-49","D","D1111","BG",2012,23114830
"NAC","TOTAL","10-49","D35","D01","BG",2012,29322620
"NAC","TOTAL","10-49","D35","D111","BG",2012,25752474
"NAC","TOTAL","10-49","D35","D1111","BG",2012,23114830
"NAC","TOTAL","10-49","E","D01","BG",2012,27098295
"NAC","TOTAL","10-49","E","D111","BG",2012,22885697
"NAC","TOTAL","10-49","E","D1111","BG",2012,20874561
"NAC","TOTAL","10-49","E36","D01","BG",2012,2435147
"NAC","TOTAL","10-49","E36","D111","BG",2012,2024129
"NAC","TOTAL","10-49","E36","D1111","BG",2012,1681531
"NAC","TOTAL","10-49","E37","D01","BG",2012,780534
"NAC","TOTAL","10-49","E37","D111","BG",2012,652530
"NAC","TOTAL","10-49","E37","D1111","BG",2012,601407
"NAC","TOTAL","10-49","E38","D01","BG",2012,21038451
"NAC","TOTAL","10-49","E38","D111","BG",2012,17737107
"NAC","TOTAL","10-49","E38","D1111","BG",2012,16309781
"NAC","TOTAL","10-49","E39","D01","BG",2012,2844163
"NAC","TOTAL","10-49","E39","D111","BG",2012,2471931
"NAC","TOTAL","10-49","E39","D1111","BG",2012,2281842
"NAC","TOTAL","10-49","F","D01","BG",2012,350043988
"NAC","TOTAL","10-49","F","D111","BG",2012,296051760
"NAC","TOTAL","10-49","F","D1111","BG",2012,276069567
"NAC","TOTAL","10-49","F41","D01","BG",2012,143659793
"NAC","TOTAL","10-49","F41","D111","BG",2012,120995341
"NAC","TOTAL","10-49","F41","D1111","BG",2012,112705529
"NAC","TOTAL","10-49","F42","D01","BG",2012,79408482
"NAC","TOTAL","10-49","F42","D111","BG",2012,67800612
"NAC","TOTAL","10-49","F42","D1111","BG",2012,63515070
"NAC","TOTAL","10-49","F43","D01","BG",2012,126975713
"NAC","TOTAL","10-49","F43","D111","BG",2012,107255807
"NAC","TOTAL","10-49","F43","D1111","BG",2012,99848968
"NAC","TOTAL","10-49","G","D01","BG",2012,1029393700
"NAC","TOTAL","10-49","G","D111","BG",2012,877417277
"NAC","TOTAL","10-49","G","D1111","BG",2012,816120850
"NAC","TOTAL","10-49","G-J","D01","BG",2012,1759250115
"NAC","TOTAL","10-49","G-J","D111","BG",2012,1496937420
"NAC","TOTAL","10-49","G-J","D1111","BG",2012,1394547498
"NAC","TOTAL","10-49","G-N","D01","BG",2012,2397927219
"NAC","TOTAL","10-49","G-N","D111","BG",2012,2054888509
"NAC","TOTAL","10-49","G-N","D1111","BG",2012,1912520365
"NAC","TOTAL","10-49","G-S_X_O","D01","BG",2012,3417663193
"NAC","TOTAL","10-49","G-S_X_O","D111","BG",2012,2893710410
"NAC","TOTAL","10-49","G-S_X_O","D1111","BG",2012,2625930577
"NAC","TOTAL","10-49","G45","D01","BG",2012,98190958
"NAC","TOTAL","10-49","G45","D111","BG",2012,83300681
"NAC","TOTAL","10-49","G45","D1111","BG",2012,77371353
"NAC","TOTAL","10-49","G46","D01","BG",2012,574979799
"NAC","TOTAL","10-49","G46","D111","BG",2012,496818706
"NAC","TOTAL","10-49","G46","D1111","BG",2012,462174325
"NAC","TOTAL","10-49","G47","D01","BG",2012,356222943
"NAC","TOTAL","10-49","G47","D111","BG",2012,297297890
"NAC","TOTAL","10-49","G47","D1111","BG",2012,276575172
"NAC","TOTAL","10-49","H","D01","BG",2012,198352254
"NAC","TOTAL","10-49","H","D111","BG",2012,162896272
"NAC","TOTAL","10-49","H","D1111","BG",2012,151688299
"NAC","TOTAL","10-49","H49","D01","BG",2012,136488720
"NAC","TOTAL","10-49","H49","D111","BG",2012,109863499
"NAC","TOTAL","10-49","H49","D1111","BG",2012,102520776
"NAC","TOTAL","10-49","H50","D01","BG",2012,2370272
"NAC","TOTAL","10-49","H50","D111","BG",2012,2047409
"NAC","TOTAL","10-49","H50","D1111","BG",2012,1969031
"NAC","TOTAL","10-49","H51","D01","BG",2012,3794030
"NAC","TOTAL","10-49","H51","D111","BG",2012,3141121
"NAC","TOTAL","10-49","H51","D1111","BG",2012,2865778
"NAC","TOTAL","10-49","H52","D01","BG",2012,52304778
"NAC","TOTAL","10-49","H52","D111","BG",2012,45025379
"NAC","TOTAL","10-49","H52","D1111","BG",2012,41721288
"NAC","TOTAL","10-49","H53","D01","BG",2012,NA
"NAC","TOTAL","10-49","H53","D111","BG",2012,NA
"NAC","TOTAL","10-49","H53","D1111","BG",2012,NA
"NAC","TOTAL","10-49","I","D01","BG",2012,250302462
"NAC","TOTAL","10-49","I","D111","BG",2012,208518793
"NAC","TOTAL","10-49","I","D1111","BG",2012,195978379
"NAC","TOTAL","10-49","I55","D01","BG",2012,89944158
"NAC","TOTAL","10-49","I55","D111","BG",2012,74935997
"NAC","TOTAL","10-49","I55","D1111","BG",2012,70177127
"NAC","TOTAL","10-49","I56","D01","BG",2012,160358304
"NAC","TOTAL","10-49","I56","D111","BG",2012,133582796
"NAC","TOTAL","10-49","I56","D1111","BG",2012,125801252
"NAC","TOTAL","10-49","J","D01","BG",2012,281201699
"NAC","TOTAL","10-49","J","D111","BG",2012,248105078
"NAC","TOTAL","10-49","J","D1111","BG",2012,230759970
"NAC","TOTAL","10-49","J58","D01","BG",2012,23960195
"NAC","TOTAL","10-49","J58","D111","BG",2012,20670515
"NAC","TOTAL","10-49","J58","D1111","BG",2012,19175821
"NAC","TOTAL","10-49","J59","D01","BG",2012,17683381
"NAC","TOTAL","10-49","J59","D111","BG",2012,15722454
"NAC","TOTAL","10-49","J59","D1111","BG",2012,14725704
"NAC","TOTAL","10-49","J60","D01","BG",2012,9640605
"NAC","TOTAL","10-49","J60","D111","BG",2012,8209846
"NAC","TOTAL","10-49","J60","D1111","BG",2012,7609954
"NAC","TOTAL","10-49","J61","D01","BG",2012,19614437
"NAC","TOTAL","10-49","J61","D111","BG",2012,16550095
"NAC","TOTAL","10-49","J61","D1111","BG",2012,15226476
"NAC","TOTAL","10-49","J62","D01","BG",2012,190198934
"NAC","TOTAL","10-49","J62","D111","BG",2012,169133215
"NAC","TOTAL","10-49","J62","D1111","BG",2012,157378868
"NAC","TOTAL","10-49","J63","D01","BG",2012,20104147
"NAC","TOTAL","10-49","J63","D111","BG",2012,17818953
"NAC","TOTAL","10-49","J63","D1111","BG",2012,16643147
"NAC","TOTAL","10-49","K","D01","BG",2012,116841771
"NAC","TOTAL","10-49","K","D111","BG",2012,103209816
"NAC","TOTAL","10-49","K","D1111","BG",2012,95455431
"NAC","TOTAL","10-49","K-N","D01","BG",2012,638677104
"NAC","TOTAL","10-49","K-N","D111","BG",2012,557951089
"NAC","TOTAL","10-49","K-N","D1111","BG",2012,517972867
"NAC","TOTAL","10-49","K64","D01","BG",2012,70131649
"NAC","TOTAL","10-49","K64","D111","BG",2012,62115248
"NAC","TOTAL","10-49","K64","D1111","BG",2012,57425535
"NAC","TOTAL","10-49","K65","D01","BG",2012,16767366
"NAC","TOTAL","10-49","K65","D111","BG",2012,14748784
"NAC","TOTAL","10-49","K65","D1111","BG",2012,13346708
"NAC","TOTAL","10-49","K66","D01","BG",2012,29942756
"NAC","TOTAL","10-49","K66","D111","BG",2012,26345784
"NAC","TOTAL","10-49","K66","D1111","BG",2012,24683188
"NAC","TOTAL","10-49","L","D01","BG",2012,96531960
"NAC","TOTAL","10-49","L","D111","BG",2012,82847608
"NAC","TOTAL","10-49","L","D1111","BG",2012,75968921
"NAC","TOTAL","10-49","L68","D01","BG",2012,96531960
"NAC","TOTAL","10-49","L68","D111","BG",2012,82847608
"NAC","TOTAL","10-49","L68","D1111","BG",2012,75968921
"NAC","TOTAL","10-49","M","D01","BG",2012,294701963
"NAC","TOTAL","10-49","M","D111","BG",2012,260317467
"NAC","TOTAL","10-49","M","D1111","BG",2012,242622490
"NAC","TOTAL","10-49","M69","D01","BG",2012,37304353
"NAC","TOTAL","10-49","M69","D111","BG",2012,32303004
"NAC","TOTAL","10-49","M69","D1111","BG",2012,30104077
"NAC","TOTAL","10-49","M70","D01","BG",2012,53865032
"NAC","TOTAL","10-49","M70","D111","BG",2012,49411564
"NAC","TOTAL","10-49","M70","D1111","BG",2012,46892014
"NAC","TOTAL","10-49","M71","D01","BG",2012,82556411
"NAC","TOTAL","10-49","M71","D111","BG",2012,72037216
"NAC","TOTAL","10-49","M71","D1111","BG",2012,66720605
"NAC","TOTAL","10-49","M72","D01","BG",2012,14853533
"NAC","TOTAL","10-49","M72","D111","BG",2012,12596203
"NAC","TOTAL","10-49","M72","D1111","BG",2012,11299967
"NAC","TOTAL","10-49","M73","D01","BG",2012,52871218
"NAC","TOTAL","10-49","M73","D111","BG",2012,46834315
"NAC","TOTAL","10-49","M73","D1111","BG",2012,43655998
"NAC","TOTAL","10-49","M74","D01","BG",2012,52179792
"NAC","TOTAL","10-49","M74","D111","BG",2012,46222858
"NAC","TOTAL","10-49","M74","D1111","BG",2012,43105536
"NAC","TOTAL","10-49","M75","D01","BG",2012,1071624
"NAC","TOTAL","10-49","M75","D111","BG",2012,912307
"NAC","TOTAL","10-49","M75","D1111","BG",2012,844293
"NAC","TOTAL","10-49","N","D01","BG",2012,130601410
"NAC","TOTAL","10-49","N","D111","BG",2012,111576198
"NAC","TOTAL","10-49","N","D1111","BG",2012,103926025
"NAC","TOTAL","10-49","N77","D01","BG",2012,12040904
"NAC","TOTAL","10-49","N77","D111","BG",2012,10273611
"NAC","TOTAL","10-49","N77","D1111","BG",2012,9596741
"NAC","TOTAL","10-49","N78","D01","BG",2012,17338755
"NAC","TOTAL","10-49","N78","D111","BG",2012,14618907
"NAC","TOTAL","10-49","N78","D1111","BG",2012,13535295
"NAC","TOTAL","10-49","N79","D01","BG",2012,17392446
"NAC","TOTAL","10-49","N79","D111","BG",2012,14859657
"NAC","TOTAL","10-49","N79","D1111","BG",2012,13926648
"NAC","TOTAL","10-49","N80","D01","BG",2012,41044120
"NAC","TOTAL","10-49","N80","D111","BG",2012,34637798
"NAC","TOTAL","10-49","N80","D1111","BG",2012,32471848
"NAC","TOTAL","10-49","N81","D01","BG",2012,25535583
"NAC","TOTAL","10-49","N81","D111","BG",2012,22260949
"NAC","TOTAL","10-49","N81","D1111","BG",2012,20532693
"NAC","TOTAL","10-49","N82","D01","BG",2012,17249602
"NAC","TOTAL","10-49","N82","D111","BG",2012,14925276
"NAC","TOTAL","10-49","N82","D1111","BG",2012,13862800
"NAC","TOTAL","10-49","O","D01","BG",2012,249881923
"NAC","TOTAL","10-49","O","D111","BG",2012,195961941
"NAC","TOTAL","10-49","O","D1111","BG",2012,166699721
"NAC","TOTAL","10-49","O-S","D01","BG",2012,1269617897
"NAC","TOTAL","10-49","O-S","D111","BG",2012,1034783842
"NAC","TOTAL","10-49","O-S","D1111","BG",2012,880109933
"NAC","TOTAL","10-49","O84","D01","BG",2012,249881923
"NAC","TOTAL","10-49","O84","D111","BG",2012,195961941
"NAC","TOTAL","10-49","O84","D1111","BG",2012,166699721
"NAC","TOTAL","10-49","P","D01","BG",2012,689703601
"NAC","TOTAL","10-49","P","D111","BG",2012,559740641
"NAC","TOTAL","10-49","P","D1111","BG",2012,459981539
"NAC","TOTAL","10-49","P-S","D01","BG",2012,1019735974
"NAC","TOTAL","10-49","P-S","D111","BG",2012,838821901
"NAC","TOTAL","10-49","P-S","D1111","BG",2012,713410212
"NAC","TOTAL","10-49","P85","D01","BG",2012,689703601
"NAC","TOTAL","10-49","P85","D111","BG",2012,559740641
"NAC","TOTAL","10-49","P85","D1111","BG",2012,459981539
"NAC","TOTAL","10-49","Q","D01","BG",2012,183119425
"NAC","TOTAL","10-49","Q","D111","BG",2012,154400616
"NAC","TOTAL","10-49","Q","D1111","BG",2012,139716232
"NAC","TOTAL","10-49","Q86","D01","BG",2012,118860200
"NAC","TOTAL","10-49","Q86","D111","BG",2012,101009525
"NAC","TOTAL","10-49","Q86","D1111","BG",2012,92987159
"NAC","TOTAL","10-49","Q87","D01","BG",2012,33388591
"NAC","TOTAL","10-49","Q87","D111","BG",2012,27475982
"NAC","TOTAL","10-49","Q87","D1111","BG",2012,24007350
"NAC","TOTAL","10-49","Q88","D01","BG",2012,30870634
"NAC","TOTAL","10-49","Q88","D111","BG",2012,25915109
"NAC","TOTAL","10-49","Q88","D1111","BG",2012,22721723
"NAC","TOTAL","10-49","R","D01","BG",2012,73666826
"NAC","TOTAL","10-49","R","D111","BG",2012,61845727
"NAC","TOTAL","10-49","R","D1111","BG",2012,56530147
"NAC","TOTAL","10-49","R90","D01","BG",2012,12382480
"NAC","TOTAL","10-49","R90","D111","BG",2012,10223611
"NAC","TOTAL","10-49","R90","D1111","BG",2012,9047864
"NAC","TOTAL","10-49","R91","D01","BG",2012,15435750
"NAC","TOTAL","10-49","R91","D111","BG",2012,12767566
"NAC","TOTAL","10-49","R91","D1111","BG",2012,11117408
"NAC","TOTAL","10-49","R92","D01","BG",2012,19903365
"NAC","TOTAL","10-49","R92","D111","BG",2012,16680205
"NAC","TOTAL","10-49","R92","D1111","BG",2012,15653794
"NAC","TOTAL","10-49","R93","D01","BG",2012,25945231
"NAC","TOTAL","10-49","R93","D111","BG",2012,22174345
"NAC","TOTAL","10-49","R93","D1111","BG",2012,20711081
"NAC","TOTAL","10-49","S","D01","BG",2012,73246122
"NAC","TOTAL","10-49","S","D111","BG",2012,62834917
"NAC","TOTAL","10-49","S","D1111","BG",2012,57182294
"NAC","TOTAL","10-49","S94","D01","BG",2012,48156871
"NAC","TOTAL","10-49","S94","D111","BG",2012,41887322
"NAC","TOTAL","10-49","S94","D1111","BG",2012,37951564
"NAC","TOTAL","10-49","S95","D01","BG",2012,NA
"NAC","TOTAL","10-49","S95","D111","BG",2012,NA
"NAC","TOTAL","10-49","S95","D1111","BG",2012,NA
"NAC","TOTAL","10-49","S96","D01","BG",2012,19902047
"NAC","TOTAL","10-49","S96","D111","BG",2012,16565875
"NAC","TOTAL","10-49","S96","D1111","BG",2012,15225109
"NAC","TOTAL","250-499","B","D01","BG",2012,33357601
"NAC","TOTAL","250-499","B","D111","BG",2012,25746606
"NAC","TOTAL","250-499","B","D1111","BG",2012,23006792
"NAC","TOTAL","250-499","B-E","D01","BG",2012,845578433
"NAC","TOTAL","250-499","B-E","D111","BG",2012,702691369
"NAC","TOTAL","250-499","B-E","D1111","BG",2012,617805529
"NAC","TOTAL","250-499","B-F","D01","BG",2012,986702088
"NAC","TOTAL","250-499","B-F","D111","BG",2012,821330153
"NAC","TOTAL","250-499","B-F","D1111","BG",2012,725221444
"NAC","TOTAL","250-499","B-N","D01","BG",2012,1796422056
"NAC","TOTAL","250-499","B-N","D111","BG",2012,1517055495
"NAC","TOTAL","250-499","B-N","D1111","BG",2012,1354151759
"NAC","TOTAL","250-499","B-S","D01","BG",2012,2404212123
"NAC","TOTAL","250-499","B-S","D111","BG",2012,2010843151
"NAC","TOTAL","250-499","B-S","D1111","BG",2012,1784818803
"NAC","TOTAL","250-499","B-S_X_O","D01","BG",2012,2108566013
"NAC","TOTAL","250-499","B-S_X_O","D111","BG",2012,1779065283
"NAC","TOTAL","250-499","B-S_X_O","D1111","BG",2012,1581012852
"NAC","TOTAL","250-499","B05","D01","BG",2012,8595302
"NAC","TOTAL","250-499","B05","D111","BG",2012,6535751
"NAC","TOTAL","250-499","B05","D1111","BG",2012,5893606
"NAC","TOTAL","250-499","B06","D01","BG",2012,NA
"NAC","TOTAL","250-499","B06","D111","BG",2012,NA
"NAC","TOTAL","250-499","B06","D1111","BG",2012,NA
"NAC","TOTAL","250-499","B07","D01","BG",2012,18658415
"NAC","TOTAL","250-499","B07","D111","BG",2012,14310858
"NAC","TOTAL","250-499","B07","D1111","BG",2012,12892710
"NAC","TOTAL","250-499","B08","D01","BG",2012,6103884
"NAC","TOTAL","250-499","B08","D111","BG",2012,4899997
"NAC","TOTAL","250-499","B08","D1111","BG",2012,4220476
"NAC","TOTAL","250-499","B09","D01","BG",2012,NA
"NAC","TOTAL","250-499","B09","D111","BG",2012,NA
"NAC","TOTAL","250-499","B09","D1111","BG",2012,NA
"NAC","TOTAL","250-499","C","D01","BG",2012,647892968
"NAC","TOTAL","250-499","C","D111","BG",2012,541154668
"NAC","TOTAL","250-499","C","D1111","BG",2012,478698872
"NAC","TOTAL","250-499","C10","D01","BG",2012,NA
"NAC","TOTAL","250-499","C10","D111","BG",2012,NA
"NAC","TOTAL","250-499","C10","D1111","BG",2012,NA
"NAC","TOTAL","250-499","C11","D01","BG",2012,18837399
"NAC","TOTAL","250-499","C11","D111","BG",2012,16001048
"NAC","TOTAL","250-499","C11","D1111","BG",2012,14639900
"NAC","TOTAL","250-499","C12","D01","BG",2012,32592069
"NAC","TOTAL","250-499","C12","D111","BG",2012,28052589
"NAC","TOTAL","250-499","C12","D1111","BG",2012,24438621
"NAC","TOTAL","250-499","C13","D01","BG",2012,8086254
"NAC","TOTAL","250-499","C13","D111","BG",2012,6576274
"NAC","TOTAL","250-499","C13","D1111","BG",2012,5725981
"NAC","TOTAL","250-499","C14","D01","BG",2012,104994138
"NAC","TOTAL","250-499","C14","D111","BG",2012,88087149
"NAC","TOTAL","250-499","C14","D1111","BG",2012,78137373
"NAC","TOTAL","250-499","C15","D01","BG",2012,16934198
"NAC","TOTAL","250-499","C15","D111","BG",2012,14382885
"NAC","TOTAL","250-499","C15","D1111","BG",2012,12425661
"NAC","TOTAL","250-499","C16","D01","BG",2012,NA
"NAC","TOTAL","250-499","C16","D111","BG",2012,NA
"NAC","TOTAL","250-499","C16","D1111","BG",2012,NA
"NAC","TOTAL","250-499","C17","D01","BG",2012,19638804
"NAC","TOTAL","250-499","C17","D111","BG",2012,16089564
"NAC","TOTAL","250-499","C17","D1111","BG",2012,13884689
"NAC","TOTAL","250-499","C18","D01","BG",2012,13964858
"NAC","TOTAL","250-499","C18","D111","BG",2012,11970496
"NAC","TOTAL","250-499","C18","D1111","BG",2012,10817700
"NAC","TOTAL","250-499","C19","D01","BG",2012,NA
"NAC","TOTAL","250-499","C19","D111","BG",2012,NA
"NAC","TOTAL","250-499","C19","D1111","BG",2012,NA
"NAC","TOTAL","250-499","C20","D01","BG",2012,47400834
"NAC","TOTAL","250-499","C20","D111","BG",2012,39427182
"NAC","TOTAL","250-499","C20","D1111","BG",2012,34395694
"NAC","TOTAL","250-499","C21","D01","BG",2012,20903632
"NAC","TOTAL","250-499","C21","D111","BG",2012,17555604
"NAC","TOTAL","250-499","C21","D1111","BG",2012,15204179
"NAC","TOTAL","250-499","C22","D01","BG",2012,17265586
"NAC","TOTAL","250-499","C22","D111","BG",2012,14598159
"NAC","TOTAL","250-499","C22","D1111","BG",2012,13520296
"NAC","TOTAL","250-499","C23","D01","BG",2012,NA
"NAC","TOTAL","250-499","C23","D111","BG",2012,NA
"NAC","TOTAL","250-499","C23","D1111","BG",2012,NA
"NAC","TOTAL","250-499","C24","D01","BG",2012,21627127
"NAC","TOTAL","250-499","C24","D111","BG",2012,17154290
"NAC","TOTAL","250-499","C24","D1111","BG",2012,14531377
"NAC","TOTAL","250-499","C25","D01","BG",2012,43042766
"NAC","TOTAL","250-499","C25","D111","BG",2012,35797678
"NAC","TOTAL","250-499","C25","D1111","BG",2012,30780683
"NAC","TOTAL","250-499","C26","D01","BG",2012,30973669
"NAC","TOTAL","250-499","C26","D111","BG",2012,26444772
"NAC","TOTAL","250-499","C26","D1111","BG",2012,22254026
"NAC","TOTAL","250-499","C27","D01","BG",2012,53211132
"NAC","TOTAL","250-499","C27","D111","BG",2012,44861291
"NAC","TOTAL","250-499","C27","D1111","BG",2012,40033187
"NAC","TOTAL","250-499","C28","D01","BG",2012,36830390
"NAC","TOTAL","250-499","C28","D111","BG",2012,30754287
"NAC","TOTAL","250-499","C28","D1111","BG",2012,27556447
"NAC","TOTAL","250-499","C29","D01","BG",2012,10554411
"NAC","TOTAL","250-499","C29","D111","BG",2012,8819950
"NAC","TOTAL","250-499","C29","D1111","BG",2012,7892155
"NAC","TOTAL","250-499","C30","D01","BG",2012,14963891
"NAC","TOTAL","250-499","C30","D111","BG",2012,12353020
"NAC","TOTAL","250-499","C30","D1111","BG",2012,11255568
"NAC","TOTAL","250-499","C31","D01","BG",2012,NA
"NAC","TOTAL","250-499","C31","D111","BG",2012,NA
"NAC","TOTAL","250-499","C31","D1111","BG",2012,NA
"NAC","TOTAL","250-499","C32","D01","BG",2012,NA
"NAC","TOTAL","250-499","C32","D111","BG",2012,NA
"NAC","TOTAL","250-499","C32","D1111","BG",2012,NA
"NAC","TOTAL","250-499","C33","D01","BG",2012,21884133
"NAC","TOTAL","250-499","C33","D111","BG",2012,16833031
"NAC","TOTAL","250-499","C33","D1111","BG",2012,14779128
"NAC","TOTAL","250-499","D","D01","BG",2012,75661647
"NAC","TOTAL","250-499","D","D111","BG",2012,61881262
"NAC","TOTAL","250-499","D","D1111","BG",2012,52930034
"NAC","TOTAL","250-499","D35","D01","BG",2012,75661647
"NAC","TOTAL","250-499","D35","D111","BG",2012,61881262
"NAC","TOTAL","250-499","D35","D1111","BG",2012,52930034
"NAC","TOTAL","250-499","E","D01","BG",2012,88666217
"NAC","TOTAL","250-499","E","D111","BG",2012,73908833
"NAC","TOTAL","250-499","E","D1111","BG",2012,63169831
"NAC","TOTAL","250-499","E36","D01","BG",2012,53686949
"NAC","TOTAL","250-499","E36","D111","BG",2012,44683522
"NAC","TOTAL","250-499","E36","D1111","BG",2012,36586890
"NAC","TOTAL","250-499","E37","D01","BG",2012,NA
"NAC","TOTAL","250-499","E37","D111","BG",2012,NA
"NAC","TOTAL","250-499","E37","D1111","BG",2012,NA
"NAC","TOTAL","250-499","E38","D01","BG",2012,32777818
"NAC","TOTAL","250-499","E38","D111","BG",2012,27403859
"NAC","TOTAL","250-499","E38","D1111","BG",2012,24951789
"NAC","TOTAL","250-499","E39","D01","BG",2012,NA
"NAC","TOTAL","250-499","E39","D111","BG",2012,NA
"NAC","TOTAL","250-499","E39","D1111","BG",2012,NA
"NAC","TOTAL","250-499","F","D01","BG",2012,141123655
"NAC","TOTAL","250-499","F","D111","BG",2012,118638784
"NAC","TOTAL","250-499","F","D1111","BG",2012,107415915
"NAC","TOTAL","250-499","F41","D01","BG",2012,NA
"NAC","TOTAL","250-499","F41","D111","BG",2012,NA
"NAC","TOTAL","250-499","F41","D1111","BG",2012,NA
"NAC","TOTAL","250-499","F42","D01","BG",2012,103929302
"NAC","TOTAL","250-499","F42","D111","BG",2012,87316984
"NAC","TOTAL","250-499","F42","D1111","BG",2012,79450421
"NAC","TOTAL","250-499","F43","D01","BG",2012,NA
"NAC","TOTAL","250-499","F43","D111","BG",2012,NA
"NAC","TOTAL","250-499","F43","D1111","BG",2012,NA
"NAC","TOTAL","250-499","G","D01","BG",2012,155915086
"NAC","TOTAL","250-499","G","D111","BG",2012,132693162
"NAC","TOTAL","250-499","G","D1111","BG",2012,121879825
"NAC","TOTAL","250-499","G-J","D01","BG",2012,532680029
"NAC","TOTAL","250-499","G-J","D111","BG",2012,456471312
"NAC","TOTAL","250-499","G-J","D1111","BG",2012,412400762
"NAC","TOTAL","250-499","G-N","D01","BG",2012,809719968
"NAC","TOTAL","250-499","G-N","D111","BG",2012,695725342
"NAC","TOTAL","250-499","G-N","D1111","BG",2012,628930315
"NAC","TOTAL","250-499","G-S_X_O","D01","BG",2012,1121863925
"NAC","TOTAL","250-499","G-S_X_O","D111","BG",2012,957735130
"NAC","TOTAL","250-499","G-S_X_O","D1111","BG",2012,855791408
"NAC","TOTAL","250-499","G45","D01","BG",2012,23364625
"NAC","TOTAL","250-499","G45","D111","BG",2012,19923162
"NAC","TOTAL","250-499","G45","D1111","BG",2012,18164078
"NAC","TOTAL","250-499","G46","D01","BG",2012,67646422
"NAC","TOTAL","250-499","G46","D111","BG",2012,57712069
"NAC","TOTAL","250-499","G46","D1111","BG",2012,52603384
"NAC","TOTAL","250-499","G47","D01","BG",2012,64904039
"NAC","TOTAL","250-499","G47","D111","BG",2012,55057931
"NAC","TOTAL","250-499","G47","D1111","BG",2012,51112363
"NAC","TOTAL","250-499","H","D01","BG",2012,60560810
"NAC","TOTAL","250-499","H","D111","BG",2012,47661494
"NAC","TOTAL","250-499","H","D1111","BG",2012,40067851
"NAC","TOTAL","250-499","H49","D01","BG",2012,39709250
"NAC","TOTAL","250-499","H49","D111","BG",2012,30917696
"NAC","TOTAL","250-499","H49","D1111","BG",2012,26086006
"NAC","TOTAL","250-499","H50","D01","BG",2012,NA
"NAC","TOTAL","250-499","H50","D111","BG",2012,NA
"NAC","TOTAL","250-499","H50","D1111","BG",2012,NA
"NAC","TOTAL","250-499","H51","D01","BG",2012,NA
"NAC","TOTAL","250-499","H51","D111","BG",2012,NA
"NAC","TOTAL","250-499","H51","D1111","BG",2012,NA
"NAC","TOTAL","250-499","H52","D01","BG",2012,NA
"NAC","TOTAL","250-499","H52","D111","BG",2012,NA
"NAC","TOTAL","250-499","H52","D1111","BG",2012,NA
"NAC","TOTAL","250-499","H53","D01","BG",2012,NA
"NAC","TOTAL","250-499","H53","D111","BG",2012,NA
"NAC","TOTAL","250-499","H53","D1111","BG",2012,NA
"NAC","TOTAL","250-499","I","D01","BG",2012,47538279
"NAC","TOTAL","250-499","I","D111","BG",2012,39647192
"NAC","TOTAL","250-499","I","D1111","BG",2012,35940067
"NAC","TOTAL","250-499","I55","D01","BG",2012,37224650
"NAC","TOTAL","250-499","I55","D111","BG",2012,31070925
"NAC","TOTAL","250-499","I55","D1111","BG",2012,27881789
"NAC","TOTAL","250-499","I56","D01","BG",2012,10313629
"NAC","TOTAL","250-499","I56","D111","BG",2012,8576267
"NAC","TOTAL","250-499","I56","D1111","BG",2012,8058278
"NAC","TOTAL","250-499","J","D01","BG",2012,268665854
"NAC","TOTAL","250-499","J","D111","BG",2012,236469464
"NAC","TOTAL","250-499","J","D1111","BG",2012,214513019
"NAC","TOTAL","250-499","J58","D01","BG",2012,NA
"NAC","TOTAL","250-499","J58","D111","BG",2012,NA
"NAC","TOTAL","250-499","J58","D1111","BG",2012,NA
"NAC","TOTAL","250-499","J59","D01","BG",2012,NA
"NAC","TOTAL","250-499","J59","D111","BG",2012,NA
"NAC","TOTAL","250-499","J59","D1111","BG",2012,NA
"NAC","TOTAL","250-499","J60","D01","BG",2012,36454190
"NAC","TOTAL","250-499","J60","D111","BG",2012,31926974
"NAC","TOTAL","250-499","J60","D1111","BG",2012,29051798
"NAC","TOTAL","250-499","J61","D01","BG",2012,19859188
"NAC","TOTAL","250-499","J61","D111","BG",2012,16174699
"NAC","TOTAL","250-499","J61","D1111","BG",2012,14735826
"NAC","TOTAL","250-499","J62","D01","BG",2012,166044834
"NAC","TOTAL","250-499","J62","D111","BG",2012,148104259
"NAC","TOTAL","250-499","J62","D1111","BG",2012,134333360
"NAC","TOTAL","250-499","J63","D01","BG",2012,46307642
"NAC","TOTAL","250-499","J63","D111","BG",2012,40263532
"NAC","TOTAL","250-499","J63","D1111","BG",2012,36392035
"NAC","TOTAL","250-499","K","D01","BG",2012,94038907
"NAC","TOTAL","250-499","K","D111","BG",2012,81616182
"NAC","TOTAL","250-499","K","D1111","BG",2012,73665339
"NAC","TOTAL","250-499","K-N","D01","BG",2012,277039939
"NAC","TOTAL","250-499","K-N","D111","BG",2012,239254030
"NAC","TOTAL","250-499","K-N","D1111","BG",2012,216529553
"NAC","TOTAL","250-499","K64","D01","BG",2012,53603069
"NAC","TOTAL","250-499","K64","D111","BG",2012,46240020
"NAC","TOTAL","250-499","K64","D1111","BG",2012,40998587
"NAC","TOTAL","250-499","K65","D01","BG",2012,35160374
"NAC","TOTAL","250-499","K65","D111","BG",2012,30614175
"NAC","TOTAL","250-499","K65","D1111","BG",2012,28092604
"NAC","TOTAL","250-499","K66","D01","BG",2012,NA
"NAC","TOTAL","250-499","K66","D111","BG",2012,NA
"NAC","TOTAL","250-499","K66","D1111","BG",2012,NA
"NAC","TOTAL","250-499","L","D01","BG",2012,5091587
"NAC","TOTAL","250-499","L","D111","BG",2012,4273512
"NAC","TOTAL","250-499","L","D1111","BG",2012,3881683
"NAC","TOTAL","250-499","L68","D01","BG",2012,5091587
"NAC","TOTAL","250-499","L68","D111","BG",2012,4273512
"NAC","TOTAL","250-499","L68","D1111","BG",2012,3881683
"NAC","TOTAL","250-499","M","D01","BG",2012,71536023
"NAC","TOTAL","250-499","M","D111","BG",2012,59856549
"NAC","TOTAL","250-499","M","D1111","BG",2012,53006941
"NAC","TOTAL","250-499","M69","D01","BG",2012,NA
"NAC","TOTAL","250-499","M69","D111","BG",2012,NA
"NAC","TOTAL","250-499","M69","D1111","BG",2012,NA
"NAC","TOTAL","250-499","M70","D01","BG",2012,NA
"NAC","TOTAL","250-499","M70","D111","BG",2012,NA
"NAC","TOTAL","250-499","M70","D1111","BG",2012,NA
"NAC","TOTAL","250-499","M71","D01","BG",2012,NA
"NAC","TOTAL","250-499","M71","D111","BG",2012,NA
"NAC","TOTAL","250-499","M71","D1111","BG",2012,NA
"NAC","TOTAL","250-499","M72","D01","BG",2012,14584632
"NAC","TOTAL","250-499","M72","D111","BG",2012,12036022
"NAC","TOTAL","250-499","M72","D1111","BG",2012,10843781
"NAC","TOTAL","250-499","M73","D01","BG",2012,NA
"NAC","TOTAL","250-499","M73","D111","BG",2012,NA
"NAC","TOTAL","250-499","M73","D1111","BG",2012,NA
"NAC","TOTAL","250-499","M74","D01","BG",2012,15120469
"NAC","TOTAL","250-499","M74","D111","BG",2012,12838031
"NAC","TOTAL","250-499","M74","D1111","BG",2012,11733679
"NAC","TOTAL","250-499","M75","D01","BG",2012,NA
"NAC","TOTAL","250-499","M75","D111","BG",2012,NA
"NAC","TOTAL","250-499","M75","D1111","BG",2012,NA
"NAC","TOTAL","250-499","N","D01","BG",2012,106373422
"NAC","TOTAL","250-499","N","D111","BG",2012,93507787
"NAC","TOTAL","250-499","N","D1111","BG",2012,85975590
"NAC","TOTAL","250-499","N77","D01","BG",2012,NA
"NAC","TOTAL","250-499","N77","D111","BG",2012,NA
"NAC","TOTAL","250-499","N77","D1111","BG",2012,NA
"NAC","TOTAL","250-499","N78","D01","BG",2012,13141483
"NAC","TOTAL","250-499","N78","D111","BG",2012,11124111
"NAC","TOTAL","250-499","N78","D1111","BG",2012,10308048
"NAC","TOTAL","250-499","N79","D01","BG",2012,NA
"NAC","TOTAL","250-499","N79","D111","BG",2012,NA
"NAC","TOTAL","250-499","N79","D1111","BG",2012,NA
"NAC","TOTAL","250-499","N80","D01","BG",2012,49835991
"NAC","TOTAL","250-499","N80","D111","BG",2012,42292342
"NAC","TOTAL","250-499","N80","D1111","BG",2012,39248465
"NAC","TOTAL","250-499","N81","D01","BG",2012,25684376
"NAC","TOTAL","250-499","N81","D111","BG",2012,25226943
"NAC","TOTAL","250-499","N81","D1111","BG",2012,22872860
"NAC","TOTAL","250-499","N82","D01","BG",2012,17711572
"NAC","TOTAL","250-499","N82","D111","BG",2012,14864391
"NAC","TOTAL","250-499","N82","D1111","BG",2012,13546217
"NAC","TOTAL","250-499","O","D01","BG",2012,295646110
"NAC","TOTAL","250-499","O","D111","BG",2012,231777868
"NAC","TOTAL","250-499","O","D1111","BG",2012,203805951
"NAC","TOTAL","250-499","O-S","D01","BG",2012,607790067
"NAC","TOTAL","250-499","O-S","D111","BG",2012,493787656
"NAC","TOTAL","250-499","O-S","D1111","BG",2012,430667044
"NAC","TOTAL","250-499","O84","D01","BG",2012,295646110
"NAC","TOTAL","250-499","O84","D111","BG",2012,231777868
"NAC","TOTAL","250-499","O84","D1111","BG",2012,203805951
"NAC","TOTAL","250-499","P","D01","BG",2012,96971971
"NAC","TOTAL","250-499","P","D111","BG",2012,80511726
"NAC","TOTAL","250-499","P","D1111","BG",2012,66919556
"NAC","TOTAL","250-499","P-S","D01","BG",2012,312143957
"NAC","TOTAL","250-499","P-S","D111","BG",2012,262009788
"NAC","TOTAL","250-499","P-S","D1111","BG",2012,226861093
"NAC","TOTAL","250-499","P85","D01","BG",2012,96971971
"NAC","TOTAL","250-499","P85","D111","BG",2012,80511726
"NAC","TOTAL","250-499","P85","D1111","BG",2012,66919556
"NAC","TOTAL","250-499","Q","D01","BG",2012,184442483
"NAC","TOTAL","250-499","Q","D111","BG",2012,154283809
"NAC","TOTAL","250-499","Q","D1111","BG",2012,135497244
"NAC","TOTAL","250-499","Q86","D01","BG",2012,174681572
"NAC","TOTAL","250-499","Q86","D111","BG",2012,146139684
"NAC","TOTAL","250-499","Q86","D1111","BG",2012,128585867
"NAC","TOTAL","250-499","Q87","D01","BG",2012,NA
"NAC","TOTAL","250-499","Q87","D111","BG",2012,NA
"NAC","TOTAL","250-499","Q87","D1111","BG",2012,NA
"NAC","TOTAL","250-499","Q88","D01","BG",2012,9760911
"NAC","TOTAL","250-499","Q88","D111","BG",2012,8144125
"NAC","TOTAL","250-499","Q88","D1111","BG",2012,6911377
"NAC","TOTAL","250-499","R","D01","BG",2012,21282102
"NAC","TOTAL","250-499","R","D111","BG",2012,17808054
"NAC","TOTAL","250-499","R","D1111","BG",2012,15668863
"NAC","TOTAL","250-499","R90","D01","BG",2012,12320878
"NAC","TOTAL","250-499","R90","D111","BG",2012,10246565
"NAC","TOTAL","250-499","R90","D1111","BG",2012,8883561
"NAC","TOTAL","250-499","R91","D01","BG",2012,NA
"NAC","TOTAL","250-499","R91","D111","BG",2012,NA
"NAC","TOTAL","250-499","R91","D1111","BG",2012,NA
"NAC","TOTAL","250-499","R92","D01","BG",2012,NA
"NAC","TOTAL","250-499","R92","D111","BG",2012,NA
"NAC","TOTAL","250-499","R92","D1111","BG",2012,NA
"NAC","TOTAL","250-499","R93","D01","BG",2012,NA
"NAC","TOTAL","250-499","R93","D111","BG",2012,NA
"NAC","TOTAL","250-499","R93","D1111","BG",2012,NA
"NAC","TOTAL","250-499","S","D01","BG",2012,9447401
"NAC","TOTAL","250-499","S","D111","BG",2012,9406199
"NAC","TOTAL","250-499","S","D1111","BG",2012,8775430
"NAC","TOTAL","250-499","S94","D01","BG",2012,9447401
"NAC","TOTAL","250-499","S94","D111","BG",2012,9406199
"NAC","TOTAL","250-499","S94","D1111","BG",2012,8775430
"NAC","TOTAL","250-499","S95","D01","BG",2012,NA
"NAC","TOTAL","250-499","S95","D111","BG",2012,NA
"NAC","TOTAL","250-499","S95","D1111","BG",2012,NA
"NAC","TOTAL","250-499","S96","D01","BG",2012,NA
"NAC","TOTAL","250-499","S96","D111","BG",2012,NA
"NAC","TOTAL","250-499","S96","D1111","BG",2012,NA
"NAC","TOTAL","50-249","B","D01","BG",2012,38303222
"NAC","TOTAL","50-249","B","D111","BG",2012,30148299
"NAC","TOTAL","50-249","B","D1111","BG",2012,26793231
"NAC","TOTAL","50-249","B-E","D01","BG",2012,1614621021
"NAC","TOTAL","50-249","B-E","D111","BG",2012,1351800938
"NAC","TOTAL","50-249","B-E","D1111","BG",2012,1223466271
"NAC","TOTAL","50-249","B-F","D01","BG",2012,2044126818
"NAC","TOTAL","50-249","B-F","D111","BG",2012,1712898677
"NAC","TOTAL","50-249","B-F","D1111","BG",2012,1556783170
"NAC","TOTAL","50-249","B-N","D01","BG",2012,4344682400
"NAC","TOTAL","50-249","B-N","D111","BG",2012,3694741989
"NAC","TOTAL","50-249","B-N","D1111","BG",2012,3373052866
"NAC","TOTAL","50-249","B-S","D01","BG",2012,6224174844
"NAC","TOTAL","50-249","B-S","D111","BG",2012,5237668000
"NAC","TOTAL","50-249","B-S","D1111","BG",2012,4703059215
"NAC","TOTAL","50-249","B-S_X_O","D01","BG",2012,5637289259
"NAC","TOTAL","50-249","B-S_X_O","D111","BG",2012,4771986907
"NAC","TOTAL","50-249","B-S_X_O","D1111","BG",2012,4297338768
"NAC","TOTAL","50-249","B05","D01","BG",2012,8842629
"NAC","TOTAL","50-249","B05","D111","BG",2012,6868966
"NAC","TOTAL","50-249","B05","D1111","BG",2012,6154342
"NAC","TOTAL","50-249","B06","D01","BG",2012,NA
"NAC","TOTAL","50-249","B06","D111","BG",2012,NA
"NAC","TOTAL","50-249","B06","D1111","BG",2012,NA
"NAC","TOTAL","50-249","B07","D01","BG",2012,7355830
"NAC","TOTAL","50-249","B07","D111","BG",2012,5415542
"NAC","TOTAL","50-249","B07","D1111","BG",2012,4658659
"NAC","TOTAL","50-249","B08","D01","BG",2012,20686878
"NAC","TOTAL","50-249","B08","D111","BG",2012,16690552
"NAC","TOTAL","50-249","B08","D1111","BG",2012,14856122
"NAC","TOTAL","50-249","B09","D01","BG",2012,NA
"NAC","TOTAL","50-249","B09","D111","BG",2012,NA
"NAC","TOTAL","50-249","B09","D1111","BG",2012,NA
"NAC","TOTAL","50-249","C","D01","BG",2012,1450533268
"NAC","TOTAL","50-249","C","D111","BG",2012,1216299682
"NAC","TOTAL","50-249","C","D1111","BG",2012,1104951246
"NAC","TOTAL","50-249","C10","D01","BG",2012,269106134
"NAC","TOTAL","50-249","C10","D111","BG",2012,226617358
"NAC","TOTAL","50-249","C10","D1111","BG",2012,208091605
"NAC","TOTAL","50-249","C11","D01","BG",2012,30512964
"NAC","TOTAL","50-249","C11","D111","BG",2012,25536062
"NAC","TOTAL","50-249","C11","D1111","BG",2012,23068243
"NAC","TOTAL","50-249","C12","D01","BG",2012,6161163
"NAC","TOTAL","50-249","C12","D111","BG",2012,4948242
"NAC","TOTAL","50-249","C12","D1111","BG",2012,4556139
"NAC","TOTAL","50-249","C13","D01","BG",2012,25030649
"NAC","TOTAL","50-249","C13","D111","BG",2012,20603442
"NAC","TOTAL","50-249","C13","D1111","BG",2012,18561870
"NAC","TOTAL","50-249","C14","D01","BG",2012,230832666
"NAC","TOTAL","50-249","C14","D111","BG",2012,193118594
"NAC","TOTAL","50-249","C14","D1111","BG",2012,175363124
"NAC","TOTAL","50-249","C15","D01","BG",2012,41577427
"NAC","TOTAL","50-249","C15","D111","BG",2012,34733558
"NAC","TOTAL","50-249","C15","D1111","BG",2012,31637683
"NAC","TOTAL","50-249","C16","D01","BG",2012,24230322
"NAC","TOTAL","50-249","C16","D111","BG",2012,20381746
"NAC","TOTAL","50-249","C16","D1111","BG",2012,18348299
"NAC","TOTAL","50-249","C17","D01","BG",2012,25278478
"NAC","TOTAL","50-249","C17","D111","BG",2012,21155020
"NAC","TOTAL","50-249","C17","D1111","BG",2012,19556219
"NAC","TOTAL","50-249","C18","D01","BG",2012,31445721
"NAC","TOTAL","50-249","C18","D111","BG",2012,26271754
"NAC","TOTAL","50-249","C18","D1111","BG",2012,23875099
"NAC","TOTAL","50-249","C19","D01","BG",2012,3466694
"NAC","TOTAL","50-249","C19","D111","BG",2012,2894603
"NAC","TOTAL","50-249","C19","D1111","BG",2012,2653757
"NAC","TOTAL","50-249","C20","D01","BG",2012,54068572
"NAC","TOTAL","50-249","C20","D111","BG",2012,45332595
"NAC","TOTAL","50-249","C20","D1111","BG",2012,41415363
"NAC","TOTAL","50-249","C21","D01","BG",2012,16604035
"NAC","TOTAL","50-249","C21","D111","BG",2012,14000471
"NAC","TOTAL","50-249","C21","D1111","BG",2012,12822225
"NAC","TOTAL","50-249","C22","D01","BG",2012,63110690
"NAC","TOTAL","50-249","C22","D111","BG",2012,53239227
"NAC","TOTAL","50-249","C22","D1111","BG",2012,48440865
"NAC","TOTAL","50-249","C23","D01","BG",2012,86823521
"NAC","TOTAL","50-249","C23","D111","BG",2012,72550162
"NAC","TOTAL","50-249","C23","D1111","BG",2012,64187271
"NAC","TOTAL","50-249","C24","D01","BG",2012,31590693
"NAC","TOTAL","50-249","C24","D111","BG",2012,25896634
"NAC","TOTAL","50-249","C24","D1111","BG",2012,23256057
"NAC","TOTAL","50-249","C25","D01","BG",2012,149824811
"NAC","TOTAL","50-249","C25","D111","BG",2012,125596448
"NAC","TOTAL","50-249","C25","D1111","BG",2012,113914539
"NAC","TOTAL","50-249","C26","D01","BG",2012,47425031
"NAC","TOTAL","50-249","C26","D111","BG",2012,40575511
"NAC","TOTAL","50-249","C26","D1111","BG",2012,36898445
"NAC","TOTAL","50-249","C27","D01","BG",2012,63095635
"NAC","TOTAL","50-249","C27","D111","BG",2012,52998847
"NAC","TOTAL","50-249","C27","D1111","BG",2012,48561282
"NAC","TOTAL","50-249","C28","D01","BG",2012,107716022
"NAC","TOTAL","50-249","C28","D111","BG",2012,89959542
"NAC","TOTAL","50-249","C28","D1111","BG",2012,81620620
"NAC","TOTAL","50-249","C29","D01","BG",2012,11083932
"NAC","TOTAL","50-249","C29","D111","BG",2012,9296151
"NAC","TOTAL","50-249","C29","D1111","BG",2012,8452261
"NAC","TOTAL","50-249","C30","D01","BG",2012,13635561
"NAC","TOTAL","50-249","C30","D111","BG",2012,11568957
"NAC","TOTAL","50-249","C30","D1111","BG",2012,10485108
"NAC","TOTAL","50-249","C31","D01","BG",2012,50350455
"NAC","TOTAL","50-249","C31","D111","BG",2012,42323654
"NAC","TOTAL","50-249","C31","D1111","BG",2012,38604952
"NAC","TOTAL","50-249","C32","D01","BG",2012,16091130
"NAC","TOTAL","50-249","C32","D111","BG",2012,13476889
"NAC","TOTAL","50-249","C32","D1111","BG",2012,12101533
"NAC","TOTAL","50-249","C33","D01","BG",2012,51470962
"NAC","TOTAL","50-249","C33","D111","BG",2012,43224215
"NAC","TOTAL","50-249","C33","D1111","BG",2012,38478687
"NAC","TOTAL","50-249","D","D01","BG",2012,45157357
"NAC","TOTAL","50-249","D","D111","BG",2012,37668664
"NAC","TOTAL","50-249","D","D1111","BG",2012,30998250
"NAC","TOTAL","50-249","D35","D01","BG",2012,45157357
"NAC","TOTAL","50-249","D35","D111","BG",2012,37668664
"NAC","TOTAL","50-249","D35","D1111","BG",2012,30998250
"NAC","TOTAL","50-249","E","D01","BG",2012,80627174
"NAC","TOTAL","50-249","E","D111","BG",2012,67684293
"NAC","TOTAL","50-249","E","D1111","BG",2012,60723544
"NAC","TOTAL","50-249","E36","D01","BG",2012,13923549
"NAC","TOTAL","50-249","E36","D111","BG",2012,11411849
"NAC","TOTAL","50-249","E36","D1111","BG",2012,9451346
"NAC","TOTAL","50-249","E37","D01","BG",2012,NA
"NAC","TOTAL","50-249","E37","D111","BG",2012,NA
"NAC","TOTAL","50-249","E37","D1111","BG",2012,NA
"NAC","TOTAL","50-249","E38","D01","BG",2012,61704142
"NAC","TOTAL","50-249","E38","D111","BG",2012,52117401
"NAC","TOTAL","50-249","E38","D1111","BG",2012,47696541
"NAC","TOTAL","50-249","E39","D01","BG",2012,4010650
"NAC","TOTAL","50-249","E39","D111","BG",2012,3313079
"NAC","TOTAL","50-249","E39","D1111","BG",2012,2784083
"NAC","TOTAL","50-249","F","D01","BG",2012,429505797
"NAC","TOTAL","50-249","F","D111","BG",2012,361097739
"NAC","TOTAL","50-249","F","D1111","BG",2012,333316899
"NAC","TOTAL","50-249","F41","D01","BG",2012,169448451
"NAC","TOTAL","50-249","F41","D111","BG",2012,143296851
"NAC","TOTAL","50-249","F41","D1111","BG",2012,132415438
"NAC","TOTAL","50-249","F42","D01","BG",2012,171405846
"NAC","TOTAL","50-249","F42","D111","BG",2012,143341890
"NAC","TOTAL","50-249","F42","D1111","BG",2012,131511403
"NAC","TOTAL","50-249","F43","D01","BG",2012,88651500
"NAC","TOTAL","50-249","F43","D111","BG",2012,74458998
"NAC","TOTAL","50-249","F43","D1111","BG",2012,69390058
"NAC","TOTAL","50-249","G","D01","BG",2012,775706569
"NAC","TOTAL","50-249","G","D111","BG",2012,664075118
"NAC","TOTAL","50-249","G","D1111","BG",2012,611747013
"NAC","TOTAL","50-249","G-J","D01","BG",2012,1616035861
"NAC","TOTAL","50-249","G-J","D111","BG",2012,1380736895
"NAC","TOTAL","50-249","G-J","D1111","BG",2012,1270625294
"NAC","TOTAL","50-249","G-N","D01","BG",2012,2300555582
"NAC","TOTAL","50-249","G-N","D111","BG",2012,1981843312
"NAC","TOTAL","50-249","G-N","D1111","BG",2012,1816269696
"NAC","TOTAL","50-249","G-S_X_O","D01","BG",2012,3593162441
"NAC","TOTAL","50-249","G-S_X_O","D111","BG",2012,3059088230
"NAC","TOTAL","50-249","G-S_X_O","D1111","BG",2012,2740555598
"NAC","TOTAL","50-249","G45","D01","BG",2012,90632052
"NAC","TOTAL","50-249","G45","D111","BG",2012,77880523
"NAC","TOTAL","50-249","G45","D1111","BG",2012,70726761
"NAC","TOTAL","50-249","G46","D01","BG",2012,439167008
"NAC","TOTAL","50-249","G46","D111","BG",2012,377697827
"NAC","TOTAL","50-249","G46","D1111","BG",2012,347969761
"NAC","TOTAL","50-249","G47","D01","BG",2012,245907509
"NAC","TOTAL","50-249","G47","D111","BG",2012,208496768
"NAC","TOTAL","50-249","G47","D1111","BG",2012,193050491
"NAC","TOTAL","50-249","H","D01","BG",2012,269525181
"NAC","TOTAL","50-249","H","D111","BG",2012,223424909
"NAC","TOTAL","50-249","H","D1111","BG",2012,201800202
"NAC","TOTAL","50-249","H49","D01","BG",2012,123481753
"NAC","TOTAL","50-249","H49","D111","BG",2012,99913407
"NAC","TOTAL","50-249","H49","D1111","BG",2012,91968447
"NAC","TOTAL","50-249","H50","D01","BG",2012,3417885
"NAC","TOTAL","50-249","H50","D111","BG",2012,2802837
"NAC","TOTAL","50-249","H50","D1111","BG",2012,2461275
"NAC","TOTAL","50-249","H51","D01","BG",2012,42449800
"NAC","TOTAL","50-249","H51","D111","BG",2012,35160390
"NAC","TOTAL","50-249","H51","D1111","BG",2012,31280929
"NAC","TOTAL","50-249","H52","D01","BG",2012,73038059
"NAC","TOTAL","50-249","H52","D111","BG",2012,62937634
"NAC","TOTAL","50-249","H52","D1111","BG",2012,55131947
"NAC","TOTAL","50-249","H53","D01","BG",2012,27137684
"NAC","TOTAL","50-249","H53","D111","BG",2012,22610641
"NAC","TOTAL","50-249","H53","D1111","BG",2012,20957604
"NAC","TOTAL","50-249","I","D01","BG",2012,207140560
"NAC","TOTAL","50-249","I","D111","BG",2012,174394114
"NAC","TOTAL","50-249","I","D1111","BG",2012,162996452
"NAC","TOTAL","50-249","I55","D01","BG",2012,148273655
"NAC","TOTAL","50-249","I55","D111","BG",2012,125126966
"NAC","TOTAL","50-249","I55","D1111","BG",2012,116844874
"NAC","TOTAL","50-249","I56","D01","BG",2012,58866905
"NAC","TOTAL","50-249","I56","D111","BG",2012,49267148
"NAC","TOTAL","50-249","I56","D1111","BG",2012,46151578
"NAC","TOTAL","50-249","J","D01","BG",2012,363663551
"NAC","TOTAL","50-249","J","D111","BG",2012,318842754
"NAC","TOTAL","50-249","J","D1111","BG",2012,294081627
"NAC","TOTAL","50-249","J58","D01","BG",2012,31449280
"NAC","TOTAL","50-249","J58","D111","BG",2012,27052723
"NAC","TOTAL","50-249","J58","D1111","BG",2012,24957145
"NAC","TOTAL","50-249","J59","D01","BG",2012,11088655
"NAC","TOTAL","50-249","J59","D111","BG",2012,9742223
"NAC","TOTAL","50-249","J59","D1111","BG",2012,8893744
"NAC","TOTAL","50-249","J60","D01","BG",2012,17448636
"NAC","TOTAL","50-249","J60","D111","BG",2012,15025625
"NAC","TOTAL","50-249","J60","D1111","BG",2012,13799868
"NAC","TOTAL","50-249","J61","D01","BG",2012,52533564
"NAC","TOTAL","50-249","J61","D111","BG",2012,44782392
"NAC","TOTAL","50-249","J61","D1111","BG",2012,41601907
"NAC","TOTAL","50-249","J62","D01","BG",2012,227913762
"NAC","TOTAL","50-249","J62","D111","BG",2012,202412837
"NAC","TOTAL","50-249","J62","D1111","BG",2012,186751662
"NAC","TOTAL","50-249","J63","D01","BG",2012,23229654
"NAC","TOTAL","50-249","J63","D111","BG",2012,19826954
"NAC","TOTAL","50-249","J63","D1111","BG",2012,18077301
"NAC","TOTAL","50-249","K","D01","BG",2012,161897180
"NAC","TOTAL","50-249","K","D111","BG",2012,139753157
"NAC","TOTAL","50-249","K","D1111","BG",2012,124901057
"NAC","TOTAL","50-249","K-N","D01","BG",2012,684519721
"NAC","TOTAL","50-249","K-N","D111","BG",2012,601106417
"NAC","TOTAL","50-249","K-N","D1111","BG",2012,545644402
"NAC","TOTAL","50-249","K64","D01","BG",2012,90255395
"NAC","TOTAL","50-249","K64","D111","BG",2012,77722607
"NAC","TOTAL","50-249","K64","D1111","BG",2012,67982501
"NAC","TOTAL","50-249","K65","D01","BG",2012,41926834
"NAC","TOTAL","50-249","K65","D111","BG",2012,36635520
"NAC","TOTAL","50-249","K65","D1111","BG",2012,33693616
"NAC","TOTAL","50-249","K66","D01","BG",2012,NA
"NAC","TOTAL","50-249","K66","D111","BG",2012,NA
"NAC","TOTAL","50-249","K66","D1111","BG",2012,NA
"NAC","TOTAL","50-249","L","D01","BG",2012,40581670
"NAC","TOTAL","50-249","L","D111","BG",2012,34482408
"NAC","TOTAL","50-249","L","D1111","BG",2012,31015146
"NAC","TOTAL","50-249","L68","D01","BG",2012,40581670
"NAC","TOTAL","50-249","L68","D111","BG",2012,34482408
"NAC","TOTAL","50-249","L68","D1111","BG",2012,31015146
"NAC","TOTAL","50-249","M","D01","BG",2012,283136591
"NAC","TOTAL","50-249","M","D111","BG",2012,245282929
"NAC","TOTAL","50-249","M","D1111","BG",2012,221384970
"NAC","TOTAL","50-249","M69","D01","BG",2012,NA
"NAC","TOTAL","50-249","M69","D111","BG",2012,NA
"NAC","TOTAL","50-249","M69","D1111","BG",2012,NA
"NAC","TOTAL","50-249","M70","D01","BG",2012,30595621
"NAC","TOTAL","50-249","M70","D111","BG",2012,27074680
"NAC","TOTAL","50-249","M70","D1111","BG",2012,24669878
"NAC","TOTAL","50-249","M71","D01","BG",2012,53175831
"NAC","TOTAL","50-249","M71","D111","BG",2012,45754061
"NAC","TOTAL","50-249","M71","D1111","BG",2012,41790827
"NAC","TOTAL","50-249","M72","D01","BG",2012,82402369
"NAC","TOTAL","50-249","M72","D111","BG",2012,69761640
"NAC","TOTAL","50-249","M72","D1111","BG",2012,60808080
"NAC","TOTAL","50-249","M73","D01","BG",2012,NA
"NAC","TOTAL","50-249","M73","D111","BG",2012,NA
"NAC","TOTAL","50-249","M73","D1111","BG",2012,NA
"NAC","TOTAL","50-249","M74","D01","BG",2012,32779860
"NAC","TOTAL","50-249","M74","D111","BG",2012,28310159
"NAC","TOTAL","50-249","M74","D1111","BG",2012,25478258
"NAC","TOTAL","50-249","M75","D01","BG",2012,NA
"NAC","TOTAL","50-249","M75","D111","BG",2012,NA
"NAC","TOTAL","50-249","M75","D1111","BG",2012,NA
"NAC","TOTAL","50-249","N","D01","BG",2012,198904280
"NAC","TOTAL","50-249","N","D111","BG",2012,181587923
"NAC","TOTAL","50-249","N","D1111","BG",2012,168343229
"NAC","TOTAL","50-249","N77","D01","BG",2012,4364413
"NAC","TOTAL","50-249","N77","D111","BG",2012,3658625
"NAC","TOTAL","50-249","N77","D1111","BG",2012,3324189
"NAC","TOTAL","50-249","N78","D01","BG",2012,15221456
"NAC","TOTAL","50-249","N78","D111","BG",2012,12729457
"NAC","TOTAL","50-249","N78","D1111","BG",2012,12051022
"NAC","TOTAL","50-249","N79","D01","BG",2012,9102696
"NAC","TOTAL","50-249","N79","D111","BG",2012,7740218
"NAC","TOTAL","50-249","N79","D1111","BG",2012,7313155
"NAC","TOTAL","50-249","N80","D01","BG",2012,71103222
"NAC","TOTAL","50-249","N80","D111","BG",2012,60202110
"NAC","TOTAL","50-249","N80","D1111","BG",2012,56263920
"NAC","TOTAL","50-249","N81","D01","BG",2012,78711007
"NAC","TOTAL","50-249","N81","D111","BG",2012,79869042
"NAC","TOTAL","50-249","N81","D1111","BG",2012,73572401
"NAC","TOTAL","50-249","N82","D01","BG",2012,20401486
"NAC","TOTAL","50-249","N82","D111","BG",2012,17388471
"NAC","TOTAL","50-249","N82","D1111","BG",2012,15818542
"NAC","TOTAL","50-249","O","D01","BG",2012,586885585
"NAC","TOTAL","50-249","O","D111","BG",2012,465681093
"NAC","TOTAL","50-249","O","D1111","BG",2012,405720447
"NAC","TOTAL","50-249","O-S","D01","BG",2012,1879492444
"NAC","TOTAL","50-249","O-S","D111","BG",2012,1542926011
"NAC","TOTAL","50-249","O-S","D1111","BG",2012,1330006349
"NAC","TOTAL","50-249","O84","D01","BG",2012,586885585
"NAC","TOTAL","50-249","O84","D111","BG",2012,465681093
"NAC","TOTAL","50-249","O84","D1111","BG",2012,405720447
"NAC","TOTAL","50-249","P","D01","BG",2012,646623506
"NAC","TOTAL","50-249","P","D111","BG",2012,528069642
"NAC","TOTAL","50-249","P","D1111","BG",2012,431921271
"NAC","TOTAL","50-249","P-S","D01","BG",2012,1292606859
"NAC","TOTAL","50-249","P-S","D111","BG",2012,1077244918
"NAC","TOTAL","50-249","P-S","D1111","BG",2012,924285902
"NAC","TOTAL","50-249","P85","D01","BG",2012,646623506
"NAC","TOTAL","50-249","P85","D111","BG",2012,528069642
"NAC","TOTAL","50-249","P85","D1111","BG",2012,431921271
"NAC","TOTAL","50-249","Q","D01","BG",2012,479917896
"NAC","TOTAL","50-249","Q","D111","BG",2012,405511310
"NAC","TOTAL","50-249","Q","D1111","BG",2012,361658268
"NAC","TOTAL","50-249","Q86","D01","BG",2012,385289791
"NAC","TOTAL","50-249","Q86","D111","BG",2012,326683021
"NAC","TOTAL","50-249","Q86","D1111","BG",2012,293345770
"NAC","TOTAL","50-249","Q87","D01","BG",2012,47824054
"NAC","TOTAL","50-249","Q87","D111","BG",2012,39703613
"NAC","TOTAL","50-249","Q87","D1111","BG",2012,34300947
"NAC","TOTAL","50-249","Q88","D01","BG",2012,46804051
"NAC","TOTAL","50-249","Q88","D111","BG",2012,39124676
"NAC","TOTAL","50-249","Q88","D1111","BG",2012,34011551
"NAC","TOTAL","50-249","R","D01","BG",2012,129605220
"NAC","TOTAL","50-249","R","D111","BG",2012,113003989
"NAC","TOTAL","50-249","R","D1111","BG",2012,103373668
"NAC","TOTAL","50-249","R90","D01","BG",2012,24410964
"NAC","TOTAL","50-249","R90","D111","BG",2012,20070037
"NAC","TOTAL","50-249","R90","D1111","BG",2012,17436346
"NAC","TOTAL","50-249","R91","D01","BG",2012,12836646
"NAC","TOTAL","50-249","R91","D111","BG",2012,10610733
"NAC","TOTAL","50-249","R91","D1111","BG",2012,9150106
"NAC","TOTAL","50-249","R92","D01","BG",2012,32326150
"NAC","TOTAL","50-249","R92","D111","BG",2012,27198684
"NAC","TOTAL","50-249","R92","D1111","BG",2012,24930063
"NAC","TOTAL","50-249","R93","D01","BG",2012,NA
"NAC","TOTAL","50-249","R93","D111","BG",2012,NA
"NAC","TOTAL","50-249","R93","D1111","BG",2012,NA
"NAC","TOTAL","50-249","S","D01","BG",2012,36460237
"NAC","TOTAL","50-249","S","D111","BG",2012,30659977
"NAC","TOTAL","50-249","S","D1111","BG",2012,27332695
"NAC","TOTAL","50-249","S94","D01","BG",2012,30856632
"NAC","TOTAL","50-249","S94","D111","BG",2012,25957423
"NAC","TOTAL","50-249","S94","D1111","BG",2012,23071423
"NAC","TOTAL","50-249","S95","D01","BG",2012,NA
"NAC","TOTAL","50-249","S95","D111","BG",2012,NA
"NAC","TOTAL","50-249","S95","D1111","BG",2012,NA
"NAC","TOTAL","50-249","S96","D01","BG",2012,4245887
"NAC","TOTAL","50-249","S96","D111","BG",2012,3560744
"NAC","TOTAL","50-249","S96","D1111","BG",2012,3216508
"NAC","TOTAL","500-999","B","D01","BG",2012,23124763
"NAC","TOTAL","500-999","B","D111","BG",2012,17802406
"NAC","TOTAL","500-999","B","D1111","BG",2012,15917789
"NAC","TOTAL","500-999","B-E","D01","BG",2012,892765482
"NAC","TOTAL","500-999","B-E","D111","BG",2012,732520835
"NAC","TOTAL","500-999","B-E","D1111","BG",2012,641434718
"NAC","TOTAL","500-999","B-F","D01","BG",2012,1018118805
"NAC","TOTAL","500-999","B-F","D111","BG",2012,839185575
"NAC","TOTAL","500-999","B-F","D1111","BG",2012,739253509
"NAC","TOTAL","500-999","B-N","D01","BG",2012,1736826618
"NAC","TOTAL","500-999","B-N","D111","BG",2012,1447854156
"NAC","TOTAL","500-999","B-N","D1111","BG",2012,1287301714
"NAC","TOTAL","500-999","B-S","D01","BG",2012,2265770650
"NAC","TOTAL","500-999","B-S","D111","BG",2012,1884492885
"NAC","TOTAL","500-999","B-S","D1111","BG",2012,1670716659
"NAC","TOTAL","500-999","B-S_X_O","D01","BG",2012,2115255433
"NAC","TOTAL","500-999","B-S_X_O","D111","BG",2012,1765106886
"NAC","TOTAL","500-999","B-S_X_O","D1111","BG",2012,1562303995
"NAC","TOTAL","500-999","B05","D01","BG",2012,NA
"NAC","TOTAL","500-999","B05","D111","BG",2012,NA
"NAC","TOTAL","500-999","B05","D1111","BG",2012,NA
"NAC","TOTAL","500-999","B06","D01","BG",2012,NA
"NAC","TOTAL","500-999","B06","D111","BG",2012,NA
"NAC","TOTAL","500-999","B06","D1111","BG",2012,NA
"NAC","TOTAL","500-999","B07","D01","BG",2012,NA
"NAC","TOTAL","500-999","B07","D111","BG",2012,NA
"NAC","TOTAL","500-999","B07","D1111","BG",2012,NA
"NAC","TOTAL","500-999","B08","D01","BG",2012,NA
"NAC","TOTAL","500-999","B08","D111","BG",2012,NA
"NAC","TOTAL","500-999","B08","D1111","BG",2012,NA
"NAC","TOTAL","500-999","B09","D01","BG",2012,NA
"NAC","TOTAL","500-999","B09","D111","BG",2012,NA
"NAC","TOTAL","500-999","B09","D1111","BG",2012,NA
"NAC","TOTAL","500-999","C","D01","BG",2012,758767658
"NAC","TOTAL","500-999","C","D111","BG",2012,623576186
"NAC","TOTAL","500-999","C","D1111","BG",2012,548621519
"NAC","TOTAL","500-999","C10","D01","BG",2012,66459406
"NAC","TOTAL","500-999","C10","D111","BG",2012,56678858
"NAC","TOTAL","500-999","C10","D1111","BG",2012,50775204
"NAC","TOTAL","500-999","C11","D01","BG",2012,56449641
"NAC","TOTAL","500-999","C11","D111","BG",2012,47344028
"NAC","TOTAL","500-999","C11","D1111","BG",2012,41529583
"NAC","TOTAL","500-999","C12","D01","BG",2012,NA
"NAC","TOTAL","500-999","C12","D111","BG",2012,NA
"NAC","TOTAL","500-999","C12","D1111","BG",2012,NA
"NAC","TOTAL","500-999","C13","D01","BG",2012,NA
"NAC","TOTAL","500-999","C13","D111","BG",2012,NA
"NAC","TOTAL","500-999","C13","D1111","BG",2012,NA
"NAC","TOTAL","500-999","C14","D01","BG",2012,61722387
"NAC","TOTAL","500-999","C14","D111","BG",2012,51891607
"NAC","TOTAL","500-999","C14","D1111","BG",2012,46011925
"NAC","TOTAL","500-999","C15","D01","BG",2012,NA
"NAC","TOTAL","500-999","C15","D111","BG",2012,NA
"NAC","TOTAL","500-999","C15","D1111","BG",2012,NA
"NAC","TOTAL","500-999","C16","D01","BG",2012,NA
"NAC","TOTAL","500-999","C16","D111","BG",2012,NA
"NAC","TOTAL","500-999","C16","D1111","BG",2012,NA
"NAC","TOTAL","500-999","C17","D01","BG",2012,NA
"NAC","TOTAL","500-999","C17","D111","BG",2012,NA
"NAC","TOTAL","500-999","C17","D1111","BG",2012,NA
"NAC","TOTAL","500-999","C18","D01","BG",2012,NA
"NAC","TOTAL","500-999","C18","D111","BG",2012,NA
"NAC","TOTAL","500-999","C18","D1111","BG",2012,NA
"NAC","TOTAL","500-999","C19","D01","BG",2012,NA
"NAC","TOTAL","500-999","C19","D111","BG",2012,NA
"NAC","TOTAL","500-999","C19","D1111","BG",2012,NA
"NAC","TOTAL","500-999","C20","D01","BG",2012,NA
"NAC","TOTAL","500-999","C20","D111","BG",2012,NA
"NAC","TOTAL","500-999","C20","D1111","BG",2012,NA
"NAC","TOTAL","500-999","C21","D01","BG",2012,NA
"NAC","TOTAL","500-999","C21","D111","BG",2012,NA
"NAC","TOTAL","500-999","C21","D1111","BG",2012,NA
"NAC","TOTAL","500-999","C22","D01","BG",2012,37976272
"NAC","TOTAL","500-999","C22","D111","BG",2012,31655310
"NAC","TOTAL","500-999","C22","D1111","BG",2012,28800889
"NAC","TOTAL","500-999","C23","D01","BG",2012,43950136
"NAC","TOTAL","500-999","C23","D111","BG",2012,35777047
"NAC","TOTAL","500-999","C23","D1111","BG",2012,30717104
"NAC","TOTAL","500-999","C24","D01","BG",2012,92486901
"NAC","TOTAL","500-999","C24","D111","BG",2012,73748106
"NAC","TOTAL","500-999","C24","D1111","BG",2012,65295532
"NAC","TOTAL","500-999","C25","D01","BG",2012,38020334
"NAC","TOTAL","500-999","C25","D111","BG",2012,31832476
"NAC","TOTAL","500-999","C25","D1111","BG",2012,27472471
"NAC","TOTAL","500-999","C26","D01","BG",2012,NA
"NAC","TOTAL","500-999","C26","D111","BG",2012,NA
"NAC","TOTAL","500-999","C26","D1111","BG",2012,NA
"NAC","TOTAL","500-999","C27","D01","BG",2012,56881668
"NAC","TOTAL","500-999","C27","D111","BG",2012,44740605
"NAC","TOTAL","500-999","C27","D1111","BG",2012,38943877
"NAC","TOTAL","500-999","C28","D01","BG",2012,57685363
"NAC","TOTAL","500-999","C28","D111","BG",2012,48289946
"NAC","TOTAL","500-999","C28","D1111","BG",2012,43300560
"NAC","TOTAL","500-999","C29","D01","BG",2012,19515847
"NAC","TOTAL","500-999","C29","D111","BG",2012,16376317
"NAC","TOTAL","500-999","C29","D1111","BG",2012,14075394
"NAC","TOTAL","500-999","C30","D01","BG",2012,19505941
"NAC","TOTAL","500-999","C30","D111","BG",2012,16242383
"NAC","TOTAL","500-999","C30","D1111","BG",2012,14931250
"NAC","TOTAL","500-999","C31","D01","BG",2012,NA
"NAC","TOTAL","500-999","C31","D111","BG",2012,NA
"NAC","TOTAL","500-999","C31","D1111","BG",2012,NA
"NAC","TOTAL","500-999","C32","D01","BG",2012,17787487
"NAC","TOTAL","500-999","C32","D111","BG",2012,14779537
"NAC","TOTAL","500-999","C32","D1111","BG",2012,13170431
"NAC","TOTAL","500-999","C33","D01","BG",2012,75289817
"NAC","TOTAL","500-999","C33","D111","BG",2012,62014934
"NAC","TOTAL","500-999","C33","D1111","BG",2012,53446367
"NAC","TOTAL","500-999","D","D01","BG",2012,27292749
"NAC","TOTAL","500-999","D","D111","BG",2012,21380820
"NAC","TOTAL","500-999","D","D1111","BG",2012,19034851
"NAC","TOTAL","500-999","D35","D01","BG",2012,27292749
"NAC","TOTAL","500-999","D35","D111","BG",2012,21380820
"NAC","TOTAL","500-999","D35","D1111","BG",2012,19034851
"NAC","TOTAL","500-999","E","D01","BG",2012,83580312
"NAC","TOTAL","500-999","E","D111","BG",2012,69761423
"NAC","TOTAL","500-999","E","D1111","BG",2012,57860559
"NAC","TOTAL","500-999","E36","D01","BG",2012,52512222
"NAC","TOTAL","500-999","E36","D111","BG",2012,43505588
"NAC","TOTAL","500-999","E36","D1111","BG",2012,34552665
"NAC","TOTAL","500-999","E37","D01","BG",2012,NA
"NAC","TOTAL","500-999","E37","D111","BG",2012,NA
"NAC","TOTAL","500-999","E37","D1111","BG",2012,NA
"NAC","TOTAL","500-999","E38","D01","BG",2012,31068090
"NAC","TOTAL","500-999","E38","D111","BG",2012,26255835
"NAC","TOTAL","500-999","E38","D1111","BG",2012,23307894
"NAC","TOTAL","500-999","E39","D01","BG",2012,NA
"NAC","TOTAL","500-999","E39","D111","BG",2012,NA
"NAC","TOTAL","500-999","E39","D1111","BG",2012,NA
"NAC","TOTAL","500-999","F","D01","BG",2012,NA
"NAC","TOTAL","500-999","F","D111","BG",2012,NA
"NAC","TOTAL","500-999","F","D1111","BG",2012,NA
"NAC","TOTAL","500-999","F41","D01","BG",2012,44072740
"NAC","TOTAL","500-999","F41","D111","BG",2012,37651383
"NAC","TOTAL","500-999","F41","D1111","BG",2012,35132043
"NAC","TOTAL","500-999","F42","D01","BG",2012,55773351
"NAC","TOTAL","500-999","F42","D111","BG",2012,46768382
"NAC","TOTAL","500-999","F42","D1111","BG",2012,42054198
"NAC","TOTAL","500-999","F43","D01","BG",2012,NA
"NAC","TOTAL","500-999","F43","D111","BG",2012,NA
"NAC","TOTAL","500-999","F43","D1111","BG",2012,NA
"NAC","TOTAL","500-999","G","D01","BG",2012,174995727
"NAC","TOTAL","500-999","G","D111","BG",2012,148549121
"NAC","TOTAL","500-999","G","D1111","BG",2012,136315219
"NAC","TOTAL","500-999","G-J","D01","BG",2012,397309993
"NAC","TOTAL","500-999","G-J","D111","BG",2012,336836418
"NAC","TOTAL","500-999","G-J","D1111","BG",2012,297624008
"NAC","TOTAL","500-999","G-N","D01","BG",2012,718707813
"NAC","TOTAL","500-999","G-N","D111","BG",2012,608668581
"NAC","TOTAL","500-999","G-N","D1111","BG",2012,548048205
"NAC","TOTAL","500-999","G-S_X_O","D01","BG",2012,1097136628
"NAC","TOTAL","500-999","G-S_X_O","D111","BG",2012,925921311
"NAC","TOTAL","500-999","G-S_X_O","D1111","BG",2012,823050486
"NAC","TOTAL","500-999","G45","D01","BG",2012,18224469
"NAC","TOTAL","500-999","G45","D111","BG",2012,15342308
"NAC","TOTAL","500-999","G45","D1111","BG",2012,14178007
"NAC","TOTAL","500-999","G46","D01","BG",2012,NA
"NAC","TOTAL","500-999","G46","D111","BG",2012,NA
"NAC","TOTAL","500-999","G46","D1111","BG",2012,NA
"NAC","TOTAL","500-999","G47","D01","BG",2012,91561968
"NAC","TOTAL","500-999","G47","D111","BG",2012,76889125
"NAC","TOTAL","500-999","G47","D1111","BG",2012,70701983
"NAC","TOTAL","500-999","H","D01","BG",2012,118909487
"NAC","TOTAL","500-999","H","D111","BG",2012,98806281
"NAC","TOTAL","500-999","H","D1111","BG",2012,85395554
"NAC","TOTAL","500-999","H49","D01","BG",2012,55378765
"NAC","TOTAL","500-999","H49","D111","BG",2012,44827945
"NAC","TOTAL","500-999","H49","D1111","BG",2012,37182456
"NAC","TOTAL","500-999","H50","D01","BG",2012,NA
"NAC","TOTAL","500-999","H50","D111","BG",2012,NA
"NAC","TOTAL","500-999","H50","D1111","BG",2012,NA
"NAC","TOTAL","500-999","H51","D01","BG",2012,NA
"NAC","TOTAL","500-999","H51","D111","BG",2012,NA
"NAC","TOTAL","500-999","H51","D1111","BG",2012,NA
"NAC","TOTAL","500-999","H52","D01","BG",2012,NA
"NAC","TOTAL","500-999","H52","D111","BG",2012,NA
"NAC","TOTAL","500-999","H52","D1111","BG",2012,NA
"NAC","TOTAL","500-999","H53","D01","BG",2012,35938840
"NAC","TOTAL","500-999","H53","D111","BG",2012,30838841
"NAC","TOTAL","500-999","H53","D1111","BG",2012,28889509
"NAC","TOTAL","500-999","I","D01","BG",2012,NA
"NAC","TOTAL","500-999","I","D111","BG",2012,NA
"NAC","TOTAL","500-999","I","D1111","BG",2012,NA
"NAC","TOTAL","500-999","I55","D01","BG",2012,8083153
"NAC","TOTAL","500-999","I55","D111","BG",2012,6584491
"NAC","TOTAL","500-999","I55","D1111","BG",2012,5918951
"NAC","TOTAL","500-999","I56","D01","BG",2012,NA
"NAC","TOTAL","500-999","I56","D111","BG",2012,NA
"NAC","TOTAL","500-999","I56","D1111","BG",2012,NA
"NAC","TOTAL","500-999","J","D01","BG",2012,83830859
"NAC","TOTAL","500-999","J","D111","BG",2012,73236051
"NAC","TOTAL","500-999","J","D1111","BG",2012,61094034
"NAC","TOTAL","500-999","J58","D01","BG",2012,NA
"NAC","TOTAL","500-999","J58","D111","BG",2012,NA
"NAC","TOTAL","500-999","J58","D1111","BG",2012,NA
"NAC","TOTAL","500-999","J59","D01","BG",2012,NA
"NAC","TOTAL","500-999","J59","D111","BG",2012,NA
"NAC","TOTAL","500-999","J59","D1111","BG",2012,NA
"NAC","TOTAL","500-999","J60","D01","BG",2012,NA
"NAC","TOTAL","500-999","J60","D111","BG",2012,NA
"NAC","TOTAL","500-999","J60","D1111","BG",2012,NA
"NAC","TOTAL","500-999","J61","D01","BG",2012,NA
"NAC","TOTAL","500-999","J61","D111","BG",2012,NA
"NAC","TOTAL","500-999","J61","D1111","BG",2012,NA
"NAC","TOTAL","500-999","J62","D01","BG",2012,NA
"NAC","TOTAL","500-999","J62","D111","BG",2012,NA
"NAC","TOTAL","500-999","J62","D1111","BG",2012,NA
"NAC","TOTAL","500-999","J63","D01","BG",2012,NA
"NAC","TOTAL","500-999","J63","D111","BG",2012,NA
"NAC","TOTAL","500-999","J63","D1111","BG",2012,NA
"NAC","TOTAL","500-999","K","D01","BG",2012,171032972
"NAC","TOTAL","500-999","K","D111","BG",2012,144644429
"NAC","TOTAL","500-999","K","D1111","BG",2012,133349252
"NAC","TOTAL","500-999","K-N","D01","BG",2012,321397820
"NAC","TOTAL","500-999","K-N","D111","BG",2012,271832163
"NAC","TOTAL","500-999","K-N","D1111","BG",2012,250424197
"NAC","TOTAL","500-999","K64","D01","BG",2012,132979093
"NAC","TOTAL","500-999","K64","D111","BG",2012,111670449
"NAC","TOTAL","500-999","K64","D1111","BG",2012,102516794
"NAC","TOTAL","500-999","K65","D01","BG",2012,38053879
"NAC","TOTAL","500-999","K65","D111","BG",2012,32973980
"NAC","TOTAL","500-999","K65","D1111","BG",2012,30832458
"NAC","TOTAL","500-999","K66","D01","BG",2012,NA
"NAC","TOTAL","500-999","K66","D111","BG",2012,NA
"NAC","TOTAL","500-999","K66","D1111","BG",2012,NA
"NAC","TOTAL","500-999","L","D01","BG",2012,NA
"NAC","TOTAL","500-999","L","D111","BG",2012,NA
"NAC","TOTAL","500-999","L","D1111","BG",2012,NA
"NAC","TOTAL","500-999","L68","D01","BG",2012,NA
"NAC","TOTAL","500-999","L68","D111","BG",2012,NA
"NAC","TOTAL","500-999","L68","D1111","BG",2012,NA
"NAC","TOTAL","500-999","M","D01","BG",2012,27341752
"NAC","TOTAL","500-999","M","D111","BG",2012,22800850
"NAC","TOTAL","500-999","M","D1111","BG",2012,20103035
"NAC","TOTAL","500-999","M69","D01","BG",2012,NA
"NAC","TOTAL","500-999","M69","D111","BG",2012,NA
"NAC","TOTAL","500-999","M69","D1111","BG",2012,NA
"NAC","TOTAL","500-999","M70","D01","BG",2012,NA
"NAC","TOTAL","500-999","M70","D111","BG",2012,NA
"NAC","TOTAL","500-999","M70","D1111","BG",2012,NA
"NAC","TOTAL","500-999","M71","D01","BG",2012,NA
"NAC","TOTAL","500-999","M71","D111","BG",2012,NA
"NAC","TOTAL","500-999","M71","D1111","BG",2012,NA
"NAC","TOTAL","500-999","M72","D01","BG",2012,NA
"NAC","TOTAL","500-999","M72","D111","BG",2012,NA
"NAC","TOTAL","500-999","M72","D1111","BG",2012,NA
"NAC","TOTAL","500-999","M73","D01","BG",2012,NA
"NAC","TOTAL","500-999","M73","D111","BG",2012,NA
"NAC","TOTAL","500-999","M73","D1111","BG",2012,NA
"NAC","TOTAL","500-999","M74","D01","BG",2012,NA
"NAC","TOTAL","500-999","M74","D111","BG",2012,NA
"NAC","TOTAL","500-999","M74","D1111","BG",2012,NA
"NAC","TOTAL","500-999","M75","D01","BG",2012,NA
"NAC","TOTAL","500-999","M75","D111","BG",2012,NA
"NAC","TOTAL","500-999","M75","D1111","BG",2012,NA
"NAC","TOTAL","500-999","N","D01","BG",2012,123023096
"NAC","TOTAL","500-999","N","D111","BG",2012,104386884
"NAC","TOTAL","500-999","N","D1111","BG",2012,96971910
"NAC","TOTAL","500-999","N77","D01","BG",2012,NA
"NAC","TOTAL","500-999","N77","D111","BG",2012,NA
"NAC","TOTAL","500-999","N77","D1111","BG",2012,NA
"NAC","TOTAL","500-999","N78","D01","BG",2012,NA
"NAC","TOTAL","500-999","N78","D111","BG",2012,NA
"NAC","TOTAL","500-999","N78","D1111","BG",2012,NA
"NAC","TOTAL","500-999","N79","D01","BG",2012,NA
"NAC","TOTAL","500-999","N79","D111","BG",2012,NA
"NAC","TOTAL","500-999","N79","D1111","BG",2012,NA
"NAC","TOTAL","500-999","N80","D01","BG",2012,54244763
"NAC","TOTAL","500-999","N80","D111","BG",2012,45680194
"NAC","TOTAL","500-999","N80","D1111","BG",2012,42613432
"NAC","TOTAL","500-999","N81","D01","BG",2012,9752061
"NAC","TOTAL","500-999","N81","D111","BG",2012,8104530
"NAC","TOTAL","500-999","N81","D1111","BG",2012,7513432
"NAC","TOTAL","500-999","N82","D01","BG",2012,53134809
"NAC","TOTAL","500-999","N82","D111","BG",2012,45648008
"NAC","TOTAL","500-999","N82","D1111","BG",2012,42423501
"NAC","TOTAL","500-999","O","D01","BG",2012,150515217
"NAC","TOTAL","500-999","O","D111","BG",2012,119385999
"NAC","TOTAL","500-999","O","D1111","BG",2012,108412664
"NAC","TOTAL","500-999","O-S","D01","BG",2012,528944032
"NAC","TOTAL","500-999","O-S","D111","BG",2012,436638729
"NAC","TOTAL","500-999","O-S","D1111","BG",2012,383414945
"NAC","TOTAL","500-999","O84","D01","BG",2012,150515217
"NAC","TOTAL","500-999","O84","D111","BG",2012,119385999
"NAC","TOTAL","500-999","O84","D1111","BG",2012,108412664
"NAC","TOTAL","500-999","P","D01","BG",2012,156339576
"NAC","TOTAL","500-999","P","D111","BG",2012,130943516
"NAC","TOTAL","500-999","P","D1111","BG",2012,110407257
"NAC","TOTAL","500-999","P-S","D01","BG",2012,378428815
"NAC","TOTAL","500-999","P-S","D111","BG",2012,317252730
"NAC","TOTAL","500-999","P-S","D1111","BG",2012,275002281
"NAC","TOTAL","500-999","P85","D01","BG",2012,156339576
"NAC","TOTAL","500-999","P85","D111","BG",2012,130943516
"NAC","TOTAL","500-999","P85","D1111","BG",2012,110407257
"NAC","TOTAL","500-999","Q","D01","BG",2012,222089239
"NAC","TOTAL","500-999","Q","D111","BG",2012,186309214
"NAC","TOTAL","500-999","Q","D1111","BG",2012,164595024
"NAC","TOTAL","500-999","Q86","D01","BG",2012,214769657
"NAC","TOTAL","500-999","Q86","D111","BG",2012,180164707
"NAC","TOTAL","500-999","Q86","D1111","BG",2012,159080717
"NAC","TOTAL","500-999","Q87","D01","BG",2012,NA
"NAC","TOTAL","500-999","Q87","D111","BG",2012,NA
"NAC","TOTAL","500-999","Q87","D1111","BG",2012,NA
"NAC","TOTAL","500-999","Q88","D01","BG",2012,NA
"NAC","TOTAL","500-999","Q88","D111","BG",2012,NA
"NAC","TOTAL","500-999","Q88","D1111","BG",2012,NA
"NAC","TOTAL","500-999","R","D01","BG",2012,NA
"NAC","TOTAL","500-999","R","D111","BG",2012,NA
"NAC","TOTAL","500-999","R","D1111","BG",2012,NA
"NAC","TOTAL","500-999","R90","D01","BG",2012,NA
"NAC","TOTAL","500-999","R90","D111","BG",2012,NA
"NAC","TOTAL","500-999","R90","D1111","BG",2012,NA
"NAC","TOTAL","500-999","R91","D01","BG",2012,NA
"NAC","TOTAL","500-999","R91","D111","BG",2012,NA
"NAC","TOTAL","500-999","R91","D1111","BG",2012,NA
"NAC","TOTAL","500-999","R92","D01","BG",2012,NA
"NAC","TOTAL","500-999","R92","D111","BG",2012,NA
"NAC","TOTAL","500-999","R92","D1111","BG",2012,NA
"NAC","TOTAL","500-999","R93","D01","BG",2012,NA
"NAC","TOTAL","500-999","R93","D111","BG",2012,NA
"NAC","TOTAL","500-999","R93","D1111","BG",2012,NA
"NAC","TOTAL","500-999","S","D01","BG",2012,NA
"NAC","TOTAL","500-999","S","D111","BG",2012,NA
"NAC","TOTAL","500-999","S","D1111","BG",2012,NA
"NAC","TOTAL","500-999","S94","D01","BG",2012,NA
"NAC","TOTAL","500-999","S94","D111","BG",2012,NA
"NAC","TOTAL","500-999","S94","D1111","BG",2012,NA
"NAC","TOTAL","500-999","S95","D01","BG",2012,NA
"NAC","TOTAL","500-999","S95","D111","BG",2012,NA
"NAC","TOTAL","500-999","S95","D1111","BG",2012,NA
"NAC","TOTAL","500-999","S96","D01","BG",2012,NA
"NAC","TOTAL","500-999","S96","D111","BG",2012,NA
"NAC","TOTAL","500-999","S96","D1111","BG",2012,NA
"NAC","TOTAL","GE10","B","D01","BG",2012,502373618
"NAC","TOTAL","GE10","B","D111","BG",2012,382769967
"NAC","TOTAL","GE10","B","D1111","BG",2012,323445191
"NAC","TOTAL","GE10","B-E","D01","BG",2012,5849965936
"NAC","TOTAL","GE10","B-E","D111","BG",2012,4808959156
"NAC","TOTAL","GE10","B-E","D1111","BG",2012,4200413636
"NAC","TOTAL","GE10","B-F","D01","BG",2012,6898462925
"NAC","TOTAL","GE10","B-F","D111","BG",2012,5693138730
"NAC","TOTAL","GE10","B-F","D1111","BG",2012,5016277114
"NAC","TOTAL","GE10","B-N","D01","BG",2012,15180701826
"NAC","TOTAL","GE10","B-N","D111","BG",2012,12837730515
"NAC","TOTAL","GE10","B-N","D1111","BG",2012,11458890170
"NAC","TOTAL","GE10","B-S","D01","BG",2012,20087904693
"NAC","TOTAL","GE10","B-S","D111","BG",2012,16848326315
"NAC","TOTAL","GE10","B-S","D1111","BG",2012,14927376088
"NAC","TOTAL","GE10","B-S_X_O","D01","BG",2012,18541673984
"NAC","TOTAL","GE10","B-S_X_O","D111","BG",2012,15633975967
"NAC","TOTAL","GE10","B-S_X_O","D1111","BG",2012,13862141843
"NAC","TOTAL","GE10","B05","D01","BG",2012,292122525
"NAC","TOTAL","GE10","B05","D111","BG",2012,215301792
"NAC","TOTAL","GE10","B05","D1111","BG",2012,175328855
"NAC","TOTAL","GE10","B06","D01","BG",2012,NA
"NAC","TOTAL","GE10","B06","D111","BG",2012,NA
"NAC","TOTAL","GE10","B06","D1111","BG",2012,NA
"NAC","TOTAL","GE10","B07","D01","BG",2012,158115932
"NAC","TOTAL","GE10","B07","D111","BG",2012,124736097
"NAC","TOTAL","GE10","B07","D1111","BG",2012,109706464
"NAC","TOTAL","GE10","B08","D01","BG",2012,42735335
"NAC","TOTAL","GE10","B08","D111","BG",2012,34760010
"NAC","TOTAL","GE10","B08","D1111","BG",2012,31033127
"NAC","TOTAL","GE10","B09","D01","BG",2012,NA
"NAC","TOTAL","GE10","B09","D111","BG",2012,NA
"NAC","TOTAL","GE10","B09","D1111","BG",2012,NA
"NAC","TOTAL","GE10","C","D01","BG",2012,4179817204
"NAC","TOTAL","GE10","C","D111","BG",2012,3475358219
"NAC","TOTAL","GE10","C","D1111","BG",2012,3117117045
"NAC","TOTAL","GE10","C10","D01","BG",2012,545873164
"NAC","TOTAL","GE10","C10","D111","BG",2012,458800751
"NAC","TOTAL","GE10","C10","D1111","BG",2012,420607136
"NAC","TOTAL","GE10","C11","D01","BG",2012,154955480
"NAC","TOTAL","GE10","C11","D111","BG",2012,130536255
"NAC","TOTAL","GE10","C11","D1111","BG",2012,115820347
"NAC","TOTAL","GE10","C12","D01","BG",2012,77988880
"NAC","TOTAL","GE10","C12","D111","BG",2012,62418761
"NAC","TOTAL","GE10","C12","D1111","BG",2012,53104955
"NAC","TOTAL","GE10","C13","D01","BG",2012,80654473
"NAC","TOTAL","GE10","C13","D111","BG",2012,67018318
"NAC","TOTAL","GE10","C13","D1111","BG",2012,60780407
"NAC","TOTAL","GE10","C14","D01","BG",2012,563666525
"NAC","TOTAL","GE10","C14","D111","BG",2012,466636925
"NAC","TOTAL","GE10","C14","D1111","BG",2012,421760126
"NAC","TOTAL","GE10","C15","D01","BG",2012,82818205
"NAC","TOTAL","GE10","C15","D111","BG",2012,69392650
"NAC","TOTAL","GE10","C15","D1111","BG",2012,62843380
"NAC","TOTAL","GE10","C16","D01","BG",2012,75324108
"NAC","TOTAL","GE10","C16","D111","BG",2012,63102069
"NAC","TOTAL","GE10","C16","D1111","BG",2012,56698919
"NAC","TOTAL","GE10","C17","D01","BG",2012,70515874
"NAC","TOTAL","GE10","C17","D111","BG",2012,58700815
"NAC","TOTAL","GE10","C17","D1111","BG",2012,52022162
"NAC","TOTAL","GE10","C18","D01","BG",2012,66883987
"NAC","TOTAL","GE10","C18","D111","BG",2012,56402645
"NAC","TOTAL","GE10","C18","D1111","BG",2012,51386602
"NAC","TOTAL","GE10","C19","D01","BG",2012,80705167
"NAC","TOTAL","GE10","C19","D111","BG",2012,64709542
"NAC","TOTAL","GE10","C19","D1111","BG",2012,57702340
"NAC","TOTAL","GE10","C20","D01","BG",2012,157041357
"NAC","TOTAL","GE10","C20","D111","BG",2012,130375276
"NAC","TOTAL","GE10","C20","D1111","BG",2012,117295744
"NAC","TOTAL","GE10","C21","D01","BG",2012,101100611
"NAC","TOTAL","GE10","C21","D111","BG",2012,84313964
"NAC","TOTAL","GE10","C21","D1111","BG",2012,74799442
"NAC","TOTAL","GE10","C22","D01","BG",2012,161358197
"NAC","TOTAL","GE10","C22","D111","BG",2012,135562483
"NAC","TOTAL","GE10","C22","D1111","BG",2012,123907495
"NAC","TOTAL","GE10","C23","D01","BG",2012,206494308
"NAC","TOTAL","GE10","C23","D111","BG",2012,170571568
"NAC","TOTAL","GE10","C23","D1111","BG",2012,151507249
"NAC","TOTAL","GE10","C24","D01","BG",2012,182199217
"NAC","TOTAL","GE10","C24","D111","BG",2012,144301940
"NAC","TOTAL","GE10","C24","D1111","BG",2012,127497243
"NAC","TOTAL","GE10","C25","D01","BG",2012,396835038
"NAC","TOTAL","GE10","C25","D111","BG",2012,330250330
"NAC","TOTAL","GE10","C25","D1111","BG",2012,293642207
"NAC","TOTAL","GE10","C26","D01","BG",2012,99043747
"NAC","TOTAL","GE10","C26","D111","BG",2012,84671392
"NAC","TOTAL","GE10","C26","D1111","BG",2012,75413748
"NAC","TOTAL","GE10","C27","D01","BG",2012,226639911
"NAC","TOTAL","GE10","C27","D111","BG",2012,188586079
"NAC","TOTAL","GE10","C27","D1111","BG",2012,169249050
"NAC","TOTAL","GE10","C28","D01","BG",2012,338719998
"NAC","TOTAL","GE10","C28","D111","BG",2012,282425875
"NAC","TOTAL","GE10","C28","D1111","BG",2012,250989557
"NAC","TOTAL","GE10","C29","D01","BG",2012,122903430
"NAC","TOTAL","GE10","C29","D111","BG",2012,103766592
"NAC","TOTAL","GE10","C29","D1111","BG",2012,90072754
"NAC","TOTAL","GE10","C30","D01","BG",2012,49592757
"NAC","TOTAL","GE10","C30","D111","BG",2012,41410672
"NAC","TOTAL","GE10","C30","D1111","BG",2012,37841996
"NAC","TOTAL","GE10","C31","D01","BG",2012,104108680
"NAC","TOTAL","GE10","C31","D111","BG",2012,87050276
"NAC","TOTAL","GE10","C31","D1111","BG",2012,79610974
"NAC","TOTAL","GE10","C32","D01","BG",2012,55253295
"NAC","TOTAL","GE10","C32","D111","BG",2012,46576458
"NAC","TOTAL","GE10","C32","D1111","BG",2012,42020474
"NAC","TOTAL","GE10","C33","D01","BG",2012,179140795
"NAC","TOTAL","GE10","C33","D111","BG",2012,147776583
"NAC","TOTAL","GE10","C33","D1111","BG",2012,130542738
"NAC","TOTAL","GE10","D","D01","BG",2012,817930607
"NAC","TOTAL","GE10","D","D111","BG",2012,658874647
"NAC","TOTAL","GE10","D","D1111","BG",2012,508700502
"NAC","TOTAL","GE10","D35","D01","BG",2012,817930607
"NAC","TOTAL","GE10","D35","D111","BG",2012,658874647
"NAC","TOTAL","GE10","D35","D1111","BG",2012,508700502
"NAC","TOTAL","GE10","E","D01","BG",2012,349844507
"NAC","TOTAL","GE10","E","D111","BG",2012,291956323
"NAC","TOTAL","GE10","E","D1111","BG",2012,251150898
"NAC","TOTAL","GE10","E36","D01","BG",2012,192430376
"NAC","TOTAL","GE10","E36","D111","BG",2012,159341165
"NAC","TOTAL","GE10","E36","D1111","BG",2012,130794835
"NAC","TOTAL","GE10","E37","D01","BG",2012,3970817
"NAC","TOTAL","GE10","E37","D111","BG",2012,3315946
"NAC","TOTAL","GE10","E37","D1111","BG",2012,3024133
"NAC","TOTAL","GE10","E38","D01","BG",2012,146588501
"NAC","TOTAL","GE10","E38","D111","BG",2012,123514202
"NAC","TOTAL","GE10","E38","D1111","BG",2012,112266005
"NAC","TOTAL","GE10","E39","D01","BG",2012,6854813
"NAC","TOTAL","GE10","E39","D111","BG",2012,5785010
"NAC","TOTAL","GE10","E39","D1111","BG",2012,5065925
"NAC","TOTAL","GE10","F","D01","BG",2012,1048496989
"NAC","TOTAL","GE10","F","D111","BG",2012,884179574
"NAC","TOTAL","GE10","F","D1111","BG",2012,815863478
"NAC","TOTAL","GE10","F41","D01","BG",2012,382385656
"NAC","TOTAL","GE10","F41","D111","BG",2012,323065982
"NAC","TOTAL","GE10","F41","D1111","BG",2012,299275120
"NAC","TOTAL","GE10","F42","D01","BG",2012,410516981
"NAC","TOTAL","GE10","F42","D111","BG",2012,345227868
"NAC","TOTAL","GE10","F42","D1111","BG",2012,316531092
"NAC","TOTAL","GE10","F43","D01","BG",2012,255594352
"NAC","TOTAL","GE10","F43","D111","BG",2012,215885724
"NAC","TOTAL","GE10","F43","D1111","BG",2012,200057266
"NAC","TOTAL","GE10","G","D01","BG",2012,2380369391
"NAC","TOTAL","GE10","G","D111","BG",2012,2030885898
"NAC","TOTAL","GE10","G","D1111","BG",2012,1875118324
"NAC","TOTAL","GE10","G-J","D01","BG",2012,5706531377
"NAC","TOTAL","GE10","G-J","D111","BG",2012,4919045455
"NAC","TOTAL","GE10","G-J","D1111","BG",2012,4421146041
"NAC","TOTAL","GE10","G-N","D01","BG",2012,8282238901
"NAC","TOTAL","GE10","G-N","D111","BG",2012,7144591785
"NAC","TOTAL","GE10","G-N","D1111","BG",2012,6442613056
"NAC","TOTAL","GE10","G-S_X_O","D01","BG",2012,11643211059
"NAC","TOTAL","GE10","G-S_X_O","D111","BG",2012,9940837237
"NAC","TOTAL","GE10","G-S_X_O","D1111","BG",2012,8845864729
"NAC","TOTAL","GE10","G45","D01","BG",2012,230412104
"NAC","TOTAL","GE10","G45","D111","BG",2012,196446674
"NAC","TOTAL","GE10","G45","D1111","BG",2012,180440199
"NAC","TOTAL","GE10","G46","D01","BG",2012,1229282034
"NAC","TOTAL","GE10","G46","D111","BG",2012,1059107087
"NAC","TOTAL","GE10","G46","D1111","BG",2012,979469485
"NAC","TOTAL","GE10","G47","D01","BG",2012,920675253
"NAC","TOTAL","GE10","G47","D111","BG",2012,775332137
"NAC","TOTAL","GE10","G47","D1111","BG",2012,715208640
"NAC","TOTAL","GE10","H","D01","BG",2012,1334805430
"NAC","TOTAL","GE10","H","D111","BG",2012,1172729684
"NAC","TOTAL","GE10","H","D1111","BG",2012,971043910
"NAC","TOTAL","GE10","H49","D01","BG",2012,610775908
"NAC","TOTAL","GE10","H49","D111","BG",2012,490967680
"NAC","TOTAL","GE10","H49","D1111","BG",2012,411425940
"NAC","TOTAL","GE10","H50","D01","BG",2012,62796705
"NAC","TOTAL","GE10","H50","D111","BG",2012,57681617
"NAC","TOTAL","GE10","H50","D1111","BG",2012,48297662
"NAC","TOTAL","GE10","H51","D01","BG",2012,63161751
"NAC","TOTAL","GE10","H51","D111","BG",2012,52795639
"NAC","TOTAL","GE10","H51","D1111","BG",2012,46699442
"NAC","TOTAL","GE10","H52","D01","BG",2012,435549425
"NAC","TOTAL","GE10","H52","D111","BG",2012,436159440
"NAC","TOTAL","GE10","H52","D1111","BG",2012,348601286
"NAC","TOTAL","GE10","H53","D01","BG",2012,162521641
"NAC","TOTAL","GE10","H53","D111","BG",2012,135125308
"NAC","TOTAL","GE10","H53","D1111","BG",2012,116019580
"NAC","TOTAL","GE10","I","D01","BG",2012,549139674
"NAC","TOTAL","GE10","I","D111","BG",2012,459331763
"NAC","TOTAL","GE10","I","D1111","BG",2012,428723289
"NAC","TOTAL","GE10","I55","D01","BG",2012,283525616
"NAC","TOTAL","GE10","I55","D111","BG",2012,237718379
"NAC","TOTAL","GE10","I55","D1111","BG",2012,220822741
"NAC","TOTAL","GE10","I56","D01","BG",2012,265614058
"NAC","TOTAL","GE10","I56","D111","BG",2012,221613384
"NAC","TOTAL","GE10","I56","D1111","BG",2012,207900548
"NAC","TOTAL","GE10","J","D01","BG",2012,1442216882
"NAC","TOTAL","GE10","J","D111","BG",2012,1256098110
"NAC","TOTAL","GE10","J","D1111","BG",2012,1146260518
"NAC","TOTAL","GE10","J58","D01","BG",2012,82246839
"NAC","TOTAL","GE10","J58","D111","BG",2012,71066671
"NAC","TOTAL","GE10","J58","D1111","BG",2012,64440385
"NAC","TOTAL","GE10","J59","D01","BG",2012,28772036
"NAC","TOTAL","GE10","J59","D111","BG",2012,25464677
"NAC","TOTAL","GE10","J59","D1111","BG",2012,23619448
"NAC","TOTAL","GE10","J60","D01","BG",2012,99820761
"NAC","TOTAL","GE10","J60","D111","BG",2012,86145937
"NAC","TOTAL","GE10","J60","D1111","BG",2012,77805162
"NAC","TOTAL","GE10","J61","D01","BG",2012,394235536
"NAC","TOTAL","GE10","J61","D111","BG",2012,336942599
"NAC","TOTAL","GE10","J61","D1111","BG",2012,306184041
"NAC","TOTAL","GE10","J62","D01","BG",2012,747500267
"NAC","TOTAL","GE10","J62","D111","BG",2012,658568787
"NAC","TOTAL","GE10","J62","D1111","BG",2012,603098999
"NAC","TOTAL","GE10","J63","D01","BG",2012,89641443
"NAC","TOTAL","GE10","J63","D111","BG",2012,77909439
"NAC","TOTAL","GE10","J63","D1111","BG",2012,71112483
"NAC","TOTAL","GE10","K","D01","BG",2012,1066361293
"NAC","TOTAL","GE10","K","D111","BG",2012,913798940
"NAC","TOTAL","GE10","K","D1111","BG",2012,818809221
"NAC","TOTAL","GE10","K-N","D01","BG",2012,2575707524
"NAC","TOTAL","GE10","K-N","D111","BG",2012,2225546330
"NAC","TOTAL","GE10","K-N","D1111","BG",2012,2021467015
"NAC","TOTAL","GE10","K64","D01","BG",2012,869519669
"NAC","TOTAL","GE10","K64","D111","BG",2012,742323680
"NAC","TOTAL","GE10","K64","D1111","BG",2012,660361559
"NAC","TOTAL","GE10","K65","D01","BG",2012,131908453
"NAC","TOTAL","GE10","K65","D111","BG",2012,114972459
"NAC","TOTAL","GE10","K65","D1111","BG",2012,105965386
"NAC","TOTAL","GE10","K66","D01","BG",2012,64933171
"NAC","TOTAL","GE10","K66","D111","BG",2012,56502801
"NAC","TOTAL","GE10","K66","D1111","BG",2012,52482276
"NAC","TOTAL","GE10","L","D01","BG",2012,142205217
"NAC","TOTAL","GE10","L","D111","BG",2012,121603528
"NAC","TOTAL","GE10","L","D1111","BG",2012,110865750
"NAC","TOTAL","GE10","L68","D01","BG",2012,142205217
"NAC","TOTAL","GE10","L68","D111","BG",2012,121603528
"NAC","TOTAL","GE10","L68","D1111","BG",2012,110865750
"NAC","TOTAL","GE10","M","D01","BG",2012,679626156
"NAC","TOTAL","GE10","M","D111","BG",2012,590439546
"NAC","TOTAL","GE10","M","D1111","BG",2012,538949283
"NAC","TOTAL","GE10","M69","D01","BG",2012,90969880
"NAC","TOTAL","GE10","M69","D111","BG",2012,79832694
"NAC","TOTAL","GE10","M69","D1111","BG",2012,73195706
"NAC","TOTAL","GE10","M70","D01","BG",2012,124634740
"NAC","TOTAL","GE10","M70","D111","BG",2012,109872950
"NAC","TOTAL","GE10","M70","D1111","BG",2012,100341226
"NAC","TOTAL","GE10","M71","D01","BG",2012,149193410
"NAC","TOTAL","GE10","M71","D111","BG",2012,128656289
"NAC","TOTAL","GE10","M71","D1111","BG",2012,118171096
"NAC","TOTAL","GE10","M72","D01","BG",2012,113466405
"NAC","TOTAL","GE10","M72","D111","BG",2012,95720009
"NAC","TOTAL","GE10","M72","D1111","BG",2012,84035106
"NAC","TOTAL","GE10","M73","D01","BG",2012,100209976
"NAC","TOTAL","GE10","M73","D111","BG",2012,88074249
"NAC","TOTAL","GE10","M73","D1111","BG",2012,82044383
"NAC","TOTAL","GE10","M74","D01","BG",2012,100080121
"NAC","TOTAL","GE10","M74","D111","BG",2012,87371048
"NAC","TOTAL","GE10","M74","D1111","BG",2012,80317473
"NAC","TOTAL","GE10","M75","D01","BG",2012,1071624
"NAC","TOTAL","GE10","M75","D111","BG",2012,912307
"NAC","TOTAL","GE10","M75","D1111","BG",2012,844293
"NAC","TOTAL","GE10","N","D01","BG",2012,687514858
"NAC","TOTAL","GE10","N","D111","BG",2012,599704316
"NAC","TOTAL","GE10","N","D1111","BG",2012,552842761
"NAC","TOTAL","GE10","N77","D01","BG",2012,16405317
"NAC","TOTAL","GE10","N77","D111","BG",2012,13932236
"NAC","TOTAL","GE10","N77","D1111","BG",2012,12920930
"NAC","TOTAL","GE10","N78","D01","BG",2012,92981668
"NAC","TOTAL","GE10","N78","D111","BG",2012,78420211
"NAC","TOTAL","GE10","N78","D1111","BG",2012,71982823
"NAC","TOTAL","GE10","N79","D01","BG",2012,26495142
"NAC","TOTAL","GE10","N79","D111","BG",2012,22599875
"NAC","TOTAL","GE10","N79","D1111","BG",2012,21239803
"NAC","TOTAL","GE10","N80","D01","BG",2012,303452235
"NAC","TOTAL","GE10","N80","D111","BG",2012,256464384
"NAC","TOTAL","GE10","N80","D1111","BG",2012,236556759
"NAC","TOTAL","GE10","N81","D01","BG",2012,139683027
"NAC","TOTAL","GE10","N81","D111","BG",2012,135461464
"NAC","TOTAL","GE10","N81","D1111","BG",2012,124491386
"NAC","TOTAL","GE10","N82","D01","BG",2012,108497469
"NAC","TOTAL","GE10","N82","D111","BG",2012,92826146
"NAC","TOTAL","GE10","N82","D1111","BG",2012,85651060
"NAC","TOTAL","GE10","O","D01","BG",2012,1546230709
"NAC","TOTAL","GE10","O","D111","BG",2012,1214350348
"NAC","TOTAL","GE10","O","D1111","BG",2012,1065234245
"NAC","TOTAL","GE10","O-S","D01","BG",2012,4907202867
"NAC","TOTAL","GE10","O-S","D111","BG",2012,4010595800
"NAC","TOTAL","GE10","O-S","D1111","BG",2012,3468485918
"NAC","TOTAL","GE10","O84","D01","BG",2012,1546230709
"NAC","TOTAL","GE10","O84","D111","BG",2012,1214350348
"NAC","TOTAL","GE10","O84","D1111","BG",2012,1065234245
"NAC","TOTAL","GE10","P","D01","BG",2012,1682633100
"NAC","TOTAL","GE10","P","D111","BG",2012,1377943429
"NAC","TOTAL","GE10","P","D1111","BG",2012,1137365674
"NAC","TOTAL","GE10","P-S","D01","BG",2012,3360972158
"NAC","TOTAL","GE10","P-S","D111","BG",2012,2796245452
"NAC","TOTAL","GE10","P-S","D1111","BG",2012,2403251673
"NAC","TOTAL","GE10","P85","D01","BG",2012,1682633100
"NAC","TOTAL","GE10","P85","D111","BG",2012,1377943429
"NAC","TOTAL","GE10","P85","D1111","BG",2012,1137365674
"NAC","TOTAL","GE10","Q","D01","BG",2012,1318073098
"NAC","TOTAL","GE10","Q","D111","BG",2012,1109042044
"NAC","TOTAL","GE10","Q","D1111","BG",2012,984701817
"NAC","TOTAL","GE10","Q86","D01","BG",2012,1142105275
"NAC","TOTAL","GE10","Q86","D111","BG",2012,962534032
"NAC","TOTAL","GE10","Q86","D1111","BG",2012,857234562
"NAC","TOTAL","GE10","Q87","D01","BG",2012,84744967
"NAC","TOTAL","GE10","Q87","D111","BG",2012,70118377
"NAC","TOTAL","GE10","Q87","D1111","BG",2012,60806672
"NAC","TOTAL","GE10","Q88","D01","BG",2012,91222856
"NAC","TOTAL","GE10","Q88","D111","BG",2012,76389635
"NAC","TOTAL","GE10","Q88","D1111","BG",2012,66660583
"NAC","TOTAL","GE10","R","D01","BG",2012,241112200
"NAC","TOTAL","GE10","R","D111","BG",2012,206358886
"NAC","TOTAL","GE10","R","D1111","BG",2012,187893763
"NAC","TOTAL","GE10","R90","D01","BG",2012,49114322
"NAC","TOTAL","GE10","R90","D111","BG",2012,40540213
"NAC","TOTAL","GE10","R90","D1111","BG",2012,35367771
"NAC","TOTAL","GE10","R91","D01","BG",2012,30189982
"NAC","TOTAL","GE10","R91","D111","BG",2012,24950360
"NAC","TOTAL","GE10","R91","D1111","BG",2012,21584783
"NAC","TOTAL","GE10","R92","D01","BG",2012,68787567
"NAC","TOTAL","GE10","R92","D111","BG",2012,57580005
"NAC","TOTAL","GE10","R92","D1111","BG",2012,52904942
"NAC","TOTAL","GE10","R93","D01","BG",2012,93020329
"NAC","TOTAL","GE10","R93","D111","BG",2012,83288308
"NAC","TOTAL","GE10","R93","D1111","BG",2012,78036267
"NAC","TOTAL","GE10","S","D01","BG",2012,119153760
"NAC","TOTAL","GE10","S","D111","BG",2012,102901093
"NAC","TOTAL","GE10","S","D1111","BG",2012,93290419
"NAC","TOTAL","GE10","S94","D01","BG",2012,88460904
"NAC","TOTAL","GE10","S94","D111","BG",2012,77250944
"NAC","TOTAL","GE10","S94","D1111","BG",2012,69798417
"NAC","TOTAL","GE10","S95","D01","BG",2012,6544922
"NAC","TOTAL","GE10","S95","D111","BG",2012,5523530
"NAC","TOTAL","GE10","S95","D1111","BG",2012,5050385
"NAC","TOTAL","GE10","S96","D01","BG",2012,24147934
"NAC","TOTAL","GE10","S96","D111","BG",2012,20126619
"NAC","TOTAL","GE10","S96","D1111","BG",2012,18441617
"NAC","TOTAL","GE1000","B","D01","BG",2012,388722003
"NAC","TOTAL","GE1000","B","D111","BG",2012,293374856
"NAC","TOTAL","GE1000","B","D1111","BG",2012,243431009
"NAC","TOTAL","GE1000","B-E","D01","BG",2012,1715165740
"NAC","TOTAL","GE1000","B-E","D111","BG",2012,1365520234
"NAC","TOTAL","GE1000","B-E","D1111","BG",2012,1112749535
"NAC","TOTAL","GE1000","B-F","D01","BG",2012,1717635966
"NAC","TOTAL","GE1000","B-F","D111","BG",2012,1367246785
"NAC","TOTAL","GE1000","B-F","D1111","BG",2012,1113991841
"NAC","TOTAL","GE1000","B-N","D01","BG",2012,3772964285
"NAC","TOTAL","GE1000","B-N","D111","BG",2012,3170712826
"NAC","TOTAL","GE1000","B-N","D1111","BG",2012,2650836316
"NAC","TOTAL","GE1000","B-S","D01","BG",2012,4394322712
"NAC","TOTAL","GE1000","B-S","D111","BG",2012,3673172388
"NAC","TOTAL","GE1000","B-S","D1111","BG",2012,3095123963
"NAC","TOTAL","GE1000","B-S_X_O","D01","BG",2012,4131020838
"NAC","TOTAL","GE1000","B-S_X_O","D111","BG",2012,3471628941
"NAC","TOTAL","GE1000","B-S_X_O","D1111","BG",2012,2914528501
"NAC","TOTAL","GE1000","B05","D01","BG",2012,264660442
"NAC","TOTAL","GE1000","B05","D111","BG",2012,194386378
"NAC","TOTAL","GE1000","B05","D1111","BG",2012,156703590
"NAC","TOTAL","GE1000","B06","D01","BG",2012,NA
"NAC","TOTAL","GE1000","B06","D111","BG",2012,NA
"NAC","TOTAL","GE1000","B06","D1111","BG",2012,NA
"NAC","TOTAL","GE1000","B07","D01","BG",2012,124061561
"NAC","TOTAL","GE1000","B07","D111","BG",2012,98988478
"NAC","TOTAL","GE1000","B07","D1111","BG",2012,86727419
"NAC","TOTAL","GE1000","B08","D01","BG",2012,NA
"NAC","TOTAL","GE1000","B08","D111","BG",2012,NA
"NAC","TOTAL","GE1000","B08","D1111","BG",2012,NA
"NAC","TOTAL","GE1000","B09","D01","BG",2012,NA
"NAC","TOTAL","GE1000","B09","D111","BG",2012,NA
"NAC","TOTAL","GE1000","B09","D1111","BG",2012,NA
"NAC","TOTAL","GE1000","C","D01","BG",2012,616074994
"NAC","TOTAL","GE1000","C","D111","BG",2012,502237874
"NAC","TOTAL","GE1000","C","D1111","BG",2012,438173586
"NAC","TOTAL","GE1000","C10","D01","BG",2012,NA
"NAC","TOTAL","GE1000","C10","D111","BG",2012,NA
"NAC","TOTAL","GE1000","C10","D1111","BG",2012,NA
"NAC","TOTAL","GE1000","C11","D01","BG",2012,NA
"NAC","TOTAL","GE1000","C11","D111","BG",2012,NA
"NAC","TOTAL","GE1000","C11","D1111","BG",2012,NA
"NAC","TOTAL","GE1000","C12","D01","BG",2012,NA
"NAC","TOTAL","GE1000","C12","D111","BG",2012,NA
"NAC","TOTAL","GE1000","C12","D1111","BG",2012,NA
"NAC","TOTAL","GE1000","C13","D01","BG",2012,28899742
"NAC","TOTAL","GE1000","C13","D111","BG",2012,24306849
"NAC","TOTAL","GE1000","C13","D1111","BG",2012,22245461
"NAC","TOTAL","GE1000","C14","D01","BG",2012,59636575
"NAC","TOTAL","GE1000","C14","D111","BG",2012,45034350
"NAC","TOTAL","GE1000","C14","D1111","BG",2012,40406239
"NAC","TOTAL","GE1000","C15","D01","BG",2012,NA
"NAC","TOTAL","GE1000","C15","D111","BG",2012,NA
"NAC","TOTAL","GE1000","C15","D1111","BG",2012,NA
"NAC","TOTAL","GE1000","C16","D01","BG",2012,NA
"NAC","TOTAL","GE1000","C16","D111","BG",2012,NA
"NAC","TOTAL","GE1000","C16","D1111","BG",2012,NA
"NAC","TOTAL","GE1000","C17","D01","BG",2012,NA
"NAC","TOTAL","GE1000","C17","D111","BG",2012,NA
"NAC","TOTAL","GE1000","C17","D1111","BG",2012,NA
"NAC","TOTAL","GE1000","C18","D01","BG",2012,NA
"NAC","TOTAL","GE1000","C18","D111","BG",2012,NA
"NAC","TOTAL","GE1000","C18","D1111","BG",2012,NA
"NAC","TOTAL","GE1000","C19","D01","BG",2012,NA
"NAC","TOTAL","GE1000","C19","D111","BG",2012,NA
"NAC","TOTAL","GE1000","C19","D1111","BG",2012,NA
"NAC","TOTAL","GE1000","C20","D01","BG",2012,NA
"NAC","TOTAL","GE1000","C20","D111","BG",2012,NA
"NAC","TOTAL","GE1000","C20","D1111","BG",2012,NA
"NAC","TOTAL","GE1000","C21","D01","BG",2012,43929606
"NAC","TOTAL","GE1000","C21","D111","BG",2012,36270746
"NAC","TOTAL","GE1000","C21","D1111","BG",2012,31325062
"NAC","TOTAL","GE1000","C22","D01","BG",2012,NA
"NAC","TOTAL","GE1000","C22","D111","BG",2012,NA
"NAC","TOTAL","GE1000","C22","D1111","BG",2012,NA
"NAC","TOTAL","GE1000","C23","D01","BG",2012,NA
"NAC","TOTAL","GE1000","C23","D111","BG",2012,NA
"NAC","TOTAL","GE1000","C23","D1111","BG",2012,NA
"NAC","TOTAL","GE1000","C24","D01","BG",2012,NA
"NAC","TOTAL","GE1000","C24","D111","BG",2012,NA
"NAC","TOTAL","GE1000","C24","D1111","BG",2012,NA
"NAC","TOTAL","GE1000","C25","D01","BG",2012,82473175
"NAC","TOTAL","GE1000","C25","D111","BG",2012,67075766
"NAC","TOTAL","GE1000","C25","D1111","BG",2012,57141838
"NAC","TOTAL","GE1000","C26","D01","BG",2012,NA
"NAC","TOTAL","GE1000","C26","D111","BG",2012,NA
"NAC","TOTAL","GE1000","C26","D1111","BG",2012,NA
"NAC","TOTAL","GE1000","C27","D01","BG",2012,NA
"NAC","TOTAL","GE1000","C27","D111","BG",2012,NA
"NAC","TOTAL","GE1000","C27","D1111","BG",2012,NA
"NAC","TOTAL","GE1000","C28","D01","BG",2012,93720883
"NAC","TOTAL","GE1000","C28","D111","BG",2012,77460224
"NAC","TOTAL","GE1000","C28","D1111","BG",2012,65411792
"NAC","TOTAL","GE1000","C29","D01","BG",2012,76646375
"NAC","TOTAL","GE1000","C29","D111","BG",2012,64953462
"NAC","TOTAL","GE1000","C29","D1111","BG",2012,55669764
"NAC","TOTAL","GE1000","C30","D01","BG",2012,NA
"NAC","TOTAL","GE1000","C30","D111","BG",2012,NA
"NAC","TOTAL","GE1000","C30","D1111","BG",2012,NA
"NAC","TOTAL","GE1000","C31","D01","BG",2012,NA
"NAC","TOTAL","GE1000","C31","D111","BG",2012,NA
"NAC","TOTAL","GE1000","C31","D1111","BG",2012,NA
"NAC","TOTAL","GE1000","C32","D01","BG",2012,NA
"NAC","TOTAL","GE1000","C32","D111","BG",2012,NA
"NAC","TOTAL","GE1000","C32","D1111","BG",2012,NA
"NAC","TOTAL","GE1000","C33","D01","BG",2012,NA
"NAC","TOTAL","GE1000","C33","D111","BG",2012,NA
"NAC","TOTAL","GE1000","C33","D1111","BG",2012,NA
"NAC","TOTAL","GE1000","D","D01","BG",2012,640496234
"NAC","TOTAL","GE1000","D","D111","BG",2012,512191427
"NAC","TOTAL","GE1000","D","D1111","BG",2012,382622537
"NAC","TOTAL","GE1000","D35","D01","BG",2012,640496234
"NAC","TOTAL","GE1000","D35","D111","BG",2012,512191427
"NAC","TOTAL","GE1000","D35","D1111","BG",2012,382622537
"NAC","TOTAL","GE1000","E","D01","BG",2012,69872509
"NAC","TOTAL","GE1000","E","D111","BG",2012,57716077
"NAC","TOTAL","GE1000","E","D1111","BG",2012,48522403
"NAC","TOTAL","GE1000","E36","D01","BG",2012,69872509
"NAC","TOTAL","GE1000","E36","D111","BG",2012,57716077
"NAC","TOTAL","GE1000","E36","D1111","BG",2012,48522403
"NAC","TOTAL","GE1000","E37","D01","BG",2012,NA
"NAC","TOTAL","GE1000","E37","D111","BG",2012,NA
"NAC","TOTAL","GE1000","E37","D1111","BG",2012,NA
"NAC","TOTAL","GE1000","E38","D01","BG",2012,NA
"NAC","TOTAL","GE1000","E38","D111","BG",2012,NA
"NAC","TOTAL","GE1000","E38","D1111","BG",2012,NA
"NAC","TOTAL","GE1000","E39","D01","BG",2012,NA
"NAC","TOTAL","GE1000","E39","D111","BG",2012,NA
"NAC","TOTAL","GE1000","E39","D1111","BG",2012,NA
"NAC","TOTAL","GE1000","F","D01","BG",2012,NA
"NAC","TOTAL","GE1000","F","D111","BG",2012,NA
"NAC","TOTAL","GE1000","F","D1111","BG",2012,NA
"NAC","TOTAL","GE1000","F41","D01","BG",2012,NA
"NAC","TOTAL","GE1000","F41","D111","BG",2012,NA
"NAC","TOTAL","GE1000","F41","D1111","BG",2012,NA
"NAC","TOTAL","GE1000","F42","D01","BG",2012,NA
"NAC","TOTAL","GE1000","F42","D111","BG",2012,NA
"NAC","TOTAL","GE1000","F42","D1111","BG",2012,NA
"NAC","TOTAL","GE1000","F43","D01","BG",2012,NA
"NAC","TOTAL","GE1000","F43","D111","BG",2012,NA
"NAC","TOTAL","GE1000","F43","D1111","BG",2012,NA
"NAC","TOTAL","GE1000","G","D01","BG",2012,244358309
"NAC","TOTAL","GE1000","G","D111","BG",2012,208151220
"NAC","TOTAL","GE1000","G","D1111","BG",2012,189055417
"NAC","TOTAL","GE1000","G-J","D01","BG",2012,1401255379
"NAC","TOTAL","GE1000","G-J","D111","BG",2012,1248063410
"NAC","TOTAL","GE1000","G-J","D1111","BG",2012,1045948479
"NAC","TOTAL","GE1000","G-N","D01","BG",2012,2055328319
"NAC","TOTAL","GE1000","G-N","D111","BG",2012,1803466041
"NAC","TOTAL","GE1000","G-N","D1111","BG",2012,1536844475
"NAC","TOTAL","GE1000","G-S_X_O","D01","BG",2012,2413384872
"NAC","TOTAL","GE1000","G-S_X_O","D111","BG",2012,2104382156
"NAC","TOTAL","GE1000","G-S_X_O","D1111","BG",2012,1800536660
"NAC","TOTAL","GE1000","G45","D01","BG",2012,NA
"NAC","TOTAL","GE1000","G45","D111","BG",2012,NA
"NAC","TOTAL","GE1000","G45","D1111","BG",2012,NA
"NAC","TOTAL","GE1000","G46","D01","BG",2012,NA
"NAC","TOTAL","GE1000","G46","D111","BG",2012,NA
"NAC","TOTAL","GE1000","G46","D1111","BG",2012,NA
"NAC","TOTAL","GE1000","G47","D01","BG",2012,162078794
"NAC","TOTAL","GE1000","G47","D111","BG",2012,137590423
"NAC","TOTAL","GE1000","G47","D1111","BG",2012,123768631
"NAC","TOTAL","GE1000","H","D01","BG",2012,687457698
"NAC","TOTAL","GE1000","H","D111","BG",2012,639940728
"NAC","TOTAL","GE1000","H","D1111","BG",2012,492092004
"NAC","TOTAL","GE1000","H49","D01","BG",2012,255717420
"NAC","TOTAL","GE1000","H49","D111","BG",2012,205445133
"NAC","TOTAL","GE1000","H49","D1111","BG",2012,153668255
"NAC","TOTAL","GE1000","H50","D01","BG",2012,NA
"NAC","TOTAL","GE1000","H50","D111","BG",2012,NA
"NAC","TOTAL","GE1000","H50","D1111","BG",2012,NA
"NAC","TOTAL","GE1000","H51","D01","BG",2012,NA
"NAC","TOTAL","GE1000","H51","D111","BG",2012,NA
"NAC","TOTAL","GE1000","H51","D1111","BG",2012,NA
"NAC","TOTAL","GE1000","H52","D01","BG",2012,294214489
"NAC","TOTAL","GE1000","H52","D111","BG",2012,315112750
"NAC","TOTAL","GE1000","H52","D1111","BG",2012,241102546
"NAC","TOTAL","GE1000","H53","D01","BG",2012,85468450
"NAC","TOTAL","GE1000","H53","D111","BG",2012,69665106
"NAC","TOTAL","GE1000","H53","D1111","BG",2012,56111476
"NAC","TOTAL","GE1000","I","D01","BG",2012,NA
"NAC","TOTAL","GE1000","I","D111","BG",2012,NA
"NAC","TOTAL","GE1000","I","D1111","BG",2012,NA
"NAC","TOTAL","GE1000","I55","D01","BG",2012,NA
"NAC","TOTAL","GE1000","I55","D111","BG",2012,NA
"NAC","TOTAL","GE1000","I55","D1111","BG",2012,NA
"NAC","TOTAL","GE1000","I56","D01","BG",2012,NA
"NAC","TOTAL","GE1000","I56","D111","BG",2012,NA
"NAC","TOTAL","GE1000","I56","D1111","BG",2012,NA
"NAC","TOTAL","GE1000","J","D01","BG",2012,444854919
"NAC","TOTAL","GE1000","J","D111","BG",2012,379444763
"NAC","TOTAL","GE1000","J","D1111","BG",2012,345811868
"NAC","TOTAL","GE1000","J58","D01","BG",2012,NA
"NAC","TOTAL","GE1000","J58","D111","BG",2012,NA
"NAC","TOTAL","GE1000","J58","D1111","BG",2012,NA
"NAC","TOTAL","GE1000","J59","D01","BG",2012,NA
"NAC","TOTAL","GE1000","J59","D111","BG",2012,NA
"NAC","TOTAL","GE1000","J59","D1111","BG",2012,NA
"NAC","TOTAL","GE1000","J60","D01","BG",2012,36277330
"NAC","TOTAL","GE1000","J60","D111","BG",2012,30983492
"NAC","TOTAL","GE1000","J60","D1111","BG",2012,27343542
"NAC","TOTAL","GE1000","J61","D01","BG",2012,281235869
"NAC","TOTAL","GE1000","J61","D111","BG",2012,241012674
"NAC","TOTAL","GE1000","J61","D1111","BG",2012,218101449
"NAC","TOTAL","GE1000","J62","D01","BG",2012,NA
"NAC","TOTAL","GE1000","J62","D111","BG",2012,NA
"NAC","TOTAL","GE1000","J62","D1111","BG",2012,NA
"NAC","TOTAL","GE1000","J63","D01","BG",2012,NA
"NAC","TOTAL","GE1000","J63","D111","BG",2012,NA
"NAC","TOTAL","GE1000","J63","D1111","BG",2012,NA
"NAC","TOTAL","GE1000","K","D01","BG",2012,522550463
"NAC","TOTAL","GE1000","K","D111","BG",2012,444575356
"NAC","TOTAL","GE1000","K","D1111","BG",2012,391438142
"NAC","TOTAL","GE1000","K-N","D01","BG",2012,654072940
"NAC","TOTAL","GE1000","K-N","D111","BG",2012,555402631
"NAC","TOTAL","GE1000","K-N","D1111","BG",2012,490895996
"NAC","TOTAL","GE1000","K64","D01","BG",2012,522550463
"NAC","TOTAL","GE1000","K64","D111","BG",2012,444575356
"NAC","TOTAL","GE1000","K64","D1111","BG",2012,391438142
"NAC","TOTAL","GE1000","K65","D01","BG",2012,NA
"NAC","TOTAL","GE1000","K65","D111","BG",2012,NA
"NAC","TOTAL","GE1000","K65","D1111","BG",2012,NA
"NAC","TOTAL","GE1000","K66","D01","BG",2012,NA
"NAC","TOTAL","GE1000","K66","D111","BG",2012,NA
"NAC","TOTAL","GE1000","K66","D1111","BG",2012,NA
"NAC","TOTAL","GE1000","L","D01","BG",2012,NA
"NAC","TOTAL","GE1000","L","D111","BG",2012,NA
"NAC","TOTAL","GE1000","L","D1111","BG",2012,NA
"NAC","TOTAL","GE1000","L68","D01","BG",2012,NA
"NAC","TOTAL","GE1000","L68","D111","BG",2012,NA
"NAC","TOTAL","GE1000","L68","D1111","BG",2012,NA
"NAC","TOTAL","GE1000","M","D01","BG",2012,2909827
"NAC","TOTAL","GE1000","M","D111","BG",2012,2181751
"NAC","TOTAL","GE1000","M","D1111","BG",2012,1831847
"NAC","TOTAL","GE1000","M69","D01","BG",2012,NA
"NAC","TOTAL","GE1000","M69","D111","BG",2012,NA
"NAC","TOTAL","GE1000","M69","D1111","BG",2012,NA
"NAC","TOTAL","GE1000","M70","D01","BG",2012,NA
"NAC","TOTAL","GE1000","M70","D111","BG",2012,NA
"NAC","TOTAL","GE1000","M70","D1111","BG",2012,NA
"NAC","TOTAL","GE1000","M71","D01","BG",2012,NA
"NAC","TOTAL","GE1000","M71","D111","BG",2012,NA
"NAC","TOTAL","GE1000","M71","D1111","BG",2012,NA
"NAC","TOTAL","GE1000","M72","D01","BG",2012,NA
"NAC","TOTAL","GE1000","M72","D111","BG",2012,NA
"NAC","TOTAL","GE1000","M72","D1111","BG",2012,NA
"NAC","TOTAL","GE1000","M73","D01","BG",2012,NA
"NAC","TOTAL","GE1000","M73","D111","BG",2012,NA
"NAC","TOTAL","GE1000","M73","D1111","BG",2012,NA
"NAC","TOTAL","GE1000","M74","D01","BG",2012,NA
"NAC","TOTAL","GE1000","M74","D111","BG",2012,NA
"NAC","TOTAL","GE1000","M74","D1111","BG",2012,NA
"NAC","TOTAL","GE1000","M75","D01","BG",2012,NA
"NAC","TOTAL","GE1000","M75","D111","BG",2012,NA
"NAC","TOTAL","GE1000","M75","D1111","BG",2012,NA
"NAC","TOTAL","GE1000","N","D01","BG",2012,128612650
"NAC","TOTAL","GE1000","N","D111","BG",2012,108645524
"NAC","TOTAL","GE1000","N","D1111","BG",2012,97626007
"NAC","TOTAL","GE1000","N77","D01","BG",2012,NA
"NAC","TOTAL","GE1000","N77","D111","BG",2012,NA
"NAC","TOTAL","GE1000","N77","D1111","BG",2012,NA
"NAC","TOTAL","GE1000","N78","D01","BG",2012,NA
"NAC","TOTAL","GE1000","N78","D111","BG",2012,NA
"NAC","TOTAL","GE1000","N78","D1111","BG",2012,NA
"NAC","TOTAL","GE1000","N79","D01","BG",2012,NA
"NAC","TOTAL","GE1000","N79","D111","BG",2012,NA
"NAC","TOTAL","GE1000","N79","D1111","BG",2012,NA
"NAC","TOTAL","GE1000","N80","D01","BG",2012,87224139
"NAC","TOTAL","GE1000","N80","D111","BG",2012,73651940
"NAC","TOTAL","GE1000","N80","D1111","BG",2012,65959094
"NAC","TOTAL","GE1000","N81","D01","BG",2012,NA
"NAC","TOTAL","GE1000","N81","D111","BG",2012,NA
"NAC","TOTAL","GE1000","N81","D1111","BG",2012,NA
"NAC","TOTAL","GE1000","N82","D01","BG",2012,NA
"NAC","TOTAL","GE1000","N82","D111","BG",2012,NA
"NAC","TOTAL","GE1000","N82","D1111","BG",2012,NA
"NAC","TOTAL","GE1000","O","D01","BG",2012,263301874
"NAC","TOTAL","GE1000","O","D111","BG",2012,201543447
"NAC","TOTAL","GE1000","O","D1111","BG",2012,180595462
"NAC","TOTAL","GE1000","O-S","D01","BG",2012,621358427
"NAC","TOTAL","GE1000","O-S","D111","BG",2012,502459562
"NAC","TOTAL","GE1000","O-S","D1111","BG",2012,444287647
"NAC","TOTAL","GE1000","O84","D01","BG",2012,263301874
"NAC","TOTAL","GE1000","O84","D111","BG",2012,201543447
"NAC","TOTAL","GE1000","O84","D1111","BG",2012,180595462
"NAC","TOTAL","GE1000","P","D01","BG",2012,92994446
"NAC","TOTAL","GE1000","P","D111","BG",2012,78677904
"NAC","TOTAL","GE1000","P","D1111","BG",2012,68136051
"NAC","TOTAL","GE1000","P-S","D01","BG",2012,358056553
"NAC","TOTAL","GE1000","P-S","D111","BG",2012,300916115
"NAC","TOTAL","GE1000","P-S","D1111","BG",2012,263692185
"NAC","TOTAL","GE1000","P85","D01","BG",2012,92994446
"NAC","TOTAL","GE1000","P85","D111","BG",2012,78677904
"NAC","TOTAL","GE1000","P85","D1111","BG",2012,68136051
"NAC","TOTAL","GE1000","Q","D01","BG",2012,248504055
"NAC","TOTAL","GE1000","Q","D111","BG",2012,208537095
"NAC","TOTAL","GE1000","Q","D1111","BG",2012,183235049
"NAC","TOTAL","GE1000","Q86","D01","BG",2012,248504055
"NAC","TOTAL","GE1000","Q86","D111","BG",2012,208537095
"NAC","TOTAL","GE1000","Q86","D1111","BG",2012,183235049
"NAC","TOTAL","GE1000","Q87","D01","BG",2012,NA
"NAC","TOTAL","GE1000","Q87","D111","BG",2012,NA
"NAC","TOTAL","GE1000","Q87","D1111","BG",2012,NA
"NAC","TOTAL","GE1000","Q88","D01","BG",2012,NA
"NAC","TOTAL","GE1000","Q88","D111","BG",2012,NA
"NAC","TOTAL","GE1000","Q88","D1111","BG",2012,NA
"NAC","TOTAL","GE1000","R","D01","BG",2012,16558052
"NAC","TOTAL","GE1000","R","D111","BG",2012,13701116
"NAC","TOTAL","GE1000","R","D1111","BG",2012,12321085
"NAC","TOTAL","GE1000","R90","D01","BG",2012,NA
"NAC","TOTAL","GE1000","R90","D111","BG",2012,NA
"NAC","TOTAL","GE1000","R90","D1111","BG",2012,NA
"NAC","TOTAL","GE1000","R91","D01","BG",2012,NA
"NAC","TOTAL","GE1000","R91","D111","BG",2012,NA
"NAC","TOTAL","GE1000","R91","D1111","BG",2012,NA
"NAC","TOTAL","GE1000","R92","D01","BG",2012,16558052
"NAC","TOTAL","GE1000","R92","D111","BG",2012,13701116
"NAC","TOTAL","GE1000","R92","D1111","BG",2012,12321085
"NAC","TOTAL","GE1000","R93","D01","BG",2012,NA
"NAC","TOTAL","GE1000","R93","D111","BG",2012,NA
"NAC","TOTAL","GE1000","R93","D1111","BG",2012,NA
"NAC","TOTAL","GE1000","S","D01","BG",2012,NA
"NAC","TOTAL","GE1000","S","D111","BG",2012,NA
"NAC","TOTAL","GE1000","S","D1111","BG",2012,NA
"NAC","TOTAL","GE1000","S94","D01","BG",2012,NA
"NAC","TOTAL","GE1000","S94","D111","BG",2012,NA
"NAC","TOTAL","GE1000","S94","D1111","BG",2012,NA
"NAC","TOTAL","GE1000","S95","D01","BG",2012,NA
"NAC","TOTAL","GE1000","S95","D111","BG",2012,NA
"NAC","TOTAL","GE1000","S95","D1111","BG",2012,NA
"NAC","TOTAL","GE1000","S96","D01","BG",2012,NA
"NAC","TOTAL","GE1000","S96","D111","BG",2012,NA
"NAC","TOTAL","GE1000","S96","D1111","BG",2012,NA
"NAC","TOTAL","LT10","B","D01","BG",2012,5203332
"NAC","TOTAL","LT10","B","D111","BG",2012,4398077
"NAC","TOTAL","LT10","B","D1111","BG",2012,4142232
"NAC","TOTAL","LT10","B-E","D01","BG",2012,261013045
"NAC","TOTAL","LT10","B-E","D111","BG",2012,218646490
"NAC","TOTAL","LT10","B-E","D1111","BG",2012,206097983
"NAC","TOTAL","LT10","B-F","D01","BG",2012,421525730
"NAC","TOTAL","LT10","B-F","D111","BG",2012,353611928
"NAC","TOTAL","LT10","B-F","D1111","BG",2012,333377380
"NAC","TOTAL","LT10","B-N","D01","BG",2012,2386726985
"NAC","TOTAL","LT10","B-N","D111","BG",2012,2015620385
"NAC","TOTAL","LT10","B-N","D1111","BG",2012,1902448780
"NAC","TOTAL","LT10","B-S","D01","BG",2012,2693543792
"NAC","TOTAL","LT10","B-S","D111","BG",2012,2274170712
"NAC","TOTAL","LT10","B-S","D1111","BG",2012,2142443034
"NAC","TOTAL","LT10","B-S_X_O","D01","BG",2012,2682597473
"NAC","TOTAL","LT10","B-S_X_O","D111","BG",2012,2265507694
"NAC","TOTAL","LT10","B-S_X_O","D1111","BG",2012,2135021379
"NAC","TOTAL","LT10","B05","D01","BG",2012,371642
"NAC","TOTAL","LT10","B05","D111","BG",2012,298443
"NAC","TOTAL","LT10","B05","D1111","BG",2012,286015
"NAC","TOTAL","LT10","B06","D01","BG",2012,NA
"NAC","TOTAL","LT10","B06","D111","BG",2012,NA
"NAC","TOTAL","LT10","B06","D1111","BG",2012,NA
"NAC","TOTAL","LT10","B07","D01","BG",2012,167636
"NAC","TOTAL","LT10","B07","D111","BG",2012,142014
"NAC","TOTAL","LT10","B07","D1111","BG",2012,137054
"NAC","TOTAL","LT10","B08","D01","BG",2012,3158058
"NAC","TOTAL","LT10","B08","D111","BG",2012,2617128
"NAC","TOTAL","LT10","B08","D1111","BG",2012,2445656
"NAC","TOTAL","LT10","B09","D01","BG",2012,1424070
"NAC","TOTAL","LT10","B09","D111","BG",2012,1262321
"NAC","TOTAL","LT10","B09","D1111","BG",2012,1195336
"NAC","TOTAL","LT10","C","D01","BG",2012,232864642
"NAC","TOTAL","LT10","C","D111","BG",2012,194353575
"NAC","TOTAL","LT10","C","D1111","BG",2012,183206722
"NAC","TOTAL","LT10","C10","D01","BG",2012,42420645
"NAC","TOTAL","LT10","C10","D111","BG",2012,35277108
"NAC","TOTAL","LT10","C10","D1111","BG",2012,33569204
"NAC","TOTAL","LT10","C11","D01","BG",2012,NA
"NAC","TOTAL","LT10","C11","D111","BG",2012,NA
"NAC","TOTAL","LT10","C11","D1111","BG",2012,NA
"NAC","TOTAL","LT10","C12","D01","BG",2012,479784
"NAC","TOTAL","LT10","C12","D111","BG",2012,393979
"NAC","TOTAL","LT10","C12","D1111","BG",2012,353275
"NAC","TOTAL","LT10","C13","D01","BG",2012,NA
"NAC","TOTAL","LT10","C13","D111","BG",2012,NA
"NAC","TOTAL","LT10","C13","D1111","BG",2012,NA
"NAC","TOTAL","LT10","C14","D01","BG",2012,30586054
"NAC","TOTAL","LT10","C14","D111","BG",2012,25524819
"NAC","TOTAL","LT10","C14","D1111","BG",2012,24276748
"NAC","TOTAL","LT10","C15","D01","BG",2012,NA
"NAC","TOTAL","LT10","C15","D111","BG",2012,NA
"NAC","TOTAL","LT10","C15","D1111","BG",2012,NA
"NAC","TOTAL","LT10","C16","D01","BG",2012,13196068
"NAC","TOTAL","LT10","C16","D111","BG",2012,10916269
"NAC","TOTAL","LT10","C16","D1111","BG",2012,10272061
"NAC","TOTAL","LT10","C17","D01","BG",2012,NA
"NAC","TOTAL","LT10","C17","D111","BG",2012,NA
"NAC","TOTAL","LT10","C17","D1111","BG",2012,NA
"NAC","TOTAL","LT10","C18","D01","BG",2012,7908367
"NAC","TOTAL","LT10","C18","D111","BG",2012,6610366
"NAC","TOTAL","LT10","C18","D1111","BG",2012,6174943
"NAC","TOTAL","LT10","C19","D01","BG",2012,NA
"NAC","TOTAL","LT10","C19","D111","BG",2012,NA
"NAC","TOTAL","LT10","C19","D1111","BG",2012,NA
"NAC","TOTAL","LT10","C20","D01","BG",2012,5615443
"NAC","TOTAL","LT10","C20","D111","BG",2012,4724574
"NAC","TOTAL","LT10","C20","D1111","BG",2012,4420065
"NAC","TOTAL","LT10","C21","D01","BG",2012,NA
"NAC","TOTAL","LT10","C21","D111","BG",2012,NA
"NAC","TOTAL","LT10","C21","D1111","BG",2012,NA
"NAC","TOTAL","LT10","C22","D01","BG",2012,13593357
"NAC","TOTAL","LT10","C22","D111","BG",2012,11289514
"NAC","TOTAL","LT10","C22","D1111","BG",2012,10587141
"NAC","TOTAL","LT10","C23","D01","BG",2012,12132139
"NAC","TOTAL","LT10","C23","D111","BG",2012,10076132
"NAC","TOTAL","LT10","C23","D1111","BG",2012,9490846
"NAC","TOTAL","LT10","C24","D01","BG",2012,NA
"NAC","TOTAL","LT10","C24","D111","BG",2012,NA
"NAC","TOTAL","LT10","C24","D1111","BG",2012,NA
"NAC","TOTAL","LT10","C25","D01","BG",2012,29377437
"NAC","TOTAL","LT10","C25","D111","BG",2012,24489383
"NAC","TOTAL","LT10","C25","D1111","BG",2012,22983535
"NAC","TOTAL","LT10","C26","D01","BG",2012,4022033
"NAC","TOTAL","LT10","C26","D111","BG",2012,3402826
"NAC","TOTAL","LT10","C26","D1111","BG",2012,3192556
"NAC","TOTAL","LT10","C27","D01","BG",2012,NA
"NAC","TOTAL","LT10","C27","D111","BG",2012,NA
"NAC","TOTAL","LT10","C27","D1111","BG",2012,NA
"NAC","TOTAL","LT10","C28","D01","BG",2012,9078733
"NAC","TOTAL","LT10","C28","D111","BG",2012,7553129
"NAC","TOTAL","LT10","C28","D1111","BG",2012,7049950
"NAC","TOTAL","LT10","C29","D01","BG",2012,853405
"NAC","TOTAL","LT10","C29","D111","BG",2012,712077
"NAC","TOTAL","LT10","C29","D1111","BG",2012,662762
"NAC","TOTAL","LT10","C30","D01","BG",2012,585062
"NAC","TOTAL","LT10","C30","D111","BG",2012,493344
"NAC","TOTAL","LT10","C30","D1111","BG",2012,471422
"NAC","TOTAL","LT10","C31","D01","BG",2012,15614138
"NAC","TOTAL","LT10","C31","D111","BG",2012,13050042
"NAC","TOTAL","LT10","C31","D1111","BG",2012,12283906
"NAC","TOTAL","LT10","C32","D01","BG",2012,7793059
"NAC","TOTAL","LT10","C32","D111","BG",2012,6509095
"NAC","TOTAL","LT10","C32","D1111","BG",2012,6088180
"NAC","TOTAL","LT10","C33","D01","BG",2012,17504956
"NAC","TOTAL","LT10","C33","D111","BG",2012,14857493
"NAC","TOTAL","LT10","C33","D1111","BG",2012,13999415
"NAC","TOTAL","LT10","D","D01","BG",2012,14756871
"NAC","TOTAL","LT10","D","D111","BG",2012,12907230
"NAC","TOTAL","LT10","D","D1111","BG",2012,12203332
"NAC","TOTAL","LT10","D35","D01","BG",2012,14756871
"NAC","TOTAL","LT10","D35","D111","BG",2012,12907230
"NAC","TOTAL","LT10","D35","D1111","BG",2012,12203332
"NAC","TOTAL","LT10","E","D01","BG",2012,8188200
"NAC","TOTAL","LT10","E","D111","BG",2012,6987608
"NAC","TOTAL","LT10","E","D1111","BG",2012,6545697
"NAC","TOTAL","LT10","E36","D01","BG",2012,395278
"NAC","TOTAL","LT10","E36","D111","BG",2012,334367
"NAC","TOTAL","LT10","E36","D1111","BG",2012,304144
"NAC","TOTAL","LT10","E37","D01","BG",2012,492513
"NAC","TOTAL","LT10","E37","D111","BG",2012,414592
"NAC","TOTAL","LT10","E37","D1111","BG",2012,398040
"NAC","TOTAL","LT10","E38","D01","BG",2012,6473991
"NAC","TOTAL","LT10","E38","D111","BG",2012,5521946
"NAC","TOTAL","LT10","E38","D1111","BG",2012,5178075
"NAC","TOTAL","LT10","E39","D01","BG",2012,826418
"NAC","TOTAL","LT10","E39","D111","BG",2012,716703
"NAC","TOTAL","LT10","E39","D1111","BG",2012,665438
"NAC","TOTAL","LT10","F","D01","BG",2012,160512685
"NAC","TOTAL","LT10","F","D111","BG",2012,134965438
"NAC","TOTAL","LT10","F","D1111","BG",2012,127279397
"NAC","TOTAL","LT10","F41","D01","BG",2012,58365250
"NAC","TOTAL","LT10","F41","D111","BG",2012,48954572
"NAC","TOTAL","LT10","F41","D1111","BG",2012,46136848
"NAC","TOTAL","LT10","F42","D01","BG",2012,19779565
"NAC","TOTAL","LT10","F42","D111","BG",2012,16898669
"NAC","TOTAL","LT10","F42","D1111","BG",2012,15859023
"NAC","TOTAL","LT10","F43","D01","BG",2012,82367870
"NAC","TOTAL","LT10","F43","D111","BG",2012,69112197
"NAC","TOTAL","LT10","F43","D1111","BG",2012,65283526
"NAC","TOTAL","LT10","G","D01","BG",2012,951582153
"NAC","TOTAL","LT10","G","D111","BG",2012,799586485
"NAC","TOTAL","LT10","G","D1111","BG",2012,754691312
"NAC","TOTAL","LT10","G-J","D01","BG",2012,1426937958
"NAC","TOTAL","LT10","G-J","D111","BG",2012,1199047882
"NAC","TOTAL","LT10","G-J","D1111","BG",2012,1133593324
"NAC","TOTAL","LT10","G-N","D01","BG",2012,1965201255
"NAC","TOTAL","LT10","G-N","D111","BG",2012,1662008457
"NAC","TOTAL","LT10","G-N","D1111","BG",2012,1569071400
"NAC","TOTAL","LT10","G-S_X_O","D01","BG",2012,2261071743
"NAC","TOTAL","LT10","G-S_X_O","D111","BG",2012,1911895766
"NAC","TOTAL","LT10","G-S_X_O","D1111","BG",2012,1801643999
"NAC","TOTAL","LT10","G45","D01","BG",2012,92073577
"NAC","TOTAL","LT10","G45","D111","BG",2012,77094464
"NAC","TOTAL","LT10","G45","D1111","BG",2012,72484443
"NAC","TOTAL","LT10","G46","D01","BG",2012,328877719
"NAC","TOTAL","LT10","G46","D111","BG",2012,280348542
"NAC","TOTAL","LT10","G46","D1111","BG",2012,263052375
"NAC","TOTAL","LT10","G47","D01","BG",2012,530630857
"NAC","TOTAL","LT10","G47","D111","BG",2012,442143479
"NAC","TOTAL","LT10","G47","D1111","BG",2012,419154494
"NAC","TOTAL","LT10","H","D01","BG",2012,151717713
"NAC","TOTAL","LT10","H","D111","BG",2012,124362036
"NAC","TOTAL","LT10","H","D1111","BG",2012,117351110
"NAC","TOTAL","LT10","H49","D01","BG",2012,116999267
"NAC","TOTAL","LT10","H49","D111","BG",2012,94570396
"NAC","TOTAL","LT10","H49","D1111","BG",2012,89348239
"NAC","TOTAL","LT10","H50","D01","BG",2012,1280558
"NAC","TOTAL","LT10","H50","D111","BG",2012,1093051
"NAC","TOTAL","LT10","H50","D1111","BG",2012,1055716
"NAC","TOTAL","LT10","H51","D01","BG",2012,NA
"NAC","TOTAL","LT10","H51","D111","BG",2012,NA
"NAC","TOTAL","LT10","H51","D1111","BG",2012,NA
"NAC","TOTAL","LT10","H52","D01","BG",2012,28274415
"NAC","TOTAL","LT10","H52","D111","BG",2012,24313963
"NAC","TOTAL","LT10","H52","D1111","BG",2012,22845424
"NAC","TOTAL","LT10","H53","D01","BG",2012,3674936
"NAC","TOTAL","LT10","H53","D111","BG",2012,3086129
"NAC","TOTAL","LT10","H53","D1111","BG",2012,2911154
"NAC","TOTAL","LT10","I","D01","BG",2012,192161359
"NAC","TOTAL","LT10","I","D111","BG",2012,160020120
"NAC","TOTAL","LT10","I","D1111","BG",2012,153463759
"NAC","TOTAL","LT10","I55","D01","BG",2012,26358960
"NAC","TOTAL","LT10","I55","D111","BG",2012,21914838
"NAC","TOTAL","LT10","I55","D1111","BG",2012,20825254
"NAC","TOTAL","LT10","I56","D01","BG",2012,165802399
"NAC","TOTAL","LT10","I56","D111","BG",2012,138105282
"NAC","TOTAL","LT10","I56","D1111","BG",2012,132638505
"NAC","TOTAL","LT10","J","D01","BG",2012,131476733
"NAC","TOTAL","LT10","J","D111","BG",2012,115079241
"NAC","TOTAL","LT10","J","D1111","BG",2012,108087143
"NAC","TOTAL","LT10","J58","D01","BG",2012,NA
"NAC","TOTAL","LT10","J58","D111","BG",2012,NA
"NAC","TOTAL","LT10","J58","D1111","BG",2012,NA
"NAC","TOTAL","LT10","J59","D01","BG",2012,7067875
"NAC","TOTAL","LT10","J59","D111","BG",2012,6115121
"NAC","TOTAL","LT10","J59","D1111","BG",2012,5796866
"NAC","TOTAL","LT10","J60","D01","BG",2012,3274964
"NAC","TOTAL","LT10","J60","D111","BG",2012,2748769
"NAC","TOTAL","LT10","J60","D1111","BG",2012,2569682
"NAC","TOTAL","LT10","J61","D01","BG",2012,NA
"NAC","TOTAL","LT10","J61","D111","BG",2012,NA
"NAC","TOTAL","LT10","J61","D1111","BG",2012,NA
"NAC","TOTAL","LT10","J62","D01","BG",2012,87083106
"NAC","TOTAL","LT10","J62","D111","BG",2012,77032013
"NAC","TOTAL","LT10","J62","D1111","BG",2012,72334561
"NAC","TOTAL","LT10","J63","D01","BG",2012,13507630
"NAC","TOTAL","LT10","J63","D111","BG",2012,11745472
"NAC","TOTAL","LT10","J63","D1111","BG",2012,11058134
"NAC","TOTAL","LT10","K","D01","BG",2012,56149365
"NAC","TOTAL","LT10","K","D111","BG",2012,49067794
"NAC","TOTAL","LT10","K","D1111","BG",2012,46404843
"NAC","TOTAL","LT10","K-N","D01","BG",2012,538263297
"NAC","TOTAL","LT10","K-N","D111","BG",2012,462960575
"NAC","TOTAL","LT10","K-N","D1111","BG",2012,435478076
"NAC","TOTAL","LT10","K64","D01","BG",2012,32658737
"NAC","TOTAL","LT10","K64","D111","BG",2012,28612031
"NAC","TOTAL","LT10","K64","D1111","BG",2012,27051347
"NAC","TOTAL","LT10","K65","D01","BG",2012,1917025
"NAC","TOTAL","LT10","K65","D111","BG",2012,1735896
"NAC","TOTAL","LT10","K65","D1111","BG",2012,1571915
"NAC","TOTAL","LT10","K66","D01","BG",2012,21573603
"NAC","TOTAL","LT10","K66","D111","BG",2012,18719867
"NAC","TOTAL","LT10","K66","D1111","BG",2012,17781581
"NAC","TOTAL","LT10","L","D01","BG",2012,102547443
"NAC","TOTAL","LT10","L","D111","BG",2012,88071196
"NAC","TOTAL","LT10","L","D1111","BG",2012,82678392
"NAC","TOTAL","LT10","L68","D01","BG",2012,102547443
"NAC","TOTAL","LT10","L68","D111","BG",2012,88071196
"NAC","TOTAL","LT10","L68","D1111","BG",2012,82678392
"NAC","TOTAL","LT10","M","D01","BG",2012,313827689
"NAC","TOTAL","LT10","M","D111","BG",2012,270167277
"NAC","TOTAL","LT10","M","D1111","BG",2012,254102048
"NAC","TOTAL","LT10","M69","D01","BG",2012,92498914
"NAC","TOTAL","LT10","M69","D111","BG",2012,78500125
"NAC","TOTAL","LT10","M69","D1111","BG",2012,73617188
"NAC","TOTAL","LT10","M70","D01","BG",2012,50702109
"NAC","TOTAL","LT10","M70","D111","BG",2012,44947482
"NAC","TOTAL","LT10","M70","D1111","BG",2012,42694763
"NAC","TOTAL","LT10","M71","D01","BG",2012,77323436
"NAC","TOTAL","LT10","M71","D111","BG",2012,66121197
"NAC","TOTAL","LT10","M71","D1111","BG",2012,61974744
"NAC","TOTAL","LT10","M72","D01","BG",2012,NA
"NAC","TOTAL","LT10","M72","D111","BG",2012,NA
"NAC","TOTAL","LT10","M72","D1111","BG",2012,NA
"NAC","TOTAL","LT10","M73","D01","BG",2012,35131274
"NAC","TOTAL","LT10","M73","D111","BG",2012,30275283
"NAC","TOTAL","LT10","M73","D1111","BG",2012,28475782
"NAC","TOTAL","LT10","M74","D01","BG",2012,49908620
"NAC","TOTAL","LT10","M74","D111","BG",2012,43118617
"NAC","TOTAL","LT10","M74","D1111","BG",2012,40630245
"NAC","TOTAL","LT10","M75","D01","BG",2012,2147778
"NAC","TOTAL","LT10","M75","D111","BG",2012,1801331
"NAC","TOTAL","LT10","M75","D1111","BG",2012,1712935
"NAC","TOTAL","LT10","N","D01","BG",2012,65738800
"NAC","TOTAL","LT10","N","D111","BG",2012,55654308
"NAC","TOTAL","LT10","N","D1111","BG",2012,52292793
"NAC","TOTAL","LT10","N77","D01","BG",2012,9230175
"NAC","TOTAL","LT10","N77","D111","BG",2012,7825118
"NAC","TOTAL","LT10","N77","D1111","BG",2012,7379754
"NAC","TOTAL","LT10","N78","D01","BG",2012,5922893
"NAC","TOTAL","LT10","N78","D111","BG",2012,5032819
"NAC","TOTAL","LT10","N78","D1111","BG",2012,4739852
"NAC","TOTAL","LT10","N79","D01","BG",2012,18060854
"NAC","TOTAL","LT10","N79","D111","BG",2012,15360719
"NAC","TOTAL","LT10","N79","D1111","BG",2012,14472957
"NAC","TOTAL","LT10","N80","D01","BG",2012,8928764
"NAC","TOTAL","LT10","N80","D111","BG",2012,7555964
"NAC","TOTAL","LT10","N80","D1111","BG",2012,7125192
"NAC","TOTAL","LT10","N81","D01","BG",2012,11459079
"NAC","TOTAL","LT10","N81","D111","BG",2012,9573317
"NAC","TOTAL","LT10","N81","D1111","BG",2012,8946361
"NAC","TOTAL","LT10","N82","D01","BG",2012,12137035
"NAC","TOTAL","LT10","N82","D111","BG",2012,10306371
"NAC","TOTAL","LT10","N82","D1111","BG",2012,9628677
"NAC","TOTAL","LT10","O","D01","BG",2012,10946319
"NAC","TOTAL","LT10","O","D111","BG",2012,8663018
"NAC","TOTAL","LT10","O","D1111","BG",2012,7421655
"NAC","TOTAL","LT10","O-S","D01","BG",2012,306816807
"NAC","TOTAL","LT10","O-S","D111","BG",2012,258550327
"NAC","TOTAL","LT10","O-S","D1111","BG",2012,239994254
"NAC","TOTAL","LT10","O84","D01","BG",2012,10946319
"NAC","TOTAL","LT10","O84","D111","BG",2012,8663018
"NAC","TOTAL","LT10","O84","D1111","BG",2012,7421655
"NAC","TOTAL","LT10","P","D01","BG",2012,49282575
"NAC","TOTAL","LT10","P","D111","BG",2012,40418848
"NAC","TOTAL","LT10","P","D1111","BG",2012,35407912
"NAC","TOTAL","LT10","P-S","D01","BG",2012,295870488
"NAC","TOTAL","LT10","P-S","D111","BG",2012,249887309
"NAC","TOTAL","LT10","P-S","D1111","BG",2012,232572599
"NAC","TOTAL","LT10","P85","D01","BG",2012,49282575
"NAC","TOTAL","LT10","P85","D111","BG",2012,40418848
"NAC","TOTAL","LT10","P85","D1111","BG",2012,35407912
"NAC","TOTAL","LT10","Q","D01","BG",2012,88782080
"NAC","TOTAL","LT10","Q","D111","BG",2012,74756587
"NAC","TOTAL","LT10","Q","D1111","BG",2012,71120008
"NAC","TOTAL","LT10","Q86","D01","BG",2012,81476257
"NAC","TOTAL","LT10","Q86","D111","BG",2012,68664445
"NAC","TOTAL","LT10","Q86","D1111","BG",2012,65612975
"NAC","TOTAL","LT10","Q87","D01","BG",2012,NA
"NAC","TOTAL","LT10","Q87","D111","BG",2012,NA
"NAC","TOTAL","LT10","Q87","D1111","BG",2012,NA
"NAC","TOTAL","LT10","Q88","D01","BG",2012,NA
"NAC","TOTAL","LT10","Q88","D111","BG",2012,NA
"NAC","TOTAL","LT10","Q88","D1111","BG",2012,NA
"NAC","TOTAL","LT10","R","D01","BG",2012,34456893
"NAC","TOTAL","LT10","R","D111","BG",2012,28935739
"NAC","TOTAL","LT10","R","D1111","BG",2012,27249114
"NAC","TOTAL","LT10","R90","D01","BG",2012,3555624
"NAC","TOTAL","LT10","R90","D111","BG",2012,2990324
"NAC","TOTAL","LT10","R90","D1111","BG",2012,2781997
"NAC","TOTAL","LT10","R91","D01","BG",2012,NA
"NAC","TOTAL","LT10","R91","D111","BG",2012,NA
"NAC","TOTAL","LT10","R91","D1111","BG",2012,NA
"NAC","TOTAL","LT10","R92","D01","BG",2012,7441251
"NAC","TOTAL","LT10","R92","D111","BG",2012,6220540
"NAC","TOTAL","LT10","R92","D1111","BG",2012,5889045
"NAC","TOTAL","LT10","R93","D01","BG",2012,20239632
"NAC","TOTAL","LT10","R93","D111","BG",2012,17052091
"NAC","TOTAL","LT10","R93","D1111","BG",2012,16152993
"NAC","TOTAL","LT10","S","D01","BG",2012,123348940
"NAC","TOTAL","LT10","S","D111","BG",2012,105776135
"NAC","TOTAL","LT10","S","D1111","BG",2012,98795565
"NAC","TOTAL","LT10","S94","D01","BG",2012,69319712
"NAC","TOTAL","LT10","S94","D111","BG",2012,60586288
"NAC","TOTAL","LT10","S94","D1111","BG",2012,55931913
"NAC","TOTAL","LT10","S95","D01","BG",2012,9388834
"NAC","TOTAL","LT10","S95","D111","BG",2012,7865762
"NAC","TOTAL","LT10","S95","D1111","BG",2012,7470886
"NAC","TOTAL","LT10","S96","D01","BG",2012,44640394
"NAC","TOTAL","LT10","S96","D111","BG",2012,37324085
"NAC","TOTAL","LT10","S96","D1111","BG",2012,35392766
"NAC","TOTAL","TOTAL","B","D01","BG",2012,507576950
"NAC","TOTAL","TOTAL","B","D111","BG",2012,387168044
"NAC","TOTAL","TOTAL","B","D1111","BG",2012,327587423
"NAC","TOTAL","TOTAL","B-E","D01","BG",2012,6110978981
"NAC","TOTAL","TOTAL","B-E","D111","BG",2012,5027605646
"NAC","TOTAL","TOTAL","B-E","D1111","BG",2012,4406511619
"NAC","TOTAL","TOTAL","B-F","D01","BG",2012,7319988655
"NAC","TOTAL","TOTAL","B-F","D111","BG",2012,6046750658
"NAC","TOTAL","TOTAL","B-F","D1111","BG",2012,5349654494
"NAC","TOTAL","TOTAL","B-N","D01","BG",2012,17567428811
"NAC","TOTAL","TOTAL","B-N","D111","BG",2012,14853350900
"NAC","TOTAL","TOTAL","B-N","D1111","BG",2012,13361338950
"NAC","TOTAL","TOTAL","B-S","D01","BG",2012,22781448485
"NAC","TOTAL","TOTAL","B-S","D111","BG",2012,19122497027
"NAC","TOTAL","TOTAL","B-S","D1111","BG",2012,17069819122
"NAC","TOTAL","TOTAL","B-S_X_O","D01","BG",2012,21224271457
"NAC","TOTAL","TOTAL","B-S_X_O","D111","BG",2012,17899483661
"NAC","TOTAL","TOTAL","B-S_X_O","D1111","BG",2012,15997163222
"NAC","TOTAL","TOTAL","B05","D01","BG",2012,292494167
"NAC","TOTAL","TOTAL","B05","D111","BG",2012,215600235
"NAC","TOTAL","TOTAL","B05","D1111","BG",2012,175614870
"NAC","TOTAL","TOTAL","B06","D01","BG",2012,7608150
"NAC","TOTAL","TOTAL","B06","D111","BG",2012,6504034
"NAC","TOTAL","TOTAL","B06","D1111","BG",2012,5993371
"NAC","TOTAL","TOTAL","B07","D01","BG",2012,158283568
"NAC","TOTAL","TOTAL","B07","D111","BG",2012,124878111
"NAC","TOTAL","TOTAL","B07","D1111","BG",2012,109843518
"NAC","TOTAL","TOTAL","B08","D01","BG",2012,45893393
"NAC","TOTAL","TOTAL","B08","D111","BG",2012,37377138
"NAC","TOTAL","TOTAL","B08","D1111","BG",2012,33478783
"NAC","TOTAL","TOTAL","B09","D01","BG",2012,3297672
"NAC","TOTAL","TOTAL","B09","D111","BG",2012,2808526
"NAC","TOTAL","TOTAL","B09","D1111","BG",2012,2656881
"NAC","TOTAL","TOTAL","C","D01","BG",2012,4412681846
"NAC","TOTAL","TOTAL","C","D111","BG",2012,3669711794
"NAC","TOTAL","TOTAL","C","D1111","BG",2012,3300323767
"NAC","TOTAL","TOTAL","C10","D01","BG",2012,588293809
"NAC","TOTAL","TOTAL","C10","D111","BG",2012,494077859
"NAC","TOTAL","TOTAL","C10","D1111","BG",2012,454176340
"NAC","TOTAL","TOTAL","C11","D01","BG",2012,158199153
"NAC","TOTAL","TOTAL","C11","D111","BG",2012,133244703
"NAC","TOTAL","TOTAL","C11","D1111","BG",2012,118372918
"NAC","TOTAL","TOTAL","C12","D01","BG",2012,78468664
"NAC","TOTAL","TOTAL","C12","D111","BG",2012,62812740
"NAC","TOTAL","TOTAL","C12","D1111","BG",2012,53458230
"NAC","TOTAL","TOTAL","C13","D01","BG",2012,85349992
"NAC","TOTAL","TOTAL","C13","D111","BG",2012,70919860
"NAC","TOTAL","TOTAL","C13","D1111","BG",2012,64414809
"NAC","TOTAL","TOTAL","C14","D01","BG",2012,594252579
"NAC","TOTAL","TOTAL","C14","D111","BG",2012,492161744
"NAC","TOTAL","TOTAL","C14","D1111","BG",2012,446036874
"NAC","TOTAL","TOTAL","C15","D01","BG",2012,85471371
"NAC","TOTAL","TOTAL","C15","D111","BG",2012,71600932
"NAC","TOTAL","TOTAL","C15","D1111","BG",2012,64936976
"NAC","TOTAL","TOTAL","C16","D01","BG",2012,88520176
"NAC","TOTAL","TOTAL","C16","D111","BG",2012,74018338
"NAC","TOTAL","TOTAL","C16","D1111","BG",2012,66970980
"NAC","TOTAL","TOTAL","C17","D01","BG",2012,74618574
"NAC","TOTAL","TOTAL","C17","D111","BG",2012,62114161
"NAC","TOTAL","TOTAL","C17","D1111","BG",2012,55225685
"NAC","TOTAL","TOTAL","C18","D01","BG",2012,74792354
"NAC","TOTAL","TOTAL","C18","D111","BG",2012,63013011
"NAC","TOTAL","TOTAL","C18","D1111","BG",2012,57561545
"NAC","TOTAL","TOTAL","C19","D01","BG",2012,80730863
"NAC","TOTAL","TOTAL","C19","D111","BG",2012,64731091
"NAC","TOTAL","TOTAL","C19","D1111","BG",2012,57723889
"NAC","TOTAL","TOTAL","C20","D01","BG",2012,162656800
"NAC","TOTAL","TOTAL","C20","D111","BG",2012,135099850
"NAC","TOTAL","TOTAL","C20","D1111","BG",2012,121715809
"NAC","TOTAL","TOTAL","C21","D01","BG",2012,102287951
"NAC","TOTAL","TOTAL","C21","D111","BG",2012,85381701
"NAC","TOTAL","TOTAL","C21","D1111","BG",2012,75819141
"NAC","TOTAL","TOTAL","C22","D01","BG",2012,174951554
"NAC","TOTAL","TOTAL","C22","D111","BG",2012,146851997
"NAC","TOTAL","TOTAL","C22","D1111","BG",2012,134494636
"NAC","TOTAL","TOTAL","C23","D01","BG",2012,218626447
"NAC","TOTAL","TOTAL","C23","D111","BG",2012,180647700
"NAC","TOTAL","TOTAL","C23","D1111","BG",2012,160998095
"NAC","TOTAL","TOTAL","C24","D01","BG",2012,184069750
"NAC","TOTAL","TOTAL","C24","D111","BG",2012,145845393
"NAC","TOTAL","TOTAL","C24","D1111","BG",2012,128935726
"NAC","TOTAL","TOTAL","C25","D01","BG",2012,426212475
"NAC","TOTAL","TOTAL","C25","D111","BG",2012,354739713
"NAC","TOTAL","TOTAL","C25","D1111","BG",2012,316625742
"NAC","TOTAL","TOTAL","C26","D01","BG",2012,103065780
"NAC","TOTAL","TOTAL","C26","D111","BG",2012,88074218
"NAC","TOTAL","TOTAL","C26","D1111","BG",2012,78606304
"NAC","TOTAL","TOTAL","C27","D01","BG",2012,230965246
"NAC","TOTAL","TOTAL","C27","D111","BG",2012,192195147
"NAC","TOTAL","TOTAL","C27","D1111","BG",2012,172615940
"NAC","TOTAL","TOTAL","C28","D01","BG",2012,347798731
"NAC","TOTAL","TOTAL","C28","D111","BG",2012,289979004
"NAC","TOTAL","TOTAL","C28","D1111","BG",2012,258039507
"NAC","TOTAL","TOTAL","C29","D01","BG",2012,123756835
"NAC","TOTAL","TOTAL","C29","D111","BG",2012,104478669
"NAC","TOTAL","TOTAL","C29","D1111","BG",2012,90735516
"NAC","TOTAL","TOTAL","C30","D01","BG",2012,50177819
"NAC","TOTAL","TOTAL","C30","D111","BG",2012,41904016
"NAC","TOTAL","TOTAL","C30","D1111","BG",2012,38313418
"NAC","TOTAL","TOTAL","C31","D01","BG",2012,119722818
"NAC","TOTAL","TOTAL","C31","D111","BG",2012,100100318
"NAC","TOTAL","TOTAL","C31","D1111","BG",2012,91894880
"NAC","TOTAL","TOTAL","C32","D01","BG",2012,63046354
"NAC","TOTAL","TOTAL","C32","D111","BG",2012,53085553
"NAC","TOTAL","TOTAL","C32","D1111","BG",2012,48108654
"NAC","TOTAL","TOTAL","C33","D01","BG",2012,196645751
"NAC","TOTAL","TOTAL","C33","D111","BG",2012,162634076
"NAC","TOTAL","TOTAL","C33","D1111","BG",2012,144542153
"NAC","TOTAL","TOTAL","D","D01","BG",2012,832687478
"NAC","TOTAL","TOTAL","D","D111","BG",2012,671781877
"NAC","TOTAL","TOTAL","D","D1111","BG",2012,520903834
"NAC","TOTAL","TOTAL","D35","D01","BG",2012,832687478
"NAC","TOTAL","TOTAL","D35","D111","BG",2012,671781877
"NAC","TOTAL","TOTAL","D35","D1111","BG",2012,520903834
"NAC","TOTAL","TOTAL","E","D01","BG",2012,358032707
"NAC","TOTAL","TOTAL","E","D111","BG",2012,298943931
"NAC","TOTAL","TOTAL","E","D1111","BG",2012,257696595
"NAC","TOTAL","TOTAL","E36","D01","BG",2012,192825654
"NAC","TOTAL","TOTAL","E36","D111","BG",2012,159675532
"NAC","TOTAL","TOTAL","E36","D1111","BG",2012,131098979
"NAC","TOTAL","TOTAL","E37","D01","BG",2012,4463330
"NAC","TOTAL","TOTAL","E37","D111","BG",2012,3730538
"NAC","TOTAL","TOTAL","E37","D1111","BG",2012,3422173
"NAC","TOTAL","TOTAL","E38","D01","BG",2012,153062492
"NAC","TOTAL","TOTAL","E38","D111","BG",2012,129036148
"NAC","TOTAL","TOTAL","E38","D1111","BG",2012,117444080
"NAC","TOTAL","TOTAL","E39","D01","BG",2012,7681231
"NAC","TOTAL","TOTAL","E39","D111","BG",2012,6501713
"NAC","TOTAL","TOTAL","E39","D1111","BG",2012,5731363
"NAC","TOTAL","TOTAL","F","D01","BG",2012,1209009674
"NAC","TOTAL","TOTAL","F","D111","BG",2012,1019145012
"NAC","TOTAL","TOTAL","F","D1111","BG",2012,943142875
"NAC","TOTAL","TOTAL","F41","D01","BG",2012,440750906
"NAC","TOTAL","TOTAL","F41","D111","BG",2012,372020554
"NAC","TOTAL","TOTAL","F41","D1111","BG",2012,345411968
"NAC","TOTAL","TOTAL","F42","D01","BG",2012,430296546
"NAC","TOTAL","TOTAL","F42","D111","BG",2012,362126537
"NAC","TOTAL","TOTAL","F42","D1111","BG",2012,332390115
"NAC","TOTAL","TOTAL","F43","D01","BG",2012,337962222
"NAC","TOTAL","TOTAL","F43","D111","BG",2012,284997921
"NAC","TOTAL","TOTAL","F43","D1111","BG",2012,265340792
"NAC","TOTAL","TOTAL","G","D01","BG",2012,3331951544
"NAC","TOTAL","TOTAL","G","D111","BG",2012,2830472383
"NAC","TOTAL","TOTAL","G","D1111","BG",2012,2629809636
"NAC","TOTAL","TOTAL","G-J","D01","BG",2012,7133469335
"NAC","TOTAL","TOTAL","G-J","D111","BG",2012,6118093337
"NAC","TOTAL","TOTAL","G-J","D1111","BG",2012,5554739365
"NAC","TOTAL","TOTAL","G-N","D01","BG",2012,10247440156
"NAC","TOTAL","TOTAL","G-N","D111","BG",2012,8806600242
"NAC","TOTAL","TOTAL","G-N","D1111","BG",2012,8011684456
"NAC","TOTAL","TOTAL","G-S_X_O","D01","BG",2012,13904282802
"NAC","TOTAL","TOTAL","G-S_X_O","D111","BG",2012,11852733003
"NAC","TOTAL","TOTAL","G-S_X_O","D1111","BG",2012,10647508728
"NAC","TOTAL","TOTAL","G45","D01","BG",2012,322485681
"NAC","TOTAL","TOTAL","G45","D111","BG",2012,273541138
"NAC","TOTAL","TOTAL","G45","D1111","BG",2012,252924642
"NAC","TOTAL","TOTAL","G46","D01","BG",2012,1558159753
"NAC","TOTAL","TOTAL","G46","D111","BG",2012,1339455629
"NAC","TOTAL","TOTAL","G46","D1111","BG",2012,1242521860
"NAC","TOTAL","TOTAL","G47","D01","BG",2012,1451306110
"NAC","TOTAL","TOTAL","G47","D111","BG",2012,1217475616
"NAC","TOTAL","TOTAL","G47","D1111","BG",2012,1134363134
"NAC","TOTAL","TOTAL","H","D01","BG",2012,1486523143
"NAC","TOTAL","TOTAL","H","D111","BG",2012,1297091720
"NAC","TOTAL","TOTAL","H","D1111","BG",2012,1088395020
"NAC","TOTAL","TOTAL","H49","D01","BG",2012,727775175
"NAC","TOTAL","TOTAL","H49","D111","BG",2012,585538076
"NAC","TOTAL","TOTAL","H49","D1111","BG",2012,500774179
"NAC","TOTAL","TOTAL","H50","D01","BG",2012,64077263
"NAC","TOTAL","TOTAL","H50","D111","BG",2012,58774668
"NAC","TOTAL","TOTAL","H50","D1111","BG",2012,49353378
"NAC","TOTAL","TOTAL","H51","D01","BG",2012,64650288
"NAC","TOTAL","TOTAL","H51","D111","BG",2012,54094136
"NAC","TOTAL","TOTAL","H51","D1111","BG",2012,47890019
"NAC","TOTAL","TOTAL","H52","D01","BG",2012,463823840
"NAC","TOTAL","TOTAL","H52","D111","BG",2012,460473403
"NAC","TOTAL","TOTAL","H52","D1111","BG",2012,371446710
"NAC","TOTAL","TOTAL","H53","D01","BG",2012,166196577
"NAC","TOTAL","TOTAL","H53","D111","BG",2012,138211437
"NAC","TOTAL","TOTAL","H53","D1111","BG",2012,118930734
"NAC","TOTAL","TOTAL","I","D01","BG",2012,741301033
"NAC","TOTAL","TOTAL","I","D111","BG",2012,619351883
"NAC","TOTAL","TOTAL","I","D1111","BG",2012,582187048
"NAC","TOTAL","TOTAL","I55","D01","BG",2012,309884576
"NAC","TOTAL","TOTAL","I55","D111","BG",2012,259633217
"NAC","TOTAL","TOTAL","I55","D1111","BG",2012,241647995
"NAC","TOTAL","TOTAL","I56","D01","BG",2012,431416457
"NAC","TOTAL","TOTAL","I56","D111","BG",2012,359718666
"NAC","TOTAL","TOTAL","I56","D1111","BG",2012,340539053
"NAC","TOTAL","TOTAL","J","D01","BG",2012,1573693615
"NAC","TOTAL","TOTAL","J","D111","BG",2012,1371177351
"NAC","TOTAL","TOTAL","J","D1111","BG",2012,1254347661
"NAC","TOTAL","TOTAL","J58","D01","BG",2012,93757950
"NAC","TOTAL","TOTAL","J58","D111","BG",2012,80775936
"NAC","TOTAL","TOTAL","J58","D1111","BG",2012,73498144
"NAC","TOTAL","TOTAL","J59","D01","BG",2012,35839911
"NAC","TOTAL","TOTAL","J59","D111","BG",2012,31579798
"NAC","TOTAL","TOTAL","J59","D1111","BG",2012,29416314
"NAC","TOTAL","TOTAL","J60","D01","BG",2012,103095725
"NAC","TOTAL","TOTAL","J60","D111","BG",2012,88894706
"NAC","TOTAL","TOTAL","J60","D1111","BG",2012,80374844
"NAC","TOTAL","TOTAL","J61","D01","BG",2012,403267583
"NAC","TOTAL","TOTAL","J61","D111","BG",2012,344671200
"NAC","TOTAL","TOTAL","J61","D1111","BG",2012,313454182
"NAC","TOTAL","TOTAL","J62","D01","BG",2012,834583373
"NAC","TOTAL","TOTAL","J62","D111","BG",2012,735600800
"NAC","TOTAL","TOTAL","J62","D1111","BG",2012,675433560
"NAC","TOTAL","TOTAL","J63","D01","BG",2012,103149073
"NAC","TOTAL","TOTAL","J63","D111","BG",2012,89654911
"NAC","TOTAL","TOTAL","J63","D1111","BG",2012,82170617
"NAC","TOTAL","TOTAL","K","D01","BG",2012,1122510658
"NAC","TOTAL","TOTAL","K","D111","BG",2012,962866734
"NAC","TOTAL","TOTAL","K","D1111","BG",2012,865214064
"NAC","TOTAL","TOTAL","K-N","D01","BG",2012,3113970821
"NAC","TOTAL","TOTAL","K-N","D111","BG",2012,2688506905
"NAC","TOTAL","TOTAL","K-N","D1111","BG",2012,2456945091
"NAC","TOTAL","TOTAL","K64","D01","BG",2012,902178406
"NAC","TOTAL","TOTAL","K64","D111","BG",2012,770935711
"NAC","TOTAL","TOTAL","K64","D1111","BG",2012,687412906
"NAC","TOTAL","TOTAL","K65","D01","BG",2012,133825478
"NAC","TOTAL","TOTAL","K65","D111","BG",2012,116708355
"NAC","TOTAL","TOTAL","K65","D1111","BG",2012,107537301
"NAC","TOTAL","TOTAL","K66","D01","BG",2012,86506774
"NAC","TOTAL","TOTAL","K66","D111","BG",2012,75222668
"NAC","TOTAL","TOTAL","K66","D1111","BG",2012,70263857
"NAC","TOTAL","TOTAL","L","D01","BG",2012,244752660
"NAC","TOTAL","TOTAL","L","D111","BG",2012,209674724
"NAC","TOTAL","TOTAL","L","D1111","BG",2012,193544142
"NAC","TOTAL","TOTAL","L68","D01","BG",2012,244752660
"NAC","TOTAL","TOTAL","L68","D111","BG",2012,209674724
"NAC","TOTAL","TOTAL","L68","D1111","BG",2012,193544142
"NAC","TOTAL","TOTAL","M","D01","BG",2012,993453845
"NAC","TOTAL","TOTAL","M","D111","BG",2012,860606823
"NAC","TOTAL","TOTAL","M","D1111","BG",2012,793051331
"NAC","TOTAL","TOTAL","M69","D01","BG",2012,183468794
"NAC","TOTAL","TOTAL","M69","D111","BG",2012,158332819
"NAC","TOTAL","TOTAL","M69","D1111","BG",2012,146812894
"NAC","TOTAL","TOTAL","M70","D01","BG",2012,175336849
"NAC","TOTAL","TOTAL","M70","D111","BG",2012,154820432
"NAC","TOTAL","TOTAL","M70","D1111","BG",2012,143035989
"NAC","TOTAL","TOTAL","M71","D01","BG",2012,226516846
"NAC","TOTAL","TOTAL","M71","D111","BG",2012,194777486
"NAC","TOTAL","TOTAL","M71","D1111","BG",2012,180145840
"NAC","TOTAL","TOTAL","M72","D01","BG",2012,119581963
"NAC","TOTAL","TOTAL","M72","D111","BG",2012,101123251
"NAC","TOTAL","TOTAL","M72","D1111","BG",2012,89031497
"NAC","TOTAL","TOTAL","M73","D01","BG",2012,135341250
"NAC","TOTAL","TOTAL","M73","D111","BG",2012,118349532
"NAC","TOTAL","TOTAL","M73","D1111","BG",2012,110520165
"NAC","TOTAL","TOTAL","M74","D01","BG",2012,149988741
"NAC","TOTAL","TOTAL","M74","D111","BG",2012,130489665
"NAC","TOTAL","TOTAL","M74","D1111","BG",2012,120947718
"NAC","TOTAL","TOTAL","M75","D01","BG",2012,3219402
"NAC","TOTAL","TOTAL","M75","D111","BG",2012,2713638
"NAC","TOTAL","TOTAL","M75","D1111","BG",2012,2557228
"NAC","TOTAL","TOTAL","N","D01","BG",2012,753253658
"NAC","TOTAL","TOTAL","N","D111","BG",2012,655358624
"NAC","TOTAL","TOTAL","N","D1111","BG",2012,605135554
"NAC","TOTAL","TOTAL","N77","D01","BG",2012,25635492
"NAC","TOTAL","TOTAL","N77","D111","BG",2012,21757354
"NAC","TOTAL","TOTAL","N77","D1111","BG",2012,20300684
"NAC","TOTAL","TOTAL","N78","D01","BG",2012,98904561
"NAC","TOTAL","TOTAL","N78","D111","BG",2012,83453030
"NAC","TOTAL","TOTAL","N78","D1111","BG",2012,76722675
"NAC","TOTAL","TOTAL","N79","D01","BG",2012,44555996
"NAC","TOTAL","TOTAL","N79","D111","BG",2012,37960594
"NAC","TOTAL","TOTAL","N79","D1111","BG",2012,35712760
"NAC","TOTAL","TOTAL","N80","D01","BG",2012,312380999
"NAC","TOTAL","TOTAL","N80","D111","BG",2012,264020348
"NAC","TOTAL","TOTAL","N80","D1111","BG",2012,243681951
"NAC","TOTAL","TOTAL","N81","D01","BG",2012,151142106
"NAC","TOTAL","TOTAL","N81","D111","BG",2012,145034781
"NAC","TOTAL","TOTAL","N81","D1111","BG",2012,133437747
"NAC","TOTAL","TOTAL","N82","D01","BG",2012,120634504
"NAC","TOTAL","TOTAL","N82","D111","BG",2012,103132517
"NAC","TOTAL","TOTAL","N82","D1111","BG",2012,95279737
"NAC","TOTAL","TOTAL","O","D01","BG",2012,1557177028
"NAC","TOTAL","TOTAL","O","D111","BG",2012,1223013366
"NAC","TOTAL","TOTAL","O","D1111","BG",2012,1072655900
"NAC","TOTAL","TOTAL","O-S","D01","BG",2012,5214019674
"NAC","TOTAL","TOTAL","O-S","D111","BG",2012,4269146127
"NAC","TOTAL","TOTAL","O-S","D1111","BG",2012,3708480172
"NAC","TOTAL","TOTAL","O84","D01","BG",2012,1557177028
"NAC","TOTAL","TOTAL","O84","D111","BG",2012,1223013366
"NAC","TOTAL","TOTAL","O84","D1111","BG",2012,1072655900
"NAC","TOTAL","TOTAL","P","D01","BG",2012,1731915675
"NAC","TOTAL","TOTAL","P","D111","BG",2012,1418362277
"NAC","TOTAL","TOTAL","P","D1111","BG",2012,1172773586
"NAC","TOTAL","TOTAL","P-S","D01","BG",2012,3656842646
"NAC","TOTAL","TOTAL","P-S","D111","BG",2012,3046132761
"NAC","TOTAL","TOTAL","P-S","D1111","BG",2012,2635824272
"NAC","TOTAL","TOTAL","P85","D01","BG",2012,1731915675
"NAC","TOTAL","TOTAL","P85","D111","BG",2012,1418362277
"NAC","TOTAL","TOTAL","P85","D1111","BG",2012,1172773586
"NAC","TOTAL","TOTAL","Q","D01","BG",2012,1406855178
"NAC","TOTAL","TOTAL","Q","D111","BG",2012,1183798631
"NAC","TOTAL","TOTAL","Q","D1111","BG",2012,1055821825
"NAC","TOTAL","TOTAL","Q86","D01","BG",2012,1223581532
"NAC","TOTAL","TOTAL","Q86","D111","BG",2012,1031198477
"NAC","TOTAL","TOTAL","Q86","D1111","BG",2012,922847537
"NAC","TOTAL","TOTAL","Q87","D01","BG",2012,87021173
"NAC","TOTAL","TOTAL","Q87","D111","BG",2012,72010821
"NAC","TOTAL","TOTAL","Q87","D1111","BG",2012,62538794
"NAC","TOTAL","TOTAL","Q88","D01","BG",2012,96252473
"NAC","TOTAL","TOTAL","Q88","D111","BG",2012,80589333
"NAC","TOTAL","TOTAL","Q88","D1111","BG",2012,70435494
"NAC","TOTAL","TOTAL","R","D01","BG",2012,275569093
"NAC","TOTAL","TOTAL","R","D111","BG",2012,235294625
"NAC","TOTAL","TOTAL","R","D1111","BG",2012,215142877
"NAC","TOTAL","TOTAL","R90","D01","BG",2012,52669946
"NAC","TOTAL","TOTAL","R90","D111","BG",2012,43530537
"NAC","TOTAL","TOTAL","R90","D1111","BG",2012,38149768
"NAC","TOTAL","TOTAL","R91","D01","BG",2012,33410368
"NAC","TOTAL","TOTAL","R91","D111","BG",2012,27623144
"NAC","TOTAL","TOTAL","R91","D1111","BG",2012,24009862
"NAC","TOTAL","TOTAL","R92","D01","BG",2012,76228818
"NAC","TOTAL","TOTAL","R92","D111","BG",2012,63800545
"NAC","TOTAL","TOTAL","R92","D1111","BG",2012,58793987
"NAC","TOTAL","TOTAL","R93","D01","BG",2012,113259961
"NAC","TOTAL","TOTAL","R93","D111","BG",2012,100340399
"NAC","TOTAL","TOTAL","R93","D1111","BG",2012,94189260
"NAC","TOTAL","TOTAL","S","D01","BG",2012,242502700
"NAC","TOTAL","TOTAL","S","D111","BG",2012,208677228
"NAC","TOTAL","TOTAL","S","D1111","BG",2012,192085984
"NAC","TOTAL","TOTAL","S94","D01","BG",2012,157780616
"NAC","TOTAL","TOTAL","S94","D111","BG",2012,137837232
"NAC","TOTAL","TOTAL","S94","D1111","BG",2012,125730330
"NAC","TOTAL","TOTAL","S95","D01","BG",2012,15933756
"NAC","TOTAL","TOTAL","S95","D111","BG",2012,13389292
"NAC","TOTAL","TOTAL","S95","D1111","BG",2012,12521271
"NAC","TOTAL","TOTAL","S96","D01","BG",2012,68788328
"NAC","TOTAL","TOTAL","S96","D111","BG",2012,57450704
"NAC","TOTAL","TOTAL","S96","D1111","BG",2012,53834383
"PPS","P_SAL_H","10-49","B","D01","BG",2012,7.58
"PPS","P_SAL_H","10-49","B","D111","BG",2012,6.31
"PPS","P_SAL_H","10-49","B","D1111","BG",2012,5.74
"PPS","P_SAL_H","10-49","B-E","D01","BG",2012,4.49
"PPS","P_SAL_H","10-49","B-E","D111","BG",2012,3.77
"PPS","P_SAL_H","10-49","B-E","D1111","BG",2012,3.47
"PPS","P_SAL_H","10-49","B-F","D01","BG",2012,4.73
"PPS","P_SAL_H","10-49","B-F","D111","BG",2012,3.98
"PPS","P_SAL_H","10-49","B-F","D1111","BG",2012,3.68
"PPS","P_SAL_H","10-49","B-N","D01","BG",2012,5.76
"PPS","P_SAL_H","10-49","B-N","D111","BG",2012,4.91
"PPS","P_SAL_H","10-49","B-N","D1111","BG",2012,4.56
"PPS","P_SAL_H","10-49","B-S","D01","BG",2012,5.99
"PPS","P_SAL_H","10-49","B-S","D111","BG",2012,5.05
"PPS","P_SAL_H","10-49","B-S","D1111","BG",2012,4.59
"PPS","P_SAL_H","10-49","B-S_X_O","D01","BG",2012,5.86
"PPS","P_SAL_H","10-49","B-S_X_O","D111","BG",2012,4.95
"PPS","P_SAL_H","10-49","B-S_X_O","D1111","BG",2012,4.51
"PPS","P_SAL_H","10-49","B05","D01","BG",2012,NA
"PPS","P_SAL_H","10-49","B05","D111","BG",2012,NA
"PPS","P_SAL_H","10-49","B05","D1111","BG",2012,NA
"PPS","P_SAL_H","10-49","B06","D01","BG",2012,21.6
"PPS","P_SAL_H","10-49","B06","D111","BG",2012,19.31
"PPS","P_SAL_H","10-49","B06","D1111","BG",2012,18.05
"PPS","P_SAL_H","10-49","B07","D01","BG",2012,NA
"PPS","P_SAL_H","10-49","B07","D111","BG",2012,NA
"PPS","P_SAL_H","10-49","B07","D1111","BG",2012,NA
"PPS","P_SAL_H","10-49","B08","D01","BG",2012,7.05
"PPS","P_SAL_H","10-49","B08","D111","BG",2012,5.82
"PPS","P_SAL_H","10-49","B08","D1111","BG",2012,5.29
"PPS","P_SAL_H","10-49","B09","D01","BG",2012,NA
"PPS","P_SAL_H","10-49","B09","D111","BG",2012,NA
"PPS","P_SAL_H","10-49","B09","D1111","BG",2012,NA
"PPS","P_SAL_H","10-49","C","D01","BG",2012,4.3
"PPS","P_SAL_H","10-49","C","D111","BG",2012,3.61
"PPS","P_SAL_H","10-49","C","D1111","BG",2012,3.33
"PPS","P_SAL_H","10-49","C10","D01","BG",2012,3.95
"PPS","P_SAL_H","10-49","C10","D111","BG",2012,3.3
"PPS","P_SAL_H","10-49","C10","D1111","BG",2012,3.06
"PPS","P_SAL_H","10-49","C11","D01","BG",2012,5.06
"PPS","P_SAL_H","10-49","C11","D111","BG",2012,4.26
"PPS","P_SAL_H","10-49","C11","D1111","BG",2012,3.91
"PPS","P_SAL_H","10-49","C12","D01","BG",2012,NA
"PPS","P_SAL_H","10-49","C12","D111","BG",2012,NA
"PPS","P_SAL_H","10-49","C12","D1111","BG",2012,NA
"PPS","P_SAL_H","10-49","C13","D01","BG",2012,4.23
"PPS","P_SAL_H","10-49","C13","D111","BG",2012,3.52
"PPS","P_SAL_H","10-49","C13","D1111","BG",2012,3.23
"PPS","P_SAL_H","10-49","C14","D01","BG",2012,3.3
"PPS","P_SAL_H","10-49","C14","D111","BG",2012,2.74
"PPS","P_SAL_H","10-49","C14","D1111","BG",2012,2.54
"PPS","P_SAL_H","10-49","C15","D01","BG",2012,3.25
"PPS","P_SAL_H","10-49","C15","D111","BG",2012,2.71
"PPS","P_SAL_H","10-49","C15","D1111","BG",2012,2.5
"PPS","P_SAL_H","10-49","C16","D01","BG",2012,3.16
"PPS","P_SAL_H","10-49","C16","D111","BG",2012,2.64
"PPS","P_SAL_H","10-49","C16","D1111","BG",2012,2.44
"PPS","P_SAL_H","10-49","C17","D01","BG",2012,3.95
"PPS","P_SAL_H","10-49","C17","D111","BG",2012,3.3
"PPS","P_SAL_H","10-49","C17","D1111","BG",2012,3.03
"PPS","P_SAL_H","10-49","C18","D01","BG",2012,4.61
"PPS","P_SAL_H","10-49","C18","D111","BG",2012,3.9
"PPS","P_SAL_H","10-49","C18","D1111","BG",2012,3.58
"PPS","P_SAL_H","10-49","C19","D01","BG",2012,NA
"PPS","P_SAL_H","10-49","C19","D111","BG",2012,NA
"PPS","P_SAL_H","10-49","C19","D1111","BG",2012,NA
"PPS","P_SAL_H","10-49","C20","D01","BG",2012,5.53
"PPS","P_SAL_H","10-49","C20","D111","BG",2012,4.66
"PPS","P_SAL_H","10-49","C20","D1111","BG",2012,4.33
"PPS","P_SAL_H","10-49","C21","D01","BG",2012,6.44
"PPS","P_SAL_H","10-49","C21","D111","BG",2012,5.46
"PPS","P_SAL_H","10-49","C21","D1111","BG",2012,5.05
"PPS","P_SAL_H","10-49","C22","D01","BG",2012,4.5
"PPS","P_SAL_H","10-49","C22","D111","BG",2012,3.78
"PPS","P_SAL_H","10-49","C22","D1111","BG",2012,3.47
"PPS","P_SAL_H","10-49","C23","D01","BG",2012,5.11
"PPS","P_SAL_H","10-49","C23","D111","BG",2012,4.22
"PPS","P_SAL_H","10-49","C23","D1111","BG",2012,3.9
"PPS","P_SAL_H","10-49","C24","D01","BG",2012,5.59
"PPS","P_SAL_H","10-49","C24","D111","BG",2012,4.58
"PPS","P_SAL_H","10-49","C24","D1111","BG",2012,4.22
"PPS","P_SAL_H","10-49","C25","D01","BG",2012,4.92
"PPS","P_SAL_H","10-49","C25","D111","BG",2012,4.12
"PPS","P_SAL_H","10-49","C25","D1111","BG",2012,3.79
"PPS","P_SAL_H","10-49","C26","D01","BG",2012,7.25
"PPS","P_SAL_H","10-49","C26","D111","BG",2012,6.2
"PPS","P_SAL_H","10-49","C26","D1111","BG",2012,5.71
"PPS","P_SAL_H","10-49","C27","D01","BG",2012,7.06
"PPS","P_SAL_H","10-49","C27","D111","BG",2012,6.12
"PPS","P_SAL_H","10-49","C27","D1111","BG",2012,5.71
"PPS","P_SAL_H","10-49","C28","D01","BG",2012,5.48
"PPS","P_SAL_H","10-49","C28","D111","BG",2012,4.61
"PPS","P_SAL_H","10-49","C28","D1111","BG",2012,4.24
"PPS","P_SAL_H","10-49","C29","D01","BG",2012,6.73
"PPS","P_SAL_H","10-49","C29","D111","BG",2012,5.7
"PPS","P_SAL_H","10-49","C29","D1111","BG",2012,5.26
"PPS","P_SAL_H","10-49","C30","D01","BG",2012,5.23
"PPS","P_SAL_H","10-49","C30","D111","BG",2012,4.39
"PPS","P_SAL_H","10-49","C30","D1111","BG",2012,4.12
"PPS","P_SAL_H","10-49","C31","D01","BG",2012,3.28
"PPS","P_SAL_H","10-49","C31","D111","BG",2012,2.75
"PPS","P_SAL_H","10-49","C31","D1111","BG",2012,2.54
"PPS","P_SAL_H","10-49","C32","D01","BG",2012,NA
"PPS","P_SAL_H","10-49","C32","D111","BG",2012,NA
"PPS","P_SAL_H","10-49","C32","D1111","BG",2012,NA
"PPS","P_SAL_H","10-49","C33","D01","BG",2012,6.61
"PPS","P_SAL_H","10-49","C33","D111","BG",2012,5.57
"PPS","P_SAL_H","10-49","C33","D1111","BG",2012,5.17
"PPS","P_SAL_H","10-49","D","D01","BG",2012,12.88
"PPS","P_SAL_H","10-49","D","D111","BG",2012,11.31
"PPS","P_SAL_H","10-49","D","D1111","BG",2012,10.15
"PPS","P_SAL_H","10-49","D35","D01","BG",2012,12.88
"PPS","P_SAL_H","10-49","D35","D111","BG",2012,11.31
"PPS","P_SAL_H","10-49","D35","D1111","BG",2012,10.15
"PPS","P_SAL_H","10-49","E","D01","BG",2012,5.04
"PPS","P_SAL_H","10-49","E","D111","BG",2012,4.26
"PPS","P_SAL_H","10-49","E","D1111","BG",2012,3.89
"PPS","P_SAL_H","10-49","E36","D01","BG",2012,5.47
"PPS","P_SAL_H","10-49","E36","D111","BG",2012,4.55
"PPS","P_SAL_H","10-49","E36","D1111","BG",2012,3.78
"PPS","P_SAL_H","10-49","E37","D01","BG",2012,5.22
"PPS","P_SAL_H","10-49","E37","D111","BG",2012,4.36
"PPS","P_SAL_H","10-49","E37","D1111","BG",2012,4.02
"PPS","P_SAL_H","10-49","E38","D01","BG",2012,4.75
"PPS","P_SAL_H","10-49","E38","D111","BG",2012,4
"PPS","P_SAL_H","10-49","E38","D1111","BG",2012,3.68
"PPS","P_SAL_H","10-49","E39","D01","BG",2012,8.26
"PPS","P_SAL_H","10-49","E39","D111","BG",2012,7.18
"PPS","P_SAL_H","10-49","E39","D1111","BG",2012,6.63
"PPS","P_SAL_H","10-49","F","D01","BG",2012,5.4
"PPS","P_SAL_H","10-49","F","D111","BG",2012,4.57
"PPS","P_SAL_H","10-49","F","D1111","BG",2012,4.26
"PPS","P_SAL_H","10-49","F41","D01","BG",2012,4.76
"PPS","P_SAL_H","10-49","F41","D111","BG",2012,4.01
"PPS","P_SAL_H","10-49","F41","D1111","BG",2012,3.73
"PPS","P_SAL_H","10-49","F42","D01","BG",2012,6.73
"PPS","P_SAL_H","10-49","F42","D111","BG",2012,5.74
"PPS","P_SAL_H","10-49","F42","D1111","BG",2012,5.38
"PPS","P_SAL_H","10-49","F43","D01","BG",2012,5.55
"PPS","P_SAL_H","10-49","F43","D111","BG",2012,4.69
"PPS","P_SAL_H","10-49","F43","D1111","BG",2012,4.37
"PPS","P_SAL_H","10-49","G","D01","BG",2012,5.8
"PPS","P_SAL_H","10-49","G","D111","BG",2012,4.94
"PPS","P_SAL_H","10-49","G","D1111","BG",2012,4.6
"PPS","P_SAL_H","10-49","G-J","D01","BG",2012,5.88
"PPS","P_SAL_H","10-49","G-J","D111","BG",2012,5
"PPS","P_SAL_H","10-49","G-J","D1111","BG",2012,4.66
"PPS","P_SAL_H","10-49","G-N","D01","BG",2012,6.42
"PPS","P_SAL_H","10-49","G-N","D111","BG",2012,5.5
"PPS","P_SAL_H","10-49","G-N","D1111","BG",2012,5.12
"PPS","P_SAL_H","10-49","G-S_X_O","D01","BG",2012,6.35
"PPS","P_SAL_H","10-49","G-S_X_O","D111","BG",2012,5.38
"PPS","P_SAL_H","10-49","G-S_X_O","D1111","BG",2012,4.88
"PPS","P_SAL_H","10-49","G45","D01","BG",2012,6.12
"PPS","P_SAL_H","10-49","G45","D111","BG",2012,5.19
"PPS","P_SAL_H","10-49","G45","D1111","BG",2012,4.82
"PPS","P_SAL_H","10-49","G46","D01","BG",2012,7.19
"PPS","P_SAL_H","10-49","G46","D111","BG",2012,6.21
"PPS","P_SAL_H","10-49","G46","D1111","BG",2012,5.78
"PPS","P_SAL_H","10-49","G47","D01","BG",2012,4.37
"PPS","P_SAL_H","10-49","G47","D111","BG",2012,3.65
"PPS","P_SAL_H","10-49","G47","D1111","BG",2012,3.4
"PPS","P_SAL_H","10-49","H","D01","BG",2012,5.13
"PPS","P_SAL_H","10-49","H","D111","BG",2012,4.21
"PPS","P_SAL_H","10-49","H","D1111","BG",2012,3.92
"PPS","P_SAL_H","10-49","H49","D01","BG",2012,4.27
"PPS","P_SAL_H","10-49","H49","D111","BG",2012,3.44
"PPS","P_SAL_H","10-49","H49","D1111","BG",2012,3.21
"PPS","P_SAL_H","10-49","H50","D01","BG",2012,8.1
"PPS","P_SAL_H","10-49","H50","D111","BG",2012,7
"PPS","P_SAL_H","10-49","H50","D1111","BG",2012,6.73
"PPS","P_SAL_H","10-49","H51","D01","BG",2012,15.69
"PPS","P_SAL_H","10-49","H51","D111","BG",2012,12.99
"PPS","P_SAL_H","10-49","H51","D1111","BG",2012,11.85
"PPS","P_SAL_H","10-49","H52","D01","BG",2012,9.67
"PPS","P_SAL_H","10-49","H52","D111","BG",2012,8.32
"PPS","P_SAL_H","10-49","H52","D1111","BG",2012,7.71
"PPS","P_SAL_H","10-49","H53","D01","BG",2012,NA
"PPS","P_SAL_H","10-49","H53","D111","BG",2012,NA
"PPS","P_SAL_H","10-49","H53","D1111","BG",2012,NA
"PPS","P_SAL_H","10-49","I","D01","BG",2012,4.07
"PPS","P_SAL_H","10-49","I","D111","BG",2012,3.39
"PPS","P_SAL_H","10-49","I","D1111","BG",2012,3.18
"PPS","P_SAL_H","10-49","I55","D01","BG",2012,4.76
"PPS","P_SAL_H","10-49","I55","D111","BG",2012,3.97
"PPS","P_SAL_H","10-49","I55","D1111","BG",2012,3.72
"PPS","P_SAL_H","10-49","I56","D01","BG",2012,3.76
"PPS","P_SAL_H","10-49","I56","D111","BG",2012,3.13
"PPS","P_SAL_H","10-49","I56","D1111","BG",2012,2.95
"PPS","P_SAL_H","10-49","J","D01","BG",2012,13.12
"PPS","P_SAL_H","10-49","J","D111","BG",2012,11.57
"PPS","P_SAL_H","10-49","J","D1111","BG",2012,10.76
"PPS","P_SAL_H","10-49","J58","D01","BG",2012,7.68
"PPS","P_SAL_H","10-49","J58","D111","BG",2012,6.63
"PPS","P_SAL_H","10-49","J58","D1111","BG",2012,6.15
"PPS","P_SAL_H","10-49","J59","D01","BG",2012,14.2
"PPS","P_SAL_H","10-49","J59","D111","BG",2012,12.62
"PPS","P_SAL_H","10-49","J59","D1111","BG",2012,11.82
"PPS","P_SAL_H","10-49","J60","D01","BG",2012,8.7
"PPS","P_SAL_H","10-49","J60","D111","BG",2012,7.41
"PPS","P_SAL_H","10-49","J60","D1111","BG",2012,6.87
"PPS","P_SAL_H","10-49","J61","D01","BG",2012,5.82
"PPS","P_SAL_H","10-49","J61","D111","BG",2012,4.91
"PPS","P_SAL_H","10-49","J61","D1111","BG",2012,4.52
"PPS","P_SAL_H","10-49","J62","D01","BG",2012,17.41
"PPS","P_SAL_H","10-49","J62","D111","BG",2012,15.48
"PPS","P_SAL_H","10-49","J62","D1111","BG",2012,14.41
"PPS","P_SAL_H","10-49","J63","D01","BG",2012,12.05
"PPS","P_SAL_H","10-49","J63","D111","BG",2012,10.68
"PPS","P_SAL_H","10-49","J63","D1111","BG",2012,9.97
"PPS","P_SAL_H","10-49","K","D01","BG",2012,13.34
"PPS","P_SAL_H","10-49","K","D111","BG",2012,11.78
"PPS","P_SAL_H","10-49","K","D1111","BG",2012,10.89
"PPS","P_SAL_H","10-49","K-N","D01","BG",2012,8.59
"PPS","P_SAL_H","10-49","K-N","D111","BG",2012,7.51
"PPS","P_SAL_H","10-49","K-N","D1111","BG",2012,6.97
"PPS","P_SAL_H","10-49","K64","D01","BG",2012,14.01
"PPS","P_SAL_H","10-49","K64","D111","BG",2012,12.4
"PPS","P_SAL_H","10-49","K64","D1111","BG",2012,11.47
"PPS","P_SAL_H","10-49","K65","D01","BG",2012,17.62
"PPS","P_SAL_H","10-49","K65","D111","BG",2012,15.5
"PPS","P_SAL_H","10-49","K65","D1111","BG",2012,14.03
"PPS","P_SAL_H","10-49","K66","D01","BG",2012,10.68
"PPS","P_SAL_H","10-49","K66","D111","BG",2012,9.4
"PPS","P_SAL_H","10-49","K66","D1111","BG",2012,8.81
"PPS","P_SAL_H","10-49","L","D01","BG",2012,7.47
"PPS","P_SAL_H","10-49","L","D111","BG",2012,6.41
"PPS","P_SAL_H","10-49","L","D1111","BG",2012,5.88
"PPS","P_SAL_H","10-49","L68","D01","BG",2012,7.47
"PPS","P_SAL_H","10-49","L68","D111","BG",2012,6.41
"PPS","P_SAL_H","10-49","L68","D1111","BG",2012,5.88
"PPS","P_SAL_H","10-49","M","D01","BG",2012,12.05
"PPS","P_SAL_H","10-49","M","D111","BG",2012,10.65
"PPS","P_SAL_H","10-49","M","D1111","BG",2012,9.92
"PPS","P_SAL_H","10-49","M69","D01","BG",2012,9.51
"PPS","P_SAL_H","10-49","M69","D111","BG",2012,8.23
"PPS","P_SAL_H","10-49","M69","D1111","BG",2012,7.67
"PPS","P_SAL_H","10-49","M70","D01","BG",2012,20.66
"PPS","P_SAL_H","10-49","M70","D111","BG",2012,18.95
"PPS","P_SAL_H","10-49","M70","D1111","BG",2012,17.98
"PPS","P_SAL_H","10-49","M71","D01","BG",2012,12.01
"PPS","P_SAL_H","10-49","M71","D111","BG",2012,10.48
"PPS","P_SAL_H","10-49","M71","D1111","BG",2012,9.71
"PPS","P_SAL_H","10-49","M72","D01","BG",2012,8.07
"PPS","P_SAL_H","10-49","M72","D111","BG",2012,6.84
"PPS","P_SAL_H","10-49","M72","D1111","BG",2012,6.14
"PPS","P_SAL_H","10-49","M73","D01","BG",2012,11.74
"PPS","P_SAL_H","10-49","M73","D111","BG",2012,10.4
"PPS","P_SAL_H","10-49","M73","D1111","BG",2012,9.7
"PPS","P_SAL_H","10-49","M74","D01","BG",2012,11.75
"PPS","P_SAL_H","10-49","M74","D111","BG",2012,10.41
"PPS","P_SAL_H","10-49","M74","D1111","BG",2012,9.7
"PPS","P_SAL_H","10-49","M75","D01","BG",2012,4.13
"PPS","P_SAL_H","10-49","M75","D111","BG",2012,3.51
"PPS","P_SAL_H","10-49","M75","D1111","BG",2012,3.25
"PPS","P_SAL_H","10-49","N","D01","BG",2012,4.63
"PPS","P_SAL_H","10-49","N","D111","BG",2012,3.96
"PPS","P_SAL_H","10-49","N","D1111","BG",2012,3.69
"PPS","P_SAL_H","10-49","N77","D01","BG",2012,8.44
"PPS","P_SAL_H","10-49","N77","D111","BG",2012,7.2
"PPS","P_SAL_H","10-49","N77","D1111","BG",2012,6.72
"PPS","P_SAL_H","10-49","N78","D01","BG",2012,7.81
"PPS","P_SAL_H","10-49","N78","D111","BG",2012,6.59
"PPS","P_SAL_H","10-49","N78","D1111","BG",2012,6.1
"PPS","P_SAL_H","10-49","N79","D01","BG",2012,7.15
"PPS","P_SAL_H","10-49","N79","D111","BG",2012,6.11
"PPS","P_SAL_H","10-49","N79","D1111","BG",2012,5.73
"PPS","P_SAL_H","10-49","N80","D01","BG",2012,3.36
"PPS","P_SAL_H","10-49","N80","D111","BG",2012,2.83
"PPS","P_SAL_H","10-49","N80","D1111","BG",2012,2.66
"PPS","P_SAL_H","10-49","N81","D01","BG",2012,3.44
"PPS","P_SAL_H","10-49","N81","D111","BG",2012,3
"PPS","P_SAL_H","10-49","N81","D1111","BG",2012,2.77
"PPS","P_SAL_H","10-49","N82","D01","BG",2012,6.93
"PPS","P_SAL_H","10-49","N82","D111","BG",2012,6
"PPS","P_SAL_H","10-49","N82","D1111","BG",2012,5.57
"PPS","P_SAL_H","10-49","O","D01","BG",2012,10.41
"PPS","P_SAL_H","10-49","O","D111","BG",2012,8.16
"PPS","P_SAL_H","10-49","O","D1111","BG",2012,6.94
"PPS","P_SAL_H","10-49","O-S","D01","BG",2012,6.74
"PPS","P_SAL_H","10-49","O-S","D111","BG",2012,5.49
"PPS","P_SAL_H","10-49","O-S","D1111","BG",2012,4.67
"PPS","P_SAL_H","10-49","O84","D01","BG",2012,10.41
"PPS","P_SAL_H","10-49","O84","D111","BG",2012,8.16
"PPS","P_SAL_H","10-49","O84","D1111","BG",2012,6.94
"PPS","P_SAL_H","10-49","P","D01","BG",2012,6.64
"PPS","P_SAL_H","10-49","P","D111","BG",2012,5.39
"PPS","P_SAL_H","10-49","P","D1111","BG",2012,4.43
"PPS","P_SAL_H","10-49","P-S","D01","BG",2012,6.2
"PPS","P_SAL_H","10-49","P-S","D111","BG",2012,5.1
"PPS","P_SAL_H","10-49","P-S","D1111","BG",2012,4.34
"PPS","P_SAL_H","10-49","P85","D01","BG",2012,6.64
"PPS","P_SAL_H","10-49","P85","D111","BG",2012,5.39
"PPS","P_SAL_H","10-49","P85","D1111","BG",2012,4.43
"PPS","P_SAL_H","10-49","Q","D01","BG",2012,5.74
"PPS","P_SAL_H","10-49","Q","D111","BG",2012,4.84
"PPS","P_SAL_H","10-49","Q","D1111","BG",2012,4.38
"PPS","P_SAL_H","10-49","Q86","D01","BG",2012,6.98
"PPS","P_SAL_H","10-49","Q86","D111","BG",2012,5.94
"PPS","P_SAL_H","10-49","Q86","D1111","BG",2012,5.46
"PPS","P_SAL_H","10-49","Q87","D01","BG",2012,4.49
"PPS","P_SAL_H","10-49","Q87","D111","BG",2012,3.7
"PPS","P_SAL_H","10-49","Q87","D1111","BG",2012,3.23
"PPS","P_SAL_H","10-49","Q88","D01","BG",2012,4.14
"PPS","P_SAL_H","10-49","Q88","D111","BG",2012,3.48
"PPS","P_SAL_H","10-49","Q88","D1111","BG",2012,3.05
"PPS","P_SAL_H","10-49","R","D01","BG",2012,4.84
"PPS","P_SAL_H","10-49","R","D111","BG",2012,4.06
"PPS","P_SAL_H","10-49","R","D1111","BG",2012,3.71
"PPS","P_SAL_H","10-49","R90","D01","BG",2012,5.32
"PPS","P_SAL_H","10-49","R90","D111","BG",2012,4.39
"PPS","P_SAL_H","10-49","R90","D1111","BG",2012,3.89
"PPS","P_SAL_H","10-49","R91","D01","BG",2012,4.82
"PPS","P_SAL_H","10-49","R91","D111","BG",2012,3.99
"PPS","P_SAL_H","10-49","R91","D1111","BG",2012,3.47
"PPS","P_SAL_H","10-49","R92","D01","BG",2012,3.98
"PPS","P_SAL_H","10-49","R92","D111","BG",2012,3.33
"PPS","P_SAL_H","10-49","R92","D1111","BG",2012,3.13
"PPS","P_SAL_H","10-49","R93","D01","BG",2012,5.54
"PPS","P_SAL_H","10-49","R93","D111","BG",2012,4.74
"PPS","P_SAL_H","10-49","R93","D1111","BG",2012,4.42
"PPS","P_SAL_H","10-49","S","D01","BG",2012,5.5
"PPS","P_SAL_H","10-49","S","D111","BG",2012,4.72
"PPS","P_SAL_H","10-49","S","D1111","BG",2012,4.29
"PPS","P_SAL_H","10-49","S94","D01","BG",2012,6.64
"PPS","P_SAL_H","10-49","S94","D111","BG",2012,5.77
"PPS","P_SAL_H","10-49","S94","D1111","BG",2012,5.23
"PPS","P_SAL_H","10-49","S95","D01","BG",2012,NA
"PPS","P_SAL_H","10-49","S95","D111","BG",2012,NA
"PPS","P_SAL_H","10-49","S95","D1111","BG",2012,NA
"PPS","P_SAL_H","10-49","S96","D01","BG",2012,3.84
"PPS","P_SAL_H","10-49","S96","D111","BG",2012,3.2
"PPS","P_SAL_H","10-49","S96","D1111","BG",2012,2.94
"PPS","P_SAL_H","250-499","B","D01","BG",2012,7.85
"PPS","P_SAL_H","250-499","B","D111","BG",2012,6.06
"PPS","P_SAL_H","250-499","B","D1111","BG",2012,5.41
"PPS","P_SAL_H","250-499","B-E","D01","BG",2012,7.57
"PPS","P_SAL_H","250-499","B-E","D111","BG",2012,6.29
"PPS","P_SAL_H","250-499","B-E","D1111","BG",2012,5.53
"PPS","P_SAL_H","250-499","B-F","D01","BG",2012,7.7
"PPS","P_SAL_H","250-499","B-F","D111","BG",2012,6.41
"PPS","P_SAL_H","250-499","B-F","D1111","BG",2012,5.66
"PPS","P_SAL_H","250-499","B-N","D01","BG",2012,8.31
"PPS","P_SAL_H","250-499","B-N","D111","BG",2012,7.02
"PPS","P_SAL_H","250-499","B-N","D1111","BG",2012,6.26
"PPS","P_SAL_H","250-499","B-S","D01","BG",2012,8.56
"PPS","P_SAL_H","250-499","B-S","D111","BG",2012,7.16
"PPS","P_SAL_H","250-499","B-S","D1111","BG",2012,6.35
"PPS","P_SAL_H","250-499","B-S_X_O","D01","BG",2012,8.35
"PPS","P_SAL_H","250-499","B-S_X_O","D111","BG",2012,7.05
"PPS","P_SAL_H","250-499","B-S_X_O","D1111","BG",2012,6.26
"PPS","P_SAL_H","250-499","B05","D01","BG",2012,6.42
"PPS","P_SAL_H","250-499","B05","D111","BG",2012,4.88
"PPS","P_SAL_H","250-499","B05","D1111","BG",2012,4.4
"PPS","P_SAL_H","250-499","B06","D01","BG",2012,NA
"PPS","P_SAL_H","250-499","B06","D111","BG",2012,NA
"PPS","P_SAL_H","250-499","B06","D1111","BG",2012,NA
"PPS","P_SAL_H","250-499","B07","D01","BG",2012,9.45
"PPS","P_SAL_H","250-499","B07","D111","BG",2012,7.25
"PPS","P_SAL_H","250-499","B07","D1111","BG",2012,6.53
"PPS","P_SAL_H","250-499","B08","D01","BG",2012,6.5
"PPS","P_SAL_H","250-499","B08","D111","BG",2012,5.22
"PPS","P_SAL_H","250-499","B08","D1111","BG",2012,4.49
"PPS","P_SAL_H","250-499","C","D01","BG",2012,7.3
"PPS","P_SAL_H","250-499","C","D111","BG",2012,6.1
"PPS","P_SAL_H","250-499","C","D1111","BG",2012,5.4
"PPS","P_SAL_H","250-499","C10","D01","BG",2012,NA
"PPS","P_SAL_H","250-499","C10","D111","BG",2012,NA
"PPS","P_SAL_H","250-499","C10","D1111","BG",2012,NA
"PPS","P_SAL_H","250-499","C11","D01","BG",2012,9.15
"PPS","P_SAL_H","250-499","C11","D111","BG",2012,7.77
"PPS","P_SAL_H","250-499","C11","D1111","BG",2012,7.11
"PPS","P_SAL_H","250-499","C12","D01","BG",2012,13.3
"PPS","P_SAL_H","250-499","C12","D111","BG",2012,11.44
"PPS","P_SAL_H","250-499","C12","D1111","BG",2012,9.97
"PPS","P_SAL_H","250-499","C13","D01","BG",2012,5.24
"PPS","P_SAL_H","250-499","C13","D111","BG",2012,4.26
"PPS","P_SAL_H","250-499","C13","D1111","BG",2012,3.71
"PPS","P_SAL_H","250-499","C14","D01","BG",2012,4.75
"PPS","P_SAL_H","250-499","C14","D111","BG",2012,3.99
"PPS","P_SAL_H","250-499","C14","D1111","BG",2012,3.54
"PPS","P_SAL_H","250-499","C15","D01","BG",2012,5.04
"PPS","P_SAL_H","250-499","C15","D111","BG",2012,4.28
"PPS","P_SAL_H","250-499","C15","D1111","BG",2012,3.7
"PPS","P_SAL_H","250-499","C16","D01","BG",2012,NA
"PPS","P_SAL_H","250-499","C16","D111","BG",2012,NA
"PPS","P_SAL_H","250-499","C16","D1111","BG",2012,NA
"PPS","P_SAL_H","250-499","C17","D01","BG",2012,6.86
"PPS","P_SAL_H","250-499","C17","D111","BG",2012,5.62
"PPS","P_SAL_H","250-499","C17","D1111","BG",2012,4.85
"PPS","P_SAL_H","250-499","C18","D01","BG",2012,10.15
"PPS","P_SAL_H","250-499","C18","D111","BG",2012,8.7
"PPS","P_SAL_H","250-499","C18","D1111","BG",2012,7.87
"PPS","P_SAL_H","250-499","C19","D01","BG",2012,NA
"PPS","P_SAL_H","250-499","C19","D111","BG",2012,NA
"PPS","P_SAL_H","250-499","C19","D1111","BG",2012,NA
"PPS","P_SAL_H","250-499","C20","D01","BG",2012,12.93
"PPS","P_SAL_H","250-499","C20","D111","BG",2012,10.76
"PPS","P_SAL_H","250-499","C20","D1111","BG",2012,9.39
"PPS","P_SAL_H","250-499","C21","D01","BG",2012,9.22
"PPS","P_SAL_H","250-499","C21","D111","BG",2012,7.74
"PPS","P_SAL_H","250-499","C21","D1111","BG",2012,6.7
"PPS","P_SAL_H","250-499","C22","D01","BG",2012,5.39
"PPS","P_SAL_H","250-499","C22","D111","BG",2012,4.56
"PPS","P_SAL_H","250-499","C22","D1111","BG",2012,4.22
"PPS","P_SAL_H","250-499","C23","D01","BG",2012,NA
"PPS","P_SAL_H","250-499","C23","D111","BG",2012,NA
"PPS","P_SAL_H","250-499","C23","D1111","BG",2012,NA
"PPS","P_SAL_H","250-499","C24","D01","BG",2012,9.14
"PPS","P_SAL_H","250-499","C24","D111","BG",2012,7.25
"PPS","P_SAL_H","250-499","C24","D1111","BG",2012,6.14
"PPS","P_SAL_H","250-499","C25","D01","BG",2012,6.71
"PPS","P_SAL_H","250-499","C25","D111","BG",2012,5.58
"PPS","P_SAL_H","250-499","C25","D1111","BG",2012,4.8
"PPS","P_SAL_H","250-499","C26","D01","BG",2012,9.85
"PPS","P_SAL_H","250-499","C26","D111","BG",2012,8.41
"PPS","P_SAL_H","250-499","C26","D1111","BG",2012,7.08
"PPS","P_SAL_H","250-499","C27","D01","BG",2012,8.16
"PPS","P_SAL_H","250-499","C27","D111","BG",2012,6.88
"PPS","P_SAL_H","250-499","C27","D1111","BG",2012,6.14
"PPS","P_SAL_H","250-499","C28","D01","BG",2012,8.4
"PPS","P_SAL_H","250-499","C28","D111","BG",2012,7.01
"PPS","P_SAL_H","250-499","C28","D1111","BG",2012,6.28
"PPS","P_SAL_H","250-499","C29","D01","BG",2012,6.77
"PPS","P_SAL_H","250-499","C29","D111","BG",2012,5.65
"PPS","P_SAL_H","250-499","C29","D1111","BG",2012,5.06
"PPS","P_SAL_H","250-499","C30","D01","BG",2012,7.53
"PPS","P_SAL_H","250-499","C30","D111","BG",2012,6.21
"PPS","P_SAL_H","250-499","C30","D1111","BG",2012,5.66
"PPS","P_SAL_H","250-499","C31","D01","BG",2012,NA
"PPS","P_SAL_H","250-499","C31","D111","BG",2012,NA
"PPS","P_SAL_H","250-499","C31","D1111","BG",2012,NA
"PPS","P_SAL_H","250-499","C32","D01","BG",2012,NA
"PPS","P_SAL_H","250-499","C32","D111","BG",2012,NA
"PPS","P_SAL_H","250-499","C32","D1111","BG",2012,NA
"PPS","P_SAL_H","250-499","C33","D01","BG",2012,8.56
"PPS","P_SAL_H","250-499","C33","D111","BG",2012,6.58
"PPS","P_SAL_H","250-499","C33","D1111","BG",2012,5.78
"PPS","P_SAL_H","250-499","D","D01","BG",2012,20.1
"PPS","P_SAL_H","250-499","D","D111","BG",2012,16.44
"PPS","P_SAL_H","250-499","D","D1111","BG",2012,14.06
"PPS","P_SAL_H","250-499","D35","D01","BG",2012,20.1
"PPS","P_SAL_H","250-499","D35","D111","BG",2012,16.44
"PPS","P_SAL_H","250-499","D35","D1111","BG",2012,14.06
"PPS","P_SAL_H","250-499","E","D01","BG",2012,5.92
"PPS","P_SAL_H","250-499","E","D111","BG",2012,4.94
"PPS","P_SAL_H","250-499","E","D1111","BG",2012,4.22
"PPS","P_SAL_H","250-499","E36","D01","BG",2012,6.39
"PPS","P_SAL_H","250-499","E36","D111","BG",2012,5.31
"PPS","P_SAL_H","250-499","E36","D1111","BG",2012,4.35
"PPS","P_SAL_H","250-499","E37","D01","BG",2012,NA
"PPS","P_SAL_H","250-499","E37","D111","BG",2012,NA
"PPS","P_SAL_H","250-499","E37","D1111","BG",2012,NA
"PPS","P_SAL_H","250-499","E38","D01","BG",2012,5.39
"PPS","P_SAL_H","250-499","E38","D111","BG",2012,4.51
"PPS","P_SAL_H","250-499","E38","D1111","BG",2012,4.11
"PPS","P_SAL_H","250-499","F","D01","BG",2012,8.59
"PPS","P_SAL_H","250-499","F","D111","BG",2012,7.22
"PPS","P_SAL_H","250-499","F","D1111","BG",2012,6.54
"PPS","P_SAL_H","250-499","F41","D01","BG",2012,NA
"PPS","P_SAL_H","250-499","F41","D111","BG",2012,NA
"PPS","P_SAL_H","250-499","F41","D1111","BG",2012,NA
"PPS","P_SAL_H","250-499","F42","D01","BG",2012,8.82
"PPS","P_SAL_H","250-499","F42","D111","BG",2012,7.41
"PPS","P_SAL_H","250-499","F42","D1111","BG",2012,6.74
"PPS","P_SAL_H","250-499","F43","D01","BG",2012,NA
"PPS","P_SAL_H","250-499","F43","D111","BG",2012,NA
"PPS","P_SAL_H","250-499","F43","D1111","BG",2012,NA
"PPS","P_SAL_H","250-499","G","D01","BG",2012,8.11
"PPS","P_SAL_H","250-499","G","D111","BG",2012,6.9
"PPS","P_SAL_H","250-499","G","D1111","BG",2012,6.34
"PPS","P_SAL_H","250-499","G-J","D01","BG",2012,11.09
"PPS","P_SAL_H","250-499","G-J","D111","BG",2012,9.5
"PPS","P_SAL_H","250-499","G-J","D1111","BG",2012,8.58
"PPS","P_SAL_H","250-499","G-N","D01","BG",2012,9.19
"PPS","P_SAL_H","250-499","G-N","D111","BG",2012,7.9
"PPS","P_SAL_H","250-499","G-N","D1111","BG",2012,7.14
"PPS","P_SAL_H","250-499","G-S_X_O","D01","BG",2012,9.02
"PPS","P_SAL_H","250-499","G-S_X_O","D111","BG",2012,7.7
"PPS","P_SAL_H","250-499","G-S_X_O","D1111","BG",2012,6.88
"PPS","P_SAL_H","250-499","G45","D01","BG",2012,10.5
"PPS","P_SAL_H","250-499","G45","D111","BG",2012,8.96
"PPS","P_SAL_H","250-499","G45","D1111","BG",2012,8.17
"PPS","P_SAL_H","250-499","G46","D01","BG",2012,8.63
"PPS","P_SAL_H","250-499","G46","D111","BG",2012,7.37
"PPS","P_SAL_H","250-499","G46","D1111","BG",2012,6.71
"PPS","P_SAL_H","250-499","G47","D01","BG",2012,7.07
"PPS","P_SAL_H","250-499","G47","D111","BG",2012,6
"PPS","P_SAL_H","250-499","G47","D1111","BG",2012,5.57
"PPS","P_SAL_H","250-499","H","D01","BG",2012,7.29
"PPS","P_SAL_H","250-499","H","D111","BG",2012,5.74
"PPS","P_SAL_H","250-499","H","D1111","BG",2012,4.82
"PPS","P_SAL_H","250-499","H49","D01","BG",2012,6.72
"PPS","P_SAL_H","250-499","H49","D111","BG",2012,5.24
"PPS","P_SAL_H","250-499","H49","D1111","BG",2012,4.42
"PPS","P_SAL_H","250-499","H50","D01","BG",2012,NA
"PPS","P_SAL_H","250-499","H50","D111","BG",2012,NA
"PPS","P_SAL_H","250-499","H50","D1111","BG",2012,NA
"PPS","P_SAL_H","250-499","H51","D01","BG",2012,NA
"PPS","P_SAL_H","250-499","H51","D111","BG",2012,NA
"PPS","P_SAL_H","250-499","H51","D1111","BG",2012,NA
"PPS","P_SAL_H","250-499","H52","D01","BG",2012,NA
"PPS","P_SAL_H","250-499","H52","D111","BG",2012,NA
"PPS","P_SAL_H","250-499","H52","D1111","BG",2012,NA
"PPS","P_SAL_H","250-499","H53","D01","BG",2012,NA
"PPS","P_SAL_H","250-499","H53","D111","BG",2012,NA
"PPS","P_SAL_H","250-499","H53","D1111","BG",2012,NA
"PPS","P_SAL_H","250-499","I","D01","BG",2012,5.17
"PPS","P_SAL_H","250-499","I","D111","BG",2012,4.31
"PPS","P_SAL_H","250-499","I","D1111","BG",2012,3.91
"PPS","P_SAL_H","250-499","I55","D01","BG",2012,5.89
"PPS","P_SAL_H","250-499","I55","D111","BG",2012,4.91
"PPS","P_SAL_H","250-499","I55","D1111","BG",2012,4.41
"PPS","P_SAL_H","250-499","I56","D01","BG",2012,3.6
"PPS","P_SAL_H","250-499","I56","D111","BG",2012,2.99
"PPS","P_SAL_H","250-499","I56","D1111","BG",2012,2.81
"PPS","P_SAL_H","250-499","J","D01","BG",2012,23.74
"PPS","P_SAL_H","250-499","J","D111","BG",2012,20.89
"PPS","P_SAL_H","250-499","J","D1111","BG",2012,18.95
"PPS","P_SAL_H","250-499","J58","D01","BG",2012,NA
"PPS","P_SAL_H","250-499","J58","D111","BG",2012,NA
"PPS","P_SAL_H","250-499","J58","D1111","BG",2012,NA
"PPS","P_SAL_H","250-499","J60","D01","BG",2012,22.26
"PPS","P_SAL_H","250-499","J60","D111","BG",2012,19.5
"PPS","P_SAL_H","250-499","J60","D1111","BG",2012,17.74
"PPS","P_SAL_H","250-499","J61","D01","BG",2012,12.18
"PPS","P_SAL_H","250-499","J61","D111","BG",2012,9.92
"PPS","P_SAL_H","250-499","J61","D1111","BG",2012,9.04
"PPS","P_SAL_H","250-499","J62","D01","BG",2012,31.83
"PPS","P_SAL_H","250-499","J62","D111","BG",2012,28.39
"PPS","P_SAL_H","250-499","J62","D1111","BG",2012,25.75
"PPS","P_SAL_H","250-499","J63","D01","BG",2012,16.33
"PPS","P_SAL_H","250-499","J63","D111","BG",2012,14.2
"PPS","P_SAL_H","250-499","J63","D1111","BG",2012,12.84
"PPS","P_SAL_H","250-499","K","D01","BG",2012,13.23
"PPS","P_SAL_H","250-499","K","D111","BG",2012,11.48
"PPS","P_SAL_H","250-499","K","D1111","BG",2012,10.36
"PPS","P_SAL_H","250-499","K-N","D01","BG",2012,6.91
"PPS","P_SAL_H","250-499","K-N","D111","BG",2012,5.97
"PPS","P_SAL_H","250-499","K-N","D1111","BG",2012,5.4
"PPS","P_SAL_H","250-499","K64","D01","BG",2012,13.8
"PPS","P_SAL_H","250-499","K64","D111","BG",2012,11.9
"PPS","P_SAL_H","250-499","K64","D1111","BG",2012,10.55
"PPS","P_SAL_H","250-499","K65","D01","BG",2012,14.04
"PPS","P_SAL_H","250-499","K65","D111","BG",2012,12.23
"PPS","P_SAL_H","250-499","K65","D1111","BG",2012,11.22
"PPS","P_SAL_H","250-499","K66","D01","BG",2012,NA
"PPS","P_SAL_H","250-499","K66","D111","BG",2012,NA
"PPS","P_SAL_H","250-499","K66","D1111","BG",2012,NA
"PPS","P_SAL_H","250-499","L","D01","BG",2012,11.12
"PPS","P_SAL_H","250-499","L","D111","BG",2012,9.33
"PPS","P_SAL_H","250-499","L","D1111","BG",2012,8.48
"PPS","P_SAL_H","250-499","L68","D01","BG",2012,11.12
"PPS","P_SAL_H","250-499","L68","D111","BG",2012,9.33
"PPS","P_SAL_H","250-499","L68","D1111","BG",2012,8.48
"PPS","P_SAL_H","250-499","M","D01","BG",2012,11.12
"PPS","P_SAL_H","250-499","M","D111","BG",2012,9.3
"PPS","P_SAL_H","250-499","M","D1111","BG",2012,8.24
"PPS","P_SAL_H","250-499","M69","D01","BG",2012,NA
"PPS","P_SAL_H","250-499","M69","D111","BG",2012,NA
"PPS","P_SAL_H","250-499","M69","D1111","BG",2012,NA
"PPS","P_SAL_H","250-499","M70","D01","BG",2012,NA
"PPS","P_SAL_H","250-499","M70","D111","BG",2012,NA
"PPS","P_SAL_H","250-499","M70","D1111","BG",2012,NA
"PPS","P_SAL_H","250-499","M71","D01","BG",2012,NA
"PPS","P_SAL_H","250-499","M71","D111","BG",2012,NA
"PPS","P_SAL_H","250-499","M71","D1111","BG",2012,NA
"PPS","P_SAL_H","250-499","M72","D01","BG",2012,5.66
"PPS","P_SAL_H","250-499","M72","D111","BG",2012,4.67
"PPS","P_SAL_H","250-499","M72","D1111","BG",2012,4.21
"PPS","P_SAL_H","250-499","M73","D01","BG",2012,NA
"PPS","P_SAL_H","250-499","M73","D111","BG",2012,NA
"PPS","P_SAL_H","250-499","M73","D1111","BG",2012,NA
"PPS","P_SAL_H","250-499","M74","D01","BG",2012,20.56
"PPS","P_SAL_H","250-499","M74","D111","BG",2012,17.45
"PPS","P_SAL_H","250-499","M74","D1111","BG",2012,15.95
"PPS","P_SAL_H","250-499","N","D01","BG",2012,4.08
"PPS","P_SAL_H","250-499","N","D111","BG",2012,3.59
"PPS","P_SAL_H","250-499","N","D1111","BG",2012,3.3
"PPS","P_SAL_H","250-499","N78","D01","BG",2012,7.27
"PPS","P_SAL_H","250-499","N78","D111","BG",2012,6.15
"PPS","P_SAL_H","250-499","N78","D1111","BG",2012,5.7
"PPS","P_SAL_H","250-499","N80","D01","BG",2012,3.84
"PPS","P_SAL_H","250-499","N80","D111","BG",2012,3.26
"PPS","P_SAL_H","250-499","N80","D1111","BG",2012,3.02
"PPS","P_SAL_H","250-499","N81","D01","BG",2012,2.69
"PPS","P_SAL_H","250-499","N81","D111","BG",2012,2.64
"PPS","P_SAL_H","250-499","N81","D1111","BG",2012,2.39
"PPS","P_SAL_H","250-499","N82","D01","BG",2012,10.42
"PPS","P_SAL_H","250-499","N82","D111","BG",2012,8.74
"PPS","P_SAL_H","250-499","N82","D1111","BG",2012,7.97
"PPS","P_SAL_H","250-499","O","D01","BG",2012,10.37
"PPS","P_SAL_H","250-499","O","D111","BG",2012,8.13
"PPS","P_SAL_H","250-499","O","D1111","BG",2012,7.15
"PPS","P_SAL_H","250-499","O-S","D01","BG",2012,9.39
"PPS","P_SAL_H","250-499","O-S","D111","BG",2012,7.63
"PPS","P_SAL_H","250-499","O-S","D1111","BG",2012,6.65
"PPS","P_SAL_H","250-499","O84","D01","BG",2012,10.37
"PPS","P_SAL_H","250-499","O84","D111","BG",2012,8.13
"PPS","P_SAL_H","250-499","O84","D1111","BG",2012,7.15
"PPS","P_SAL_H","250-499","P","D01","BG",2012,10.89
"PPS","P_SAL_H","250-499","P","D111","BG",2012,9.04
"PPS","P_SAL_H","250-499","P","D1111","BG",2012,7.52
"PPS","P_SAL_H","250-499","P-S","D01","BG",2012,8.61
"PPS","P_SAL_H","250-499","P-S","D111","BG",2012,7.23
"PPS","P_SAL_H","250-499","P-S","D1111","BG",2012,6.26
"PPS","P_SAL_H","250-499","P85","D01","BG",2012,10.89
"PPS","P_SAL_H","250-499","P85","D111","BG",2012,9.04
"PPS","P_SAL_H","250-499","P85","D1111","BG",2012,7.52
"PPS","P_SAL_H","250-499","Q","D01","BG",2012,8.51
"PPS","P_SAL_H","250-499","Q","D111","BG",2012,7.12
"PPS","P_SAL_H","250-499","Q","D1111","BG",2012,6.25
"PPS","P_SAL_H","250-499","Q86","D01","BG",2012,8.81
"PPS","P_SAL_H","250-499","Q86","D111","BG",2012,7.37
"PPS","P_SAL_H","250-499","Q86","D1111","BG",2012,6.49
"PPS","P_SAL_H","250-499","Q87","D01","BG",2012,NA
"PPS","P_SAL_H","250-499","Q87","D111","BG",2012,NA
"PPS","P_SAL_H","250-499","Q87","D1111","BG",2012,NA
"PPS","P_SAL_H","250-499","Q88","D01","BG",2012,5.25
"PPS","P_SAL_H","250-499","Q88","D111","BG",2012,4.38
"PPS","P_SAL_H","250-499","Q88","D1111","BG",2012,3.72
"PPS","P_SAL_H","250-499","R","D01","BG",2012,6.42
"PPS","P_SAL_H","250-499","R","D111","BG",2012,5.37
"PPS","P_SAL_H","250-499","R","D1111","BG",2012,4.73
"PPS","P_SAL_H","250-499","R90","D01","BG",2012,6.25
"PPS","P_SAL_H","250-499","R90","D111","BG",2012,5.2
"PPS","P_SAL_H","250-499","R90","D1111","BG",2012,4.5
"PPS","P_SAL_H","250-499","R91","D01","BG",2012,NA
"PPS","P_SAL_H","250-499","R91","D111","BG",2012,NA
"PPS","P_SAL_H","250-499","R91","D1111","BG",2012,NA
"PPS","P_SAL_H","250-499","R92","D01","BG",2012,NA
"PPS","P_SAL_H","250-499","R92","D111","BG",2012,NA
"PPS","P_SAL_H","250-499","R92","D1111","BG",2012,NA
"PPS","P_SAL_H","250-499","R93","D01","BG",2012,NA
"PPS","P_SAL_H","250-499","R93","D111","BG",2012,NA
"PPS","P_SAL_H","250-499","R93","D1111","BG",2012,NA
"PPS","P_SAL_H","250-499","S","D01","BG",2012,4.03
"PPS","P_SAL_H","250-499","S","D111","BG",2012,4.02
"PPS","P_SAL_H","250-499","S","D1111","BG",2012,3.75
"PPS","P_SAL_H","250-499","S94","D01","BG",2012,4.03
"PPS","P_SAL_H","250-499","S94","D111","BG",2012,4.02
"PPS","P_SAL_H","250-499","S94","D1111","BG",2012,3.75
"PPS","P_SAL_H","50-249","B","D01","BG",2012,8.48
"PPS","P_SAL_H","50-249","B","D111","BG",2012,6.67
"PPS","P_SAL_H","50-249","B","D1111","BG",2012,5.93
"PPS","P_SAL_H","50-249","B-E","D01","BG",2012,5.83
"PPS","P_SAL_H","50-249","B-E","D111","BG",2012,4.88
"PPS","P_SAL_H","50-249","B-E","D1111","BG",2012,4.42
"PPS","P_SAL_H","50-249","B-F","D01","BG",2012,5.96
"PPS","P_SAL_H","50-249","B-F","D111","BG",2012,5
"PPS","P_SAL_H","50-249","B-F","D1111","BG",2012,4.54
"PPS","P_SAL_H","50-249","B-N","D01","BG",2012,6.81
"PPS","P_SAL_H","50-249","B-N","D111","BG",2012,5.8
"PPS","P_SAL_H","50-249","B-N","D1111","BG",2012,5.29
"PPS","P_SAL_H","50-249","B-S","D01","BG",2012,7.07
"PPS","P_SAL_H","50-249","B-S","D111","BG",2012,5.95
"PPS","P_SAL_H","50-249","B-S","D1111","BG",2012,5.34
"PPS","P_SAL_H","50-249","B-S_X_O","D01","BG",2012,7
"PPS","P_SAL_H","50-249","B-S_X_O","D111","BG",2012,5.93
"PPS","P_SAL_H","50-249","B-S_X_O","D1111","BG",2012,5.34
"PPS","P_SAL_H","50-249","B05","D01","BG",2012,7.8
"PPS","P_SAL_H","50-249","B05","D111","BG",2012,6.06
"PPS","P_SAL_H","50-249","B05","D1111","BG",2012,5.43
"PPS","P_SAL_H","50-249","B07","D01","BG",2012,9.95
"PPS","P_SAL_H","50-249","B07","D111","BG",2012,7.33
"PPS","P_SAL_H","50-249","B07","D1111","BG",2012,6.3
"PPS","P_SAL_H","50-249","B08","D01","BG",2012,8.21
"PPS","P_SAL_H","50-249","B08","D111","BG",2012,6.62
"PPS","P_SAL_H","50-249","B08","D1111","BG",2012,5.9
"PPS","P_SAL_H","50-249","B09","D01","BG",2012,NA
"PPS","P_SAL_H","50-249","B09","D111","BG",2012,NA
"PPS","P_SAL_H","50-249","B09","D1111","BG",2012,NA
"PPS","P_SAL_H","50-249","C","D01","BG",2012,5.67
"PPS","P_SAL_H","50-249","C","D111","BG",2012,4.76
"PPS","P_SAL_H","50-249","C","D1111","BG",2012,4.32
"PPS","P_SAL_H","50-249","C10","D01","BG",2012,5.34
"PPS","P_SAL_H","50-249","C10","D111","BG",2012,4.5
"PPS","P_SAL_H","50-249","C10","D1111","BG",2012,4.13
"PPS","P_SAL_H","50-249","C11","D01","BG",2012,6.25
"PPS","P_SAL_H","50-249","C11","D111","BG",2012,5.23
"PPS","P_SAL_H","50-249","C11","D1111","BG",2012,4.72
"PPS","P_SAL_H","50-249","C12","D01","BG",2012,6.81
"PPS","P_SAL_H","50-249","C12","D111","BG",2012,5.47
"PPS","P_SAL_H","50-249","C12","D1111","BG",2012,5.04
"PPS","P_SAL_H","50-249","C13","D01","BG",2012,5.08
"PPS","P_SAL_H","50-249","C13","D111","BG",2012,4.18
"PPS","P_SAL_H","50-249","C13","D1111","BG",2012,3.77
"PPS","P_SAL_H","50-249","C14","D01","BG",2012,3.82
"PPS","P_SAL_H","50-249","C14","D111","BG",2012,3.2
"PPS","P_SAL_H","50-249","C14","D1111","BG",2012,2.91
"PPS","P_SAL_H","50-249","C15","D01","BG",2012,3.77
"PPS","P_SAL_H","50-249","C15","D111","BG",2012,3.15
"PPS","P_SAL_H","50-249","C15","D1111","BG",2012,2.87
"PPS","P_SAL_H","50-249","C16","D01","BG",2012,4.73
"PPS","P_SAL_H","50-249","C16","D111","BG",2012,3.98
"PPS","P_SAL_H","50-249","C16","D1111","BG",2012,3.58
"PPS","P_SAL_H","50-249","C17","D01","BG",2012,5.34
"PPS","P_SAL_H","50-249","C17","D111","BG",2012,4.47
"PPS","P_SAL_H","50-249","C17","D1111","BG",2012,4.13
"PPS","P_SAL_H","50-249","C18","D01","BG",2012,7.35
"PPS","P_SAL_H","50-249","C18","D111","BG",2012,6.14
"PPS","P_SAL_H","50-249","C18","D1111","BG",2012,5.58
"PPS","P_SAL_H","50-249","C19","D01","BG",2012,8.29
"PPS","P_SAL_H","50-249","C19","D111","BG",2012,6.92
"PPS","P_SAL_H","50-249","C19","D1111","BG",2012,6.34
"PPS","P_SAL_H","50-249","C20","D01","BG",2012,7.82
"PPS","P_SAL_H","50-249","C20","D111","BG",2012,6.55
"PPS","P_SAL_H","50-249","C20","D1111","BG",2012,5.99
"PPS","P_SAL_H","50-249","C21","D01","BG",2012,8
"PPS","P_SAL_H","50-249","C21","D111","BG",2012,6.75
"PPS","P_SAL_H","50-249","C21","D1111","BG",2012,6.18
"PPS","P_SAL_H","50-249","C22","D01","BG",2012,5.84
"PPS","P_SAL_H","50-249","C22","D111","BG",2012,4.93
"PPS","P_SAL_H","50-249","C22","D1111","BG",2012,4.48
"PPS","P_SAL_H","50-249","C23","D01","BG",2012,8.56
"PPS","P_SAL_H","50-249","C23","D111","BG",2012,7.15
"PPS","P_SAL_H","50-249","C23","D1111","BG",2012,6.33
"PPS","P_SAL_H","50-249","C24","D01","BG",2012,6.94
"PPS","P_SAL_H","50-249","C24","D111","BG",2012,5.69
"PPS","P_SAL_H","50-249","C24","D1111","BG",2012,5.11
"PPS","P_SAL_H","50-249","C25","D01","BG",2012,6.42
"PPS","P_SAL_H","50-249","C25","D111","BG",2012,5.38
"PPS","P_SAL_H","50-249","C25","D1111","BG",2012,4.88
"PPS","P_SAL_H","50-249","C26","D01","BG",2012,9.28
"PPS","P_SAL_H","50-249","C26","D111","BG",2012,7.94
"PPS","P_SAL_H","50-249","C26","D1111","BG",2012,7.22
"PPS","P_SAL_H","50-249","C27","D01","BG",2012,7.08
"PPS","P_SAL_H","50-249","C27","D111","BG",2012,5.95
"PPS","P_SAL_H","50-249","C27","D1111","BG",2012,5.45
"PPS","P_SAL_H","50-249","C28","D01","BG",2012,7.71
"PPS","P_SAL_H","50-249","C28","D111","BG",2012,6.44
"PPS","P_SAL_H","50-249","C28","D1111","BG",2012,5.85
"PPS","P_SAL_H","50-249","C29","D01","BG",2012,5.11
"PPS","P_SAL_H","50-249","C29","D111","BG",2012,4.29
"PPS","P_SAL_H","50-249","C29","D1111","BG",2012,3.9
"PPS","P_SAL_H","50-249","C30","D01","BG",2012,6.91
"PPS","P_SAL_H","50-249","C30","D111","BG",2012,5.86
"PPS","P_SAL_H","50-249","C30","D1111","BG",2012,5.31
"PPS","P_SAL_H","50-249","C31","D01","BG",2012,4.74
"PPS","P_SAL_H","50-249","C31","D111","BG",2012,3.99
"PPS","P_SAL_H","50-249","C31","D1111","BG",2012,3.64
"PPS","P_SAL_H","50-249","C32","D01","BG",2012,5.91
"PPS","P_SAL_H","50-249","C32","D111","BG",2012,4.95
"PPS","P_SAL_H","50-249","C32","D1111","BG",2012,4.44
"PPS","P_SAL_H","50-249","C33","D01","BG",2012,9.57
"PPS","P_SAL_H","50-249","C33","D111","BG",2012,8.04
"PPS","P_SAL_H","50-249","C33","D1111","BG",2012,7.15
"PPS","P_SAL_H","50-249","D","D01","BG",2012,12.69
"PPS","P_SAL_H","50-249","D","D111","BG",2012,10.59
"PPS","P_SAL_H","50-249","D","D1111","BG",2012,8.71
"PPS","P_SAL_H","50-249","D35","D01","BG",2012,12.69
"PPS","P_SAL_H","50-249","D35","D111","BG",2012,10.59
"PPS","P_SAL_H","50-249","D35","D1111","BG",2012,8.71
"PPS","P_SAL_H","50-249","E","D01","BG",2012,6.06
"PPS","P_SAL_H","50-249","E","D111","BG",2012,5.09
"PPS","P_SAL_H","50-249","E","D1111","BG",2012,4.56
"PPS","P_SAL_H","50-249","E36","D01","BG",2012,6.02
"PPS","P_SAL_H","50-249","E36","D111","BG",2012,4.93
"PPS","P_SAL_H","50-249","E36","D1111","BG",2012,4.09
"PPS","P_SAL_H","50-249","E37","D01","BG",2012,NA
"PPS","P_SAL_H","50-249","E37","D111","BG",2012,NA
"PPS","P_SAL_H","50-249","E37","D1111","BG",2012,NA
"PPS","P_SAL_H","50-249","E38","D01","BG",2012,6
"PPS","P_SAL_H","50-249","E38","D111","BG",2012,5.06
"PPS","P_SAL_H","50-249","E38","D1111","BG",2012,4.63
"PPS","P_SAL_H","50-249","E39","D01","BG",2012,6.66
"PPS","P_SAL_H","50-249","E39","D111","BG",2012,5.5
"PPS","P_SAL_H","50-249","E39","D1111","BG",2012,4.62
"PPS","P_SAL_H","50-249","F","D01","BG",2012,6.53
"PPS","P_SAL_H","50-249","F","D111","BG",2012,5.49
"PPS","P_SAL_H","50-249","F","D1111","BG",2012,5.07
"PPS","P_SAL_H","50-249","F41","D01","BG",2012,5.9
"PPS","P_SAL_H","50-249","F41","D111","BG",2012,4.99
"PPS","P_SAL_H","50-249","F41","D1111","BG",2012,4.61
"PPS","P_SAL_H","50-249","F42","D01","BG",2012,7.02
"PPS","P_SAL_H","50-249","F42","D111","BG",2012,5.87
"PPS","P_SAL_H","50-249","F42","D1111","BG",2012,5.39
"PPS","P_SAL_H","50-249","F43","D01","BG",2012,7.04
"PPS","P_SAL_H","50-249","F43","D111","BG",2012,5.91
"PPS","P_SAL_H","50-249","F43","D1111","BG",2012,5.51
"PPS","P_SAL_H","50-249","G","D01","BG",2012,7.65
"PPS","P_SAL_H","50-249","G","D111","BG",2012,6.55
"PPS","P_SAL_H","50-249","G","D1111","BG",2012,6.03
"PPS","P_SAL_H","50-249","G-J","D01","BG",2012,8.17
"PPS","P_SAL_H","50-249","G-J","D111","BG",2012,6.98
"PPS","P_SAL_H","50-249","G-J","D1111","BG",2012,6.43
"PPS","P_SAL_H","50-249","G-N","D01","BG",2012,7.81
"PPS","P_SAL_H","50-249","G-N","D111","BG",2012,6.73
"PPS","P_SAL_H","50-249","G-N","D1111","BG",2012,6.16
"PPS","P_SAL_H","50-249","G-S_X_O","D01","BG",2012,7.78
"PPS","P_SAL_H","50-249","G-S_X_O","D111","BG",2012,6.62
"PPS","P_SAL_H","50-249","G-S_X_O","D1111","BG",2012,5.93
"PPS","P_SAL_H","50-249","G45","D01","BG",2012,9.88
"PPS","P_SAL_H","50-249","G45","D111","BG",2012,8.49
"PPS","P_SAL_H","50-249","G45","D1111","BG",2012,7.71
"PPS","P_SAL_H","50-249","G46","D01","BG",2012,8.53
"PPS","P_SAL_H","50-249","G46","D111","BG",2012,7.34
"PPS","P_SAL_H","50-249","G46","D1111","BG",2012,6.76
"PPS","P_SAL_H","50-249","G47","D01","BG",2012,6.03
"PPS","P_SAL_H","50-249","G47","D111","BG",2012,5.11
"PPS","P_SAL_H","50-249","G47","D1111","BG",2012,4.73
"PPS","P_SAL_H","50-249","H","D01","BG",2012,7.37
"PPS","P_SAL_H","50-249","H","D111","BG",2012,6.11
"PPS","P_SAL_H","50-249","H","D1111","BG",2012,5.52
"PPS","P_SAL_H","50-249","H49","D01","BG",2012,5.18
"PPS","P_SAL_H","50-249","H49","D111","BG",2012,4.19
"PPS","P_SAL_H","50-249","H49","D1111","BG",2012,3.85
"PPS","P_SAL_H","50-249","H50","D01","BG",2012,10.47
"PPS","P_SAL_H","50-249","H50","D111","BG",2012,8.58
"PPS","P_SAL_H","50-249","H50","D1111","BG",2012,7.54
"PPS","P_SAL_H","50-249","H51","D01","BG",2012,20.61
"PPS","P_SAL_H","50-249","H51","D111","BG",2012,17.07
"PPS","P_SAL_H","50-249","H51","D1111","BG",2012,15.19
"PPS","P_SAL_H","50-249","H52","D01","BG",2012,11.69
"PPS","P_SAL_H","50-249","H52","D111","BG",2012,10.07
"PPS","P_SAL_H","50-249","H52","D1111","BG",2012,8.82
"PPS","P_SAL_H","50-249","H53","D01","BG",2012,6.63
"PPS","P_SAL_H","50-249","H53","D111","BG",2012,5.53
"PPS","P_SAL_H","50-249","H53","D1111","BG",2012,5.12
"PPS","P_SAL_H","50-249","I","D01","BG",2012,5.62
"PPS","P_SAL_H","50-249","I","D111","BG",2012,4.74
"PPS","P_SAL_H","50-249","I","D1111","BG",2012,4.43
"PPS","P_SAL_H","50-249","I55","D01","BG",2012,6.16
"PPS","P_SAL_H","50-249","I55","D111","BG",2012,5.2
"PPS","P_SAL_H","50-249","I55","D1111","BG",2012,4.86
"PPS","P_SAL_H","50-249","I56","D01","BG",2012,4.61
"PPS","P_SAL_H","50-249","I56","D111","BG",2012,3.86
"PPS","P_SAL_H","50-249","I56","D1111","BG",2012,3.61
"PPS","P_SAL_H","50-249","J","D01","BG",2012,15.89
"PPS","P_SAL_H","50-249","J","D111","BG",2012,13.93
"PPS","P_SAL_H","50-249","J","D1111","BG",2012,12.85
"PPS","P_SAL_H","50-249","J58","D01","BG",2012,9.34
"PPS","P_SAL_H","50-249","J58","D111","BG",2012,8.04
"PPS","P_SAL_H","50-249","J58","D1111","BG",2012,7.42
"PPS","P_SAL_H","50-249","J59","D01","BG",2012,11.47
"PPS","P_SAL_H","50-249","J59","D111","BG",2012,10.08
"PPS","P_SAL_H","50-249","J59","D1111","BG",2012,9.2
"PPS","P_SAL_H","50-249","J60","D01","BG",2012,10.31
"PPS","P_SAL_H","50-249","J60","D111","BG",2012,8.88
"PPS","P_SAL_H","50-249","J60","D1111","BG",2012,8.15
"PPS","P_SAL_H","50-249","J61","D01","BG",2012,13.25
"PPS","P_SAL_H","50-249","J61","D111","BG",2012,11.3
"PPS","P_SAL_H","50-249","J61","D1111","BG",2012,10.5
"PPS","P_SAL_H","50-249","J62","D01","BG",2012,21.1
"PPS","P_SAL_H","50-249","J62","D111","BG",2012,18.74
"PPS","P_SAL_H","50-249","J62","D1111","BG",2012,17.29
"PPS","P_SAL_H","50-249","J63","D01","BG",2012,11.07
"PPS","P_SAL_H","50-249","J63","D111","BG",2012,9.45
"PPS","P_SAL_H","50-249","J63","D1111","BG",2012,8.61
"PPS","P_SAL_H","50-249","K","D01","BG",2012,15.53
"PPS","P_SAL_H","50-249","K","D111","BG",2012,13.41
"PPS","P_SAL_H","50-249","K","D1111","BG",2012,11.98
"PPS","P_SAL_H","50-249","K-N","D01","BG",2012,7.06
"PPS","P_SAL_H","50-249","K-N","D111","BG",2012,6.2
"PPS","P_SAL_H","50-249","K-N","D1111","BG",2012,5.63
"PPS","P_SAL_H","50-249","K64","D01","BG",2012,17
"PPS","P_SAL_H","50-249","K64","D111","BG",2012,14.64
"PPS","P_SAL_H","50-249","K64","D1111","BG",2012,12.8
"PPS","P_SAL_H","50-249","K65","D01","BG",2012,15.21
"PPS","P_SAL_H","50-249","K65","D111","BG",2012,13.29
"PPS","P_SAL_H","50-249","K65","D1111","BG",2012,12.23
"PPS","P_SAL_H","50-249","K66","D01","BG",2012,NA
"PPS","P_SAL_H","50-249","K66","D111","BG",2012,NA
"PPS","P_SAL_H","50-249","K66","D1111","BG",2012,NA
"PPS","P_SAL_H","50-249","L","D01","BG",2012,6.61
"PPS","P_SAL_H","50-249","L","D111","BG",2012,5.62
"PPS","P_SAL_H","50-249","L","D1111","BG",2012,5.06
"PPS","P_SAL_H","50-249","L68","D01","BG",2012,6.61
"PPS","P_SAL_H","50-249","L68","D111","BG",2012,5.62
"PPS","P_SAL_H","50-249","L68","D1111","BG",2012,5.06
"PPS","P_SAL_H","50-249","M","D01","BG",2012,12.53
"PPS","P_SAL_H","50-249","M","D111","BG",2012,10.85
"PPS","P_SAL_H","50-249","M","D1111","BG",2012,9.8
"PPS","P_SAL_H","50-249","M69","D01","BG",2012,NA
"PPS","P_SAL_H","50-249","M69","D111","BG",2012,NA
"PPS","P_SAL_H","50-249","M69","D1111","BG",2012,NA
"PPS","P_SAL_H","50-249","M70","D01","BG",2012,15.1
"PPS","P_SAL_H","50-249","M70","D111","BG",2012,13.36
"PPS","P_SAL_H","50-249","M70","D1111","BG",2012,12.18
"PPS","P_SAL_H","50-249","M71","D01","BG",2012,16.24
"PPS","P_SAL_H","50-249","M71","D111","BG",2012,13.97
"PPS","P_SAL_H","50-249","M71","D1111","BG",2012,12.76
"PPS","P_SAL_H","50-249","M72","D01","BG",2012,7.88
"PPS","P_SAL_H","50-249","M72","D111","BG",2012,6.67
"PPS","P_SAL_H","50-249","M72","D1111","BG",2012,5.82
"PPS","P_SAL_H","50-249","M73","D01","BG",2012,NA
"PPS","P_SAL_H","50-249","M73","D111","BG",2012,NA
"PPS","P_SAL_H","50-249","M73","D1111","BG",2012,NA
"PPS","P_SAL_H","50-249","M74","D01","BG",2012,13.12
"PPS","P_SAL_H","50-249","M74","D111","BG",2012,11.33
"PPS","P_SAL_H","50-249","M74","D1111","BG",2012,10.2
"PPS","P_SAL_H","50-249","N","D01","BG",2012,3.44
"PPS","P_SAL_H","50-249","N","D111","BG",2012,3.14
"PPS","P_SAL_H","50-249","N","D1111","BG",2012,2.91
"PPS","P_SAL_H","50-249","N77","D01","BG",2012,6.78
"PPS","P_SAL_H","50-249","N77","D111","BG",2012,5.68
"PPS","P_SAL_H","50-249","N77","D1111","BG",2012,5.16
"PPS","P_SAL_H","50-249","N78","D01","BG",2012,6.2
"PPS","P_SAL_H","50-249","N78","D111","BG",2012,5.19
"PPS","P_SAL_H","50-249","N78","D1111","BG",2012,4.91
"PPS","P_SAL_H","50-249","N79","D01","BG",2012,7.3
"PPS","P_SAL_H","50-249","N79","D111","BG",2012,6.2
"PPS","P_SAL_H","50-249","N79","D1111","BG",2012,5.86
"PPS","P_SAL_H","50-249","N80","D01","BG",2012,3.37
"PPS","P_SAL_H","50-249","N80","D111","BG",2012,2.85
"PPS","P_SAL_H","50-249","N80","D1111","BG",2012,2.66
"PPS","P_SAL_H","50-249","N81","D01","BG",2012,2.68
"PPS","P_SAL_H","50-249","N81","D111","BG",2012,2.72
"PPS","P_SAL_H","50-249","N81","D1111","BG",2012,2.51
"PPS","P_SAL_H","50-249","N82","D01","BG",2012,6.9
"PPS","P_SAL_H","50-249","N82","D111","BG",2012,5.88
"PPS","P_SAL_H","50-249","N82","D1111","BG",2012,5.35
"PPS","P_SAL_H","50-249","O","D01","BG",2012,7.72
"PPS","P_SAL_H","50-249","O","D111","BG",2012,6.12
"PPS","P_SAL_H","50-249","O","D1111","BG",2012,5.34
"PPS","P_SAL_H","50-249","O-S","D01","BG",2012,7.72
"PPS","P_SAL_H","50-249","O-S","D111","BG",2012,6.34
"PPS","P_SAL_H","50-249","O-S","D1111","BG",2012,5.46
"PPS","P_SAL_H","50-249","O84","D01","BG",2012,7.72
"PPS","P_SAL_H","50-249","O84","D111","BG",2012,6.12
"PPS","P_SAL_H","50-249","O84","D1111","BG",2012,5.34
"PPS","P_SAL_H","50-249","P","D01","BG",2012,8.11
"PPS","P_SAL_H","50-249","P","D111","BG",2012,6.62
"PPS","P_SAL_H","50-249","P","D1111","BG",2012,5.42
"PPS","P_SAL_H","50-249","P-S","D01","BG",2012,7.72
"PPS","P_SAL_H","50-249","P-S","D111","BG",2012,6.44
"PPS","P_SAL_H","50-249","P-S","D1111","BG",2012,5.52
"PPS","P_SAL_H","50-249","P85","D01","BG",2012,8.11
"PPS","P_SAL_H","50-249","P85","D111","BG",2012,6.62
"PPS","P_SAL_H","50-249","P85","D1111","BG",2012,5.42
"PPS","P_SAL_H","50-249","Q","D01","BG",2012,7.42
"PPS","P_SAL_H","50-249","Q","D111","BG",2012,6.27
"PPS","P_SAL_H","50-249","Q","D1111","BG",2012,5.6
"PPS","P_SAL_H","50-249","Q86","D01","BG",2012,8.79
"PPS","P_SAL_H","50-249","Q86","D111","BG",2012,7.45
"PPS","P_SAL_H","50-249","Q86","D1111","BG",2012,6.69
"PPS","P_SAL_H","50-249","Q87","D01","BG",2012,4.74
"PPS","P_SAL_H","50-249","Q87","D111","BG",2012,3.94
"PPS","P_SAL_H","50-249","Q87","D1111","BG",2012,3.4
"PPS","P_SAL_H","50-249","Q88","D01","BG",2012,4.37
"PPS","P_SAL_H","50-249","Q88","D111","BG",2012,3.65
"PPS","P_SAL_H","50-249","Q88","D1111","BG",2012,3.17
"PPS","P_SAL_H","50-249","R","D01","BG",2012,7.49
"PPS","P_SAL_H","50-249","R","D111","BG",2012,6.53
"PPS","P_SAL_H","50-249","R","D1111","BG",2012,5.98
"PPS","P_SAL_H","50-249","R90","D01","BG",2012,5.21
"PPS","P_SAL_H","50-249","R90","D111","BG",2012,4.28
"PPS","P_SAL_H","50-249","R90","D1111","BG",2012,3.72
"PPS","P_SAL_H","50-249","R91","D01","BG",2012,5.4
"PPS","P_SAL_H","50-249","R91","D111","BG",2012,4.47
"PPS","P_SAL_H","50-249","R91","D1111","BG",2012,3.85
"PPS","P_SAL_H","50-249","R92","D01","BG",2012,5.24
"PPS","P_SAL_H","50-249","R92","D111","BG",2012,4.41
"PPS","P_SAL_H","50-249","R92","D1111","BG",2012,4.04
"PPS","P_SAL_H","50-249","R93","D01","BG",2012,NA
"PPS","P_SAL_H","50-249","R93","D111","BG",2012,NA
"PPS","P_SAL_H","50-249","R93","D1111","BG",2012,NA
"PPS","P_SAL_H","50-249","S","D01","BG",2012,6.44
"PPS","P_SAL_H","50-249","S","D111","BG",2012,5.41
"PPS","P_SAL_H","50-249","S","D1111","BG",2012,4.83
"PPS","P_SAL_H","50-249","S94","D01","BG",2012,6.67
"PPS","P_SAL_H","50-249","S94","D111","BG",2012,5.61
"PPS","P_SAL_H","50-249","S94","D1111","BG",2012,4.99
"PPS","P_SAL_H","50-249","S95","D01","BG",2012,NA
"PPS","P_SAL_H","50-249","S95","D111","BG",2012,NA
"PPS","P_SAL_H","50-249","S95","D1111","BG",2012,NA
"PPS","P_SAL_H","50-249","S96","D01","BG",2012,4.76
"PPS","P_SAL_H","50-249","S96","D111","BG",2012,3.99
"PPS","P_SAL_H","50-249","S96","D1111","BG",2012,3.61
"PPS","P_SAL_H","500-999","B","D01","BG",2012,8.48
"PPS","P_SAL_H","500-999","B","D111","BG",2012,6.53
"PPS","P_SAL_H","500-999","B","D1111","BG",2012,5.84
"PPS","P_SAL_H","500-999","B-E","D01","BG",2012,8.25
"PPS","P_SAL_H","500-999","B-E","D111","BG",2012,6.77
"PPS","P_SAL_H","500-999","B-E","D1111","BG",2012,5.92
"PPS","P_SAL_H","500-999","B-F","D01","BG",2012,8.45
"PPS","P_SAL_H","500-999","B-F","D111","BG",2012,6.97
"PPS","P_SAL_H","500-999","B-F","D1111","BG",2012,6.14
"PPS","P_SAL_H","500-999","B-N","D01","BG",2012,8.59
"PPS","P_SAL_H","500-999","B-N","D111","BG",2012,7.16
"PPS","P_SAL_H","500-999","B-N","D1111","BG",2012,6.37
"PPS","P_SAL_H","500-999","B-S","D01","BG",2012,8.79
"PPS","P_SAL_H","500-999","B-S","D111","BG",2012,7.31
"PPS","P_SAL_H","500-999","B-S","D1111","BG",2012,6.48
"PPS","P_SAL_H","500-999","B-S_X_O","D01","BG",2012,8.61
"PPS","P_SAL_H","500-999","B-S_X_O","D111","BG",2012,7.19
"PPS","P_SAL_H","500-999","B-S_X_O","D1111","BG",2012,6.36
"PPS","P_SAL_H","500-999","B05","D01","BG",2012,NA
"PPS","P_SAL_H","500-999","B05","D111","BG",2012,NA
"PPS","P_SAL_H","500-999","B05","D1111","BG",2012,NA
"PPS","P_SAL_H","500-999","B06","D01","BG",2012,NA
"PPS","P_SAL_H","500-999","B06","D111","BG",2012,NA
"PPS","P_SAL_H","500-999","B06","D1111","BG",2012,NA
"PPS","P_SAL_H","500-999","B07","D01","BG",2012,NA
"PPS","P_SAL_H","500-999","B07","D111","BG",2012,NA
"PPS","P_SAL_H","500-999","B07","D1111","BG",2012,NA
"PPS","P_SAL_H","500-999","B08","D01","BG",2012,NA
"PPS","P_SAL_H","500-999","B08","D111","BG",2012,NA
"PPS","P_SAL_H","500-999","B08","D1111","BG",2012,NA
"PPS","P_SAL_H","500-999","C","D01","BG",2012,8.29
"PPS","P_SAL_H","500-999","C","D111","BG",2012,6.81
"PPS","P_SAL_H","500-999","C","D1111","BG",2012,5.99
"PPS","P_SAL_H","500-999","C10","D01","BG",2012,8.47
"PPS","P_SAL_H","500-999","C10","D111","BG",2012,7.22
"PPS","P_SAL_H","500-999","C10","D1111","BG",2012,6.47
"PPS","P_SAL_H","500-999","C11","D01","BG",2012,9.1
"PPS","P_SAL_H","500-999","C11","D111","BG",2012,7.63
"PPS","P_SAL_H","500-999","C11","D1111","BG",2012,6.69
"PPS","P_SAL_H","500-999","C12","D01","BG",2012,NA
"PPS","P_SAL_H","500-999","C12","D111","BG",2012,NA
"PPS","P_SAL_H","500-999","C12","D1111","BG",2012,NA
"PPS","P_SAL_H","500-999","C13","D01","BG",2012,NA
"PPS","P_SAL_H","500-999","C13","D111","BG",2012,NA
"PPS","P_SAL_H","500-999","C13","D1111","BG",2012,NA
"PPS","P_SAL_H","500-999","C14","D01","BG",2012,4.54
"PPS","P_SAL_H","500-999","C14","D111","BG",2012,3.82
"PPS","P_SAL_H","500-999","C14","D1111","BG",2012,3.38
"PPS","P_SAL_H","500-999","C15","D01","BG",2012,NA
"PPS","P_SAL_H","500-999","C15","D111","BG",2012,NA
"PPS","P_SAL_H","500-999","C15","D1111","BG",2012,NA
"PPS","P_SAL_H","500-999","C16","D01","BG",2012,NA
"PPS","P_SAL_H","500-999","C16","D111","BG",2012,NA
"PPS","P_SAL_H","500-999","C16","D1111","BG",2012,NA
"PPS","P_SAL_H","500-999","C17","D01","BG",2012,NA
"PPS","P_SAL_H","500-999","C17","D111","BG",2012,NA
"PPS","P_SAL_H","500-999","C17","D1111","BG",2012,NA
"PPS","P_SAL_H","500-999","C20","D01","BG",2012,NA
"PPS","P_SAL_H","500-999","C20","D111","BG",2012,NA
"PPS","P_SAL_H","500-999","C20","D1111","BG",2012,NA
"PPS","P_SAL_H","500-999","C21","D01","BG",2012,NA
"PPS","P_SAL_H","500-999","C21","D111","BG",2012,NA
"PPS","P_SAL_H","500-999","C21","D1111","BG",2012,NA
"PPS","P_SAL_H","500-999","C22","D01","BG",2012,5.67
"PPS","P_SAL_H","500-999","C22","D111","BG",2012,4.72
"PPS","P_SAL_H","500-999","C22","D1111","BG",2012,4.3
"PPS","P_SAL_H","500-999","C23","D01","BG",2012,8.97
"PPS","P_SAL_H","500-999","C23","D111","BG",2012,7.3
"PPS","P_SAL_H","500-999","C23","D1111","BG",2012,6.27
"PPS","P_SAL_H","500-999","C24","D01","BG",2012,14.67
"PPS","P_SAL_H","500-999","C24","D111","BG",2012,11.7
"PPS","P_SAL_H","500-999","C24","D1111","BG",2012,10.36
"PPS","P_SAL_H","500-999","C25","D01","BG",2012,6.93
"PPS","P_SAL_H","500-999","C25","D111","BG",2012,5.8
"PPS","P_SAL_H","500-999","C25","D1111","BG",2012,5.01
"PPS","P_SAL_H","500-999","C27","D01","BG",2012,9.14
"PPS","P_SAL_H","500-999","C27","D111","BG",2012,7.19
"PPS","P_SAL_H","500-999","C27","D1111","BG",2012,6.26
"PPS","P_SAL_H","500-999","C28","D01","BG",2012,7.16
"PPS","P_SAL_H","500-999","C28","D111","BG",2012,5.99
"PPS","P_SAL_H","500-999","C28","D1111","BG",2012,5.37
"PPS","P_SAL_H","500-999","C29","D01","BG",2012,6.87
"PPS","P_SAL_H","500-999","C29","D111","BG",2012,5.77
"PPS","P_SAL_H","500-999","C29","D1111","BG",2012,4.96
"PPS","P_SAL_H","500-999","C30","D01","BG",2012,6.93
"PPS","P_SAL_H","500-999","C30","D111","BG",2012,5.77
"PPS","P_SAL_H","500-999","C30","D1111","BG",2012,5.31
"PPS","P_SAL_H","500-999","C31","D01","BG",2012,NA
"PPS","P_SAL_H","500-999","C31","D111","BG",2012,NA
"PPS","P_SAL_H","500-999","C31","D1111","BG",2012,NA
"PPS","P_SAL_H","500-999","C32","D01","BG",2012,6.45
"PPS","P_SAL_H","500-999","C32","D111","BG",2012,5.36
"PPS","P_SAL_H","500-999","C32","D1111","BG",2012,4.78
"PPS","P_SAL_H","500-999","C33","D01","BG",2012,11.61
"PPS","P_SAL_H","500-999","C33","D111","BG",2012,9.56
"PPS","P_SAL_H","500-999","C33","D1111","BG",2012,8.24
"PPS","P_SAL_H","500-999","D","D01","BG",2012,8.55
"PPS","P_SAL_H","500-999","D","D111","BG",2012,6.7
"PPS","P_SAL_H","500-999","D","D1111","BG",2012,5.96
"PPS","P_SAL_H","500-999","D35","D01","BG",2012,8.55
"PPS","P_SAL_H","500-999","D35","D111","BG",2012,6.7
"PPS","P_SAL_H","500-999","D35","D1111","BG",2012,5.96
"PPS","P_SAL_H","500-999","E","D01","BG",2012,7.72
"PPS","P_SAL_H","500-999","E","D111","BG",2012,6.45
"PPS","P_SAL_H","500-999","E","D1111","BG",2012,5.35
"PPS","P_SAL_H","500-999","E36","D01","BG",2012,6.84
"PPS","P_SAL_H","500-999","E36","D111","BG",2012,5.67
"PPS","P_SAL_H","500-999","E36","D1111","BG",2012,4.5
"PPS","P_SAL_H","500-999","E38","D01","BG",2012,9.89
"PPS","P_SAL_H","500-999","E38","D111","BG",2012,8.36
"PPS","P_SAL_H","500-999","E38","D1111","BG",2012,7.42
"PPS","P_SAL_H","500-999","F","D01","BG",2012,NA
"PPS","P_SAL_H","500-999","F","D111","BG",2012,NA
"PPS","P_SAL_H","500-999","F","D1111","BG",2012,NA
"PPS","P_SAL_H","500-999","F41","D01","BG",2012,8.79
"PPS","P_SAL_H","500-999","F41","D111","BG",2012,7.51
"PPS","P_SAL_H","500-999","F41","D1111","BG",2012,7.01
"PPS","P_SAL_H","500-999","F42","D01","BG",2012,9.42
"PPS","P_SAL_H","500-999","F42","D111","BG",2012,7.9
"PPS","P_SAL_H","500-999","F42","D1111","BG",2012,7.1
"PPS","P_SAL_H","500-999","F43","D01","BG",2012,NA
"PPS","P_SAL_H","500-999","F43","D111","BG",2012,NA
"PPS","P_SAL_H","500-999","F43","D1111","BG",2012,NA
"PPS","P_SAL_H","500-999","G","D01","BG",2012,8.75
"PPS","P_SAL_H","500-999","G","D111","BG",2012,7.43
"PPS","P_SAL_H","500-999","G","D1111","BG",2012,6.82
"PPS","P_SAL_H","500-999","G-J","D01","BG",2012,9.69
"PPS","P_SAL_H","500-999","G-J","D111","BG",2012,8.21
"PPS","P_SAL_H","500-999","G-J","D1111","BG",2012,7.26
"PPS","P_SAL_H","500-999","G-N","D01","BG",2012,8.8
"PPS","P_SAL_H","500-999","G-N","D111","BG",2012,7.45
"PPS","P_SAL_H","500-999","G-N","D1111","BG",2012,6.71
"PPS","P_SAL_H","500-999","G-S_X_O","D01","BG",2012,8.77
"PPS","P_SAL_H","500-999","G-S_X_O","D111","BG",2012,7.4
"PPS","P_SAL_H","500-999","G-S_X_O","D1111","BG",2012,6.58
"PPS","P_SAL_H","500-999","G45","D01","BG",2012,9.49
"PPS","P_SAL_H","500-999","G45","D111","BG",2012,7.99
"PPS","P_SAL_H","500-999","G45","D1111","BG",2012,7.38
"PPS","P_SAL_H","500-999","G46","D01","BG",2012,NA
"PPS","P_SAL_H","500-999","G46","D111","BG",2012,NA
"PPS","P_SAL_H","500-999","G46","D1111","BG",2012,NA
"PPS","P_SAL_H","500-999","G47","D01","BG",2012,7.18
"PPS","P_SAL_H","500-999","G47","D111","BG",2012,6.03
"PPS","P_SAL_H","500-999","G47","D1111","BG",2012,5.54
"PPS","P_SAL_H","500-999","H","D01","BG",2012,8.22
"PPS","P_SAL_H","500-999","H","D111","BG",2012,6.83
"PPS","P_SAL_H","500-999","H","D1111","BG",2012,5.9
"PPS","P_SAL_H","500-999","H49","D01","BG",2012,6.58
"PPS","P_SAL_H","500-999","H49","D111","BG",2012,5.33
"PPS","P_SAL_H","500-999","H49","D1111","BG",2012,4.42
"PPS","P_SAL_H","500-999","H50","D01","BG",2012,NA
"PPS","P_SAL_H","500-999","H50","D111","BG",2012,NA
"PPS","P_SAL_H","500-999","H50","D1111","BG",2012,NA
"PPS","P_SAL_H","500-999","H51","D01","BG",2012,NA
"PPS","P_SAL_H","500-999","H51","D111","BG",2012,NA
"PPS","P_SAL_H","500-999","H51","D1111","BG",2012,NA
"PPS","P_SAL_H","500-999","H52","D01","BG",2012,NA
"PPS","P_SAL_H","500-999","H52","D111","BG",2012,NA
"PPS","P_SAL_H","500-999","H52","D1111","BG",2012,NA
"PPS","P_SAL_H","500-999","H53","D01","BG",2012,9.05
"PPS","P_SAL_H","500-999","H53","D111","BG",2012,7.77
"PPS","P_SAL_H","500-999","H53","D1111","BG",2012,7.28
"PPS","P_SAL_H","500-999","I","D01","BG",2012,NA
"PPS","P_SAL_H","500-999","I","D111","BG",2012,NA
"PPS","P_SAL_H","500-999","I","D1111","BG",2012,NA
"PPS","P_SAL_H","500-999","I55","D01","BG",2012,5.71
"PPS","P_SAL_H","500-999","I55","D111","BG",2012,4.65
"PPS","P_SAL_H","500-999","I55","D1111","BG",2012,4.18
"PPS","P_SAL_H","500-999","I56","D01","BG",2012,NA
"PPS","P_SAL_H","500-999","I56","D111","BG",2012,NA
"PPS","P_SAL_H","500-999","I56","D1111","BG",2012,NA
"PPS","P_SAL_H","500-999","J","D01","BG",2012,25.21
"PPS","P_SAL_H","500-999","J","D111","BG",2012,22.02
"PPS","P_SAL_H","500-999","J","D1111","BG",2012,18.37
"PPS","P_SAL_H","500-999","J58","D01","BG",2012,NA
"PPS","P_SAL_H","500-999","J58","D111","BG",2012,NA
"PPS","P_SAL_H","500-999","J58","D1111","BG",2012,NA
"PPS","P_SAL_H","500-999","J60","D01","BG",2012,NA
"PPS","P_SAL_H","500-999","J60","D111","BG",2012,NA
"PPS","P_SAL_H","500-999","J60","D1111","BG",2012,NA
"PPS","P_SAL_H","500-999","J61","D01","BG",2012,NA
"PPS","P_SAL_H","500-999","J61","D111","BG",2012,NA
"PPS","P_SAL_H","500-999","J61","D1111","BG",2012,NA
"PPS","P_SAL_H","500-999","J62","D01","BG",2012,NA
"PPS","P_SAL_H","500-999","J62","D111","BG",2012,NA
"PPS","P_SAL_H","500-999","J62","D1111","BG",2012,NA
"PPS","P_SAL_H","500-999","K","D01","BG",2012,13.22
"PPS","P_SAL_H","500-999","K","D111","BG",2012,11.18
"PPS","P_SAL_H","500-999","K","D1111","BG",2012,10.31
"PPS","P_SAL_H","500-999","K-N","D01","BG",2012,7.9
"PPS","P_SAL_H","500-999","K-N","D111","BG",2012,6.68
"PPS","P_SAL_H","500-999","K-N","D1111","BG",2012,6.16
"PPS","P_SAL_H","500-999","K64","D01","BG",2012,12.84
"PPS","P_SAL_H","500-999","K64","D111","BG",2012,10.78
"PPS","P_SAL_H","500-999","K64","D1111","BG",2012,9.9
"PPS","P_SAL_H","500-999","K65","D01","BG",2012,14.73
"PPS","P_SAL_H","500-999","K65","D111","BG",2012,12.76
"PPS","P_SAL_H","500-999","K65","D1111","BG",2012,11.93
"PPS","P_SAL_H","500-999","M","D01","BG",2012,12.59
"PPS","P_SAL_H","500-999","M","D111","BG",2012,10.5
"PPS","P_SAL_H","500-999","M","D1111","BG",2012,9.26
"PPS","P_SAL_H","500-999","M70","D01","BG",2012,NA
"PPS","P_SAL_H","500-999","M70","D111","BG",2012,NA
"PPS","P_SAL_H","500-999","M70","D1111","BG",2012,NA
"PPS","P_SAL_H","500-999","M73","D01","BG",2012,NA
"PPS","P_SAL_H","500-999","M73","D111","BG",2012,NA
"PPS","P_SAL_H","500-999","M73","D1111","BG",2012,NA
"PPS","P_SAL_H","500-999","N","D01","BG",2012,4.81
"PPS","P_SAL_H","500-999","N","D111","BG",2012,4.08
"PPS","P_SAL_H","500-999","N","D1111","BG",2012,3.79
"PPS","P_SAL_H","500-999","N78","D01","BG",2012,NA
"PPS","P_SAL_H","500-999","N78","D111","BG",2012,NA
"PPS","P_SAL_H","500-999","N78","D1111","BG",2012,NA
"PPS","P_SAL_H","500-999","N80","D01","BG",2012,3.1
"PPS","P_SAL_H","500-999","N80","D111","BG",2012,2.61
"PPS","P_SAL_H","500-999","N80","D1111","BG",2012,2.44
"PPS","P_SAL_H","500-999","N81","D01","BG",2012,3.55
"PPS","P_SAL_H","500-999","N81","D111","BG",2012,2.95
"PPS","P_SAL_H","500-999","N81","D1111","BG",2012,2.74
"PPS","P_SAL_H","500-999","N82","D01","BG",2012,11.91
"PPS","P_SAL_H","500-999","N82","D111","BG",2012,10.23
"PPS","P_SAL_H","500-999","N82","D1111","BG",2012,9.51
"PPS","P_SAL_H","500-999","O","D01","BG",2012,12.26
"PPS","P_SAL_H","500-999","O","D111","BG",2012,9.72
"PPS","P_SAL_H","500-999","O","D1111","BG",2012,8.83
"PPS","P_SAL_H","500-999","O-S","D01","BG",2012,9.49
"PPS","P_SAL_H","500-999","O-S","D111","BG",2012,7.84
"PPS","P_SAL_H","500-999","O-S","D1111","BG",2012,6.88
"PPS","P_SAL_H","500-999","O84","D01","BG",2012,12.26
"PPS","P_SAL_H","500-999","O84","D111","BG",2012,9.72
"PPS","P_SAL_H","500-999","O84","D1111","BG",2012,8.83
"PPS","P_SAL_H","500-999","P","D01","BG",2012,10.91
"PPS","P_SAL_H","500-999","P","D111","BG",2012,9.14
"PPS","P_SAL_H","500-999","P","D1111","BG",2012,7.7
"PPS","P_SAL_H","500-999","P-S","D01","BG",2012,8.71
"PPS","P_SAL_H","500-999","P-S","D111","BG",2012,7.3
"PPS","P_SAL_H","500-999","P-S","D1111","BG",2012,6.33
"PPS","P_SAL_H","500-999","P85","D01","BG",2012,10.91
"PPS","P_SAL_H","500-999","P85","D111","BG",2012,9.14
"PPS","P_SAL_H","500-999","P85","D1111","BG",2012,7.7
"PPS","P_SAL_H","500-999","Q","D01","BG",2012,7.63
"PPS","P_SAL_H","500-999","Q","D111","BG",2012,6.4
"PPS","P_SAL_H","500-999","Q","D1111","BG",2012,5.65
"PPS","P_SAL_H","500-999","Q86","D01","BG",2012,8.1
"PPS","P_SAL_H","500-999","Q86","D111","BG",2012,6.79
"PPS","P_SAL_H","500-999","Q86","D1111","BG",2012,6
"PPS","P_SAL_H","500-999","Q87","D01","BG",2012,NA
"PPS","P_SAL_H","500-999","Q87","D111","BG",2012,NA
"PPS","P_SAL_H","500-999","Q87","D1111","BG",2012,NA
"PPS","P_SAL_H","500-999","Q88","D01","BG",2012,NA
"PPS","P_SAL_H","500-999","Q88","D111","BG",2012,NA
"PPS","P_SAL_H","500-999","Q88","D1111","BG",2012,NA
"PPS","P_SAL_H","GE10","B","D01","BG",2012,14.46
"PPS","P_SAL_H","GE10","B","D111","BG",2012,11.01
"PPS","P_SAL_H","GE10","B","D1111","BG",2012,9.31
"PPS","P_SAL_H","GE10","B-E","D01","BG",2012,7.3
"PPS","P_SAL_H","GE10","B-E","D111","BG",2012,6
"PPS","P_SAL_H","GE10","B-E","D1111","BG",2012,5.24
"PPS","P_SAL_H","GE10","B-F","D01","BG",2012,7.18
"PPS","P_SAL_H","GE10","B-F","D111","BG",2012,5.93
"PPS","P_SAL_H","GE10","B-F","D1111","BG",2012,5.22
"PPS","P_SAL_H","GE10","B-N","D01","BG",2012,7.61
"PPS","P_SAL_H","GE10","B-N","D111","BG",2012,6.44
"PPS","P_SAL_H","GE10","B-N","D1111","BG",2012,5.75
"PPS","P_SAL_H","GE10","B-S","D01","BG",2012,7.7
"PPS","P_SAL_H","GE10","B-S","D111","BG",2012,6.45
"PPS","P_SAL_H","GE10","B-S","D1111","BG",2012,5.72
"PPS","P_SAL_H","GE10","B-S_X_O","D01","BG",2012,7.6
"PPS","P_SAL_H","GE10","B-S_X_O","D111","BG",2012,6.4
"PPS","P_SAL_H","GE10","B-S_X_O","D1111","BG",2012,5.68
"PPS","P_SAL_H","GE10","B05","D01","BG",2012,16.02
"PPS","P_SAL_H","GE10","B05","D111","BG",2012,11.81
"PPS","P_SAL_H","GE10","B05","D1111","BG",2012,9.62
"PPS","P_SAL_H","GE10","B06","D01","BG",2012,NA
"PPS","P_SAL_H","GE10","B06","D111","BG",2012,NA
"PPS","P_SAL_H","GE10","B06","D1111","BG",2012,NA
"PPS","P_SAL_H","GE10","B07","D01","BG",2012,16.37
"PPS","P_SAL_H","GE10","B07","D111","BG",2012,12.91
"PPS","P_SAL_H","GE10","B07","D1111","BG",2012,11.36
"PPS","P_SAL_H","GE10","B08","D01","BG",2012,7.47
"PPS","P_SAL_H","GE10","B08","D111","BG",2012,6.08
"PPS","P_SAL_H","GE10","B08","D1111","BG",2012,5.42
"PPS","P_SAL_H","GE10","B09","D01","BG",2012,NA
"PPS","P_SAL_H","GE10","B09","D111","BG",2012,NA
"PPS","P_SAL_H","GE10","B09","D1111","BG",2012,NA
"PPS","P_SAL_H","GE10","C","D01","BG",2012,6.26
"PPS","P_SAL_H","GE10","C","D111","BG",2012,5.2
"PPS","P_SAL_H","GE10","C","D1111","BG",2012,4.67
"PPS","P_SAL_H","GE10","C10","D01","BG",2012,5.44
"PPS","P_SAL_H","GE10","C10","D111","BG",2012,4.57
"PPS","P_SAL_H","GE10","C10","D1111","BG",2012,4.19
"PPS","P_SAL_H","GE10","C11","D01","BG",2012,8.21
"PPS","P_SAL_H","GE10","C11","D111","BG",2012,6.92
"PPS","P_SAL_H","GE10","C11","D1111","BG",2012,6.14
"PPS","P_SAL_H","GE10","C12","D01","BG",2012,16.29
"PPS","P_SAL_H","GE10","C12","D111","BG",2012,13.03
"PPS","P_SAL_H","GE10","C12","D1111","BG",2012,11.09
"PPS","P_SAL_H","GE10","C13","D01","BG",2012,5.52
"PPS","P_SAL_H","GE10","C13","D111","BG",2012,4.59
"PPS","P_SAL_H","GE10","C13","D1111","BG",2012,4.16
"PPS","P_SAL_H","GE10","C14","D01","BG",2012,4.11
"PPS","P_SAL_H","GE10","C14","D111","BG",2012,3.4
"PPS","P_SAL_H","GE10","C14","D1111","BG",2012,3.07
"PPS","P_SAL_H","GE10","C15","D01","BG",2012,3.8
"PPS","P_SAL_H","GE10","C15","D111","BG",2012,3.18
"PPS","P_SAL_H","GE10","C15","D1111","BG",2012,2.88
"PPS","P_SAL_H","GE10","C16","D01","BG",2012,4.47
"PPS","P_SAL_H","GE10","C16","D111","BG",2012,3.74
"PPS","P_SAL_H","GE10","C16","D1111","BG",2012,3.36
"PPS","P_SAL_H","GE10","C17","D01","BG",2012,5.92
"PPS","P_SAL_H","GE10","C17","D111","BG",2012,4.93
"PPS","P_SAL_H","GE10","C17","D1111","BG",2012,4.37
"PPS","P_SAL_H","GE10","C18","D01","BG",2012,6.49
"PPS","P_SAL_H","GE10","C18","D111","BG",2012,5.47
"PPS","P_SAL_H","GE10","C18","D1111","BG",2012,4.98
"PPS","P_SAL_H","GE10","C19","D01","BG",2012,22.37
"PPS","P_SAL_H","GE10","C19","D111","BG",2012,17.94
"PPS","P_SAL_H","GE10","C19","D1111","BG",2012,16
"PPS","P_SAL_H","GE10","C20","D01","BG",2012,8.8
"PPS","P_SAL_H","GE10","C20","D111","BG",2012,7.3
"PPS","P_SAL_H","GE10","C20","D1111","BG",2012,6.57
"PPS","P_SAL_H","GE10","C21","D01","BG",2012,8.6
"PPS","P_SAL_H","GE10","C21","D111","BG",2012,7.17
"PPS","P_SAL_H","GE10","C21","D1111","BG",2012,6.36
"PPS","P_SAL_H","GE10","C22","D01","BG",2012,5.33
"PPS","P_SAL_H","GE10","C22","D111","BG",2012,4.48
"PPS","P_SAL_H","GE10","C22","D1111","BG",2012,4.09
"PPS","P_SAL_H","GE10","C23","D01","BG",2012,7.75
"PPS","P_SAL_H","GE10","C23","D111","BG",2012,6.4
"PPS","P_SAL_H","GE10","C23","D1111","BG",2012,5.68
"PPS","P_SAL_H","GE10","C24","D01","BG",2012,10.85
"PPS","P_SAL_H","GE10","C24","D111","BG",2012,8.6
"PPS","P_SAL_H","GE10","C24","D1111","BG",2012,7.59
"PPS","P_SAL_H","GE10","C25","D01","BG",2012,6.1
"PPS","P_SAL_H","GE10","C25","D111","BG",2012,5.08
"PPS","P_SAL_H","GE10","C25","D1111","BG",2012,4.52
"PPS","P_SAL_H","GE10","C26","D01","BG",2012,8.92
"PPS","P_SAL_H","GE10","C26","D111","BG",2012,7.63
"PPS","P_SAL_H","GE10","C26","D1111","BG",2012,6.79
"PPS","P_SAL_H","GE10","C27","D01","BG",2012,8.15
"PPS","P_SAL_H","GE10","C27","D111","BG",2012,6.78
"PPS","P_SAL_H","GE10","C27","D1111","BG",2012,6.09
"PPS","P_SAL_H","GE10","C28","D01","BG",2012,7.96
"PPS","P_SAL_H","GE10","C28","D111","BG",2012,6.64
"PPS","P_SAL_H","GE10","C28","D1111","BG",2012,5.9
"PPS","P_SAL_H","GE10","C29","D01","BG",2012,6.67
"PPS","P_SAL_H","GE10","C29","D111","BG",2012,5.63
"PPS","P_SAL_H","GE10","C29","D1111","BG",2012,4.89
"PPS","P_SAL_H","GE10","C30","D01","BG",2012,7.02
"PPS","P_SAL_H","GE10","C30","D111","BG",2012,5.86
"PPS","P_SAL_H","GE10","C30","D1111","BG",2012,5.36
"PPS","P_SAL_H","GE10","C31","D01","BG",2012,4.25
"PPS","P_SAL_H","GE10","C31","D111","BG",2012,3.55
"PPS","P_SAL_H","GE10","C31","D1111","BG",2012,3.25
"PPS","P_SAL_H","GE10","C32","D01","BG",2012,6.31
"PPS","P_SAL_H","GE10","C32","D111","BG",2012,5.32
"PPS","P_SAL_H","GE10","C32","D1111","BG",2012,4.8
"PPS","P_SAL_H","GE10","C33","D01","BG",2012,9.41
"PPS","P_SAL_H","GE10","C33","D111","BG",2012,7.76
"PPS","P_SAL_H","GE10","C33","D1111","BG",2012,6.86
"PPS","P_SAL_H","GE10","D","D01","BG",2012,17.56
"PPS","P_SAL_H","GE10","D","D111","BG",2012,14.15
"PPS","P_SAL_H","GE10","D","D1111","BG",2012,10.92
"PPS","P_SAL_H","GE10","D35","D01","BG",2012,17.56
"PPS","P_SAL_H","GE10","D35","D111","BG",2012,14.15
"PPS","P_SAL_H","GE10","D35","D1111","BG",2012,10.92
"PPS","P_SAL_H","GE10","E","D01","BG",2012,6.73
"PPS","P_SAL_H","GE10","E","D111","BG",2012,5.61
"PPS","P_SAL_H","GE10","E","D1111","BG",2012,4.83
"PPS","P_SAL_H","GE10","E36","D01","BG",2012,7.29
"PPS","P_SAL_H","GE10","E36","D111","BG",2012,6.04
"PPS","P_SAL_H","GE10","E36","D1111","BG",2012,4.95
"PPS","P_SAL_H","GE10","E37","D01","BG",2012,5.44
"PPS","P_SAL_H","GE10","E37","D111","BG",2012,4.55
"PPS","P_SAL_H","GE10","E37","D1111","BG",2012,4.15
"PPS","P_SAL_H","GE10","E38","D01","BG",2012,6.12
"PPS","P_SAL_H","GE10","E38","D111","BG",2012,5.16
"PPS","P_SAL_H","GE10","E38","D1111","BG",2012,4.69
"PPS","P_SAL_H","GE10","E39","D01","BG",2012,7.24
"PPS","P_SAL_H","GE10","E39","D111","BG",2012,6.11
"PPS","P_SAL_H","GE10","E39","D1111","BG",2012,5.35
"PPS","P_SAL_H","GE10","F","D01","BG",2012,6.58
"PPS","P_SAL_H","GE10","F","D111","BG",2012,5.55
"PPS","P_SAL_H","GE10","F","D1111","BG",2012,5.12
"PPS","P_SAL_H","GE10","F41","D01","BG",2012,5.69
"PPS","P_SAL_H","GE10","F41","D111","BG",2012,4.81
"PPS","P_SAL_H","GE10","F41","D1111","BG",2012,4.45
"PPS","P_SAL_H","GE10","F42","D01","BG",2012,7.61
"PPS","P_SAL_H","GE10","F42","D111","BG",2012,6.4
"PPS","P_SAL_H","GE10","F42","D1111","BG",2012,5.87
"PPS","P_SAL_H","GE10","F43","D01","BG",2012,6.69
"PPS","P_SAL_H","GE10","F43","D111","BG",2012,5.65
"PPS","P_SAL_H","GE10","F43","D1111","BG",2012,5.24
"PPS","P_SAL_H","GE10","G","D01","BG",2012,6.88
"PPS","P_SAL_H","GE10","G","D111","BG",2012,5.87
"PPS","P_SAL_H","GE10","G","D1111","BG",2012,5.42
"PPS","P_SAL_H","GE10","G-J","D01","BG",2012,7.94
"PPS","P_SAL_H","GE10","G-J","D111","BG",2012,6.85
"PPS","P_SAL_H","GE10","G-J","D1111","BG",2012,6.15
"PPS","P_SAL_H","GE10","G-N","D01","BG",2012,8.01
"PPS","P_SAL_H","GE10","G-N","D111","BG",2012,6.91
"PPS","P_SAL_H","GE10","G-N","D1111","BG",2012,6.23
"PPS","P_SAL_H","GE10","G-S_X_O","D01","BG",2012,7.86
"PPS","P_SAL_H","GE10","G-S_X_O","D111","BG",2012,6.71
"PPS","P_SAL_H","GE10","G-S_X_O","D1111","BG",2012,5.97
"PPS","P_SAL_H","GE10","G45","D01","BG",2012,7.84
"PPS","P_SAL_H","GE10","G45","D111","BG",2012,6.69
"PPS","P_SAL_H","GE10","G45","D1111","BG",2012,6.14
"PPS","P_SAL_H","GE10","G46","D01","BG",2012,8.05
"PPS","P_SAL_H","GE10","G46","D111","BG",2012,6.93
"PPS","P_SAL_H","GE10","G46","D1111","BG",2012,6.41
"PPS","P_SAL_H","GE10","G47","D01","BG",2012,5.62
"PPS","P_SAL_H","GE10","G47","D111","BG",2012,4.74
"PPS","P_SAL_H","GE10","G47","D1111","BG",2012,4.37
"PPS","P_SAL_H","GE10","H","D01","BG",2012,7.84
"PPS","P_SAL_H","GE10","H","D111","BG",2012,6.89
"PPS","P_SAL_H","GE10","H","D1111","BG",2012,5.71
"PPS","P_SAL_H","GE10","H49","D01","BG",2012,6.41
"PPS","P_SAL_H","GE10","H49","D111","BG",2012,5.15
"PPS","P_SAL_H","GE10","H49","D1111","BG",2012,4.32
"PPS","P_SAL_H","GE10","H50","D01","BG",2012,20.38
"PPS","P_SAL_H","GE10","H50","D111","BG",2012,18.72
"PPS","P_SAL_H","GE10","H50","D1111","BG",2012,15.68
"PPS","P_SAL_H","GE10","H51","D01","BG",2012,19.54
"PPS","P_SAL_H","GE10","H51","D111","BG",2012,16.34
"PPS","P_SAL_H","GE10","H51","D1111","BG",2012,14.45
"PPS","P_SAL_H","GE10","H52","D01","BG",2012,10
"PPS","P_SAL_H","GE10","H52","D111","BG",2012,10.01
"PPS","P_SAL_H","GE10","H52","D1111","BG",2012,8
"PPS","P_SAL_H","GE10","H53","D01","BG",2012,6.49
"PPS","P_SAL_H","GE10","H53","D111","BG",2012,5.39
"PPS","P_SAL_H","GE10","H53","D1111","BG",2012,4.63
"PPS","P_SAL_H","GE10","I","D01","BG",2012,4.8
"PPS","P_SAL_H","GE10","I","D111","BG",2012,4.01
"PPS","P_SAL_H","GE10","I","D1111","BG",2012,3.75
"PPS","P_SAL_H","GE10","I55","D01","BG",2012,5.59
"PPS","P_SAL_H","GE10","I55","D111","BG",2012,4.69
"PPS","P_SAL_H","GE10","I55","D1111","BG",2012,4.36
"PPS","P_SAL_H","GE10","I56","D01","BG",2012,4.16
"PPS","P_SAL_H","GE10","I56","D111","BG",2012,3.47
"PPS","P_SAL_H","GE10","I56","D1111","BG",2012,3.26
"PPS","P_SAL_H","GE10","J","D01","BG",2012,16.42
"PPS","P_SAL_H","GE10","J","D111","BG",2012,14.3
"PPS","P_SAL_H","GE10","J","D1111","BG",2012,13.05
"PPS","P_SAL_H","GE10","J58","D01","BG",2012,10.95
"PPS","P_SAL_H","GE10","J58","D111","BG",2012,9.46
"PPS","P_SAL_H","GE10","J58","D1111","BG",2012,8.58
"PPS","P_SAL_H","GE10","J59","D01","BG",2012,13
"PPS","P_SAL_H","GE10","J59","D111","BG",2012,11.51
"PPS","P_SAL_H","GE10","J59","D1111","BG",2012,10.68
"PPS","P_SAL_H","GE10","J60","D01","BG",2012,11.94
"PPS","P_SAL_H","GE10","J60","D111","BG",2012,10.3
"PPS","P_SAL_H","GE10","J60","D1111","BG",2012,9.3
"PPS","P_SAL_H","GE10","J61","D01","BG",2012,13.64
"PPS","P_SAL_H","GE10","J61","D111","BG",2012,11.66
"PPS","P_SAL_H","GE10","J61","D1111","BG",2012,10.6
"PPS","P_SAL_H","GE10","J62","D01","BG",2012,21.82
"PPS","P_SAL_H","GE10","J62","D111","BG",2012,19.23
"PPS","P_SAL_H","GE10","J62","D1111","BG",2012,17.61
"PPS","P_SAL_H","GE10","J63","D01","BG",2012,13.58
"PPS","P_SAL_H","GE10","J63","D111","BG",2012,11.8
"PPS","P_SAL_H","GE10","J63","D1111","BG",2012,10.77
"PPS","P_SAL_H","GE10","K","D01","BG",2012,13.87
"PPS","P_SAL_H","GE10","K","D111","BG",2012,11.89
"PPS","P_SAL_H","GE10","K","D1111","BG",2012,10.65
"PPS","P_SAL_H","GE10","K-N","D01","BG",2012,8.17
"PPS","P_SAL_H","GE10","K-N","D111","BG",2012,7.06
"PPS","P_SAL_H","GE10","K-N","D1111","BG",2012,6.42
"PPS","P_SAL_H","GE10","K64","D01","BG",2012,13.98
"PPS","P_SAL_H","GE10","K64","D111","BG",2012,11.93
"PPS","P_SAL_H","GE10","K64","D1111","BG",2012,10.62
"PPS","P_SAL_H","GE10","K65","D01","BG",2012,15
"PPS","P_SAL_H","GE10","K65","D111","BG",2012,13.07
"PPS","P_SAL_H","GE10","K65","D1111","BG",2012,12.05
"PPS","P_SAL_H","GE10","K66","D01","BG",2012,11.04
"PPS","P_SAL_H","GE10","K66","D111","BG",2012,9.61
"PPS","P_SAL_H","GE10","K66","D1111","BG",2012,8.93
"PPS","P_SAL_H","GE10","L","D01","BG",2012,7.29
"PPS","P_SAL_H","GE10","L","D111","BG",2012,6.23
"PPS","P_SAL_H","GE10","L","D1111","BG",2012,5.68
"PPS","P_SAL_H","GE10","L68","D01","BG",2012,7.29
"PPS","P_SAL_H","GE10","L68","D111","BG",2012,6.23
"PPS","P_SAL_H","GE10","L68","D1111","BG",2012,5.68
"PPS","P_SAL_H","GE10","M","D01","BG",2012,12.13
"PPS","P_SAL_H","GE10","M","D111","BG",2012,10.53
"PPS","P_SAL_H","GE10","M","D1111","BG",2012,9.62
"PPS","P_SAL_H","GE10","M69","D01","BG",2012,14.22
"PPS","P_SAL_H","GE10","M69","D111","BG",2012,12.48
"PPS","P_SAL_H","GE10","M69","D1111","BG",2012,11.44
"PPS","P_SAL_H","GE10","M70","D01","BG",2012,15.6
"PPS","P_SAL_H","GE10","M70","D111","BG",2012,13.75
"PPS","P_SAL_H","GE10","M70","D1111","BG",2012,12.56
"PPS","P_SAL_H","GE10","M71","D01","BG",2012,13.17
"PPS","P_SAL_H","GE10","M71","D111","BG",2012,11.36
"PPS","P_SAL_H","GE10","M71","D1111","BG",2012,10.43
"PPS","P_SAL_H","GE10","M72","D01","BG",2012,7.52
"PPS","P_SAL_H","GE10","M72","D111","BG",2012,6.34
"PPS","P_SAL_H","GE10","M72","D1111","BG",2012,5.57
"PPS","P_SAL_H","GE10","M73","D01","BG",2012,13.72
"PPS","P_SAL_H","GE10","M73","D111","BG",2012,12.06
"PPS","P_SAL_H","GE10","M73","D1111","BG",2012,11.23
"PPS","P_SAL_H","GE10","M74","D01","BG",2012,13.04
"PPS","P_SAL_H","GE10","M74","D111","BG",2012,11.38
"PPS","P_SAL_H","GE10","M74","D1111","BG",2012,10.46
"PPS","P_SAL_H","GE10","M75","D01","BG",2012,4.13
"PPS","P_SAL_H","GE10","M75","D111","BG",2012,3.51
"PPS","P_SAL_H","GE10","M75","D1111","BG",2012,3.25
"PPS","P_SAL_H","GE10","N","D01","BG",2012,4.23
"PPS","P_SAL_H","GE10","N","D111","BG",2012,3.69
"PPS","P_SAL_H","GE10","N","D1111","BG",2012,3.4
"PPS","P_SAL_H","GE10","N77","D01","BG",2012,7.92
"PPS","P_SAL_H","GE10","N77","D111","BG",2012,6.73
"PPS","P_SAL_H","GE10","N77","D1111","BG",2012,6.24
"PPS","P_SAL_H","GE10","N78","D01","BG",2012,8.69
"PPS","P_SAL_H","GE10","N78","D111","BG",2012,7.33
"PPS","P_SAL_H","GE10","N78","D1111","BG",2012,6.73
"PPS","P_SAL_H","GE10","N79","D01","BG",2012,7.2
"PPS","P_SAL_H","GE10","N79","D111","BG",2012,6.14
"PPS","P_SAL_H","GE10","N79","D1111","BG",2012,5.77
"PPS","P_SAL_H","GE10","N80","D01","BG",2012,3.55
"PPS","P_SAL_H","GE10","N80","D111","BG",2012,3
"PPS","P_SAL_H","GE10","N80","D1111","BG",2012,2.77
"PPS","P_SAL_H","GE10","N81","D01","BG",2012,2.85
"PPS","P_SAL_H","GE10","N81","D111","BG",2012,2.76
"PPS","P_SAL_H","GE10","N81","D1111","BG",2012,2.54
"PPS","P_SAL_H","GE10","N82","D01","BG",2012,9.35
"PPS","P_SAL_H","GE10","N82","D111","BG",2012,8
"PPS","P_SAL_H","GE10","N82","D1111","BG",2012,7.38
"PPS","P_SAL_H","GE10","O","D01","BG",2012,9.14
"PPS","P_SAL_H","GE10","O","D111","BG",2012,7.18
"PPS","P_SAL_H","GE10","O","D1111","BG",2012,6.3
"PPS","P_SAL_H","GE10","O-S","D01","BG",2012,7.96
"PPS","P_SAL_H","GE10","O-S","D111","BG",2012,6.51
"PPS","P_SAL_H","GE10","O-S","D1111","BG",2012,5.63
"PPS","P_SAL_H","GE10","O84","D01","BG",2012,9.14
"PPS","P_SAL_H","GE10","O84","D111","BG",2012,7.18
"PPS","P_SAL_H","GE10","O84","D1111","BG",2012,6.3
"PPS","P_SAL_H","GE10","P","D01","BG",2012,7.79
"PPS","P_SAL_H","GE10","P","D111","BG",2012,6.38
"PPS","P_SAL_H","GE10","P","D1111","BG",2012,5.27
"PPS","P_SAL_H","GE10","P-S","D01","BG",2012,7.51
"PPS","P_SAL_H","GE10","P-S","D111","BG",2012,6.25
"PPS","P_SAL_H","GE10","P-S","D1111","BG",2012,5.37
"PPS","P_SAL_H","GE10","P85","D01","BG",2012,7.79
"PPS","P_SAL_H","GE10","P85","D111","BG",2012,6.38
"PPS","P_SAL_H","GE10","P85","D1111","BG",2012,5.27
"PPS","P_SAL_H","GE10","Q","D01","BG",2012,7.66
"PPS","P_SAL_H","GE10","Q","D111","BG",2012,6.45
"PPS","P_SAL_H","GE10","Q","D1111","BG",2012,5.72
"PPS","P_SAL_H","GE10","Q86","D01","BG",2012,8.66
"PPS","P_SAL_H","GE10","Q86","D111","BG",2012,7.29
"PPS","P_SAL_H","GE10","Q86","D1111","BG",2012,6.5
"PPS","P_SAL_H","GE10","Q87","D01","BG",2012,4.64
"PPS","P_SAL_H","GE10","Q87","D111","BG",2012,3.84
"PPS","P_SAL_H","GE10","Q87","D1111","BG",2012,3.33
"PPS","P_SAL_H","GE10","Q88","D01","BG",2012,4.18
"PPS","P_SAL_H","GE10","Q88","D111","BG",2012,3.5
"PPS","P_SAL_H","GE10","Q88","D1111","BG",2012,3.05
"PPS","P_SAL_H","GE10","R","D01","BG",2012,6.35
"PPS","P_SAL_H","GE10","R","D111","BG",2012,5.43
"PPS","P_SAL_H","GE10","R","D1111","BG",2012,4.95
"PPS","P_SAL_H","GE10","R90","D01","BG",2012,5.46
"PPS","P_SAL_H","GE10","R90","D111","BG",2012,4.51
"PPS","P_SAL_H","GE10","R90","D1111","BG",2012,3.94
"PPS","P_SAL_H","GE10","R91","D01","BG",2012,5.06
"PPS","P_SAL_H","GE10","R91","D111","BG",2012,4.19
"PPS","P_SAL_H","GE10","R91","D1111","BG",2012,3.62
"PPS","P_SAL_H","GE10","R92","D01","BG",2012,5.15
"PPS","P_SAL_H","GE10","R92","D111","BG",2012,4.31
"PPS","P_SAL_H","GE10","R92","D1111","BG",2012,3.96
"PPS","P_SAL_H","GE10","R93","D01","BG",2012,9.59
"PPS","P_SAL_H","GE10","R93","D111","BG",2012,8.59
"PPS","P_SAL_H","GE10","R93","D1111","BG",2012,8.04
"PPS","P_SAL_H","GE10","S","D01","BG",2012,5.59
"PPS","P_SAL_H","GE10","S","D111","BG",2012,4.82
"PPS","P_SAL_H","GE10","S","D1111","BG",2012,4.37
"PPS","P_SAL_H","GE10","S94","D01","BG",2012,6.22
"PPS","P_SAL_H","GE10","S94","D111","BG",2012,5.43
"PPS","P_SAL_H","GE10","S94","D1111","BG",2012,4.91
"PPS","P_SAL_H","GE10","S95","D01","BG",2012,6.31
"PPS","P_SAL_H","GE10","S95","D111","BG",2012,5.33
"PPS","P_SAL_H","GE10","S95","D1111","BG",2012,4.87
"PPS","P_SAL_H","GE10","S96","D01","BG",2012,3.98
"PPS","P_SAL_H","GE10","S96","D111","BG",2012,3.32
"PPS","P_SAL_H","GE10","S96","D1111","BG",2012,3.04
"PPS","P_SAL_H","GE1000","B","D01","BG",2012,18.72
"PPS","P_SAL_H","GE1000","B","D111","BG",2012,14.13
"PPS","P_SAL_H","GE1000","B","D1111","BG",2012,11.72
"PPS","P_SAL_H","GE1000","B-E","D01","BG",2012,13.22
"PPS","P_SAL_H","GE1000","B-E","D111","BG",2012,10.52
"PPS","P_SAL_H","GE1000","B-E","D1111","BG",2012,8.58
"PPS","P_SAL_H","GE1000","B-F","D01","BG",2012,13.23
"PPS","P_SAL_H","GE1000","B-F","D111","BG",2012,10.53
"PPS","P_SAL_H","GE1000","B-F","D1111","BG",2012,8.58
"PPS","P_SAL_H","GE1000","B-N","D01","BG",2012,11.6
"PPS","P_SAL_H","GE1000","B-N","D111","BG",2012,9.75
"PPS","P_SAL_H","GE1000","B-N","D1111","BG",2012,8.15
"PPS","P_SAL_H","GE1000","B-S","D01","BG",2012,11.28
"PPS","P_SAL_H","GE1000","B-S","D111","BG",2012,9.43
"PPS","P_SAL_H","GE1000","B-S","D1111","BG",2012,7.95
"PPS","P_SAL_H","GE1000","B-S_X_O","D01","BG",2012,11.44
"PPS","P_SAL_H","GE1000","B-S_X_O","D111","BG",2012,9.61
"PPS","P_SAL_H","GE1000","B-S_X_O","D1111","BG",2012,8.07
"PPS","P_SAL_H","GE1000","B05","D01","BG",2012,17.89
"PPS","P_SAL_H","GE1000","B05","D111","BG",2012,13.14
"PPS","P_SAL_H","GE1000","B05","D1111","BG",2012,10.59
"PPS","P_SAL_H","GE1000","B07","D01","BG",2012,20.79
"PPS","P_SAL_H","GE1000","B07","D111","BG",2012,16.59
"PPS","P_SAL_H","GE1000","B07","D1111","BG",2012,14.53
"PPS","P_SAL_H","GE1000","C","D01","BG",2012,9.11
"PPS","P_SAL_H","GE1000","C","D111","BG",2012,7.42
"PPS","P_SAL_H","GE1000","C","D1111","BG",2012,6.48
"PPS","P_SAL_H","GE1000","C10","D01","BG",2012,NA
"PPS","P_SAL_H","GE1000","C10","D111","BG",2012,NA
"PPS","P_SAL_H","GE1000","C10","D1111","BG",2012,NA
"PPS","P_SAL_H","GE1000","C11","D01","BG",2012,NA
"PPS","P_SAL_H","GE1000","C11","D111","BG",2012,NA
"PPS","P_SAL_H","GE1000","C11","D1111","BG",2012,NA
"PPS","P_SAL_H","GE1000","C12","D01","BG",2012,NA
"PPS","P_SAL_H","GE1000","C12","D111","BG",2012,NA
"PPS","P_SAL_H","GE1000","C12","D1111","BG",2012,NA
"PPS","P_SAL_H","GE1000","C13","D01","BG",2012,6.56
"PPS","P_SAL_H","GE1000","C13","D111","BG",2012,5.52
"PPS","P_SAL_H","GE1000","C13","D1111","BG",2012,5.05
"PPS","P_SAL_H","GE1000","C14","D01","BG",2012,6.72
"PPS","P_SAL_H","GE1000","C14","D111","BG",2012,5.08
"PPS","P_SAL_H","GE1000","C14","D1111","BG",2012,4.56
"PPS","P_SAL_H","GE1000","C19","D01","BG",2012,NA
"PPS","P_SAL_H","GE1000","C19","D111","BG",2012,NA
"PPS","P_SAL_H","GE1000","C19","D1111","BG",2012,NA
"PPS","P_SAL_H","GE1000","C20","D01","BG",2012,NA
"PPS","P_SAL_H","GE1000","C20","D111","BG",2012,NA
"PPS","P_SAL_H","GE1000","C20","D1111","BG",2012,NA
"PPS","P_SAL_H","GE1000","C21","D01","BG",2012,7.91
"PPS","P_SAL_H","GE1000","C21","D111","BG",2012,6.53
"PPS","P_SAL_H","GE1000","C21","D1111","BG",2012,5.64
"PPS","P_SAL_H","GE1000","C22","D01","BG",2012,NA
"PPS","P_SAL_H","GE1000","C22","D111","BG",2012,NA
"PPS","P_SAL_H","GE1000","C22","D1111","BG",2012,NA
"PPS","P_SAL_H","GE1000","C23","D01","BG",2012,NA
"PPS","P_SAL_H","GE1000","C23","D111","BG",2012,NA
"PPS","P_SAL_H","GE1000","C23","D1111","BG",2012,NA
"PPS","P_SAL_H","GE1000","C24","D01","BG",2012,NA
"PPS","P_SAL_H","GE1000","C24","D111","BG",2012,NA
"PPS","P_SAL_H","GE1000","C24","D1111","BG",2012,NA
"PPS","P_SAL_H","GE1000","C25","D01","BG",2012,6.43
"PPS","P_SAL_H","GE1000","C25","D111","BG",2012,5.23
"PPS","P_SAL_H","GE1000","C25","D1111","BG",2012,4.45
"PPS","P_SAL_H","GE1000","C27","D01","BG",2012,NA
"PPS","P_SAL_H","GE1000","C27","D111","BG",2012,NA
"PPS","P_SAL_H","GE1000","C27","D1111","BG",2012,NA
"PPS","P_SAL_H","GE1000","C28","D01","BG",2012,11.23
"PPS","P_SAL_H","GE1000","C28","D111","BG",2012,9.28
"PPS","P_SAL_H","GE1000","C28","D1111","BG",2012,7.84
"PPS","P_SAL_H","GE1000","C29","D01","BG",2012,6.91
"PPS","P_SAL_H","GE1000","C29","D111","BG",2012,5.85
"PPS","P_SAL_H","GE1000","C29","D1111","BG",2012,5.02
"PPS","P_SAL_H","GE1000","C30","D01","BG",2012,NA
"PPS","P_SAL_H","GE1000","C30","D111","BG",2012,NA
"PPS","P_SAL_H","GE1000","C30","D1111","BG",2012,NA
"PPS","P_SAL_H","GE1000","C33","D01","BG",2012,NA
"PPS","P_SAL_H","GE1000","C33","D111","BG",2012,NA
"PPS","P_SAL_H","GE1000","C33","D1111","BG",2012,NA
"PPS","P_SAL_H","GE1000","D","D01","BG",2012,18.96
"PPS","P_SAL_H","GE1000","D","D111","BG",2012,15.16
"PPS","P_SAL_H","GE1000","D","D1111","BG",2012,11.33
"PPS","P_SAL_H","GE1000","D35","D01","BG",2012,18.96
"PPS","P_SAL_H","GE1000","D35","D111","BG",2012,15.16
"PPS","P_SAL_H","GE1000","D35","D1111","BG",2012,11.33
"PPS","P_SAL_H","GE1000","E","D01","BG",2012,9.25
"PPS","P_SAL_H","GE1000","E","D111","BG",2012,7.64
"PPS","P_SAL_H","GE1000","E","D1111","BG",2012,6.42
"PPS","P_SAL_H","GE1000","E36","D01","BG",2012,9.25
"PPS","P_SAL_H","GE1000","E36","D111","BG",2012,7.64
"PPS","P_SAL_H","GE1000","E36","D1111","BG",2012,6.42
"PPS","P_SAL_H","GE1000","F","D01","BG",2012,NA
"PPS","P_SAL_H","GE1000","F","D111","BG",2012,NA
"PPS","P_SAL_H","GE1000","F","D1111","BG",2012,NA
"PPS","P_SAL_H","GE1000","F41","D01","BG",2012,NA
"PPS","P_SAL_H","GE1000","F41","D111","BG",2012,NA
"PPS","P_SAL_H","GE1000","F41","D1111","BG",2012,NA
"PPS","P_SAL_H","GE1000","G","D01","BG",2012,8.82
"PPS","P_SAL_H","GE1000","G","D111","BG",2012,7.51
"PPS","P_SAL_H","GE1000","G","D1111","BG",2012,6.82
"PPS","P_SAL_H","GE1000","G-J","D01","BG",2012,10.58
"PPS","P_SAL_H","GE1000","G-J","D111","BG",2012,9.42
"PPS","P_SAL_H","GE1000","G-J","D1111","BG",2012,7.9
"PPS","P_SAL_H","GE1000","G-N","D01","BG",2012,10.51
"PPS","P_SAL_H","GE1000","G-N","D111","BG",2012,9.23
"PPS","P_SAL_H","GE1000","G-N","D1111","BG",2012,7.86
"PPS","P_SAL_H","GE1000","G-S_X_O","D01","BG",2012,10.43
"PPS","P_SAL_H","GE1000","G-S_X_O","D111","BG",2012,9.1
"PPS","P_SAL_H","GE1000","G-S_X_O","D1111","BG",2012,7.78
"PPS","P_SAL_H","GE1000","G46","D01","BG",2012,NA
"PPS","P_SAL_H","GE1000","G46","D111","BG",2012,NA
"PPS","P_SAL_H","GE1000","G46","D1111","BG",2012,NA
"PPS","P_SAL_H","GE1000","G47","D01","BG",2012,8.3
"PPS","P_SAL_H","GE1000","G47","D111","BG",2012,7.04
"PPS","P_SAL_H","GE1000","G47","D1111","BG",2012,6.34
"PPS","P_SAL_H","GE1000","H","D01","BG",2012,9.53
"PPS","P_SAL_H","GE1000","H","D111","BG",2012,8.87
"PPS","P_SAL_H","GE1000","H","D1111","BG",2012,6.82
"PPS","P_SAL_H","GE1000","H49","D01","BG",2012,10.17
"PPS","P_SAL_H","GE1000","H49","D111","BG",2012,8.17
"PPS","P_SAL_H","GE1000","H49","D1111","BG",2012,6.11
"PPS","P_SAL_H","GE1000","H50","D01","BG",2012,NA
"PPS","P_SAL_H","GE1000","H50","D111","BG",2012,NA
"PPS","P_SAL_H","GE1000","H50","D1111","BG",2012,NA
"PPS","P_SAL_H","GE1000","H52","D01","BG",2012,9.8
"PPS","P_SAL_H","GE1000","H52","D111","BG",2012,10.49
"PPS","P_SAL_H","GE1000","H52","D1111","BG",2012,8.03
"PPS","P_SAL_H","GE1000","H53","D01","BG",2012,5.61
"PPS","P_SAL_H","GE1000","H53","D111","BG",2012,4.57
"PPS","P_SAL_H","GE1000","H53","D1111","BG",2012,3.68
"PPS","P_SAL_H","GE1000","I","D01","BG",2012,NA
"PPS","P_SAL_H","GE1000","I","D111","BG",2012,NA
"PPS","P_SAL_H","GE1000","I","D1111","BG",2012,NA
"PPS","P_SAL_H","GE1000","I56","D01","BG",2012,NA
"PPS","P_SAL_H","GE1000","I56","D111","BG",2012,NA
"PPS","P_SAL_H","GE1000","I56","D1111","BG",2012,NA
"PPS","P_SAL_H","GE1000","J","D01","BG",2012,15.41
"PPS","P_SAL_H","GE1000","J","D111","BG",2012,13.15
"PPS","P_SAL_H","GE1000","J","D1111","BG",2012,11.98
"PPS","P_SAL_H","GE1000","J60","D01","BG",2012,9.24
"PPS","P_SAL_H","GE1000","J60","D111","BG",2012,7.9
"PPS","P_SAL_H","GE1000","J60","D1111","BG",2012,6.97
"PPS","P_SAL_H","GE1000","J61","D01","BG",2012,14.48
"PPS","P_SAL_H","GE1000","J61","D111","BG",2012,12.41
"PPS","P_SAL_H","GE1000","J61","D1111","BG",2012,11.23
"PPS","P_SAL_H","GE1000","J62","D01","BG",2012,NA
"PPS","P_SAL_H","GE1000","J62","D111","BG",2012,NA
"PPS","P_SAL_H","GE1000","J62","D1111","BG",2012,NA
"PPS","P_SAL_H","GE1000","K","D01","BG",2012,13.88
"PPS","P_SAL_H","GE1000","K","D111","BG",2012,11.81
"PPS","P_SAL_H","GE1000","K","D1111","BG",2012,10.4
"PPS","P_SAL_H","GE1000","K-N","D01","BG",2012,10.37
"PPS","P_SAL_H","GE1000","K-N","D111","BG",2012,8.81
"PPS","P_SAL_H","GE1000","K-N","D1111","BG",2012,7.78
"PPS","P_SAL_H","GE1000","K64","D01","BG",2012,13.88
"PPS","P_SAL_H","GE1000","K64","D111","BG",2012,11.81
"PPS","P_SAL_H","GE1000","K64","D1111","BG",2012,10.4
"PPS","P_SAL_H","GE1000","M","D01","BG",2012,7.43
"PPS","P_SAL_H","GE1000","M","D111","BG",2012,5.57
"PPS","P_SAL_H","GE1000","M","D1111","BG",2012,4.68
"PPS","P_SAL_H","GE1000","M71","D01","BG",2012,NA
"PPS","P_SAL_H","GE1000","M71","D111","BG",2012,NA
"PPS","P_SAL_H","GE1000","M71","D1111","BG",2012,NA
"PPS","P_SAL_H","GE1000","M72","D01","BG",2012,NA
"PPS","P_SAL_H","GE1000","M72","D111","BG",2012,NA
"PPS","P_SAL_H","GE1000","M72","D1111","BG",2012,NA
"PPS","P_SAL_H","GE1000","N","D01","BG",2012,5.14
"PPS","P_SAL_H","GE1000","N","D111","BG",2012,4.34
"PPS","P_SAL_H","GE1000","N","D1111","BG",2012,3.9
"PPS","P_SAL_H","GE1000","N78","D01","BG",2012,NA
"PPS","P_SAL_H","GE1000","N78","D111","BG",2012,NA
"PPS","P_SAL_H","GE1000","N78","D1111","BG",2012,NA
"PPS","P_SAL_H","GE1000","N80","D01","BG",2012,4.02
"PPS","P_SAL_H","GE1000","N80","D111","BG",2012,3.39
"PPS","P_SAL_H","GE1000","N80","D1111","BG",2012,3.04
"PPS","P_SAL_H","GE1000","O","D01","BG",2012,9.31
"PPS","P_SAL_H","GE1000","O","D111","BG",2012,7.12
"PPS","P_SAL_H","GE1000","O","D1111","BG",2012,6.38
"PPS","P_SAL_H","GE1000","O-S","D01","BG",2012,9.68
"PPS","P_SAL_H","GE1000","O-S","D111","BG",2012,7.83
"PPS","P_SAL_H","GE1000","O-S","D1111","BG",2012,6.92
"PPS","P_SAL_H","GE1000","O84","D01","BG",2012,9.31
"PPS","P_SAL_H","GE1000","O84","D111","BG",2012,7.12
"PPS","P_SAL_H","GE1000","O84","D1111","BG",2012,6.38
"PPS","P_SAL_H","GE1000","P","D01","BG",2012,10.38
"PPS","P_SAL_H","GE1000","P","D111","BG",2012,8.78
"PPS","P_SAL_H","GE1000","P","D1111","BG",2012,7.6
"PPS","P_SAL_H","GE1000","P-S","D01","BG",2012,9.98
"PPS","P_SAL_H","GE1000","P-S","D111","BG",2012,8.39
"PPS","P_SAL_H","GE1000","P-S","D1111","BG",2012,7.35
"PPS","P_SAL_H","GE1000","P85","D01","BG",2012,10.38
"PPS","P_SAL_H","GE1000","P85","D111","BG",2012,8.78
"PPS","P_SAL_H","GE1000","P85","D1111","BG",2012,7.6
"PPS","P_SAL_H","GE1000","Q","D01","BG",2012,10.04
"PPS","P_SAL_H","GE1000","Q","D111","BG",2012,8.43
"PPS","P_SAL_H","GE1000","Q","D1111","BG",2012,7.41
"PPS","P_SAL_H","GE1000","Q86","D01","BG",2012,10.04
"PPS","P_SAL_H","GE1000","Q86","D111","BG",2012,8.43
"PPS","P_SAL_H","GE1000","Q86","D1111","BG",2012,7.41
"PPS","P_SAL_H","GE1000","R","D01","BG",2012,7.64
"PPS","P_SAL_H","GE1000","R","D111","BG",2012,6.32
"PPS","P_SAL_H","GE1000","R","D1111","BG",2012,5.68
"PPS","P_SAL_H","GE1000","R92","D01","BG",2012,7.64
"PPS","P_SAL_H","GE1000","R92","D111","BG",2012,6.32
"PPS","P_SAL_H","GE1000","R92","D1111","BG",2012,5.68
"PPS","P_SAL_H","LT10","B","D01","BG",2012,7.35
"PPS","P_SAL_H","LT10","B","D111","BG",2012,6.21
"PPS","P_SAL_H","LT10","B","D1111","BG",2012,5.85
"PPS","P_SAL_H","LT10","B-E","D01","BG",2012,3.85
"PPS","P_SAL_H","LT10","B-E","D111","BG",2012,3.23
"PPS","P_SAL_H","LT10","B-E","D1111","BG",2012,3.04
"PPS","P_SAL_H","LT10","B-F","D01","BG",2012,4.14
"PPS","P_SAL_H","LT10","B-F","D111","BG",2012,3.47
"PPS","P_SAL_H","LT10","B-F","D1111","BG",2012,3.27
"PPS","P_SAL_H","LT10","B-N","D01","BG",2012,4.72
"PPS","P_SAL_H","LT10","B-N","D111","BG",2012,3.99
"PPS","P_SAL_H","LT10","B-N","D1111","BG",2012,3.76
"PPS","P_SAL_H","LT10","B-S","D01","BG",2012,4.68
"PPS","P_SAL_H","LT10","B-S","D111","BG",2012,3.95
"PPS","P_SAL_H","LT10","B-S","D1111","BG",2012,3.73
"PPS","P_SAL_H","LT10","B-S_X_O","D01","BG",2012,4.67
"PPS","P_SAL_H","LT10","B-S_X_O","D111","BG",2012,3.95
"PPS","P_SAL_H","LT10","B-S_X_O","D1111","BG",2012,3.72
"PPS","P_SAL_H","LT10","B05","D01","BG",2012,9.14
"PPS","P_SAL_H","LT10","B05","D111","BG",2012,7.34
"PPS","P_SAL_H","LT10","B05","D1111","BG",2012,7.03
"PPS","P_SAL_H","LT10","B06","D01","BG",2012,NA
"PPS","P_SAL_H","LT10","B06","D111","BG",2012,NA
"PPS","P_SAL_H","LT10","B06","D1111","BG",2012,NA
"PPS","P_SAL_H","LT10","B07","D01","BG",2012,6.4
"PPS","P_SAL_H","LT10","B07","D111","BG",2012,5.42
"PPS","P_SAL_H","LT10","B07","D1111","BG",2012,5.23
"PPS","P_SAL_H","LT10","B08","D01","BG",2012,5.81
"PPS","P_SAL_H","LT10","B08","D111","BG",2012,4.82
"PPS","P_SAL_H","LT10","B08","D1111","BG",2012,4.5
"PPS","P_SAL_H","LT10","B09","D01","BG",2012,14.78
"PPS","P_SAL_H","LT10","B09","D111","BG",2012,13.1
"PPS","P_SAL_H","LT10","B09","D1111","BG",2012,12.4
"PPS","P_SAL_H","LT10","C","D01","BG",2012,3.65
"PPS","P_SAL_H","LT10","C","D111","BG",2012,3.04
"PPS","P_SAL_H","LT10","C","D1111","BG",2012,2.87
"PPS","P_SAL_H","LT10","C10","D01","BG",2012,3.49
"PPS","P_SAL_H","LT10","C10","D111","BG",2012,2.9
"PPS","P_SAL_H","LT10","C10","D1111","BG",2012,2.76
"PPS","P_SAL_H","LT10","C11","D01","BG",2012,NA
"PPS","P_SAL_H","LT10","C11","D111","BG",2012,NA
"PPS","P_SAL_H","LT10","C11","D1111","BG",2012,NA
"PPS","P_SAL_H","LT10","C12","D01","BG",2012,7.14
"PPS","P_SAL_H","LT10","C12","D111","BG",2012,5.87
"PPS","P_SAL_H","LT10","C12","D1111","BG",2012,5.26
"PPS","P_SAL_H","LT10","C13","D01","BG",2012,NA
"PPS","P_SAL_H","LT10","C13","D111","BG",2012,NA
"PPS","P_SAL_H","LT10","C13","D1111","BG",2012,NA
"PPS","P_SAL_H","LT10","C14","D01","BG",2012,3.18
"PPS","P_SAL_H","LT10","C14","D111","BG",2012,2.65
"PPS","P_SAL_H","LT10","C14","D1111","BG",2012,2.52
"PPS","P_SAL_H","LT10","C15","D01","BG",2012,NA
"PPS","P_SAL_H","LT10","C15","D111","BG",2012,NA
"PPS","P_SAL_H","LT10","C15","D1111","BG",2012,NA
"PPS","P_SAL_H","LT10","C16","D01","BG",2012,3.06
"PPS","P_SAL_H","LT10","C16","D111","BG",2012,2.53
"PPS","P_SAL_H","LT10","C16","D1111","BG",2012,2.38
"PPS","P_SAL_H","LT10","C17","D01","BG",2012,NA
"PPS","P_SAL_H","LT10","C17","D111","BG",2012,NA
"PPS","P_SAL_H","LT10","C17","D1111","BG",2012,NA
"PPS","P_SAL_H","LT10","C18","D01","BG",2012,3.57
"PPS","P_SAL_H","LT10","C18","D111","BG",2012,2.99
"PPS","P_SAL_H","LT10","C18","D1111","BG",2012,2.79
"PPS","P_SAL_H","LT10","C19","D01","BG",2012,NA
"PPS","P_SAL_H","LT10","C19","D111","BG",2012,NA
"PPS","P_SAL_H","LT10","C19","D1111","BG",2012,NA
"PPS","P_SAL_H","LT10","C20","D01","BG",2012,4.48
"PPS","P_SAL_H","LT10","C20","D111","BG",2012,3.77
"PPS","P_SAL_H","LT10","C20","D1111","BG",2012,3.53
"PPS","P_SAL_H","LT10","C21","D01","BG",2012,NA
"PPS","P_SAL_H","LT10","C21","D111","BG",2012,NA
"PPS","P_SAL_H","LT10","C21","D1111","BG",2012,NA
"PPS","P_SAL_H","LT10","C22","D01","BG",2012,3.38
"PPS","P_SAL_H","LT10","C22","D111","BG",2012,2.81
"PPS","P_SAL_H","LT10","C22","D1111","BG",2012,2.63
"PPS","P_SAL_H","LT10","C23","D01","BG",2012,4.03
"PPS","P_SAL_H","LT10","C23","D111","BG",2012,3.35
"PPS","P_SAL_H","LT10","C23","D1111","BG",2012,3.16
"PPS","P_SAL_H","LT10","C24","D01","BG",2012,NA
"PPS","P_SAL_H","LT10","C24","D111","BG",2012,NA
"PPS","P_SAL_H","LT10","C24","D1111","BG",2012,NA
"PPS","P_SAL_H","LT10","C25","D01","BG",2012,3.75
"PPS","P_SAL_H","LT10","C25","D111","BG",2012,3.12
"PPS","P_SAL_H","LT10","C25","D1111","BG",2012,2.93
"PPS","P_SAL_H","LT10","C26","D01","BG",2012,5.85
"PPS","P_SAL_H","LT10","C26","D111","BG",2012,4.95
"PPS","P_SAL_H","LT10","C26","D1111","BG",2012,4.64
"PPS","P_SAL_H","LT10","C27","D01","BG",2012,NA
"PPS","P_SAL_H","LT10","C27","D111","BG",2012,NA
"PPS","P_SAL_H","LT10","C27","D1111","BG",2012,NA
"PPS","P_SAL_H","LT10","C28","D01","BG",2012,4.82
"PPS","P_SAL_H","LT10","C28","D111","BG",2012,4.01
"PPS","P_SAL_H","LT10","C28","D1111","BG",2012,3.74
"PPS","P_SAL_H","LT10","C29","D01","BG",2012,3.81
"PPS","P_SAL_H","LT10","C29","D111","BG",2012,3.18
"PPS","P_SAL_H","LT10","C29","D1111","BG",2012,2.96
"PPS","P_SAL_H","LT10","C30","D01","BG",2012,5.79
"PPS","P_SAL_H","LT10","C30","D111","BG",2012,4.88
"PPS","P_SAL_H","LT10","C30","D1111","BG",2012,4.66
"PPS","P_SAL_H","LT10","C31","D01","BG",2012,2.99
"PPS","P_SAL_H","LT10","C31","D111","BG",2012,2.5
"PPS","P_SAL_H","LT10","C31","D1111","BG",2012,2.35
"PPS","P_SAL_H","LT10","C32","D01","BG",2012,3.52
"PPS","P_SAL_H","LT10","C32","D111","BG",2012,2.94
"PPS","P_SAL_H","LT10","C32","D1111","BG",2012,2.75
"PPS","P_SAL_H","LT10","C33","D01","BG",2012,5.01
"PPS","P_SAL_H","LT10","C33","D111","BG",2012,4.25
"PPS","P_SAL_H","LT10","C33","D1111","BG",2012,4.01
"PPS","P_SAL_H","LT10","D","D01","BG",2012,9.29
"PPS","P_SAL_H","LT10","D","D111","BG",2012,8.13
"PPS","P_SAL_H","LT10","D","D1111","BG",2012,7.68
"PPS","P_SAL_H","LT10","D35","D01","BG",2012,9.29
"PPS","P_SAL_H","LT10","D35","D111","BG",2012,8.13
"PPS","P_SAL_H","LT10","D35","D1111","BG",2012,7.68
"PPS","P_SAL_H","LT10","E","D01","BG",2012,5.21
"PPS","P_SAL_H","LT10","E","D111","BG",2012,4.44
"PPS","P_SAL_H","LT10","E","D1111","BG",2012,4.16
"PPS","P_SAL_H","LT10","E36","D01","BG",2012,8.47
"PPS","P_SAL_H","LT10","E36","D111","BG",2012,7.16
"PPS","P_SAL_H","LT10","E36","D1111","BG",2012,6.51
"PPS","P_SAL_H","LT10","E37","D01","BG",2012,4.35
"PPS","P_SAL_H","LT10","E37","D111","BG",2012,3.66
"PPS","P_SAL_H","LT10","E37","D1111","BG",2012,3.51
"PPS","P_SAL_H","LT10","E38","D01","BG",2012,5.09
"PPS","P_SAL_H","LT10","E38","D111","BG",2012,4.34
"PPS","P_SAL_H","LT10","E38","D1111","BG",2012,4.07
"PPS","P_SAL_H","LT10","E39","D01","BG",2012,5.92
"PPS","P_SAL_H","LT10","E39","D111","BG",2012,5.13
"PPS","P_SAL_H","LT10","E39","D1111","BG",2012,4.76
"PPS","P_SAL_H","LT10","F","D01","BG",2012,4.71
"PPS","P_SAL_H","LT10","F","D111","BG",2012,3.96
"PPS","P_SAL_H","LT10","F","D1111","BG",2012,3.73
"PPS","P_SAL_H","LT10","F41","D01","BG",2012,4.56
"PPS","P_SAL_H","LT10","F41","D111","BG",2012,3.82
"PPS","P_SAL_H","LT10","F41","D1111","BG",2012,3.6
"PPS","P_SAL_H","LT10","F42","D01","BG",2012,6.04
"PPS","P_SAL_H","LT10","F42","D111","BG",2012,5.16
"PPS","P_SAL_H","LT10","F42","D1111","BG",2012,4.84
"PPS","P_SAL_H","LT10","F43","D01","BG",2012,4.57
"PPS","P_SAL_H","LT10","F43","D111","BG",2012,3.84
"PPS","P_SAL_H","LT10","F43","D1111","BG",2012,3.63
"PPS","P_SAL_H","LT10","G","D01","BG",2012,4.41
"PPS","P_SAL_H","LT10","G","D111","BG",2012,3.7
"PPS","P_SAL_H","LT10","G","D1111","BG",2012,3.5
"PPS","P_SAL_H","LT10","G-J","D01","BG",2012,4.45
"PPS","P_SAL_H","LT10","G-J","D111","BG",2012,3.74
"PPS","P_SAL_H","LT10","G-J","D1111","BG",2012,3.54
"PPS","P_SAL_H","LT10","G-N","D01","BG",2012,4.87
"PPS","P_SAL_H","LT10","G-N","D111","BG",2012,4.12
"PPS","P_SAL_H","LT10","G-N","D1111","BG",2012,3.89
"PPS","P_SAL_H","LT10","G-S_X_O","D01","BG",2012,4.79
"PPS","P_SAL_H","LT10","G-S_X_O","D111","BG",2012,4.05
"PPS","P_SAL_H","LT10","G-S_X_O","D1111","BG",2012,3.82
"PPS","P_SAL_H","LT10","G45","D01","BG",2012,4.11
"PPS","P_SAL_H","LT10","G45","D111","BG",2012,3.44
"PPS","P_SAL_H","LT10","G45","D1111","BG",2012,3.23
"PPS","P_SAL_H","LT10","G46","D01","BG",2012,6.12
"PPS","P_SAL_H","LT10","G46","D111","BG",2012,5.22
"PPS","P_SAL_H","LT10","G46","D1111","BG",2012,4.9
"PPS","P_SAL_H","LT10","G47","D01","BG",2012,3.8
"PPS","P_SAL_H","LT10","G47","D111","BG",2012,3.16
"PPS","P_SAL_H","LT10","G47","D1111","BG",2012,3
"PPS","P_SAL_H","LT10","H","D01","BG",2012,4.31
"PPS","P_SAL_H","LT10","H","D111","BG",2012,3.54
"PPS","P_SAL_H","LT10","H","D1111","BG",2012,3.34
"PPS","P_SAL_H","LT10","H49","D01","BG",2012,3.91
"PPS","P_SAL_H","LT10","H49","D111","BG",2012,3.16
"PPS","P_SAL_H","LT10","H49","D1111","BG",2012,2.98
"PPS","P_SAL_H","LT10","H50","D01","BG",2012,7.75
"PPS","P_SAL_H","LT10","H50","D111","BG",2012,6.61
"PPS","P_SAL_H","LT10","H50","D1111","BG",2012,6.39
"PPS","P_SAL_H","LT10","H51","D01","BG",2012,NA
"PPS","P_SAL_H","LT10","H51","D111","BG",2012,NA
"PPS","P_SAL_H","LT10","H51","D1111","BG",2012,NA
"PPS","P_SAL_H","LT10","H52","D01","BG",2012,7.2
"PPS","P_SAL_H","LT10","H52","D111","BG",2012,6.19
"PPS","P_SAL_H","LT10","H52","D1111","BG",2012,5.82
"PPS","P_SAL_H","LT10","H53","D01","BG",2012,3.56
"PPS","P_SAL_H","LT10","H53","D111","BG",2012,2.99
"PPS","P_SAL_H","LT10","H53","D1111","BG",2012,2.82
"PPS","P_SAL_H","LT10","I","D01","BG",2012,3.49
"PPS","P_SAL_H","LT10","I","D111","BG",2012,2.91
"PPS","P_SAL_H","LT10","I","D1111","BG",2012,2.79
"PPS","P_SAL_H","LT10","I55","D01","BG",2012,3.96
"PPS","P_SAL_H","LT10","I55","D111","BG",2012,3.29
"PPS","P_SAL_H","LT10","I55","D1111","BG",2012,3.13
"PPS","P_SAL_H","LT10","I56","D01","BG",2012,3.43
"PPS","P_SAL_H","LT10","I56","D111","BG",2012,2.86
"PPS","P_SAL_H","LT10","I56","D1111","BG",2012,2.74
"PPS","P_SAL_H","LT10","J","D01","BG",2012,9.08
"PPS","P_SAL_H","LT10","J","D111","BG",2012,7.95
"PPS","P_SAL_H","LT10","J","D1111","BG",2012,7.46
"PPS","P_SAL_H","LT10","J58","D01","BG",2012,NA
"PPS","P_SAL_H","LT10","J58","D111","BG",2012,NA
"PPS","P_SAL_H","LT10","J58","D1111","BG",2012,NA
"PPS","P_SAL_H","LT10","J59","D01","BG",2012,6.78
"PPS","P_SAL_H","LT10","J59","D111","BG",2012,5.86
"PPS","P_SAL_H","LT10","J59","D1111","BG",2012,5.56
"PPS","P_SAL_H","LT10","J60","D01","BG",2012,5.81
"PPS","P_SAL_H","LT10","J60","D111","BG",2012,4.87
"PPS","P_SAL_H","LT10","J60","D1111","BG",2012,4.56
"PPS","P_SAL_H","LT10","J61","D01","BG",2012,NA
"PPS","P_SAL_H","LT10","J61","D111","BG",2012,NA
"PPS","P_SAL_H","LT10","J61","D1111","BG",2012,NA
"PPS","P_SAL_H","LT10","J62","D01","BG",2012,11.16
"PPS","P_SAL_H","LT10","J62","D111","BG",2012,9.87
"PPS","P_SAL_H","LT10","J62","D1111","BG",2012,9.27
"PPS","P_SAL_H","LT10","J63","D01","BG",2012,8.3
"PPS","P_SAL_H","LT10","J63","D111","BG",2012,7.21
"PPS","P_SAL_H","LT10","J63","D1111","BG",2012,6.79
"PPS","P_SAL_H","LT10","K","D01","BG",2012,8.39
"PPS","P_SAL_H","LT10","K","D111","BG",2012,7.33
"PPS","P_SAL_H","LT10","K","D1111","BG",2012,6.94
"PPS","P_SAL_H","LT10","K-N","D01","BG",2012,6.46
"PPS","P_SAL_H","LT10","K-N","D111","BG",2012,5.56
"PPS","P_SAL_H","LT10","K-N","D1111","BG",2012,5.23
"PPS","P_SAL_H","LT10","K64","D01","BG",2012,9.46
"PPS","P_SAL_H","LT10","K64","D111","BG",2012,8.29
"PPS","P_SAL_H","LT10","K64","D1111","BG",2012,7.84
"PPS","P_SAL_H","LT10","K65","D01","BG",2012,23.55
"PPS","P_SAL_H","LT10","K65","D111","BG",2012,21.32
"PPS","P_SAL_H","LT10","K65","D1111","BG",2012,19.31
"PPS","P_SAL_H","LT10","K66","D01","BG",2012,6.83
"PPS","P_SAL_H","LT10","K66","D111","BG",2012,5.93
"PPS","P_SAL_H","LT10","K66","D1111","BG",2012,5.63
"PPS","P_SAL_H","LT10","L","D01","BG",2012,6.34
"PPS","P_SAL_H","LT10","L","D111","BG",2012,5.45
"PPS","P_SAL_H","LT10","L","D1111","BG",2012,5.11
"PPS","P_SAL_H","LT10","L68","D01","BG",2012,6.34
"PPS","P_SAL_H","LT10","L68","D111","BG",2012,5.45
"PPS","P_SAL_H","LT10","L68","D1111","BG",2012,5.11
"PPS","P_SAL_H","LT10","M","D01","BG",2012,6.67
"PPS","P_SAL_H","LT10","M","D111","BG",2012,5.74
"PPS","P_SAL_H","LT10","M","D1111","BG",2012,5.4
"PPS","P_SAL_H","LT10","M69","D01","BG",2012,5.3
"PPS","P_SAL_H","LT10","M69","D111","BG",2012,4.5
"PPS","P_SAL_H","LT10","M69","D1111","BG",2012,4.22
"PPS","P_SAL_H","LT10","M70","D01","BG",2012,11.35
"PPS","P_SAL_H","LT10","M70","D111","BG",2012,10.06
"PPS","P_SAL_H","LT10","M70","D1111","BG",2012,9.56
"PPS","P_SAL_H","LT10","M71","D01","BG",2012,6.95
"PPS","P_SAL_H","LT10","M71","D111","BG",2012,5.94
"PPS","P_SAL_H","LT10","M71","D1111","BG",2012,5.57
"PPS","P_SAL_H","LT10","M72","D01","BG",2012,NA
"PPS","P_SAL_H","LT10","M72","D111","BG",2012,NA
"PPS","P_SAL_H","LT10","M72","D1111","BG",2012,NA
"PPS","P_SAL_H","LT10","M73","D01","BG",2012,6.57
"PPS","P_SAL_H","LT10","M73","D111","BG",2012,5.66
"PPS","P_SAL_H","LT10","M73","D1111","BG",2012,5.33
"PPS","P_SAL_H","LT10","M74","D01","BG",2012,6.56
"PPS","P_SAL_H","LT10","M74","D111","BG",2012,5.67
"PPS","P_SAL_H","LT10","M74","D1111","BG",2012,5.34
"PPS","P_SAL_H","LT10","M75","D01","BG",2012,4.01
"PPS","P_SAL_H","LT10","M75","D111","BG",2012,3.37
"PPS","P_SAL_H","LT10","M75","D1111","BG",2012,3.2
"PPS","P_SAL_H","LT10","N","D01","BG",2012,4.9
"PPS","P_SAL_H","LT10","N","D111","BG",2012,4.15
"PPS","P_SAL_H","LT10","N","D1111","BG",2012,3.9
"PPS","P_SAL_H","LT10","N77","D01","BG",2012,6.14
"PPS","P_SAL_H","LT10","N77","D111","BG",2012,5.2
"PPS","P_SAL_H","LT10","N77","D1111","BG",2012,4.91
"PPS","P_SAL_H","LT10","N78","D01","BG",2012,6.79
"PPS","P_SAL_H","LT10","N78","D111","BG",2012,5.77
"PPS","P_SAL_H","LT10","N78","D1111","BG",2012,5.44
"PPS","P_SAL_H","LT10","N79","D01","BG",2012,5.95
"PPS","P_SAL_H","LT10","N79","D111","BG",2012,5.06
"PPS","P_SAL_H","LT10","N79","D1111","BG",2012,4.77
"PPS","P_SAL_H","LT10","N80","D01","BG",2012,3.33
"PPS","P_SAL_H","LT10","N80","D111","BG",2012,2.82
"PPS","P_SAL_H","LT10","N80","D1111","BG",2012,2.66
"PPS","P_SAL_H","LT10","N81","D01","BG",2012,3.62
"PPS","P_SAL_H","LT10","N81","D111","BG",2012,3.02
"PPS","P_SAL_H","LT10","N81","D1111","BG",2012,2.82
"PPS","P_SAL_H","LT10","N82","D01","BG",2012,5.63
"PPS","P_SAL_H","LT10","N82","D111","BG",2012,4.78
"PPS","P_SAL_H","LT10","N82","D1111","BG",2012,4.47
"PPS","P_SAL_H","LT10","O","D01","BG",2012,10.58
"PPS","P_SAL_H","LT10","O","D111","BG",2012,8.37
"PPS","P_SAL_H","LT10","O","D1111","BG",2012,7.17
"PPS","P_SAL_H","LT10","O-S","D01","BG",2012,4.42
"PPS","P_SAL_H","LT10","O-S","D111","BG",2012,3.73
"PPS","P_SAL_H","LT10","O-S","D1111","BG",2012,3.46
"PPS","P_SAL_H","LT10","O84","D01","BG",2012,10.58
"PPS","P_SAL_H","LT10","O84","D111","BG",2012,8.37
"PPS","P_SAL_H","LT10","O84","D1111","BG",2012,7.17
"PPS","P_SAL_H","LT10","P","D01","BG",2012,5.09
"PPS","P_SAL_H","LT10","P","D111","BG",2012,4.17
"PPS","P_SAL_H","LT10","P","D1111","BG",2012,3.66
"PPS","P_SAL_H","LT10","P-S","D01","BG",2012,4.33
"PPS","P_SAL_H","LT10","P-S","D111","BG",2012,3.66
"PPS","P_SAL_H","LT10","P-S","D1111","BG",2012,3.4
"PPS","P_SAL_H","LT10","P85","D01","BG",2012,5.09
"PPS","P_SAL_H","LT10","P85","D111","BG",2012,4.17
"PPS","P_SAL_H","LT10","P85","D1111","BG",2012,3.66
"PPS","P_SAL_H","LT10","Q","D01","BG",2012,4.51
"PPS","P_SAL_H","LT10","Q","D111","BG",2012,3.8
"PPS","P_SAL_H","LT10","Q","D1111","BG",2012,3.62
"PPS","P_SAL_H","LT10","Q86","D01","BG",2012,4.58
"PPS","P_SAL_H","LT10","Q86","D111","BG",2012,3.86
"PPS","P_SAL_H","LT10","Q86","D1111","BG",2012,3.69
"PPS","P_SAL_H","LT10","Q87","D01","BG",2012,NA
"PPS","P_SAL_H","LT10","Q87","D111","BG",2012,NA
"PPS","P_SAL_H","LT10","Q87","D1111","BG",2012,NA
"PPS","P_SAL_H","LT10","Q88","D01","BG",2012,NA
"PPS","P_SAL_H","LT10","Q88","D111","BG",2012,NA
"PPS","P_SAL_H","LT10","Q88","D1111","BG",2012,NA
"PPS","P_SAL_H","LT10","R","D01","BG",2012,3.93
"PPS","P_SAL_H","LT10","R","D111","BG",2012,3.3
"PPS","P_SAL_H","LT10","R","D1111","BG",2012,3.1
"PPS","P_SAL_H","LT10","R90","D01","BG",2012,4.48
"PPS","P_SAL_H","LT10","R90","D111","BG",2012,3.77
"PPS","P_SAL_H","LT10","R90","D1111","BG",2012,3.51
"PPS","P_SAL_H","LT10","R91","D01","BG",2012,NA
"PPS","P_SAL_H","LT10","R91","D111","BG",2012,NA
"PPS","P_SAL_H","LT10","R91","D1111","BG",2012,NA
"PPS","P_SAL_H","LT10","R92","D01","BG",2012,3.28
"PPS","P_SAL_H","LT10","R92","D111","BG",2012,2.74
"PPS","P_SAL_H","LT10","R92","D1111","BG",2012,2.6
"PPS","P_SAL_H","LT10","R93","D01","BG",2012,3.97
"PPS","P_SAL_H","LT10","R93","D111","BG",2012,3.35
"PPS","P_SAL_H","LT10","R93","D1111","BG",2012,3.17
"PPS","P_SAL_H","LT10","S","D01","BG",2012,4.09
"PPS","P_SAL_H","LT10","S","D111","BG",2012,3.51
"PPS","P_SAL_H","LT10","S","D1111","BG",2012,3.27
"PPS","P_SAL_H","LT10","S94","D01","BG",2012,5.34
"PPS","P_SAL_H","LT10","S94","D111","BG",2012,4.67
"PPS","P_SAL_H","LT10","S94","D1111","BG",2012,4.31
"PPS","P_SAL_H","LT10","S95","D01","BG",2012,3.37
"PPS","P_SAL_H","LT10","S95","D111","BG",2012,2.82
"PPS","P_SAL_H","LT10","S95","D1111","BG",2012,2.68
"PPS","P_SAL_H","LT10","S96","D01","BG",2012,3.1
"PPS","P_SAL_H","LT10","S96","D111","BG",2012,2.59
"PPS","P_SAL_H","LT10","S96","D1111","BG",2012,2.46
"PPS","P_SAL_H","TOTAL","B","D01","BG",2012,14.31
"PPS","P_SAL_H","TOTAL","B","D111","BG",2012,10.92
"PPS","P_SAL_H","TOTAL","B","D1111","BG",2012,9.24
"PPS","P_SAL_H","TOTAL","B-E","D01","BG",2012,7.03
"PPS","P_SAL_H","TOTAL","B-E","D111","BG",2012,5.79
"PPS","P_SAL_H","TOTAL","B-E","D1111","BG",2012,5.07
"PPS","P_SAL_H","TOTAL","B-F","D01","BG",2012,6.89
"PPS","P_SAL_H","TOTAL","B-F","D111","BG",2012,5.69
"PPS","P_SAL_H","TOTAL","B-F","D1111","BG",2012,5.04
"PPS","P_SAL_H","TOTAL","B-N","D01","BG",2012,7.03
"PPS","P_SAL_H","TOTAL","B-N","D111","BG",2012,5.94
"PPS","P_SAL_H","TOTAL","B-N","D1111","BG",2012,5.35
"PPS","P_SAL_H","TOTAL","B-S","D01","BG",2012,7.15
"PPS","P_SAL_H","TOTAL","B-S","D111","BG",2012,6
"PPS","P_SAL_H","TOTAL","B-S","D1111","BG",2012,5.36
"PPS","P_SAL_H","TOTAL","B-S_X_O","D01","BG",2012,7.04
"PPS","P_SAL_H","TOTAL","B-S_X_O","D111","BG",2012,5.94
"PPS","P_SAL_H","TOTAL","B-S_X_O","D1111","BG",2012,5.31
"PPS","P_SAL_H","TOTAL","B05","D01","BG",2012,16.01
"PPS","P_SAL_H","TOTAL","B05","D111","BG",2012,11.8
"PPS","P_SAL_H","TOTAL","B05","D1111","BG",2012,9.61
"PPS","P_SAL_H","TOTAL","B06","D01","BG",2012,7.91
"PPS","P_SAL_H","TOTAL","B06","D111","BG",2012,6.77
"PPS","P_SAL_H","TOTAL","B06","D1111","BG",2012,6.23
"PPS","P_SAL_H","TOTAL","B07","D01","BG",2012,16.34
"PPS","P_SAL_H","TOTAL","B07","D111","BG",2012,12.89
"PPS","P_SAL_H","TOTAL","B07","D1111","BG",2012,11.34
"PPS","P_SAL_H","TOTAL","B08","D01","BG",2012,7.33
"PPS","P_SAL_H","TOTAL","B08","D111","BG",2012,5.97
"PPS","P_SAL_H","TOTAL","B08","D1111","BG",2012,5.34
"PPS","P_SAL_H","TOTAL","B09","D01","BG",2012,12.01
"PPS","P_SAL_H","TOTAL","B09","D111","BG",2012,10.23
"PPS","P_SAL_H","TOTAL","B09","D1111","BG",2012,9.67
"PPS","P_SAL_H","TOTAL","C","D01","BG",2012,6.03
"PPS","P_SAL_H","TOTAL","C","D111","BG",2012,5.02
"PPS","P_SAL_H","TOTAL","C","D1111","BG",2012,4.51
"PPS","P_SAL_H","TOTAL","C10","D01","BG",2012,5.23
"PPS","P_SAL_H","TOTAL","C10","D111","BG",2012,4.39
"PPS","P_SAL_H","TOTAL","C10","D1111","BG",2012,4.04
"PPS","P_SAL_H","TOTAL","C11","D01","BG",2012,8.01
"PPS","P_SAL_H","TOTAL","C11","D111","BG",2012,6.74
"PPS","P_SAL_H","TOTAL","C11","D1111","BG",2012,5.99
"PPS","P_SAL_H","TOTAL","C12","D01","BG",2012,16.16
"PPS","P_SAL_H","TOTAL","C12","D111","BG",2012,12.94
"PPS","P_SAL_H","TOTAL","C12","D1111","BG",2012,11.01
"PPS","P_SAL_H","TOTAL","C13","D01","BG",2012,5.37
"PPS","P_SAL_H","TOTAL","C13","D111","BG",2012,4.47
"PPS","P_SAL_H","TOTAL","C13","D1111","BG",2012,4.06
"PPS","P_SAL_H","TOTAL","C14","D01","BG",2012,4.05
"PPS","P_SAL_H","TOTAL","C14","D111","BG",2012,3.35
"PPS","P_SAL_H","TOTAL","C14","D1111","BG",2012,3.04
"PPS","P_SAL_H","TOTAL","C15","D01","BG",2012,3.77
"PPS","P_SAL_H","TOTAL","C15","D111","BG",2012,3.16
"PPS","P_SAL_H","TOTAL","C15","D1111","BG",2012,2.87
"PPS","P_SAL_H","TOTAL","C16","D01","BG",2012,4.18
"PPS","P_SAL_H","TOTAL","C16","D111","BG",2012,3.5
"PPS","P_SAL_H","TOTAL","C16","D1111","BG",2012,3.16
"PPS","P_SAL_H","TOTAL","C17","D01","BG",2012,5.7
"PPS","P_SAL_H","TOTAL","C17","D111","BG",2012,4.75
"PPS","P_SAL_H","TOTAL","C17","D1111","BG",2012,4.22
"PPS","P_SAL_H","TOTAL","C18","D01","BG",2012,5.97
"PPS","P_SAL_H","TOTAL","C18","D111","BG",2012,5.03
"PPS","P_SAL_H","TOTAL","C18","D1111","BG",2012,4.6
"PPS","P_SAL_H","TOTAL","C19","D01","BG",2012,22.33
"PPS","P_SAL_H","TOTAL","C19","D111","BG",2012,17.9
"PPS","P_SAL_H","TOTAL","C19","D1111","BG",2012,15.96
"PPS","P_SAL_H","TOTAL","C20","D01","BG",2012,8.51
"PPS","P_SAL_H","TOTAL","C20","D111","BG",2012,7.07
"PPS","P_SAL_H","TOTAL","C20","D1111","BG",2012,6.37
"PPS","P_SAL_H","TOTAL","C21","D01","BG",2012,8.59
"PPS","P_SAL_H","TOTAL","C21","D111","BG",2012,7.17
"PPS","P_SAL_H","TOTAL","C21","D1111","BG",2012,6.37
"PPS","P_SAL_H","TOTAL","C22","D01","BG",2012,5.1
"PPS","P_SAL_H","TOTAL","C22","D111","BG",2012,4.28
"PPS","P_SAL_H","TOTAL","C22","D1111","BG",2012,3.92
"PPS","P_SAL_H","TOTAL","C23","D01","BG",2012,7.37
"PPS","P_SAL_H","TOTAL","C23","D111","BG",2012,6.09
"PPS","P_SAL_H","TOTAL","C23","D1111","BG",2012,5.43
"PPS","P_SAL_H","TOTAL","C24","D01","BG",2012,10.74
"PPS","P_SAL_H","TOTAL","C24","D111","BG",2012,8.51
"PPS","P_SAL_H","TOTAL","C24","D1111","BG",2012,7.53
"PPS","P_SAL_H","TOTAL","C25","D01","BG",2012,5.85
"PPS","P_SAL_H","TOTAL","C25","D111","BG",2012,4.87
"PPS","P_SAL_H","TOTAL","C25","D1111","BG",2012,4.35
"PPS","P_SAL_H","TOTAL","C26","D01","BG",2012,8.74
"PPS","P_SAL_H","TOTAL","C26","D111","BG",2012,7.47
"PPS","P_SAL_H","TOTAL","C26","D1111","BG",2012,6.67
"PPS","P_SAL_H","TOTAL","C27","D01","BG",2012,8.05
"PPS","P_SAL_H","TOTAL","C27","D111","BG",2012,6.7
"PPS","P_SAL_H","TOTAL","C27","D1111","BG",2012,6.02
"PPS","P_SAL_H","TOTAL","C28","D01","BG",2012,7.83
"PPS","P_SAL_H","TOTAL","C28","D111","BG",2012,6.53
"PPS","P_SAL_H","TOTAL","C28","D1111","BG",2012,5.81
"PPS","P_SAL_H","TOTAL","C29","D01","BG",2012,6.64
"PPS","P_SAL_H","TOTAL","C29","D111","BG",2012,5.6
"PPS","P_SAL_H","TOTAL","C29","D1111","BG",2012,4.87
"PPS","P_SAL_H","TOTAL","C30","D01","BG",2012,7.01
"PPS","P_SAL_H","TOTAL","C30","D111","BG",2012,5.85
"PPS","P_SAL_H","TOTAL","C30","D1111","BG",2012,5.35
"PPS","P_SAL_H","TOTAL","C31","D01","BG",2012,4.03
"PPS","P_SAL_H","TOTAL","C31","D111","BG",2012,3.37
"PPS","P_SAL_H","TOTAL","C31","D1111","BG",2012,3.09
"PPS","P_SAL_H","TOTAL","C32","D01","BG",2012,5.75
"PPS","P_SAL_H","TOTAL","C32","D111","BG",2012,4.84
"PPS","P_SAL_H","TOTAL","C32","D1111","BG",2012,4.39
"PPS","P_SAL_H","TOTAL","C33","D01","BG",2012,8.73
"PPS","P_SAL_H","TOTAL","C33","D111","BG",2012,7.22
"PPS","P_SAL_H","TOTAL","C33","D1111","BG",2012,6.42
"PPS","P_SAL_H","TOTAL","D","D01","BG",2012,17.29
"PPS","P_SAL_H","TOTAL","D","D111","BG",2012,13.95
"PPS","P_SAL_H","TOTAL","D","D1111","BG",2012,10.82
"PPS","P_SAL_H","TOTAL","D35","D01","BG",2012,17.29
"PPS","P_SAL_H","TOTAL","D35","D111","BG",2012,13.95
"PPS","P_SAL_H","TOTAL","D35","D1111","BG",2012,10.82
"PPS","P_SAL_H","TOTAL","E","D01","BG",2012,6.68
"PPS","P_SAL_H","TOTAL","E","D111","BG",2012,5.58
"PPS","P_SAL_H","TOTAL","E","D1111","BG",2012,4.81
"PPS","P_SAL_H","TOTAL","E36","D01","BG",2012,7.29
"PPS","P_SAL_H","TOTAL","E36","D111","BG",2012,6.04
"PPS","P_SAL_H","TOTAL","E36","D1111","BG",2012,4.96
"PPS","P_SAL_H","TOTAL","E37","D01","BG",2012,5.3
"PPS","P_SAL_H","TOTAL","E37","D111","BG",2012,4.43
"PPS","P_SAL_H","TOTAL","E37","D1111","BG",2012,4.06
"PPS","P_SAL_H","TOTAL","E38","D01","BG",2012,6.07
"PPS","P_SAL_H","TOTAL","E38","D111","BG",2012,5.12
"PPS","P_SAL_H","TOTAL","E38","D1111","BG",2012,4.66
"PPS","P_SAL_H","TOTAL","E39","D01","BG",2012,7.07
"PPS","P_SAL_H","TOTAL","E39","D111","BG",2012,5.98
"PPS","P_SAL_H","TOTAL","E39","D1111","BG",2012,5.28
"PPS","P_SAL_H","TOTAL","F","D01","BG",2012,6.25
"PPS","P_SAL_H","TOTAL","F","D111","BG",2012,5.27
"PPS","P_SAL_H","TOTAL","F","D1111","BG",2012,4.88
"PPS","P_SAL_H","TOTAL","F41","D01","BG",2012,5.51
"PPS","P_SAL_H","TOTAL","F41","D111","BG",2012,4.65
"PPS","P_SAL_H","TOTAL","F41","D1111","BG",2012,4.32
"PPS","P_SAL_H","TOTAL","F42","D01","BG",2012,7.52
"PPS","P_SAL_H","TOTAL","F42","D111","BG",2012,6.33
"PPS","P_SAL_H","TOTAL","F42","D1111","BG",2012,5.81
"PPS","P_SAL_H","TOTAL","F43","D01","BG",2012,6.01
"PPS","P_SAL_H","TOTAL","F43","D111","BG",2012,5.07
"PPS","P_SAL_H","TOTAL","F43","D1111","BG",2012,4.72
"PPS","P_SAL_H","TOTAL","G","D01","BG",2012,5.93
"PPS","P_SAL_H","TOTAL","G","D111","BG",2012,5.04
"PPS","P_SAL_H","TOTAL","G","D1111","BG",2012,4.68
"PPS","P_SAL_H","TOTAL","G-J","D01","BG",2012,6.87
"PPS","P_SAL_H","TOTAL","G-J","D111","BG",2012,5.89
"PPS","P_SAL_H","TOTAL","G-J","D1111","BG",2012,5.35
"PPS","P_SAL_H","TOTAL","G-N","D01","BG",2012,7.13
"PPS","P_SAL_H","TOTAL","G-N","D111","BG",2012,6.13
"PPS","P_SAL_H","TOTAL","G-N","D1111","BG",2012,5.57
"PPS","P_SAL_H","TOTAL","G-S_X_O","D01","BG",2012,7.12
"PPS","P_SAL_H","TOTAL","G-S_X_O","D111","BG",2012,6.07
"PPS","P_SAL_H","TOTAL","G-S_X_O","D1111","BG",2012,5.45
"PPS","P_SAL_H","TOTAL","G45","D01","BG",2012,6.23
"PPS","P_SAL_H","TOTAL","G45","D111","BG",2012,5.28
"PPS","P_SAL_H","TOTAL","G45","D1111","BG",2012,4.88
"PPS","P_SAL_H","TOTAL","G46","D01","BG",2012,7.55
"PPS","P_SAL_H","TOTAL","G46","D111","BG",2012,6.49
"PPS","P_SAL_H","TOTAL","G46","D1111","BG",2012,6.02
"PPS","P_SAL_H","TOTAL","G47","D01","BG",2012,4.78
"PPS","P_SAL_H","TOTAL","G47","D111","BG",2012,4.01
"PPS","P_SAL_H","TOTAL","G47","D1111","BG",2012,3.74
"PPS","P_SAL_H","TOTAL","H","D01","BG",2012,7.24
"PPS","P_SAL_H","TOTAL","H","D111","BG",2012,6.32
"PPS","P_SAL_H","TOTAL","H","D1111","BG",2012,5.3
"PPS","P_SAL_H","TOTAL","H49","D01","BG",2012,5.81
"PPS","P_SAL_H","TOTAL","H49","D111","BG",2012,4.68
"PPS","P_SAL_H","TOTAL","H49","D1111","BG",2012,4
"PPS","P_SAL_H","TOTAL","H50","D01","BG",2012,19.74
"PPS","P_SAL_H","TOTAL","H50","D111","BG",2012,18.11
"PPS","P_SAL_H","TOTAL","H50","D1111","BG",2012,15.2
"PPS","P_SAL_H","TOTAL","H51","D01","BG",2012,19.31
"PPS","P_SAL_H","TOTAL","H51","D111","BG",2012,16.16
"PPS","P_SAL_H","TOTAL","H51","D1111","BG",2012,14.3
"PPS","P_SAL_H","TOTAL","H52","D01","BG",2012,9.77
"PPS","P_SAL_H","TOTAL","H52","D111","BG",2012,9.7
"PPS","P_SAL_H","TOTAL","H52","D1111","BG",2012,7.82
"PPS","P_SAL_H","TOTAL","H53","D01","BG",2012,6.37
"PPS","P_SAL_H","TOTAL","H53","D111","BG",2012,5.3
"PPS","P_SAL_H","TOTAL","H53","D1111","BG",2012,4.56
"PPS","P_SAL_H","TOTAL","I","D01","BG",2012,4.37
"PPS","P_SAL_H","TOTAL","I","D111","BG",2012,3.65
"PPS","P_SAL_H","TOTAL","I","D1111","BG",2012,3.44
"PPS","P_SAL_H","TOTAL","I55","D01","BG",2012,5.41
"PPS","P_SAL_H","TOTAL","I55","D111","BG",2012,4.53
"PPS","P_SAL_H","TOTAL","I55","D1111","BG",2012,4.22
"PPS","P_SAL_H","TOTAL","I56","D01","BG",2012,3.85
"PPS","P_SAL_H","TOTAL","I56","D111","BG",2012,3.21
"PPS","P_SAL_H","TOTAL","I56","D1111","BG",2012,3.04
"PPS","P_SAL_H","TOTAL","J","D01","BG",2012,15.38
"PPS","P_SAL_H","TOTAL","J","D111","BG",2012,13.4
"PPS","P_SAL_H","TOTAL","J","D1111","BG",2012,12.26
"PPS","P_SAL_H","TOTAL","J58","D01","BG",2012,9.91
"PPS","P_SAL_H","TOTAL","J58","D111","BG",2012,8.54
"PPS","P_SAL_H","TOTAL","J58","D1111","BG",2012,7.77
"PPS","P_SAL_H","TOTAL","J59","D01","BG",2012,11.01
"PPS","P_SAL_H","TOTAL","J59","D111","BG",2012,9.7
"PPS","P_SAL_H","TOTAL","J59","D1111","BG",2012,9.04
"PPS","P_SAL_H","TOTAL","J60","D01","BG",2012,11.55
"PPS","P_SAL_H","TOTAL","J60","D111","BG",2012,9.96
"PPS","P_SAL_H","TOTAL","J60","D1111","BG",2012,9
"PPS","P_SAL_H","TOTAL","J61","D01","BG",2012,13.27
"PPS","P_SAL_H","TOTAL","J61","D111","BG",2012,11.34
"PPS","P_SAL_H","TOTAL","J61","D1111","BG",2012,10.31
"PPS","P_SAL_H","TOTAL","J62","D01","BG",2012,19.85
"PPS","P_SAL_H","TOTAL","J62","D111","BG",2012,17.49
"PPS","P_SAL_H","TOTAL","J62","D1111","BG",2012,16.06
"PPS","P_SAL_H","TOTAL","J63","D01","BG",2012,12.53
"PPS","P_SAL_H","TOTAL","J63","D111","BG",2012,10.89
"PPS","P_SAL_H","TOTAL","J63","D1111","BG",2012,9.98
"PPS","P_SAL_H","TOTAL","K","D01","BG",2012,13.43
"PPS","P_SAL_H","TOTAL","K","D111","BG",2012,11.52
"PPS","P_SAL_H","TOTAL","K","D1111","BG",2012,10.35
"PPS","P_SAL_H","TOTAL","K-N","D01","BG",2012,7.82
"PPS","P_SAL_H","TOTAL","K-N","D111","BG",2012,6.75
"PPS","P_SAL_H","TOTAL","K-N","D1111","BG",2012,6.17
"PPS","P_SAL_H","TOTAL","K64","D01","BG",2012,13.74
"PPS","P_SAL_H","TOTAL","K64","D111","BG",2012,11.74
"PPS","P_SAL_H","TOTAL","K64","D1111","BG",2012,10.47
"PPS","P_SAL_H","TOTAL","K65","D01","BG",2012,15.08
"PPS","P_SAL_H","TOTAL","K65","D111","BG",2012,13.15
"PPS","P_SAL_H","TOTAL","K65","D1111","BG",2012,12.11
"PPS","P_SAL_H","TOTAL","K66","D01","BG",2012,9.57
"PPS","P_SAL_H","TOTAL","K66","D111","BG",2012,8.32
"PPS","P_SAL_H","TOTAL","K66","D1111","BG",2012,7.78
"PPS","P_SAL_H","TOTAL","L","D01","BG",2012,6.86
"PPS","P_SAL_H","TOTAL","L","D111","BG",2012,5.88
"PPS","P_SAL_H","TOTAL","L","D1111","BG",2012,5.42
"PPS","P_SAL_H","TOTAL","L68","D01","BG",2012,6.86
"PPS","P_SAL_H","TOTAL","L68","D111","BG",2012,5.88
"PPS","P_SAL_H","TOTAL","L68","D1111","BG",2012,5.42
"PPS","P_SAL_H","TOTAL","M","D01","BG",2012,9.63
"PPS","P_SAL_H","TOTAL","M","D111","BG",2012,8.35
"PPS","P_SAL_H","TOTAL","M","D1111","BG",2012,7.69
"PPS","P_SAL_H","TOTAL","M69","D01","BG",2012,7.69
"PPS","P_SAL_H","TOTAL","M69","D111","BG",2012,6.64
"PPS","P_SAL_H","TOTAL","M69","D1111","BG",2012,6.16
"PPS","P_SAL_H","TOTAL","M70","D01","BG",2012,14.07
"PPS","P_SAL_H","TOTAL","M70","D111","BG",2012,12.43
"PPS","P_SAL_H","TOTAL","M70","D1111","BG",2012,11.48
"PPS","P_SAL_H","TOTAL","M71","D01","BG",2012,10.09
"PPS","P_SAL_H","TOTAL","M71","D111","BG",2012,8.68
"PPS","P_SAL_H","TOTAL","M71","D1111","BG",2012,8.02
"PPS","P_SAL_H","TOTAL","M72","D01","BG",2012,7.65
"PPS","P_SAL_H","TOTAL","M72","D111","BG",2012,6.47
"PPS","P_SAL_H","TOTAL","M72","D1111","BG",2012,5.7
"PPS","P_SAL_H","TOTAL","M73","D01","BG",2012,10.7
"PPS","P_SAL_H","TOTAL","M73","D111","BG",2012,9.35
"PPS","P_SAL_H","TOTAL","M73","D1111","BG",2012,8.74
"PPS","P_SAL_H","TOTAL","M74","D01","BG",2012,9.81
"PPS","P_SAL_H","TOTAL","M74","D111","BG",2012,8.54
"PPS","P_SAL_H","TOTAL","M74","D1111","BG",2012,7.91
"PPS","P_SAL_H","TOTAL","M75","D01","BG",2012,4.05
"PPS","P_SAL_H","TOTAL","M75","D111","BG",2012,3.41
"PPS","P_SAL_H","TOTAL","M75","D1111","BG",2012,3.22
"PPS","P_SAL_H","TOTAL","N","D01","BG",2012,4.28
"PPS","P_SAL_H","TOTAL","N","D111","BG",2012,3.72
"PPS","P_SAL_H","TOTAL","N","D1111","BG",2012,3.44
"PPS","P_SAL_H","TOTAL","N77","D01","BG",2012,7.17
"PPS","P_SAL_H","TOTAL","N77","D111","BG",2012,6.08
"PPS","P_SAL_H","TOTAL","N77","D1111","BG",2012,5.68
"PPS","P_SAL_H","TOTAL","N78","D01","BG",2012,8.55
"PPS","P_SAL_H","TOTAL","N78","D111","BG",2012,7.21
"PPS","P_SAL_H","TOTAL","N78","D1111","BG",2012,6.63
"PPS","P_SAL_H","TOTAL","N79","D01","BG",2012,6.64
"PPS","P_SAL_H","TOTAL","N79","D111","BG",2012,5.65
"PPS","P_SAL_H","TOTAL","N79","D1111","BG",2012,5.32
"PPS","P_SAL_H","TOTAL","N80","D01","BG",2012,3.54
"PPS","P_SAL_H","TOTAL","N80","D111","BG",2012,2.99
"PPS","P_SAL_H","TOTAL","N80","D1111","BG",2012,2.76
"PPS","P_SAL_H","TOTAL","N81","D01","BG",2012,2.89
"PPS","P_SAL_H","TOTAL","N81","D111","BG",2012,2.78
"PPS","P_SAL_H","TOTAL","N81","D1111","BG",2012,2.55
"PPS","P_SAL_H","TOTAL","N82","D01","BG",2012,8.76
"PPS","P_SAL_H","TOTAL","N82","D111","BG",2012,7.49
"PPS","P_SAL_H","TOTAL","N82","D1111","BG",2012,6.92
"PPS","P_SAL_H","TOTAL","O","D01","BG",2012,9.15
"PPS","P_SAL_H","TOTAL","O","D111","BG",2012,7.19
"PPS","P_SAL_H","TOTAL","O","D1111","BG",2012,6.3
"PPS","P_SAL_H","TOTAL","O-S","D01","BG",2012,7.6
"PPS","P_SAL_H","TOTAL","O-S","D111","BG",2012,6.23
"PPS","P_SAL_H","TOTAL","O-S","D1111","BG",2012,5.41
"PPS","P_SAL_H","TOTAL","O84","D01","BG",2012,9.15
"PPS","P_SAL_H","TOTAL","O84","D111","BG",2012,7.19
"PPS","P_SAL_H","TOTAL","O84","D1111","BG",2012,6.3
"PPS","P_SAL_H","TOTAL","P","D01","BG",2012,7.68
"PPS","P_SAL_H","TOTAL","P","D111","BG",2012,6.29
"PPS","P_SAL_H","TOTAL","P","D1111","BG",2012,5.2
"PPS","P_SAL_H","TOTAL","P-S","D01","BG",2012,7.09
"PPS","P_SAL_H","TOTAL","P-S","D111","BG",2012,5.91
"PPS","P_SAL_H","TOTAL","P-S","D1111","BG",2012,5.11
"PPS","P_SAL_H","TOTAL","P85","D01","BG",2012,7.68
"PPS","P_SAL_H","TOTAL","P85","D111","BG",2012,6.29
"PPS","P_SAL_H","TOTAL","P85","D1111","BG",2012,5.2
"PPS","P_SAL_H","TOTAL","Q","D01","BG",2012,7.34
"PPS","P_SAL_H","TOTAL","Q","D111","BG",2012,6.17
"PPS","P_SAL_H","TOTAL","Q","D1111","BG",2012,5.51
"PPS","P_SAL_H","TOTAL","Q86","D01","BG",2012,8.17
"PPS","P_SAL_H","TOTAL","Q86","D111","BG",2012,6.89
"PPS","P_SAL_H","TOTAL","Q86","D1111","BG",2012,6.16
"PPS","P_SAL_H","TOTAL","Q87","D01","BG",2012,4.61
"PPS","P_SAL_H","TOTAL","Q87","D111","BG",2012,3.81
"PPS","P_SAL_H","TOTAL","Q87","D1111","BG",2012,3.31
"PPS","P_SAL_H","TOTAL","Q88","D01","BG",2012,4.16
"PPS","P_SAL_H","TOTAL","Q88","D111","BG",2012,3.48
"PPS","P_SAL_H","TOTAL","Q88","D1111","BG",2012,3.04
"PPS","P_SAL_H","TOTAL","R","D01","BG",2012,5.89
"PPS","P_SAL_H","TOTAL","R","D111","BG",2012,5.03
"PPS","P_SAL_H","TOTAL","R","D1111","BG",2012,4.6
"PPS","P_SAL_H","TOTAL","R90","D01","BG",2012,5.38
"PPS","P_SAL_H","TOTAL","R90","D111","BG",2012,4.45
"PPS","P_SAL_H","TOTAL","R90","D1111","BG",2012,3.9
"PPS","P_SAL_H","TOTAL","R91","D01","BG",2012,5.08
"PPS","P_SAL_H","TOTAL","R91","D111","BG",2012,4.2
"PPS","P_SAL_H","TOTAL","R91","D1111","BG",2012,3.65
"PPS","P_SAL_H","TOTAL","R92","D01","BG",2012,4.88
"PPS","P_SAL_H","TOTAL","R92","D111","BG",2012,4.09
"PPS","P_SAL_H","TOTAL","R92","D1111","BG",2012,3.77
"PPS","P_SAL_H","TOTAL","R93","D01","BG",2012,7.65
"PPS","P_SAL_H","TOTAL","R93","D111","BG",2012,6.78
"PPS","P_SAL_H","TOTAL","R93","D1111","BG",2012,6.37
"PPS","P_SAL_H","TOTAL","S","D01","BG",2012,4.71
"PPS","P_SAL_H","TOTAL","S","D111","BG",2012,4.05
"PPS","P_SAL_H","TOTAL","S","D1111","BG",2012,3.73
"PPS","P_SAL_H","TOTAL","S94","D01","BG",2012,5.8
"PPS","P_SAL_H","TOTAL","S94","D111","BG",2012,5.07
"PPS","P_SAL_H","TOTAL","S94","D1111","BG",2012,4.62
"PPS","P_SAL_H","TOTAL","S95","D01","BG",2012,4.17
"PPS","P_SAL_H","TOTAL","S95","D111","BG",2012,3.5
"PPS","P_SAL_H","TOTAL","S95","D1111","BG",2012,3.27
"PPS","P_SAL_H","TOTAL","S96","D01","BG",2012,3.36
"PPS","P_SAL_H","TOTAL","S96","D111","BG",2012,2.8
"PPS","P_SAL_H","TOTAL","S96","D1111","BG",2012,2.63
"PPS","P_SAL_M","10-49","B","D01","BG",2012,1090
"PPS","P_SAL_M","10-49","B","D111","BG",2012,907
"PPS","P_SAL_M","10-49","B","D1111","BG",2012,826
"PPS","P_SAL_M","10-49","B-E","D01","BG",2012,639
"PPS","P_SAL_M","10-49","B-E","D111","BG",2012,537
"PPS","P_SAL_M","10-49","B-E","D1111","BG",2012,495
"PPS","P_SAL_M","10-49","B-F","D01","BG",2012,671
"PPS","P_SAL_M","10-49","B-F","D111","BG",2012,564
"PPS","P_SAL_M","10-49","B-F","D1111","BG",2012,522
"PPS","P_SAL_M","10-49","B-N","D01","BG",2012,834
"PPS","P_SAL_M","10-49","B-N","D111","BG",2012,711
"PPS","P_SAL_M","10-49","B-N","D1111","BG",2012,660
"PPS","P_SAL_M","10-49","B-S","D01","BG",2012,855
"PPS","P_SAL_M","10-49","B-S","D111","BG",2012,720
"PPS","P_SAL_M","10-49","B-S","D1111","BG",2012,654
"PPS","P_SAL_M","10-49","B-S_X_O","D01","BG",2012,835
"PPS","P_SAL_M","10-49","B-S_X_O","D111","BG",2012,706
"PPS","P_SAL_M","10-49","B-S_X_O","D1111","BG",2012,644
"PPS","P_SAL_M","10-49","B05","D01","BG",2012,NA
"PPS","P_SAL_M","10-49","B05","D111","BG",2012,NA
"PPS","P_SAL_M","10-49","B05","D1111","BG",2012,NA
"PPS","P_SAL_M","10-49","B06","D01","BG",2012,3484
"PPS","P_SAL_M","10-49","B06","D111","BG",2012,3114
"PPS","P_SAL_M","10-49","B06","D1111","BG",2012,2911
"PPS","P_SAL_M","10-49","B07","D01","BG",2012,NA
"PPS","P_SAL_M","10-49","B07","D111","BG",2012,NA
"PPS","P_SAL_M","10-49","B07","D1111","BG",2012,NA
"PPS","P_SAL_M","10-49","B08","D01","BG",2012,1010
"PPS","P_SAL_M","10-49","B08","D111","BG",2012,834
"PPS","P_SAL_M","10-49","B08","D1111","BG",2012,758
"PPS","P_SAL_M","10-49","B09","D01","BG",2012,NA
"PPS","P_SAL_M","10-49","B09","D111","BG",2012,NA
"PPS","P_SAL_M","10-49","B09","D1111","BG",2012,NA
"PPS","P_SAL_M","10-49","C","D01","BG",2012,613
"PPS","P_SAL_M","10-49","C","D111","BG",2012,513
"PPS","P_SAL_M","10-49","C","D1111","BG",2012,474
"PPS","P_SAL_M","10-49","C10","D01","BG",2012,574
"PPS","P_SAL_M","10-49","C10","D111","BG",2012,480
"PPS","P_SAL_M","10-49","C10","D1111","BG",2012,445
"PPS","P_SAL_M","10-49","C11","D01","BG",2012,724
"PPS","P_SAL_M","10-49","C11","D111","BG",2012,609
"PPS","P_SAL_M","10-49","C11","D1111","BG",2012,559
"PPS","P_SAL_M","10-49","C12","D01","BG",2012,NA
"PPS","P_SAL_M","10-49","C12","D111","BG",2012,NA
"PPS","P_SAL_M","10-49","C12","D1111","BG",2012,NA
"PPS","P_SAL_M","10-49","C13","D01","BG",2012,600
"PPS","P_SAL_M","10-49","C13","D111","BG",2012,499
"PPS","P_SAL_M","10-49","C13","D1111","BG",2012,458
"PPS","P_SAL_M","10-49","C14","D01","BG",2012,448
"PPS","P_SAL_M","10-49","C14","D111","BG",2012,372
"PPS","P_SAL_M","10-49","C14","D1111","BG",2012,344
"PPS","P_SAL_M","10-49","C15","D01","BG",2012,451
"PPS","P_SAL_M","10-49","C15","D111","BG",2012,376
"PPS","P_SAL_M","10-49","C15","D1111","BG",2012,347
"PPS","P_SAL_M","10-49","C16","D01","BG",2012,450
"PPS","P_SAL_M","10-49","C16","D111","BG",2012,376
"PPS","P_SAL_M","10-49","C16","D1111","BG",2012,348
"PPS","P_SAL_M","10-49","C17","D01","BG",2012,562
"PPS","P_SAL_M","10-49","C17","D111","BG",2012,470
"PPS","P_SAL_M","10-49","C17","D1111","BG",2012,431
"PPS","P_SAL_M","10-49","C18","D01","BG",2012,679
"PPS","P_SAL_M","10-49","C18","D111","BG",2012,574
"PPS","P_SAL_M","10-49","C18","D1111","BG",2012,528
"PPS","P_SAL_M","10-49","C19","D01","BG",2012,NA
"PPS","P_SAL_M","10-49","C19","D111","BG",2012,NA
"PPS","P_SAL_M","10-49","C19","D1111","BG",2012,NA
"PPS","P_SAL_M","10-49","C20","D01","BG",2012,799
"PPS","P_SAL_M","10-49","C20","D111","BG",2012,674
"PPS","P_SAL_M","10-49","C20","D1111","BG",2012,626
"PPS","P_SAL_M","10-49","C21","D01","BG",2012,913
"PPS","P_SAL_M","10-49","C21","D111","BG",2012,774
"PPS","P_SAL_M","10-49","C21","D1111","BG",2012,715
"PPS","P_SAL_M","10-49","C22","D01","BG",2012,647
"PPS","P_SAL_M","10-49","C22","D111","BG",2012,543
"PPS","P_SAL_M","10-49","C22","D1111","BG",2012,499
"PPS","P_SAL_M","10-49","C23","D01","BG",2012,719
"PPS","P_SAL_M","10-49","C23","D111","BG",2012,595
"PPS","P_SAL_M","10-49","C23","D1111","BG",2012,549
"PPS","P_SAL_M","10-49","C24","D01","BG",2012,784
"PPS","P_SAL_M","10-49","C24","D111","BG",2012,643
"PPS","P_SAL_M","10-49","C24","D1111","BG",2012,592
"PPS","P_SAL_M","10-49","C25","D01","BG",2012,713
"PPS","P_SAL_M","10-49","C25","D111","BG",2012,598
"PPS","P_SAL_M","10-49","C25","D1111","BG",2012,550
"PPS","P_SAL_M","10-49","C26","D01","BG",2012,1051
"PPS","P_SAL_M","10-49","C26","D111","BG",2012,898
"PPS","P_SAL_M","10-49","C26","D1111","BG",2012,828
"PPS","P_SAL_M","10-49","C27","D01","BG",2012,1014
"PPS","P_SAL_M","10-49","C27","D111","BG",2012,879
"PPS","P_SAL_M","10-49","C27","D1111","BG",2012,820
"PPS","P_SAL_M","10-49","C28","D01","BG",2012,807
"PPS","P_SAL_M","10-49","C28","D111","BG",2012,679
"PPS","P_SAL_M","10-49","C28","D1111","BG",2012,625
"PPS","P_SAL_M","10-49","C29","D01","BG",2012,963
"PPS","P_SAL_M","10-49","C29","D111","BG",2012,815
"PPS","P_SAL_M","10-49","C29","D1111","BG",2012,752
"PPS","P_SAL_M","10-49","C30","D01","BG",2012,748
"PPS","P_SAL_M","10-49","C30","D111","BG",2012,627
"PPS","P_SAL_M","10-49","C30","D1111","BG",2012,588
"PPS","P_SAL_M","10-49","C31","D01","BG",2012,477
"PPS","P_SAL_M","10-49","C31","D111","BG",2012,400
"PPS","P_SAL_M","10-49","C31","D1111","BG",2012,369
"PPS","P_SAL_M","10-49","C32","D01","BG",2012,NA
"PPS","P_SAL_M","10-49","C32","D111","BG",2012,NA
"PPS","P_SAL_M","10-49","C32","D1111","BG",2012,NA
"PPS","P_SAL_M","10-49","C33","D01","BG",2012,953
"PPS","P_SAL_M","10-49","C33","D111","BG",2012,803
"PPS","P_SAL_M","10-49","C33","D1111","BG",2012,745
"PPS","P_SAL_M","10-49","D","D01","BG",2012,1877
"PPS","P_SAL_M","10-49","D","D111","BG",2012,1648
"PPS","P_SAL_M","10-49","D","D1111","BG",2012,1479
"PPS","P_SAL_M","10-49","D35","D01","BG",2012,1877
"PPS","P_SAL_M","10-49","D35","D111","BG",2012,1648
"PPS","P_SAL_M","10-49","D35","D1111","BG",2012,1479
"PPS","P_SAL_M","10-49","E","D01","BG",2012,736
"PPS","P_SAL_M","10-49","E","D111","BG",2012,622
"PPS","P_SAL_M","10-49","E","D1111","BG",2012,567
"PPS","P_SAL_M","10-49","E36","D01","BG",2012,772
"PPS","P_SAL_M","10-49","E36","D111","BG",2012,642
"PPS","P_SAL_M","10-49","E36","D1111","BG",2012,533
"PPS","P_SAL_M","10-49","E37","D01","BG",2012,709
"PPS","P_SAL_M","10-49","E37","D111","BG",2012,593
"PPS","P_SAL_M","10-49","E37","D1111","BG",2012,547
"PPS","P_SAL_M","10-49","E38","D01","BG",2012,696
"PPS","P_SAL_M","10-49","E38","D111","BG",2012,587
"PPS","P_SAL_M","10-49","E38","D1111","BG",2012,540
"PPS","P_SAL_M","10-49","E39","D01","BG",2012,1217
"PPS","P_SAL_M","10-49","E39","D111","BG",2012,1057
"PPS","P_SAL_M","10-49","E39","D1111","BG",2012,976
"PPS","P_SAL_M","10-49","F","D01","BG",2012,753
"PPS","P_SAL_M","10-49","F","D111","BG",2012,637
"PPS","P_SAL_M","10-49","F","D1111","BG",2012,594
"PPS","P_SAL_M","10-49","F41","D01","BG",2012,658
"PPS","P_SAL_M","10-49","F41","D111","BG",2012,554
"PPS","P_SAL_M","10-49","F41","D1111","BG",2012,516
"PPS","P_SAL_M","10-49","F42","D01","BG",2012,948
"PPS","P_SAL_M","10-49","F42","D111","BG",2012,810
"PPS","P_SAL_M","10-49","F42","D1111","BG",2012,758
"PPS","P_SAL_M","10-49","F43","D01","BG",2012,780
"PPS","P_SAL_M","10-49","F43","D111","BG",2012,659
"PPS","P_SAL_M","10-49","F43","D1111","BG",2012,613
"PPS","P_SAL_M","10-49","G","D01","BG",2012,853
"PPS","P_SAL_M","10-49","G","D111","BG",2012,727
"PPS","P_SAL_M","10-49","G","D1111","BG",2012,676
"PPS","P_SAL_M","10-49","G-J","D01","BG",2012,864
"PPS","P_SAL_M","10-49","G-J","D111","BG",2012,735
"PPS","P_SAL_M","10-49","G-J","D1111","BG",2012,685
"PPS","P_SAL_M","10-49","G-N","D01","BG",2012,943
"PPS","P_SAL_M","10-49","G-N","D111","BG",2012,808
"PPS","P_SAL_M","10-49","G-N","D1111","BG",2012,752
"PPS","P_SAL_M","10-49","G-S_X_O","D01","BG",2012,909
"PPS","P_SAL_M","10-49","G-S_X_O","D111","BG",2012,770
"PPS","P_SAL_M","10-49","G-S_X_O","D1111","BG",2012,699
"PPS","P_SAL_M","10-49","G45","D01","BG",2012,904
"PPS","P_SAL_M","10-49","G45","D111","BG",2012,767
"PPS","P_SAL_M","10-49","G45","D1111","BG",2012,713
"PPS","P_SAL_M","10-49","G46","D01","BG",2012,1060
"PPS","P_SAL_M","10-49","G46","D111","BG",2012,916
"PPS","P_SAL_M","10-49","G46","D1111","BG",2012,852
"PPS","P_SAL_M","10-49","G47","D01","BG",2012,641
"PPS","P_SAL_M","10-49","G47","D111","BG",2012,535
"PPS","P_SAL_M","10-49","G47","D1111","BG",2012,498
"PPS","P_SAL_M","10-49","H","D01","BG",2012,757
"PPS","P_SAL_M","10-49","H","D111","BG",2012,621
"PPS","P_SAL_M","10-49","H","D1111","BG",2012,579
"PPS","P_SAL_M","10-49","H49","D01","BG",2012,630
"PPS","P_SAL_M","10-49","H49","D111","BG",2012,507
"PPS","P_SAL_M","10-49","H49","D1111","BG",2012,473
"PPS","P_SAL_M","10-49","H50","D01","BG",2012,1185
"PPS","P_SAL_M","10-49","H50","D111","BG",2012,1024
"PPS","P_SAL_M","10-49","H50","D1111","BG",2012,985
"PPS","P_SAL_M","10-49","H51","D01","BG",2012,2284
"PPS","P_SAL_M","10-49","H51","D111","BG",2012,1891
"PPS","P_SAL_M","10-49","H51","D1111","BG",2012,1725
"PPS","P_SAL_M","10-49","H52","D01","BG",2012,1439
"PPS","P_SAL_M","10-49","H52","D111","BG",2012,1239
"PPS","P_SAL_M","10-49","H52","D1111","BG",2012,1148
"PPS","P_SAL_M","10-49","H53","D01","BG",2012,NA
"PPS","P_SAL_M","10-49","H53","D111","BG",2012,NA
"PPS","P_SAL_M","10-49","H53","D1111","BG",2012,NA
"PPS","P_SAL_M","10-49","I","D01","BG",2012,594
"PPS","P_SAL_M","10-49","I","D111","BG",2012,494
"PPS","P_SAL_M","10-49","I","D1111","BG",2012,465
"PPS","P_SAL_M","10-49","I55","D01","BG",2012,706
"PPS","P_SAL_M","10-49","I55","D111","BG",2012,588
"PPS","P_SAL_M","10-49","I55","D1111","BG",2012,551
"PPS","P_SAL_M","10-49","I56","D01","BG",2012,545
"PPS","P_SAL_M","10-49","I56","D111","BG",2012,454
"PPS","P_SAL_M","10-49","I56","D1111","BG",2012,428
"PPS","P_SAL_M","10-49","J","D01","BG",2012,1931
"PPS","P_SAL_M","10-49","J","D111","BG",2012,1704
"PPS","P_SAL_M","10-49","J","D1111","BG",2012,1585
"PPS","P_SAL_M","10-49","J58","D01","BG",2012,1141
"PPS","P_SAL_M","10-49","J58","D111","BG",2012,984
"PPS","P_SAL_M","10-49","J58","D1111","BG",2012,913
"PPS","P_SAL_M","10-49","J59","D01","BG",2012,2046
"PPS","P_SAL_M","10-49","J59","D111","BG",2012,1819
"PPS","P_SAL_M","10-49","J59","D1111","BG",2012,1704
"PPS","P_SAL_M","10-49","J60","D01","BG",2012,1269
"PPS","P_SAL_M","10-49","J60","D111","BG",2012,1081
"PPS","P_SAL_M","10-49","J60","D1111","BG",2012,1002
"PPS","P_SAL_M","10-49","J61","D01","BG",2012,866
"PPS","P_SAL_M","10-49","J61","D111","BG",2012,730
"PPS","P_SAL_M","10-49","J61","D1111","BG",2012,672
"PPS","P_SAL_M","10-49","J62","D01","BG",2012,2547
"PPS","P_SAL_M","10-49","J62","D111","BG",2012,2265
"PPS","P_SAL_M","10-49","J62","D1111","BG",2012,2107
"PPS","P_SAL_M","10-49","J63","D01","BG",2012,1822
"PPS","P_SAL_M","10-49","J63","D111","BG",2012,1615
"PPS","P_SAL_M","10-49","J63","D1111","BG",2012,1508
"PPS","P_SAL_M","10-49","K","D01","BG",2012,1954
"PPS","P_SAL_M","10-49","K","D111","BG",2012,1726
"PPS","P_SAL_M","10-49","K","D1111","BG",2012,1596
"PPS","P_SAL_M","10-49","K-N","D01","BG",2012,1258
"PPS","P_SAL_M","10-49","K-N","D111","BG",2012,1099
"PPS","P_SAL_M","10-49","K-N","D1111","BG",2012,1020
"PPS","P_SAL_M","10-49","K64","D01","BG",2012,2071
"PPS","P_SAL_M","10-49","K64","D111","BG",2012,1834
"PPS","P_SAL_M","10-49","K64","D1111","BG",2012,1696
"PPS","P_SAL_M","10-49","K65","D01","BG",2012,2603
"PPS","P_SAL_M","10-49","K65","D111","BG",2012,2289
"PPS","P_SAL_M","10-49","K65","D1111","BG",2012,2072
"PPS","P_SAL_M","10-49","K66","D01","BG",2012,1536
"PPS","P_SAL_M","10-49","K66","D111","BG",2012,1351
"PPS","P_SAL_M","10-49","K66","D1111","BG",2012,1266
"PPS","P_SAL_M","10-49","L","D01","BG",2012,1085
"PPS","P_SAL_M","10-49","L","D111","BG",2012,932
"PPS","P_SAL_M","10-49","L","D1111","BG",2012,854
"PPS","P_SAL_M","10-49","L68","D01","BG",2012,1085
"PPS","P_SAL_M","10-49","L68","D111","BG",2012,932
"PPS","P_SAL_M","10-49","L68","D1111","BG",2012,854
"PPS","P_SAL_M","10-49","M","D01","BG",2012,1757
"PPS","P_SAL_M","10-49","M","D111","BG",2012,1552
"PPS","P_SAL_M","10-49","M","D1111","BG",2012,1446
"PPS","P_SAL_M","10-49","M69","D01","BG",2012,1367
"PPS","P_SAL_M","10-49","M69","D111","BG",2012,1184
"PPS","P_SAL_M","10-49","M69","D1111","BG",2012,1103
"PPS","P_SAL_M","10-49","M70","D01","BG",2012,3054
"PPS","P_SAL_M","10-49","M70","D111","BG",2012,2802
"PPS","P_SAL_M","10-49","M70","D1111","BG",2012,2659
"PPS","P_SAL_M","10-49","M71","D01","BG",2012,1734
"PPS","P_SAL_M","10-49","M71","D111","BG",2012,1513
"PPS","P_SAL_M","10-49","M71","D1111","BG",2012,1402
"PPS","P_SAL_M","10-49","M72","D01","BG",2012,1133
"PPS","P_SAL_M","10-49","M72","D111","BG",2012,961
"PPS","P_SAL_M","10-49","M72","D1111","BG",2012,862
"PPS","P_SAL_M","10-49","M73","D01","BG",2012,1732
"PPS","P_SAL_M","10-49","M73","D111","BG",2012,1534
"PPS","P_SAL_M","10-49","M73","D1111","BG",2012,1430
"PPS","P_SAL_M","10-49","M74","D01","BG",2012,1750
"PPS","P_SAL_M","10-49","M74","D111","BG",2012,1550
"PPS","P_SAL_M","10-49","M74","D1111","BG",2012,1446
"PPS","P_SAL_M","10-49","M75","D01","BG",2012,599
"PPS","P_SAL_M","10-49","M75","D111","BG",2012,510
"PPS","P_SAL_M","10-49","M75","D1111","BG",2012,472
"PPS","P_SAL_M","10-49","N","D01","BG",2012,683
"PPS","P_SAL_M","10-49","N","D111","BG",2012,583
"PPS","P_SAL_M","10-49","N","D1111","BG",2012,543
"PPS","P_SAL_M","10-49","N77","D01","BG",2012,1266
"PPS","P_SAL_M","10-49","N77","D111","BG",2012,1080
"PPS","P_SAL_M","10-49","N77","D1111","BG",2012,1009
"PPS","P_SAL_M","10-49","N78","D01","BG",2012,1153
"PPS","P_SAL_M","10-49","N78","D111","BG",2012,972
"PPS","P_SAL_M","10-49","N78","D1111","BG",2012,900
"PPS","P_SAL_M","10-49","N79","D01","BG",2012,1041
"PPS","P_SAL_M","10-49","N79","D111","BG",2012,890
"PPS","P_SAL_M","10-49","N79","D1111","BG",2012,834
"PPS","P_SAL_M","10-49","N80","D01","BG",2012,503
"PPS","P_SAL_M","10-49","N80","D111","BG",2012,425
"PPS","P_SAL_M","10-49","N80","D1111","BG",2012,398
"PPS","P_SAL_M","10-49","N81","D01","BG",2012,496
"PPS","P_SAL_M","10-49","N81","D111","BG",2012,432
"PPS","P_SAL_M","10-49","N81","D1111","BG",2012,399
"PPS","P_SAL_M","10-49","N82","D01","BG",2012,1018
"PPS","P_SAL_M","10-49","N82","D111","BG",2012,881
"PPS","P_SAL_M","10-49","N82","D1111","BG",2012,818
"PPS","P_SAL_M","10-49","O","D01","BG",2012,1472
"PPS","P_SAL_M","10-49","O","D111","BG",2012,1155
"PPS","P_SAL_M","10-49","O","D1111","BG",2012,982
"PPS","P_SAL_M","10-49","O-S","D01","BG",2012,917
"PPS","P_SAL_M","10-49","O-S","D111","BG",2012,747
"PPS","P_SAL_M","10-49","O-S","D1111","BG",2012,636
"PPS","P_SAL_M","10-49","O84","D01","BG",2012,1472
"PPS","P_SAL_M","10-49","O84","D111","BG",2012,1155
"PPS","P_SAL_M","10-49","O84","D1111","BG",2012,982
"PPS","P_SAL_M","10-49","P","D01","BG",2012,874
"PPS","P_SAL_M","10-49","P","D111","BG",2012,709
"PPS","P_SAL_M","10-49","P","D1111","BG",2012,583
"PPS","P_SAL_M","10-49","P-S","D01","BG",2012,840
"PPS","P_SAL_M","10-49","P-S","D111","BG",2012,691
"PPS","P_SAL_M","10-49","P-S","D1111","BG",2012,587
"PPS","P_SAL_M","10-49","P85","D01","BG",2012,874
"PPS","P_SAL_M","10-49","P85","D111","BG",2012,709
"PPS","P_SAL_M","10-49","P85","D1111","BG",2012,583
"PPS","P_SAL_M","10-49","Q","D01","BG",2012,806
"PPS","P_SAL_M","10-49","Q","D111","BG",2012,679
"PPS","P_SAL_M","10-49","Q","D1111","BG",2012,615
"PPS","P_SAL_M","10-49","Q86","D01","BG",2012,984
"PPS","P_SAL_M","10-49","Q86","D111","BG",2012,836
"PPS","P_SAL_M","10-49","Q86","D1111","BG",2012,770
"PPS","P_SAL_M","10-49","Q87","D01","BG",2012,627
"PPS","P_SAL_M","10-49","Q87","D111","BG",2012,516
"PPS","P_SAL_M","10-49","Q87","D1111","BG",2012,451
"PPS","P_SAL_M","10-49","Q88","D01","BG",2012,580
"PPS","P_SAL_M","10-49","Q88","D111","BG",2012,487
"PPS","P_SAL_M","10-49","Q88","D1111","BG",2012,427
"PPS","P_SAL_M","10-49","R","D01","BG",2012,703
"PPS","P_SAL_M","10-49","R","D111","BG",2012,590
"PPS","P_SAL_M","10-49","R","D1111","BG",2012,540
"PPS","P_SAL_M","10-49","R90","D01","BG",2012,743
"PPS","P_SAL_M","10-49","R90","D111","BG",2012,613
"PPS","P_SAL_M","10-49","R90","D1111","BG",2012,543
"PPS","P_SAL_M","10-49","R91","D01","BG",2012,686
"PPS","P_SAL_M","10-49","R91","D111","BG",2012,567
"PPS","P_SAL_M","10-49","R91","D1111","BG",2012,494
"PPS","P_SAL_M","10-49","R92","D01","BG",2012,593
"PPS","P_SAL_M","10-49","R92","D111","BG",2012,497
"PPS","P_SAL_M","10-49","R92","D1111","BG",2012,466
"PPS","P_SAL_M","10-49","R93","D01","BG",2012,811
"PPS","P_SAL_M","10-49","R93","D111","BG",2012,693
"PPS","P_SAL_M","10-49","R93","D1111","BG",2012,648
"PPS","P_SAL_M","10-49","S","D01","BG",2012,786
"PPS","P_SAL_M","10-49","S","D111","BG",2012,674
"PPS","P_SAL_M","10-49","S","D1111","BG",2012,613
"PPS","P_SAL_M","10-49","S94","D01","BG",2012,943
"PPS","P_SAL_M","10-49","S94","D111","BG",2012,820
"PPS","P_SAL_M","10-49","S94","D1111","BG",2012,743
"PPS","P_SAL_M","10-49","S95","D01","BG",2012,NA
"PPS","P_SAL_M","10-49","S95","D111","BG",2012,NA
"PPS","P_SAL_M","10-49","S95","D1111","BG",2012,NA
"PPS","P_SAL_M","10-49","S96","D01","BG",2012,551
"PPS","P_SAL_M","10-49","S96","D111","BG",2012,458
"PPS","P_SAL_M","10-49","S96","D1111","BG",2012,421
"PPS","P_SAL_M","250-499","B","D01","BG",2012,1093
"PPS","P_SAL_M","250-499","B","D111","BG",2012,843
"PPS","P_SAL_M","250-499","B","D1111","BG",2012,754
"PPS","P_SAL_M","250-499","B-E","D01","BG",2012,1099
"PPS","P_SAL_M","250-499","B-E","D111","BG",2012,913
"PPS","P_SAL_M","250-499","B-E","D1111","BG",2012,803
"PPS","P_SAL_M","250-499","B-F","D01","BG",2012,1117
"PPS","P_SAL_M","250-499","B-F","D111","BG",2012,929
"PPS","P_SAL_M","250-499","B-F","D1111","BG",2012,821
"PPS","P_SAL_M","250-499","B-N","D01","BG",2012,1213
"PPS","P_SAL_M","250-499","B-N","D111","BG",2012,1024
"PPS","P_SAL_M","250-499","B-N","D1111","BG",2012,914
"PPS","P_SAL_M","250-499","B-S","D01","BG",2012,1237
"PPS","P_SAL_M","250-499","B-S","D111","BG",2012,1034
"PPS","P_SAL_M","250-499","B-S","D1111","BG",2012,918
"PPS","P_SAL_M","250-499","B-S_X_O","D01","BG",2012,1207
"PPS","P_SAL_M","250-499","B-S_X_O","D111","BG",2012,1018
"PPS","P_SAL_M","250-499","B-S_X_O","D1111","BG",2012,905
"PPS","P_SAL_M","250-499","B05","D01","BG",2012,865
"PPS","P_SAL_M","250-499","B05","D111","BG",2012,658
"PPS","P_SAL_M","250-499","B05","D1111","BG",2012,593
"PPS","P_SAL_M","250-499","B06","D01","BG",2012,NA
"PPS","P_SAL_M","250-499","B06","D111","BG",2012,NA
"PPS","P_SAL_M","250-499","B06","D1111","BG",2012,NA
"PPS","P_SAL_M","250-499","B07","D01","BG",2012,1296
"PPS","P_SAL_M","250-499","B07","D111","BG",2012,994
"PPS","P_SAL_M","250-499","B07","D1111","BG",2012,895
"PPS","P_SAL_M","250-499","B08","D01","BG",2012,985
"PPS","P_SAL_M","250-499","B08","D111","BG",2012,790
"PPS","P_SAL_M","250-499","B08","D1111","BG",2012,681
"PPS","P_SAL_M","250-499","C","D01","BG",2012,1058
"PPS","P_SAL_M","250-499","C","D111","BG",2012,884
"PPS","P_SAL_M","250-499","C","D1111","BG",2012,782
"PPS","P_SAL_M","250-499","C10","D01","BG",2012,NA
"PPS","P_SAL_M","250-499","C10","D111","BG",2012,NA
"PPS","P_SAL_M","250-499","C10","D1111","BG",2012,NA
"PPS","P_SAL_M","250-499","C11","D01","BG",2012,1349
"PPS","P_SAL_M","250-499","C11","D111","BG",2012,1146
"PPS","P_SAL_M","250-499","C11","D1111","BG",2012,1048
"PPS","P_SAL_M","250-499","C12","D01","BG",2012,1959
"PPS","P_SAL_M","250-499","C12","D111","BG",2012,1686
"PPS","P_SAL_M","250-499","C12","D1111","BG",2012,1469
"PPS","P_SAL_M","250-499","C13","D01","BG",2012,714
"PPS","P_SAL_M","250-499","C13","D111","BG",2012,581
"PPS","P_SAL_M","250-499","C13","D1111","BG",2012,506
"PPS","P_SAL_M","250-499","C14","D01","BG",2012,670
"PPS","P_SAL_M","250-499","C14","D111","BG",2012,562
"PPS","P_SAL_M","250-499","C14","D1111","BG",2012,499
"PPS","P_SAL_M","250-499","C15","D01","BG",2012,714
"PPS","P_SAL_M","250-499","C15","D111","BG",2012,606
"PPS","P_SAL_M","250-499","C15","D1111","BG",2012,524
"PPS","P_SAL_M","250-499","C16","D01","BG",2012,NA
"PPS","P_SAL_M","250-499","C16","D111","BG",2012,NA
"PPS","P_SAL_M","250-499","C16","D1111","BG",2012,NA
"PPS","P_SAL_M","250-499","C17","D01","BG",2012,1057
"PPS","P_SAL_M","250-499","C17","D111","BG",2012,866
"PPS","P_SAL_M","250-499","C17","D1111","BG",2012,747
"PPS","P_SAL_M","250-499","C18","D01","BG",2012,1514
"PPS","P_SAL_M","250-499","C18","D111","BG",2012,1298
"PPS","P_SAL_M","250-499","C18","D1111","BG",2012,1173
"PPS","P_SAL_M","250-499","C19","D01","BG",2012,NA
"PPS","P_SAL_M","250-499","C19","D111","BG",2012,NA
"PPS","P_SAL_M","250-499","C19","D1111","BG",2012,NA
"PPS","P_SAL_M","250-499","C20","D01","BG",2012,1950
"PPS","P_SAL_M","250-499","C20","D111","BG",2012,1622
"PPS","P_SAL_M","250-499","C20","D1111","BG",2012,1415
"PPS","P_SAL_M","250-499","C21","D01","BG",2012,1327
"PPS","P_SAL_M","250-499","C21","D111","BG",2012,1114
"PPS","P_SAL_M","250-499","C21","D1111","BG",2012,965
"PPS","P_SAL_M","250-499","C22","D01","BG",2012,830
"PPS","P_SAL_M","250-499","C22","D111","BG",2012,702
"PPS","P_SAL_M","250-499","C22","D1111","BG",2012,650
"PPS","P_SAL_M","250-499","C23","D01","BG",2012,NA
"PPS","P_SAL_M","250-499","C23","D111","BG",2012,NA
"PPS","P_SAL_M","250-499","C23","D1111","BG",2012,NA
"PPS","P_SAL_M","250-499","C24","D01","BG",2012,1231
"PPS","P_SAL_M","250-499","C24","D111","BG",2012,976
"PPS","P_SAL_M","250-499","C24","D1111","BG",2012,827
"PPS","P_SAL_M","250-499","C25","D01","BG",2012,994
"PPS","P_SAL_M","250-499","C25","D111","BG",2012,827
"PPS","P_SAL_M","250-499","C25","D1111","BG",2012,711
"PPS","P_SAL_M","250-499","C26","D01","BG",2012,1394
"PPS","P_SAL_M","250-499","C26","D111","BG",2012,1190
"PPS","P_SAL_M","250-499","C26","D1111","BG",2012,1001
"PPS","P_SAL_M","250-499","C27","D01","BG",2012,1188
"PPS","P_SAL_M","250-499","C27","D111","BG",2012,1002
"PPS","P_SAL_M","250-499","C27","D1111","BG",2012,894
"PPS","P_SAL_M","250-499","C28","D01","BG",2012,1246
"PPS","P_SAL_M","250-499","C28","D111","BG",2012,1040
"PPS","P_SAL_M","250-499","C28","D1111","BG",2012,932
"PPS","P_SAL_M","250-499","C29","D01","BG",2012,966
"PPS","P_SAL_M","250-499","C29","D111","BG",2012,807
"PPS","P_SAL_M","250-499","C29","D1111","BG",2012,722
"PPS","P_SAL_M","250-499","C30","D01","BG",2012,1077
"PPS","P_SAL_M","250-499","C30","D111","BG",2012,889
"PPS","P_SAL_M","250-499","C30","D1111","BG",2012,810
"PPS","P_SAL_M","250-499","C31","D01","BG",2012,NA
"PPS","P_SAL_M","250-499","C31","D111","BG",2012,NA
"PPS","P_SAL_M","250-499","C31","D1111","BG",2012,NA
"PPS","P_SAL_M","250-499","C32","D01","BG",2012,NA
"PPS","P_SAL_M","250-499","C32","D111","BG",2012,NA
"PPS","P_SAL_M","250-499","C32","D1111","BG",2012,NA
"PPS","P_SAL_M","250-499","C33","D01","BG",2012,1187
"PPS","P_SAL_M","250-499","C33","D111","BG",2012,913
"PPS","P_SAL_M","250-499","C33","D1111","BG",2012,801
"PPS","P_SAL_M","250-499","D","D01","BG",2012,2944
"PPS","P_SAL_M","250-499","D","D111","BG",2012,2408
"PPS","P_SAL_M","250-499","D","D1111","BG",2012,2060
"PPS","P_SAL_M","250-499","D35","D01","BG",2012,2944
"PPS","P_SAL_M","250-499","D35","D111","BG",2012,2408
"PPS","P_SAL_M","250-499","D35","D1111","BG",2012,2060
"PPS","P_SAL_M","250-499","E","D01","BG",2012,878
"PPS","P_SAL_M","250-499","E","D111","BG",2012,732
"PPS","P_SAL_M","250-499","E","D1111","BG",2012,626
"PPS","P_SAL_M","250-499","E36","D01","BG",2012,947
"PPS","P_SAL_M","250-499","E36","D111","BG",2012,788
"PPS","P_SAL_M","250-499","E36","D1111","BG",2012,645
"PPS","P_SAL_M","250-499","E37","D01","BG",2012,NA
"PPS","P_SAL_M","250-499","E37","D111","BG",2012,NA
"PPS","P_SAL_M","250-499","E37","D1111","BG",2012,NA
"PPS","P_SAL_M","250-499","E38","D01","BG",2012,800
"PPS","P_SAL_M","250-499","E38","D111","BG",2012,669
"PPS","P_SAL_M","250-499","E38","D1111","BG",2012,609
"PPS","P_SAL_M","250-499","F","D01","BG",2012,1235
"PPS","P_SAL_M","250-499","F","D111","BG",2012,1038
"PPS","P_SAL_M","250-499","F","D1111","BG",2012,940
"PPS","P_SAL_M","250-499","F41","D01","BG",2012,NA
"PPS","P_SAL_M","250-499","F41","D111","BG",2012,NA
"PPS","P_SAL_M","250-499","F41","D1111","BG",2012,NA
"PPS","P_SAL_M","250-499","F42","D01","BG",2012,1263
"PPS","P_SAL_M","250-499","F42","D111","BG",2012,1061
"PPS","P_SAL_M","250-499","F42","D1111","BG",2012,965
"PPS","P_SAL_M","250-499","F43","D01","BG",2012,NA
"PPS","P_SAL_M","250-499","F43","D111","BG",2012,NA
"PPS","P_SAL_M","250-499","F43","D1111","BG",2012,NA
"PPS","P_SAL_M","250-499","G","D01","BG",2012,1222
"PPS","P_SAL_M","250-499","G","D111","BG",2012,1040
"PPS","P_SAL_M","250-499","G","D1111","BG",2012,955
"PPS","P_SAL_M","250-499","G-J","D01","BG",2012,1653
"PPS","P_SAL_M","250-499","G-J","D111","BG",2012,1416
"PPS","P_SAL_M","250-499","G-J","D1111","BG",2012,1280
"PPS","P_SAL_M","250-499","G-N","D01","BG",2012,1355
"PPS","P_SAL_M","250-499","G-N","D111","BG",2012,1164
"PPS","P_SAL_M","250-499","G-N","D1111","BG",2012,1052
"PPS","P_SAL_M","250-499","G-S_X_O","D01","BG",2012,1300
"PPS","P_SAL_M","250-499","G-S_X_O","D111","BG",2012,1110
"PPS","P_SAL_M","250-499","G-S_X_O","D1111","BG",2012,992
"PPS","P_SAL_M","250-499","G45","D01","BG",2012,1543
"PPS","P_SAL_M","250-499","G45","D111","BG",2012,1316
"PPS","P_SAL_M","250-499","G45","D1111","BG",2012,1200
"PPS","P_SAL_M","250-499","G46","D01","BG",2012,1307
"PPS","P_SAL_M","250-499","G46","D111","BG",2012,1115
"PPS","P_SAL_M","250-499","G46","D1111","BG",2012,1016
"PPS","P_SAL_M","250-499","G47","D01","BG",2012,1069
"PPS","P_SAL_M","250-499","G47","D111","BG",2012,907
"PPS","P_SAL_M","250-499","G47","D1111","BG",2012,842
"PPS","P_SAL_M","250-499","H","D01","BG",2012,1072
"PPS","P_SAL_M","250-499","H","D111","BG",2012,844
"PPS","P_SAL_M","250-499","H","D1111","BG",2012,709
"PPS","P_SAL_M","250-499","H49","D01","BG",2012,1008
"PPS","P_SAL_M","250-499","H49","D111","BG",2012,785
"PPS","P_SAL_M","250-499","H49","D1111","BG",2012,662
"PPS","P_SAL_M","250-499","H50","D01","BG",2012,NA
"PPS","P_SAL_M","250-499","H50","D111","BG",2012,NA
"PPS","P_SAL_M","250-499","H50","D1111","BG",2012,NA
"PPS","P_SAL_M","250-499","H51","D01","BG",2012,NA
"PPS","P_SAL_M","250-499","H51","D111","BG",2012,NA
"PPS","P_SAL_M","250-499","H51","D1111","BG",2012,NA
"PPS","P_SAL_M","250-499","H52","D01","BG",2012,NA
"PPS","P_SAL_M","250-499","H52","D111","BG",2012,NA
"PPS","P_SAL_M","250-499","H52","D1111","BG",2012,NA
"PPS","P_SAL_M","250-499","H53","D01","BG",2012,NA
"PPS","P_SAL_M","250-499","H53","D111","BG",2012,NA
"PPS","P_SAL_M","250-499","H53","D1111","BG",2012,NA
"PPS","P_SAL_M","250-499","I","D01","BG",2012,779
"PPS","P_SAL_M","250-499","I","D111","BG",2012,650
"PPS","P_SAL_M","250-499","I","D1111","BG",2012,589
"PPS","P_SAL_M","250-499","I55","D01","BG",2012,904
"PPS","P_SAL_M","250-499","I55","D111","BG",2012,755
"PPS","P_SAL_M","250-499","I55","D1111","BG",2012,677
"PPS","P_SAL_M","250-499","I56","D01","BG",2012,519
"PPS","P_SAL_M","250-499","I56","D111","BG",2012,432
"PPS","P_SAL_M","250-499","I56","D1111","BG",2012,406
"PPS","P_SAL_M","250-499","J","D01","BG",2012,3480
"PPS","P_SAL_M","250-499","J","D111","BG",2012,3063
"PPS","P_SAL_M","250-499","J","D1111","BG",2012,2779
"PPS","P_SAL_M","250-499","J58","D01","BG",2012,NA
"PPS","P_SAL_M","250-499","J58","D111","BG",2012,NA
"PPS","P_SAL_M","250-499","J58","D1111","BG",2012,NA
"PPS","P_SAL_M","250-499","J60","D01","BG",2012,3375
"PPS","P_SAL_M","250-499","J60","D111","BG",2012,2956
"PPS","P_SAL_M","250-499","J60","D1111","BG",2012,2690
"PPS","P_SAL_M","250-499","J61","D01","BG",2012,1661
"PPS","P_SAL_M","250-499","J61","D111","BG",2012,1353
"PPS","P_SAL_M","250-499","J61","D1111","BG",2012,1233
"PPS","P_SAL_M","250-499","J62","D01","BG",2012,4726
"PPS","P_SAL_M","250-499","J62","D111","BG",2012,4216
"PPS","P_SAL_M","250-499","J62","D1111","BG",2012,3824
"PPS","P_SAL_M","250-499","J63","D01","BG",2012,2399
"PPS","P_SAL_M","250-499","J63","D111","BG",2012,2085
"PPS","P_SAL_M","250-499","J63","D1111","BG",2012,1885
"PPS","P_SAL_M","250-499","K","D01","BG",2012,1886
"PPS","P_SAL_M","250-499","K","D111","BG",2012,1637
"PPS","P_SAL_M","250-499","K","D1111","BG",2012,1478
"PPS","P_SAL_M","250-499","K-N","D01","BG",2012,1006
"PPS","P_SAL_M","250-499","K-N","D111","BG",2012,869
"PPS","P_SAL_M","250-499","K-N","D1111","BG",2012,786
"PPS","P_SAL_M","250-499","K64","D01","BG",2012,1953
"PPS","P_SAL_M","250-499","K64","D111","BG",2012,1684
"PPS","P_SAL_M","250-499","K64","D1111","BG",2012,1493
"PPS","P_SAL_M","250-499","K65","D01","BG",2012,2063
"PPS","P_SAL_M","250-499","K65","D111","BG",2012,1796
"PPS","P_SAL_M","250-499","K65","D1111","BG",2012,1648
"PPS","P_SAL_M","250-499","K66","D01","BG",2012,NA
"PPS","P_SAL_M","250-499","K66","D111","BG",2012,NA
"PPS","P_SAL_M","250-499","K66","D1111","BG",2012,NA
"PPS","P_SAL_M","250-499","L","D01","BG",2012,1654
"PPS","P_SAL_M","250-499","L","D111","BG",2012,1388
"PPS","P_SAL_M","250-499","L","D1111","BG",2012,1261
"PPS","P_SAL_M","250-499","L68","D01","BG",2012,1654
"PPS","P_SAL_M","250-499","L68","D111","BG",2012,1388
"PPS","P_SAL_M","250-499","L68","D1111","BG",2012,1261
"PPS","P_SAL_M","250-499","M","D01","BG",2012,1631
"PPS","P_SAL_M","250-499","M","D111","BG",2012,1365
"PPS","P_SAL_M","250-499","M","D1111","BG",2012,1209
"PPS","P_SAL_M","250-499","M69","D01","BG",2012,NA
"PPS","P_SAL_M","250-499","M69","D111","BG",2012,NA
"PPS","P_SAL_M","250-499","M69","D1111","BG",2012,NA
"PPS","P_SAL_M","250-499","M70","D01","BG",2012,NA
"PPS","P_SAL_M","250-499","M70","D111","BG",2012,NA
"PPS","P_SAL_M","250-499","M70","D1111","BG",2012,NA
"PPS","P_SAL_M","250-499","M71","D01","BG",2012,NA
"PPS","P_SAL_M","250-499","M71","D111","BG",2012,NA
"PPS","P_SAL_M","250-499","M71","D1111","BG",2012,NA
"PPS","P_SAL_M","250-499","M72","D01","BG",2012,849
"PPS","P_SAL_M","250-499","M72","D111","BG",2012,701
"PPS","P_SAL_M","250-499","M72","D1111","BG",2012,631
"PPS","P_SAL_M","250-499","M73","D01","BG",2012,NA
"PPS","P_SAL_M","250-499","M73","D111","BG",2012,NA
"PPS","P_SAL_M","250-499","M73","D1111","BG",2012,NA
"PPS","P_SAL_M","250-499","M74","D01","BG",2012,2775
"PPS","P_SAL_M","250-499","M74","D111","BG",2012,2356
"PPS","P_SAL_M","250-499","M74","D1111","BG",2012,2154
"PPS","P_SAL_M","250-499","N","D01","BG",2012,596
"PPS","P_SAL_M","250-499","N","D111","BG",2012,524
"PPS","P_SAL_M","250-499","N","D1111","BG",2012,481
"PPS","P_SAL_M","250-499","N78","D01","BG",2012,1104
"PPS","P_SAL_M","250-499","N78","D111","BG",2012,935
"PPS","P_SAL_M","250-499","N78","D1111","BG",2012,866
"PPS","P_SAL_M","250-499","N80","D01","BG",2012,581
"PPS","P_SAL_M","250-499","N80","D111","BG",2012,493
"PPS","P_SAL_M","250-499","N80","D1111","BG",2012,458
"PPS","P_SAL_M","250-499","N81","D01","BG",2012,372
"PPS","P_SAL_M","250-499","N81","D111","BG",2012,365
"PPS","P_SAL_M","250-499","N81","D1111","BG",2012,331
"PPS","P_SAL_M","250-499","N82","D01","BG",2012,1491
"PPS","P_SAL_M","250-499","N82","D111","BG",2012,1251
"PPS","P_SAL_M","250-499","N82","D1111","BG",2012,1140
"PPS","P_SAL_M","250-499","O","D01","BG",2012,1497
"PPS","P_SAL_M","250-499","O","D111","BG",2012,1173
"PPS","P_SAL_M","250-499","O","D1111","BG",2012,1032
"PPS","P_SAL_M","250-499","O-S","D01","BG",2012,1313
"PPS","P_SAL_M","250-499","O-S","D111","BG",2012,1067
"PPS","P_SAL_M","250-499","O-S","D1111","BG",2012,930
"PPS","P_SAL_M","250-499","O84","D01","BG",2012,1497
"PPS","P_SAL_M","250-499","O84","D111","BG",2012,1173
"PPS","P_SAL_M","250-499","O84","D1111","BG",2012,1032
"PPS","P_SAL_M","250-499","P","D01","BG",2012,1469
"PPS","P_SAL_M","250-499","P","D111","BG",2012,1220
"PPS","P_SAL_M","250-499","P","D1111","BG",2012,1014
"PPS","P_SAL_M","250-499","P-S","D01","BG",2012,1176
"PPS","P_SAL_M","250-499","P-S","D111","BG",2012,987
"PPS","P_SAL_M","250-499","P-S","D1111","BG",2012,855
"PPS","P_SAL_M","250-499","P85","D01","BG",2012,1469
"PPS","P_SAL_M","250-499","P85","D111","BG",2012,1220
"PPS","P_SAL_M","250-499","P85","D1111","BG",2012,1014
"PPS","P_SAL_M","250-499","Q","D01","BG",2012,1143
"PPS","P_SAL_M","250-499","Q","D111","BG",2012,956
"PPS","P_SAL_M","250-499","Q","D1111","BG",2012,840
"PPS","P_SAL_M","250-499","Q86","D01","BG",2012,1187
"PPS","P_SAL_M","250-499","Q86","D111","BG",2012,993
"PPS","P_SAL_M","250-499","Q86","D1111","BG",2012,874
"PPS","P_SAL_M","250-499","Q87","D01","BG",2012,NA
"PPS","P_SAL_M","250-499","Q87","D111","BG",2012,NA
"PPS","P_SAL_M","250-499","Q87","D1111","BG",2012,NA
"PPS","P_SAL_M","250-499","Q88","D01","BG",2012,689
"PPS","P_SAL_M","250-499","Q88","D111","BG",2012,575
"PPS","P_SAL_M","250-499","Q88","D1111","BG",2012,488
"PPS","P_SAL_M","250-499","R","D01","BG",2012,919
"PPS","P_SAL_M","250-499","R","D111","BG",2012,769
"PPS","P_SAL_M","250-499","R","D1111","BG",2012,676
"PPS","P_SAL_M","250-499","R90","D01","BG",2012,873
"PPS","P_SAL_M","250-499","R90","D111","BG",2012,726
"PPS","P_SAL_M","250-499","R90","D1111","BG",2012,629
"PPS","P_SAL_M","250-499","R91","D01","BG",2012,NA
"PPS","P_SAL_M","250-499","R91","D111","BG",2012,NA
"PPS","P_SAL_M","250-499","R91","D1111","BG",2012,NA
"PPS","P_SAL_M","250-499","R92","D01","BG",2012,NA
"PPS","P_SAL_M","250-499","R92","D111","BG",2012,NA
"PPS","P_SAL_M","250-499","R92","D1111","BG",2012,NA
"PPS","P_SAL_M","250-499","R93","D01","BG",2012,NA
"PPS","P_SAL_M","250-499","R93","D111","BG",2012,NA
"PPS","P_SAL_M","250-499","R93","D1111","BG",2012,NA
"PPS","P_SAL_M","250-499","S","D01","BG",2012,636
"PPS","P_SAL_M","250-499","S","D111","BG",2012,633
"PPS","P_SAL_M","250-499","S","D1111","BG",2012,591
"PPS","P_SAL_M","250-499","S94","D01","BG",2012,636
"PPS","P_SAL_M","250-499","S94","D111","BG",2012,633
"PPS","P_SAL_M","250-499","S94","D1111","BG",2012,591
"PPS","P_SAL_M","50-249","B","D01","BG",2012,1160
"PPS","P_SAL_M","50-249","B","D111","BG",2012,913
"PPS","P_SAL_M","50-249","B","D1111","BG",2012,811
"PPS","P_SAL_M","50-249","B-E","D01","BG",2012,838
"PPS","P_SAL_M","50-249","B-E","D111","BG",2012,702
"PPS","P_SAL_M","50-249","B-E","D1111","BG",2012,635
"PPS","P_SAL_M","50-249","B-F","D01","BG",2012,853
"PPS","P_SAL_M","50-249","B-F","D111","BG",2012,714
"PPS","P_SAL_M","50-249","B-F","D1111","BG",2012,649
"PPS","P_SAL_M","50-249","B-N","D01","BG",2012,988
"PPS","P_SAL_M","50-249","B-N","D111","BG",2012,840
"PPS","P_SAL_M","50-249","B-N","D1111","BG",2012,767
"PPS","P_SAL_M","50-249","B-S","D01","BG",2012,1010
"PPS","P_SAL_M","50-249","B-S","D111","BG",2012,850
"PPS","P_SAL_M","50-249","B-S","D1111","BG",2012,763
"PPS","P_SAL_M","50-249","B-S_X_O","D01","BG",2012,1001
"PPS","P_SAL_M","50-249","B-S_X_O","D111","BG",2012,847
"PPS","P_SAL_M","50-249","B-S_X_O","D1111","BG",2012,763
"PPS","P_SAL_M","50-249","B05","D01","BG",2012,1042
"PPS","P_SAL_M","50-249","B05","D111","BG",2012,810
"PPS","P_SAL_M","50-249","B05","D1111","BG",2012,725
"PPS","P_SAL_M","50-249","B07","D01","BG",2012,1288
"PPS","P_SAL_M","50-249","B07","D111","BG",2012,948
"PPS","P_SAL_M","50-249","B07","D1111","BG",2012,815
"PPS","P_SAL_M","50-249","B08","D01","BG",2012,1154
"PPS","P_SAL_M","50-249","B08","D111","BG",2012,931
"PPS","P_SAL_M","50-249","B08","D1111","BG",2012,829
"PPS","P_SAL_M","50-249","B09","D01","BG",2012,NA
"PPS","P_SAL_M","50-249","B09","D111","BG",2012,NA
"PPS","P_SAL_M","50-249","B09","D1111","BG",2012,NA
"PPS","P_SAL_M","50-249","C","D01","BG",2012,815
"PPS","P_SAL_M","50-249","C","D111","BG",2012,683
"PPS","P_SAL_M","50-249","C","D1111","BG",2012,621
"PPS","P_SAL_M","50-249","C10","D01","BG",2012,782
"PPS","P_SAL_M","50-249","C10","D111","BG",2012,658
"PPS","P_SAL_M","50-249","C10","D1111","BG",2012,604
"PPS","P_SAL_M","50-249","C11","D01","BG",2012,923
"PPS","P_SAL_M","50-249","C11","D111","BG",2012,772
"PPS","P_SAL_M","50-249","C11","D1111","BG",2012,698
"PPS","P_SAL_M","50-249","C12","D01","BG",2012,1029
"PPS","P_SAL_M","50-249","C12","D111","BG",2012,826
"PPS","P_SAL_M","50-249","C12","D1111","BG",2012,761
"PPS","P_SAL_M","50-249","C13","D01","BG",2012,728
"PPS","P_SAL_M","50-249","C13","D111","BG",2012,600
"PPS","P_SAL_M","50-249","C13","D1111","BG",2012,540
"PPS","P_SAL_M","50-249","C14","D01","BG",2012,539
"PPS","P_SAL_M","50-249","C14","D111","BG",2012,451
"PPS","P_SAL_M","50-249","C14","D1111","BG",2012,409
"PPS","P_SAL_M","50-249","C15","D01","BG",2012,525
"PPS","P_SAL_M","50-249","C15","D111","BG",2012,438
"PPS","P_SAL_M","50-249","C15","D1111","BG",2012,399
"PPS","P_SAL_M","50-249","C16","D01","BG",2012,655
"PPS","P_SAL_M","50-249","C16","D111","BG",2012,551
"PPS","P_SAL_M","50-249","C16","D1111","BG",2012,496
"PPS","P_SAL_M","50-249","C17","D01","BG",2012,777
"PPS","P_SAL_M","50-249","C17","D111","BG",2012,650
"PPS","P_SAL_M","50-249","C17","D1111","BG",2012,601
"PPS","P_SAL_M","50-249","C18","D01","BG",2012,1078
"PPS","P_SAL_M","50-249","C18","D111","BG",2012,900
"PPS","P_SAL_M","50-249","C18","D1111","BG",2012,818
"PPS","P_SAL_M","50-249","C19","D01","BG",2012,1285
"PPS","P_SAL_M","50-249","C19","D111","BG",2012,1073
"PPS","P_SAL_M","50-249","C19","D1111","BG",2012,984
"PPS","P_SAL_M","50-249","C20","D01","BG",2012,1131
"PPS","P_SAL_M","50-249","C20","D111","BG",2012,949
"PPS","P_SAL_M","50-249","C20","D1111","BG",2012,867
"PPS","P_SAL_M","50-249","C21","D01","BG",2012,1173
"PPS","P_SAL_M","50-249","C21","D111","BG",2012,989
"PPS","P_SAL_M","50-249","C21","D1111","BG",2012,906
"PPS","P_SAL_M","50-249","C22","D01","BG",2012,851
"PPS","P_SAL_M","50-249","C22","D111","BG",2012,718
"PPS","P_SAL_M","50-249","C22","D1111","BG",2012,653
"PPS","P_SAL_M","50-249","C23","D01","BG",2012,1234
"PPS","P_SAL_M","50-249","C23","D111","BG",2012,1031
"PPS","P_SAL_M","50-249","C23","D1111","BG",2012,912
"PPS","P_SAL_M","50-249","C24","D01","BG",2012,994
"PPS","P_SAL_M","50-249","C24","D111","BG",2012,815
"PPS","P_SAL_M","50-249","C24","D1111","BG",2012,732
"PPS","P_SAL_M","50-249","C25","D01","BG",2012,922
"PPS","P_SAL_M","50-249","C25","D111","BG",2012,773
"PPS","P_SAL_M","50-249","C25","D1111","BG",2012,701
"PPS","P_SAL_M","50-249","C26","D01","BG",2012,1365
"PPS","P_SAL_M","50-249","C26","D111","BG",2012,1168
"PPS","P_SAL_M","50-249","C26","D1111","BG",2012,1062
"PPS","P_SAL_M","50-249","C27","D01","BG",2012,1011
"PPS","P_SAL_M","50-249","C27","D111","BG",2012,849
"PPS","P_SAL_M","50-249","C27","D1111","BG",2012,778
"PPS","P_SAL_M","50-249","C28","D01","BG",2012,1131
"PPS","P_SAL_M","50-249","C28","D111","BG",2012,944
"PPS","P_SAL_M","50-249","C28","D1111","BG",2012,857
"PPS","P_SAL_M","50-249","C29","D01","BG",2012,738
"PPS","P_SAL_M","50-249","C29","D111","BG",2012,619
"PPS","P_SAL_M","50-249","C29","D1111","BG",2012,563
"PPS","P_SAL_M","50-249","C30","D01","BG",2012,1001
"PPS","P_SAL_M","50-249","C30","D111","BG",2012,850
"PPS","P_SAL_M","50-249","C30","D1111","BG",2012,770
"PPS","P_SAL_M","50-249","C31","D01","BG",2012,679
"PPS","P_SAL_M","50-249","C31","D111","BG",2012,571
"PPS","P_SAL_M","50-249","C31","D1111","BG",2012,521
"PPS","P_SAL_M","50-249","C32","D01","BG",2012,833
"PPS","P_SAL_M","50-249","C32","D111","BG",2012,697
"PPS","P_SAL_M","50-249","C32","D1111","BG",2012,626
"PPS","P_SAL_M","50-249","C33","D01","BG",2012,1358
"PPS","P_SAL_M","50-249","C33","D111","BG",2012,1140
"PPS","P_SAL_M","50-249","C33","D1111","BG",2012,1015
"PPS","P_SAL_M","50-249","D","D01","BG",2012,1905
"PPS","P_SAL_M","50-249","D","D111","BG",2012,1589
"PPS","P_SAL_M","50-249","D","D1111","BG",2012,1308
"PPS","P_SAL_M","50-249","D35","D01","BG",2012,1905
"PPS","P_SAL_M","50-249","D35","D111","BG",2012,1589
"PPS","P_SAL_M","50-249","D35","D1111","BG",2012,1308
"PPS","P_SAL_M","50-249","E","D01","BG",2012,893
"PPS","P_SAL_M","50-249","E","D111","BG",2012,750
"PPS","P_SAL_M","50-249","E","D1111","BG",2012,673
"PPS","P_SAL_M","50-249","E36","D01","BG",2012,895
"PPS","P_SAL_M","50-249","E36","D111","BG",2012,733
"PPS","P_SAL_M","50-249","E36","D1111","BG",2012,607
"PPS","P_SAL_M","50-249","E37","D01","BG",2012,NA
"PPS","P_SAL_M","50-249","E37","D111","BG",2012,NA
"PPS","P_SAL_M","50-249","E37","D1111","BG",2012,NA
"PPS","P_SAL_M","50-249","E38","D01","BG",2012,883
"PPS","P_SAL_M","50-249","E38","D111","BG",2012,745
"PPS","P_SAL_M","50-249","E38","D1111","BG",2012,682
"PPS","P_SAL_M","50-249","E39","D01","BG",2012,960
"PPS","P_SAL_M","50-249","E39","D111","BG",2012,793
"PPS","P_SAL_M","50-249","E39","D1111","BG",2012,666
"PPS","P_SAL_M","50-249","F","D01","BG",2012,912
"PPS","P_SAL_M","50-249","F","D111","BG",2012,767
"PPS","P_SAL_M","50-249","F","D1111","BG",2012,708
"PPS","P_SAL_M","50-249","F41","D01","BG",2012,819
"PPS","P_SAL_M","50-249","F41","D111","BG",2012,692
"PPS","P_SAL_M","50-249","F41","D1111","BG",2012,640
"PPS","P_SAL_M","50-249","F42","D01","BG",2012,989
"PPS","P_SAL_M","50-249","F42","D111","BG",2012,827
"PPS","P_SAL_M","50-249","F42","D1111","BG",2012,759
"PPS","P_SAL_M","50-249","F43","D01","BG",2012,980
"PPS","P_SAL_M","50-249","F43","D111","BG",2012,823
"PPS","P_SAL_M","50-249","F43","D1111","BG",2012,767
"PPS","P_SAL_M","50-249","G","D01","BG",2012,1135
"PPS","P_SAL_M","50-249","G","D111","BG",2012,972
"PPS","P_SAL_M","50-249","G","D1111","BG",2012,895
"PPS","P_SAL_M","50-249","G-J","D01","BG",2012,1212
"PPS","P_SAL_M","50-249","G-J","D111","BG",2012,1036
"PPS","P_SAL_M","50-249","G-J","D1111","BG",2012,953
"PPS","P_SAL_M","50-249","G-N","D01","BG",2012,1151
"PPS","P_SAL_M","50-249","G-N","D111","BG",2012,991
"PPS","P_SAL_M","50-249","G-N","D1111","BG",2012,908
"PPS","P_SAL_M","50-249","G-S_X_O","D01","BG",2012,1111
"PPS","P_SAL_M","50-249","G-S_X_O","D111","BG",2012,946
"PPS","P_SAL_M","50-249","G-S_X_O","D1111","BG",2012,847
"PPS","P_SAL_M","50-249","G45","D01","BG",2012,1478
"PPS","P_SAL_M","50-249","G45","D111","BG",2012,1270
"PPS","P_SAL_M","50-249","G45","D1111","BG",2012,1153
"PPS","P_SAL_M","50-249","G46","D01","BG",2012,1274
"PPS","P_SAL_M","50-249","G46","D111","BG",2012,1096
"PPS","P_SAL_M","50-249","G46","D1111","BG",2012,1009
"PPS","P_SAL_M","50-249","G47","D01","BG",2012,887
"PPS","P_SAL_M","50-249","G47","D111","BG",2012,752
"PPS","P_SAL_M","50-249","G47","D1111","BG",2012,696
"PPS","P_SAL_M","50-249","H","D01","BG",2012,1083
"PPS","P_SAL_M","50-249","H","D111","BG",2012,898
"PPS","P_SAL_M","50-249","H","D1111","BG",2012,811
"PPS","P_SAL_M","50-249","H49","D01","BG",2012,762
"PPS","P_SAL_M","50-249","H49","D111","BG",2012,616
"PPS","P_SAL_M","50-249","H49","D1111","BG",2012,567
"PPS","P_SAL_M","50-249","H50","D01","BG",2012,1369
"PPS","P_SAL_M","50-249","H50","D111","BG",2012,1123
"PPS","P_SAL_M","50-249","H50","D1111","BG",2012,986
"PPS","P_SAL_M","50-249","H51","D01","BG",2012,3024
"PPS","P_SAL_M","50-249","H51","D111","BG",2012,2505
"PPS","P_SAL_M","50-249","H51","D1111","BG",2012,2228
"PPS","P_SAL_M","50-249","H52","D01","BG",2012,1688
"PPS","P_SAL_M","50-249","H52","D111","BG",2012,1454
"PPS","P_SAL_M","50-249","H52","D1111","BG",2012,1274
"PPS","P_SAL_M","50-249","H53","D01","BG",2012,1007
"PPS","P_SAL_M","50-249","H53","D111","BG",2012,839
"PPS","P_SAL_M","50-249","H53","D1111","BG",2012,778
"PPS","P_SAL_M","50-249","I","D01","BG",2012,841
"PPS","P_SAL_M","50-249","I","D111","BG",2012,708
"PPS","P_SAL_M","50-249","I","D1111","BG",2012,662
"PPS","P_SAL_M","50-249","I55","D01","BG",2012,925
"PPS","P_SAL_M","50-249","I55","D111","BG",2012,780
"PPS","P_SAL_M","50-249","I55","D1111","BG",2012,729
"PPS","P_SAL_M","50-249","I56","D01","BG",2012,686
"PPS","P_SAL_M","50-249","I56","D111","BG",2012,574
"PPS","P_SAL_M","50-249","I56","D1111","BG",2012,537
"PPS","P_SAL_M","50-249","J","D01","BG",2012,2348
"PPS","P_SAL_M","50-249","J","D111","BG",2012,2058
"PPS","P_SAL_M","50-249","J","D1111","BG",2012,1899
"PPS","P_SAL_M","50-249","J58","D01","BG",2012,1362
"PPS","P_SAL_M","50-249","J58","D111","BG",2012,1171
"PPS","P_SAL_M","50-249","J58","D1111","BG",2012,1081
"PPS","P_SAL_M","50-249","J59","D01","BG",2012,1704
"PPS","P_SAL_M","50-249","J59","D111","BG",2012,1497
"PPS","P_SAL_M","50-249","J59","D1111","BG",2012,1367
"PPS","P_SAL_M","50-249","J60","D01","BG",2012,1486
"PPS","P_SAL_M","50-249","J60","D111","BG",2012,1280
"PPS","P_SAL_M","50-249","J60","D1111","BG",2012,1175
"PPS","P_SAL_M","50-249","J61","D01","BG",2012,1953
"PPS","P_SAL_M","50-249","J61","D111","BG",2012,1665
"PPS","P_SAL_M","50-249","J61","D1111","BG",2012,1546
"PPS","P_SAL_M","50-249","J62","D01","BG",2012,3151
"PPS","P_SAL_M","50-249","J62","D111","BG",2012,2798
"PPS","P_SAL_M","50-249","J62","D1111","BG",2012,2582
"PPS","P_SAL_M","50-249","J63","D01","BG",2012,1623
"PPS","P_SAL_M","50-249","J63","D111","BG",2012,1385
"PPS","P_SAL_M","50-249","J63","D1111","BG",2012,1263
"PPS","P_SAL_M","50-249","K","D01","BG",2012,2288
"PPS","P_SAL_M","50-249","K","D111","BG",2012,1975
"PPS","P_SAL_M","50-249","K","D1111","BG",2012,1765
"PPS","P_SAL_M","50-249","K-N","D01","BG",2012,1028
"PPS","P_SAL_M","50-249","K-N","D111","BG",2012,902
"PPS","P_SAL_M","50-249","K-N","D1111","BG",2012,819
"PPS","P_SAL_M","50-249","K64","D01","BG",2012,2518
"PPS","P_SAL_M","50-249","K64","D111","BG",2012,2168
"PPS","P_SAL_M","50-249","K64","D1111","BG",2012,1897
"PPS","P_SAL_M","50-249","K65","D01","BG",2012,2292
"PPS","P_SAL_M","50-249","K65","D111","BG",2012,2003
"PPS","P_SAL_M","50-249","K65","D1111","BG",2012,1842
"PPS","P_SAL_M","50-249","K66","D01","BG",2012,NA
"PPS","P_SAL_M","50-249","K66","D111","BG",2012,NA
"PPS","P_SAL_M","50-249","K66","D1111","BG",2012,NA
"PPS","P_SAL_M","50-249","L","D01","BG",2012,973
"PPS","P_SAL_M","50-249","L","D111","BG",2012,827
"PPS","P_SAL_M","50-249","L","D1111","BG",2012,744
"PPS","P_SAL_M","50-249","L68","D01","BG",2012,973
"PPS","P_SAL_M","50-249","L68","D111","BG",2012,827
"PPS","P_SAL_M","50-249","L68","D1111","BG",2012,744
"PPS","P_SAL_M","50-249","M","D01","BG",2012,1791
"PPS","P_SAL_M","50-249","M","D111","BG",2012,1551
"PPS","P_SAL_M","50-249","M","D1111","BG",2012,1400
"PPS","P_SAL_M","50-249","M69","D01","BG",2012,NA
"PPS","P_SAL_M","50-249","M69","D111","BG",2012,NA
"PPS","P_SAL_M","50-249","M69","D1111","BG",2012,NA
"PPS","P_SAL_M","50-249","M70","D01","BG",2012,2204
"PPS","P_SAL_M","50-249","M70","D111","BG",2012,1951
"PPS","P_SAL_M","50-249","M70","D1111","BG",2012,1777
"PPS","P_SAL_M","50-249","M71","D01","BG",2012,2370
"PPS","P_SAL_M","50-249","M71","D111","BG",2012,2039
"PPS","P_SAL_M","50-249","M71","D1111","BG",2012,1862
"PPS","P_SAL_M","50-249","M72","D01","BG",2012,1106
"PPS","P_SAL_M","50-249","M72","D111","BG",2012,936
"PPS","P_SAL_M","50-249","M72","D1111","BG",2012,816
"PPS","P_SAL_M","50-249","M73","D01","BG",2012,NA
"PPS","P_SAL_M","50-249","M73","D111","BG",2012,NA
"PPS","P_SAL_M","50-249","M73","D1111","BG",2012,NA
"PPS","P_SAL_M","50-249","M74","D01","BG",2012,1907
"PPS","P_SAL_M","50-249","M74","D111","BG",2012,1647
"PPS","P_SAL_M","50-249","M74","D1111","BG",2012,1482
"PPS","P_SAL_M","50-249","N","D01","BG",2012,503
"PPS","P_SAL_M","50-249","N","D111","BG",2012,459
"PPS","P_SAL_M","50-249","N","D1111","BG",2012,426
"PPS","P_SAL_M","50-249","N77","D01","BG",2012,992
"PPS","P_SAL_M","50-249","N77","D111","BG",2012,831
"PPS","P_SAL_M","50-249","N77","D1111","BG",2012,755
"PPS","P_SAL_M","50-249","N78","D01","BG",2012,935
"PPS","P_SAL_M","50-249","N78","D111","BG",2012,782
"PPS","P_SAL_M","50-249","N78","D1111","BG",2012,740
"PPS","P_SAL_M","50-249","N79","D01","BG",2012,1069
"PPS","P_SAL_M","50-249","N79","D111","BG",2012,909
"PPS","P_SAL_M","50-249","N79","D1111","BG",2012,859
"PPS","P_SAL_M","50-249","N80","D01","BG",2012,514
"PPS","P_SAL_M","50-249","N80","D111","BG",2012,435
"PPS","P_SAL_M","50-249","N80","D1111","BG",2012,407
"PPS","P_SAL_M","50-249","N81","D01","BG",2012,380
"PPS","P_SAL_M","50-249","N81","D111","BG",2012,385
"PPS","P_SAL_M","50-249","N81","D1111","BG",2012,355
"PPS","P_SAL_M","50-249","N82","D01","BG",2012,988
"PPS","P_SAL_M","50-249","N82","D111","BG",2012,842
"PPS","P_SAL_M","50-249","N82","D1111","BG",2012,766
"PPS","P_SAL_M","50-249","O","D01","BG",2012,1108
"PPS","P_SAL_M","50-249","O","D111","BG",2012,879
"PPS","P_SAL_M","50-249","O","D1111","BG",2012,766
"PPS","P_SAL_M","50-249","O-S","D01","BG",2012,1065
"PPS","P_SAL_M","50-249","O-S","D111","BG",2012,874
"PPS","P_SAL_M","50-249","O-S","D1111","BG",2012,754
"PPS","P_SAL_M","50-249","O84","D01","BG",2012,1108
"PPS","P_SAL_M","50-249","O84","D111","BG",2012,879
"PPS","P_SAL_M","50-249","O84","D1111","BG",2012,766
"PPS","P_SAL_M","50-249","P","D01","BG",2012,1056
"PPS","P_SAL_M","50-249","P","D111","BG",2012,863
"PPS","P_SAL_M","50-249","P","D1111","BG",2012,706
"PPS","P_SAL_M","50-249","P-S","D01","BG",2012,1046
"PPS","P_SAL_M","50-249","P-S","D111","BG",2012,872
"PPS","P_SAL_M","50-249","P-S","D1111","BG",2012,748
"PPS","P_SAL_M","50-249","P85","D01","BG",2012,1056
"PPS","P_SAL_M","50-249","P85","D111","BG",2012,863
"PPS","P_SAL_M","50-249","P85","D1111","BG",2012,706
"PPS","P_SAL_M","50-249","Q","D01","BG",2012,1027
"PPS","P_SAL_M","50-249","Q","D111","BG",2012,868
"PPS","P_SAL_M","50-249","Q","D1111","BG",2012,774
"PPS","P_SAL_M","50-249","Q86","D01","BG",2012,1208
"PPS","P_SAL_M","50-249","Q86","D111","BG",2012,1024
"PPS","P_SAL_M","50-249","Q86","D1111","BG",2012,919
"PPS","P_SAL_M","50-249","Q87","D01","BG",2012,669
"PPS","P_SAL_M","50-249","Q87","D111","BG",2012,555
"PPS","P_SAL_M","50-249","Q87","D1111","BG",2012,480
"PPS","P_SAL_M","50-249","Q88","D01","BG",2012,611
"PPS","P_SAL_M","50-249","Q88","D111","BG",2012,511
"PPS","P_SAL_M","50-249","Q88","D1111","BG",2012,444
"PPS","P_SAL_M","50-249","R","D01","BG",2012,1097
"PPS","P_SAL_M","50-249","R","D111","BG",2012,957
"PPS","P_SAL_M","50-249","R","D1111","BG",2012,875
"PPS","P_SAL_M","50-249","R90","D01","BG",2012,742
"PPS","P_SAL_M","50-249","R90","D111","BG",2012,610
"PPS","P_SAL_M","50-249","R90","D1111","BG",2012,530
"PPS","P_SAL_M","50-249","R91","D01","BG",2012,759
"PPS","P_SAL_M","50-249","R91","D111","BG",2012,628
"PPS","P_SAL_M","50-249","R91","D1111","BG",2012,541
"PPS","P_SAL_M","50-249","R92","D01","BG",2012,786
"PPS","P_SAL_M","50-249","R92","D111","BG",2012,661
"PPS","P_SAL_M","50-249","R92","D1111","BG",2012,606
"PPS","P_SAL_M","50-249","R93","D01","BG",2012,NA
"PPS","P_SAL_M","50-249","R93","D111","BG",2012,NA
"PPS","P_SAL_M","50-249","R93","D1111","BG",2012,NA
"PPS","P_SAL_M","50-249","S","D01","BG",2012,961
"PPS","P_SAL_M","50-249","S","D111","BG",2012,808
"PPS","P_SAL_M","50-249","S","D1111","BG",2012,721
"PPS","P_SAL_M","50-249","S94","D01","BG",2012,1001
"PPS","P_SAL_M","50-249","S94","D111","BG",2012,842
"PPS","P_SAL_M","50-249","S94","D1111","BG",2012,749
"PPS","P_SAL_M","50-249","S95","D01","BG",2012,NA
"PPS","P_SAL_M","50-249","S95","D111","BG",2012,NA
"PPS","P_SAL_M","50-249","S95","D1111","BG",2012,NA
"PPS","P_SAL_M","50-249","S96","D01","BG",2012,694
"PPS","P_SAL_M","50-249","S96","D111","BG",2012,582
"PPS","P_SAL_M","50-249","S96","D1111","BG",2012,526
"PPS","P_SAL_M","500-999","B","D01","BG",2012,1166
"PPS","P_SAL_M","500-999","B","D111","BG",2012,898
"PPS","P_SAL_M","500-999","B","D1111","BG",2012,803
"PPS","P_SAL_M","500-999","B-E","D01","BG",2012,1196
"PPS","P_SAL_M","500-999","B-E","D111","BG",2012,982
"PPS","P_SAL_M","500-999","B-E","D1111","BG",2012,859
"PPS","P_SAL_M","500-999","B-F","D01","BG",2012,1223
"PPS","P_SAL_M","500-999","B-F","D111","BG",2012,1008
"PPS","P_SAL_M","500-999","B-F","D1111","BG",2012,888
"PPS","P_SAL_M","500-999","B-N","D01","BG",2012,1258
"PPS","P_SAL_M","500-999","B-N","D111","BG",2012,1049
"PPS","P_SAL_M","500-999","B-N","D1111","BG",2012,933
"PPS","P_SAL_M","500-999","B-S","D01","BG",2012,1279
"PPS","P_SAL_M","500-999","B-S","D111","BG",2012,1064
"PPS","P_SAL_M","500-999","B-S","D1111","BG",2012,943
"PPS","P_SAL_M","500-999","B-S_X_O","D01","BG",2012,1254
"PPS","P_SAL_M","500-999","B-S_X_O","D111","BG",2012,1046
"PPS","P_SAL_M","500-999","B-S_X_O","D1111","BG",2012,926
"PPS","P_SAL_M","500-999","B05","D01","BG",2012,NA
"PPS","P_SAL_M","500-999","B05","D111","BG",2012,NA
"PPS","P_SAL_M","500-999","B05","D1111","BG",2012,NA
"PPS","P_SAL_M","500-999","B06","D01","BG",2012,NA
"PPS","P_SAL_M","500-999","B06","D111","BG",2012,NA
"PPS","P_SAL_M","500-999","B06","D1111","BG",2012,NA
"PPS","P_SAL_M","500-999","B07","D01","BG",2012,NA
"PPS","P_SAL_M","500-999","B07","D111","BG",2012,NA
"PPS","P_SAL_M","500-999","B07","D1111","BG",2012,NA
"PPS","P_SAL_M","500-999","B08","D01","BG",2012,NA
"PPS","P_SAL_M","500-999","B08","D111","BG",2012,NA
"PPS","P_SAL_M","500-999","B08","D1111","BG",2012,NA
"PPS","P_SAL_M","500-999","C","D01","BG",2012,1208
"PPS","P_SAL_M","500-999","C","D111","BG",2012,993
"PPS","P_SAL_M","500-999","C","D1111","BG",2012,874
"PPS","P_SAL_M","500-999","C10","D01","BG",2012,1272
"PPS","P_SAL_M","500-999","C10","D111","BG",2012,1085
"PPS","P_SAL_M","500-999","C10","D1111","BG",2012,972
"PPS","P_SAL_M","500-999","C11","D01","BG",2012,1390
"PPS","P_SAL_M","500-999","C11","D111","BG",2012,1166
"PPS","P_SAL_M","500-999","C11","D1111","BG",2012,1023
"PPS","P_SAL_M","500-999","C12","D01","BG",2012,NA
"PPS","P_SAL_M","500-999","C12","D111","BG",2012,NA
"PPS","P_SAL_M","500-999","C12","D1111","BG",2012,NA
"PPS","P_SAL_M","500-999","C13","D01","BG",2012,NA
"PPS","P_SAL_M","500-999","C13","D111","BG",2012,NA
"PPS","P_SAL_M","500-999","C13","D1111","BG",2012,NA
"PPS","P_SAL_M","500-999","C14","D01","BG",2012,674
"PPS","P_SAL_M","500-999","C14","D111","BG",2012,567
"PPS","P_SAL_M","500-999","C14","D1111","BG",2012,502
"PPS","P_SAL_M","500-999","C15","D01","BG",2012,NA
"PPS","P_SAL_M","500-999","C15","D111","BG",2012,NA
"PPS","P_SAL_M","500-999","C15","D1111","BG",2012,NA
"PPS","P_SAL_M","500-999","C16","D01","BG",2012,NA
"PPS","P_SAL_M","500-999","C16","D111","BG",2012,NA
"PPS","P_SAL_M","500-999","C16","D1111","BG",2012,NA
"PPS","P_SAL_M","500-999","C17","D01","BG",2012,NA
"PPS","P_SAL_M","500-999","C17","D111","BG",2012,NA
"PPS","P_SAL_M","500-999","C17","D1111","BG",2012,NA
"PPS","P_SAL_M","500-999","C20","D01","BG",2012,NA
"PPS","P_SAL_M","500-999","C20","D111","BG",2012,NA
"PPS","P_SAL_M","500-999","C20","D1111","BG",2012,NA
"PPS","P_SAL_M","500-999","C21","D01","BG",2012,NA
"PPS","P_SAL_M","500-999","C21","D111","BG",2012,NA
"PPS","P_SAL_M","500-999","C21","D1111","BG",2012,NA
"PPS","P_SAL_M","500-999","C22","D01","BG",2012,829
"PPS","P_SAL_M","500-999","C22","D111","BG",2012,691
"PPS","P_SAL_M","500-999","C22","D1111","BG",2012,628
"PPS","P_SAL_M","500-999","C23","D01","BG",2012,1368
"PPS","P_SAL_M","500-999","C23","D111","BG",2012,1114
"PPS","P_SAL_M","500-999","C23","D1111","BG",2012,956
"PPS","P_SAL_M","500-999","C24","D01","BG",2012,2182
"PPS","P_SAL_M","500-999","C24","D111","BG",2012,1740
"PPS","P_SAL_M","500-999","C24","D1111","BG",2012,1541
"PPS","P_SAL_M","500-999","C25","D01","BG",2012,1004
"PPS","P_SAL_M","500-999","C25","D111","BG",2012,840
"PPS","P_SAL_M","500-999","C25","D1111","BG",2012,725
"PPS","P_SAL_M","500-999","C27","D01","BG",2012,1311
"PPS","P_SAL_M","500-999","C27","D111","BG",2012,1031
"PPS","P_SAL_M","500-999","C27","D1111","BG",2012,898
"PPS","P_SAL_M","500-999","C28","D01","BG",2012,1033
"PPS","P_SAL_M","500-999","C28","D111","BG",2012,864
"PPS","P_SAL_M","500-999","C28","D1111","BG",2012,775
"PPS","P_SAL_M","500-999","C29","D01","BG",2012,961
"PPS","P_SAL_M","500-999","C29","D111","BG",2012,807
"PPS","P_SAL_M","500-999","C29","D1111","BG",2012,693
"PPS","P_SAL_M","500-999","C30","D01","BG",2012,1046
"PPS","P_SAL_M","500-999","C30","D111","BG",2012,871
"PPS","P_SAL_M","500-999","C30","D1111","BG",2012,801
"PPS","P_SAL_M","500-999","C31","D01","BG",2012,NA
"PPS","P_SAL_M","500-999","C31","D111","BG",2012,NA
"PPS","P_SAL_M","500-999","C31","D1111","BG",2012,NA
"PPS","P_SAL_M","500-999","C32","D01","BG",2012,893
"PPS","P_SAL_M","500-999","C32","D111","BG",2012,742
"PPS","P_SAL_M","500-999","C32","D1111","BG",2012,662
"PPS","P_SAL_M","500-999","C33","D01","BG",2012,1485
"PPS","P_SAL_M","500-999","C33","D111","BG",2012,1223
"PPS","P_SAL_M","500-999","C33","D1111","BG",2012,1054
"PPS","P_SAL_M","500-999","D","D01","BG",2012,1240
"PPS","P_SAL_M","500-999","D","D111","BG",2012,971
"PPS","P_SAL_M","500-999","D","D1111","BG",2012,865
"PPS","P_SAL_M","500-999","D35","D01","BG",2012,1240
"PPS","P_SAL_M","500-999","D35","D111","BG",2012,971
"PPS","P_SAL_M","500-999","D35","D1111","BG",2012,865
"PPS","P_SAL_M","500-999","E","D01","BG",2012,1093
"PPS","P_SAL_M","500-999","E","D111","BG",2012,913
"PPS","P_SAL_M","500-999","E","D1111","BG",2012,757
"PPS","P_SAL_M","500-999","E36","D01","BG",2012,1002
"PPS","P_SAL_M","500-999","E36","D111","BG",2012,830
"PPS","P_SAL_M","500-999","E36","D1111","BG",2012,659
"PPS","P_SAL_M","500-999","E38","D01","BG",2012,1293
"PPS","P_SAL_M","500-999","E38","D111","BG",2012,1092
"PPS","P_SAL_M","500-999","E38","D1111","BG",2012,970
"PPS","P_SAL_M","500-999","F","D01","BG",2012,NA
"PPS","P_SAL_M","500-999","F","D111","BG",2012,NA
"PPS","P_SAL_M","500-999","F","D1111","BG",2012,NA
"PPS","P_SAL_M","500-999","F41","D01","BG",2012,1255
"PPS","P_SAL_M","500-999","F41","D111","BG",2012,1072
"PPS","P_SAL_M","500-999","F41","D1111","BG",2012,1001
"PPS","P_SAL_M","500-999","F42","D01","BG",2012,1350
"PPS","P_SAL_M","500-999","F42","D111","BG",2012,1132
"PPS","P_SAL_M","500-999","F42","D1111","BG",2012,1018
"PPS","P_SAL_M","500-999","F43","D01","BG",2012,NA
"PPS","P_SAL_M","500-999","F43","D111","BG",2012,NA
"PPS","P_SAL_M","500-999","F43","D1111","BG",2012,NA
"PPS","P_SAL_M","500-999","G","D01","BG",2012,1297
"PPS","P_SAL_M","500-999","G","D111","BG",2012,1101
"PPS","P_SAL_M","500-999","G","D1111","BG",2012,1010
"PPS","P_SAL_M","500-999","G-J","D01","BG",2012,1431
"PPS","P_SAL_M","500-999","G-J","D111","BG",2012,1213
"PPS","P_SAL_M","500-999","G-J","D1111","BG",2012,1072
"PPS","P_SAL_M","500-999","G-N","D01","BG",2012,1312
"PPS","P_SAL_M","500-999","G-N","D111","BG",2012,1111
"PPS","P_SAL_M","500-999","G-N","D1111","BG",2012,1000
"PPS","P_SAL_M","500-999","G-S_X_O","D01","BG",2012,1284
"PPS","P_SAL_M","500-999","G-S_X_O","D111","BG",2012,1083
"PPS","P_SAL_M","500-999","G-S_X_O","D1111","BG",2012,963
"PPS","P_SAL_M","500-999","G45","D01","BG",2012,1348
"PPS","P_SAL_M","500-999","G45","D111","BG",2012,1135
"PPS","P_SAL_M","500-999","G45","D1111","BG",2012,1049
"PPS","P_SAL_M","500-999","G46","D01","BG",2012,NA
"PPS","P_SAL_M","500-999","G46","D111","BG",2012,NA
"PPS","P_SAL_M","500-999","G46","D1111","BG",2012,NA
"PPS","P_SAL_M","500-999","G47","D01","BG",2012,1073
"PPS","P_SAL_M","500-999","G47","D111","BG",2012,901
"PPS","P_SAL_M","500-999","G47","D1111","BG",2012,828
"PPS","P_SAL_M","500-999","H","D01","BG",2012,1226
"PPS","P_SAL_M","500-999","H","D111","BG",2012,1019
"PPS","P_SAL_M","500-999","H","D1111","BG",2012,881
"PPS","P_SAL_M","500-999","H49","D01","BG",2012,982
"PPS","P_SAL_M","500-999","H49","D111","BG",2012,795
"PPS","P_SAL_M","500-999","H49","D1111","BG",2012,660
"PPS","P_SAL_M","500-999","H50","D01","BG",2012,NA
"PPS","P_SAL_M","500-999","H50","D111","BG",2012,NA
"PPS","P_SAL_M","500-999","H50","D1111","BG",2012,NA
"PPS","P_SAL_M","500-999","H51","D01","BG",2012,NA
"PPS","P_SAL_M","500-999","H51","D111","BG",2012,NA
"PPS","P_SAL_M","500-999","H51","D1111","BG",2012,NA
"PPS","P_SAL_M","500-999","H52","D01","BG",2012,NA
"PPS","P_SAL_M","500-999","H52","D111","BG",2012,NA
"PPS","P_SAL_M","500-999","H52","D1111","BG",2012,NA
"PPS","P_SAL_M","500-999","H53","D01","BG",2012,1367
"PPS","P_SAL_M","500-999","H53","D111","BG",2012,1173
"PPS","P_SAL_M","500-999","H53","D1111","BG",2012,1099
"PPS","P_SAL_M","500-999","I","D01","BG",2012,NA
"PPS","P_SAL_M","500-999","I","D111","BG",2012,NA
"PPS","P_SAL_M","500-999","I","D1111","BG",2012,NA
"PPS","P_SAL_M","500-999","I55","D01","BG",2012,821
"PPS","P_SAL_M","500-999","I55","D111","BG",2012,669
"PPS","P_SAL_M","500-999","I55","D1111","BG",2012,601
"PPS","P_SAL_M","500-999","I56","D01","BG",2012,NA
"PPS","P_SAL_M","500-999","I56","D111","BG",2012,NA
"PPS","P_SAL_M","500-999","I56","D1111","BG",2012,NA
"PPS","P_SAL_M","500-999","J","D01","BG",2012,3563
"PPS","P_SAL_M","500-999","J","D111","BG",2012,3113
"PPS","P_SAL_M","500-999","J","D1111","BG",2012,2597
"PPS","P_SAL_M","500-999","J58","D01","BG",2012,NA
"PPS","P_SAL_M","500-999","J58","D111","BG",2012,NA
"PPS","P_SAL_M","500-999","J58","D1111","BG",2012,NA
"PPS","P_SAL_M","500-999","J60","D01","BG",2012,NA
"PPS","P_SAL_M","500-999","J60","D111","BG",2012,NA
"PPS","P_SAL_M","500-999","J60","D1111","BG",2012,NA
"PPS","P_SAL_M","500-999","J61","D01","BG",2012,NA
"PPS","P_SAL_M","500-999","J61","D111","BG",2012,NA
"PPS","P_SAL_M","500-999","J61","D1111","BG",2012,NA
"PPS","P_SAL_M","500-999","J62","D01","BG",2012,NA
"PPS","P_SAL_M","500-999","J62","D111","BG",2012,NA
"PPS","P_SAL_M","500-999","J62","D1111","BG",2012,NA
"PPS","P_SAL_M","500-999","K","D01","BG",2012,1968
"PPS","P_SAL_M","500-999","K","D111","BG",2012,1664
"PPS","P_SAL_M","500-999","K","D1111","BG",2012,1534
"PPS","P_SAL_M","500-999","K-N","D01","BG",2012,1189
"PPS","P_SAL_M","500-999","K-N","D111","BG",2012,1006
"PPS","P_SAL_M","500-999","K-N","D1111","BG",2012,926
"PPS","P_SAL_M","500-999","K64","D01","BG",2012,1905
"PPS","P_SAL_M","500-999","K64","D111","BG",2012,1600
"PPS","P_SAL_M","500-999","K64","D1111","BG",2012,1469
"PPS","P_SAL_M","500-999","K65","D01","BG",2012,2223
"PPS","P_SAL_M","500-999","K65","D111","BG",2012,1926
"PPS","P_SAL_M","500-999","K65","D1111","BG",2012,1801
"PPS","P_SAL_M","500-999","M","D01","BG",2012,1815
"PPS","P_SAL_M","500-999","M","D111","BG",2012,1514
"PPS","P_SAL_M","500-999","M","D1111","BG",2012,1334
"PPS","P_SAL_M","500-999","M70","D01","BG",2012,NA
"PPS","P_SAL_M","500-999","M70","D111","BG",2012,NA
"PPS","P_SAL_M","500-999","M70","D1111","BG",2012,NA
"PPS","P_SAL_M","500-999","M73","D01","BG",2012,NA
"PPS","P_SAL_M","500-999","M73","D111","BG",2012,NA
"PPS","P_SAL_M","500-999","M73","D1111","BG",2012,NA
"PPS","P_SAL_M","500-999","N","D01","BG",2012,731
"PPS","P_SAL_M","500-999","N","D111","BG",2012,620
"PPS","P_SAL_M","500-999","N","D1111","BG",2012,576
"PPS","P_SAL_M","500-999","N78","D01","BG",2012,NA
"PPS","P_SAL_M","500-999","N78","D111","BG",2012,NA
"PPS","P_SAL_M","500-999","N78","D1111","BG",2012,NA
"PPS","P_SAL_M","500-999","N80","D01","BG",2012,484
"PPS","P_SAL_M","500-999","N80","D111","BG",2012,408
"PPS","P_SAL_M","500-999","N80","D1111","BG",2012,380
"PPS","P_SAL_M","500-999","N81","D01","BG",2012,544
"PPS","P_SAL_M","500-999","N81","D111","BG",2012,452
"PPS","P_SAL_M","500-999","N81","D1111","BG",2012,419
"PPS","P_SAL_M","500-999","N82","D01","BG",2012,1634
"PPS","P_SAL_M","500-999","N82","D111","BG",2012,1404
"PPS","P_SAL_M","500-999","N82","D1111","BG",2012,1305
"PPS","P_SAL_M","500-999","O","D01","BG",2012,1787
"PPS","P_SAL_M","500-999","O","D111","BG",2012,1417
"PPS","P_SAL_M","500-999","O","D1111","BG",2012,1287
"PPS","P_SAL_M","500-999","O-S","D01","BG",2012,1353
"PPS","P_SAL_M","500-999","O-S","D111","BG",2012,1117
"PPS","P_SAL_M","500-999","O-S","D1111","BG",2012,981
"PPS","P_SAL_M","500-999","O84","D01","BG",2012,1787
"PPS","P_SAL_M","500-999","O84","D111","BG",2012,1417
"PPS","P_SAL_M","500-999","O84","D1111","BG",2012,1287
"PPS","P_SAL_M","500-999","P","D01","BG",2012,1553
"PPS","P_SAL_M","500-999","P","D111","BG",2012,1301
"PPS","P_SAL_M","500-999","P","D1111","BG",2012,1097
"PPS","P_SAL_M","500-999","P-S","D01","BG",2012,1233
"PPS","P_SAL_M","500-999","P-S","D111","BG",2012,1034
"PPS","P_SAL_M","500-999","P-S","D1111","BG",2012,896
"PPS","P_SAL_M","500-999","P85","D01","BG",2012,1553
"PPS","P_SAL_M","500-999","P85","D111","BG",2012,1301
"PPS","P_SAL_M","500-999","P85","D1111","BG",2012,1097
"PPS","P_SAL_M","500-999","Q","D01","BG",2012,1077
"PPS","P_SAL_M","500-999","Q","D111","BG",2012,904
"PPS","P_SAL_M","500-999","Q","D1111","BG",2012,799
"PPS","P_SAL_M","500-999","Q86","D01","BG",2012,1125
"PPS","P_SAL_M","500-999","Q86","D111","BG",2012,944
"PPS","P_SAL_M","500-999","Q86","D1111","BG",2012,833
"PPS","P_SAL_M","500-999","Q87","D01","BG",2012,NA
"PPS","P_SAL_M","500-999","Q87","D111","BG",2012,NA
"PPS","P_SAL_M","500-999","Q87","D1111","BG",2012,NA
"PPS","P_SAL_M","500-999","Q88","D01","BG",2012,NA
"PPS","P_SAL_M","500-999","Q88","D111","BG",2012,NA
"PPS","P_SAL_M","500-999","Q88","D1111","BG",2012,NA
"PPS","P_SAL_M","GE10","B","D01","BG",2012,1976
"PPS","P_SAL_M","GE10","B","D111","BG",2012,1505
"PPS","P_SAL_M","GE10","B","D1111","BG",2012,1272
"PPS","P_SAL_M","GE10","B-E","D01","BG",2012,1048
"PPS","P_SAL_M","GE10","B-E","D111","BG",2012,861
"PPS","P_SAL_M","GE10","B-E","D1111","BG",2012,752
"PPS","P_SAL_M","GE10","B-F","D01","BG",2012,1026
"PPS","P_SAL_M","GE10","B-F","D111","BG",2012,847
"PPS","P_SAL_M","GE10","B-F","D1111","BG",2012,746
"PPS","P_SAL_M","GE10","B-N","D01","BG",2012,1105
"PPS","P_SAL_M","GE10","B-N","D111","BG",2012,935
"PPS","P_SAL_M","GE10","B-N","D1111","BG",2012,834
"PPS","P_SAL_M","GE10","B-S","D01","BG",2012,1104
"PPS","P_SAL_M","GE10","B-S","D111","BG",2012,926
"PPS","P_SAL_M","GE10","B-S","D1111","BG",2012,820
"PPS","P_SAL_M","GE10","B-S_X_O","D01","BG",2012,1089
"PPS","P_SAL_M","GE10","B-S_X_O","D111","BG",2012,919
"PPS","P_SAL_M","GE10","B-S_X_O","D1111","BG",2012,814
"PPS","P_SAL_M","GE10","B05","D01","BG",2012,2148
"PPS","P_SAL_M","GE10","B05","D111","BG",2012,1583
"PPS","P_SAL_M","GE10","B05","D1111","BG",2012,1289
"PPS","P_SAL_M","GE10","B06","D01","BG",2012,NA
"PPS","P_SAL_M","GE10","B06","D111","BG",2012,NA
"PPS","P_SAL_M","GE10","B06","D1111","BG",2012,NA
"PPS","P_SAL_M","GE10","B07","D01","BG",2012,2234
"PPS","P_SAL_M","GE10","B07","D111","BG",2012,1763
"PPS","P_SAL_M","GE10","B07","D1111","BG",2012,1550
"PPS","P_SAL_M","GE10","B08","D01","BG",2012,1071
"PPS","P_SAL_M","GE10","B08","D111","BG",2012,871
"PPS","P_SAL_M","GE10","B08","D1111","BG",2012,778
"PPS","P_SAL_M","GE10","B09","D01","BG",2012,NA
"PPS","P_SAL_M","GE10","B09","D111","BG",2012,NA
"PPS","P_SAL_M","GE10","B09","D1111","BG",2012,NA
"PPS","P_SAL_M","GE10","C","D01","BG",2012,899
"PPS","P_SAL_M","GE10","C","D111","BG",2012,748
"PPS","P_SAL_M","GE10","C","D1111","BG",2012,671
"PPS","P_SAL_M","GE10","C10","D01","BG",2012,800
"PPS","P_SAL_M","GE10","C10","D111","BG",2012,672
"PPS","P_SAL_M","GE10","C10","D1111","BG",2012,616
"PPS","P_SAL_M","GE10","C11","D01","BG",2012,1222
"PPS","P_SAL_M","GE10","C11","D111","BG",2012,1029
"PPS","P_SAL_M","GE10","C11","D1111","BG",2012,913
"PPS","P_SAL_M","GE10","C12","D01","BG",2012,2370
"PPS","P_SAL_M","GE10","C12","D111","BG",2012,1897
"PPS","P_SAL_M","GE10","C12","D1111","BG",2012,1614
"PPS","P_SAL_M","GE10","C13","D01","BG",2012,803
"PPS","P_SAL_M","GE10","C13","D111","BG",2012,667
"PPS","P_SAL_M","GE10","C13","D1111","BG",2012,605
"PPS","P_SAL_M","GE10","C14","D01","BG",2012,581
"PPS","P_SAL_M","GE10","C14","D111","BG",2012,481
"PPS","P_SAL_M","GE10","C14","D1111","BG",2012,435
"PPS","P_SAL_M","GE10","C15","D01","BG",2012,532
"PPS","P_SAL_M","GE10","C15","D111","BG",2012,446
"PPS","P_SAL_M","GE10","C15","D1111","BG",2012,404
"PPS","P_SAL_M","GE10","C16","D01","BG",2012,635
"PPS","P_SAL_M","GE10","C16","D111","BG",2012,532
"PPS","P_SAL_M","GE10","C16","D1111","BG",2012,478
"PPS","P_SAL_M","GE10","C17","D01","BG",2012,870
"PPS","P_SAL_M","GE10","C17","D111","BG",2012,724
"PPS","P_SAL_M","GE10","C17","D1111","BG",2012,642
"PPS","P_SAL_M","GE10","C18","D01","BG",2012,955
"PPS","P_SAL_M","GE10","C18","D111","BG",2012,805
"PPS","P_SAL_M","GE10","C18","D1111","BG",2012,734
"PPS","P_SAL_M","GE10","C19","D01","BG",2012,3355
"PPS","P_SAL_M","GE10","C19","D111","BG",2012,2690
"PPS","P_SAL_M","GE10","C19","D1111","BG",2012,2399
"PPS","P_SAL_M","GE10","C20","D01","BG",2012,1286
"PPS","P_SAL_M","GE10","C20","D111","BG",2012,1068
"PPS","P_SAL_M","GE10","C20","D1111","BG",2012,961
"PPS","P_SAL_M","GE10","C21","D01","BG",2012,1278
"PPS","P_SAL_M","GE10","C21","D111","BG",2012,1066
"PPS","P_SAL_M","GE10","C21","D1111","BG",2012,946
"PPS","P_SAL_M","GE10","C22","D01","BG",2012,779
"PPS","P_SAL_M","GE10","C22","D111","BG",2012,654
"PPS","P_SAL_M","GE10","C22","D1111","BG",2012,598
"PPS","P_SAL_M","GE10","C23","D01","BG",2012,1125
"PPS","P_SAL_M","GE10","C23","D111","BG",2012,929
"PPS","P_SAL_M","GE10","C23","D1111","BG",2012,825
"PPS","P_SAL_M","GE10","C24","D01","BG",2012,1548
"PPS","P_SAL_M","GE10","C24","D111","BG",2012,1226
"PPS","P_SAL_M","GE10","C24","D1111","BG",2012,1083
"PPS","P_SAL_M","GE10","C25","D01","BG",2012,848
"PPS","P_SAL_M","GE10","C25","D111","BG",2012,706
"PPS","P_SAL_M","GE10","C25","D1111","BG",2012,628
"PPS","P_SAL_M","GE10","C26","D01","BG",2012,1293
"PPS","P_SAL_M","GE10","C26","D111","BG",2012,1105
"PPS","P_SAL_M","GE10","C26","D1111","BG",2012,984
"PPS","P_SAL_M","GE10","C27","D01","BG",2012,1175
"PPS","P_SAL_M","GE10","C27","D111","BG",2012,978
"PPS","P_SAL_M","GE10","C27","D1111","BG",2012,878
"PPS","P_SAL_M","GE10","C28","D01","BG",2012,1155
"PPS","P_SAL_M","GE10","C28","D111","BG",2012,963
"PPS","P_SAL_M","GE10","C28","D1111","BG",2012,856
"PPS","P_SAL_M","GE10","C29","D01","BG",2012,957
"PPS","P_SAL_M","GE10","C29","D111","BG",2012,808
"PPS","P_SAL_M","GE10","C29","D1111","BG",2012,701
"PPS","P_SAL_M","GE10","C30","D01","BG",2012,1030
"PPS","P_SAL_M","GE10","C30","D111","BG",2012,860
"PPS","P_SAL_M","GE10","C30","D1111","BG",2012,786
"PPS","P_SAL_M","GE10","C31","D01","BG",2012,616
"PPS","P_SAL_M","GE10","C31","D111","BG",2012,515
"PPS","P_SAL_M","GE10","C31","D1111","BG",2012,471
"PPS","P_SAL_M","GE10","C32","D01","BG",2012,893
"PPS","P_SAL_M","GE10","C32","D111","BG",2012,753
"PPS","P_SAL_M","GE10","C32","D1111","BG",2012,679
"PPS","P_SAL_M","GE10","C33","D01","BG",2012,1288
"PPS","P_SAL_M","GE10","C33","D111","BG",2012,1063
"PPS","P_SAL_M","GE10","C33","D1111","BG",2012,939
"PPS","P_SAL_M","GE10","D","D01","BG",2012,2532
"PPS","P_SAL_M","GE10","D","D111","BG",2012,2040
"PPS","P_SAL_M","GE10","D","D1111","BG",2012,1575
"PPS","P_SAL_M","GE10","D35","D01","BG",2012,2532
"PPS","P_SAL_M","GE10","D35","D111","BG",2012,2040
"PPS","P_SAL_M","GE10","D35","D1111","BG",2012,1575
"PPS","P_SAL_M","GE10","E","D01","BG",2012,979
"PPS","P_SAL_M","GE10","E","D111","BG",2012,817
"PPS","P_SAL_M","GE10","E","D1111","BG",2012,703
"PPS","P_SAL_M","GE10","E36","D01","BG",2012,1066
"PPS","P_SAL_M","GE10","E36","D111","BG",2012,882
"PPS","P_SAL_M","GE10","E36","D1111","BG",2012,724
"PPS","P_SAL_M","GE10","E37","D01","BG",2012,784
"PPS","P_SAL_M","GE10","E37","D111","BG",2012,654
"PPS","P_SAL_M","GE10","E37","D1111","BG",2012,597
"PPS","P_SAL_M","GE10","E38","D01","BG",2012,888
"PPS","P_SAL_M","GE10","E38","D111","BG",2012,748
"PPS","P_SAL_M","GE10","E38","D1111","BG",2012,680
"PPS","P_SAL_M","GE10","E39","D01","BG",2012,1052
"PPS","P_SAL_M","GE10","E39","D111","BG",2012,888
"PPS","P_SAL_M","GE10","E39","D1111","BG",2012,777
"PPS","P_SAL_M","GE10","F","D01","BG",2012,922
"PPS","P_SAL_M","GE10","F","D111","BG",2012,778
"PPS","P_SAL_M","GE10","F","D1111","BG",2012,718
"PPS","P_SAL_M","GE10","F41","D01","BG",2012,792
"PPS","P_SAL_M","GE10","F41","D111","BG",2012,669
"PPS","P_SAL_M","GE10","F41","D1111","BG",2012,620
"PPS","P_SAL_M","GE10","F42","D01","BG",2012,1078
"PPS","P_SAL_M","GE10","F42","D111","BG",2012,907
"PPS","P_SAL_M","GE10","F42","D1111","BG",2012,831
"PPS","P_SAL_M","GE10","F43","D01","BG",2012,935
"PPS","P_SAL_M","GE10","F43","D111","BG",2012,789
"PPS","P_SAL_M","GE10","F43","D1111","BG",2012,732
"PPS","P_SAL_M","GE10","G","D01","BG",2012,1019
"PPS","P_SAL_M","GE10","G","D111","BG",2012,869
"PPS","P_SAL_M","GE10","G","D1111","BG",2012,803
"PPS","P_SAL_M","GE10","G-J","D01","BG",2012,1171
"PPS","P_SAL_M","GE10","G-J","D111","BG",2012,1009
"PPS","P_SAL_M","GE10","G-J","D1111","BG",2012,907
"PPS","P_SAL_M","GE10","G-N","D01","BG",2012,1181
"PPS","P_SAL_M","GE10","G-N","D111","BG",2012,1019
"PPS","P_SAL_M","GE10","G-N","D1111","BG",2012,919
"PPS","P_SAL_M","GE10","G-S_X_O","D01","BG",2012,1130
"PPS","P_SAL_M","GE10","G-S_X_O","D111","BG",2012,965
"PPS","P_SAL_M","GE10","G-S_X_O","D1111","BG",2012,859
"PPS","P_SAL_M","GE10","G45","D01","BG",2012,1160
"PPS","P_SAL_M","GE10","G45","D111","BG",2012,989
"PPS","P_SAL_M","GE10","G45","D1111","BG",2012,909
"PPS","P_SAL_M","GE10","G46","D01","BG",2012,1198
"PPS","P_SAL_M","GE10","G46","D111","BG",2012,1032
"PPS","P_SAL_M","GE10","G46","D1111","BG",2012,954
"PPS","P_SAL_M","GE10","G47","D01","BG",2012,829
"PPS","P_SAL_M","GE10","G47","D111","BG",2012,698
"PPS","P_SAL_M","GE10","G47","D1111","BG",2012,644
"PPS","P_SAL_M","GE10","H","D01","BG",2012,1142
"PPS","P_SAL_M","GE10","H","D111","BG",2012,1003
"PPS","P_SAL_M","GE10","H","D1111","BG",2012,831
"PPS","P_SAL_M","GE10","H49","D01","BG",2012,946
"PPS","P_SAL_M","GE10","H49","D111","BG",2012,760
"PPS","P_SAL_M","GE10","H49","D1111","BG",2012,637
"PPS","P_SAL_M","GE10","H50","D01","BG",2012,2287
"PPS","P_SAL_M","GE10","H50","D111","BG",2012,2101
"PPS","P_SAL_M","GE10","H50","D1111","BG",2012,1759
"PPS","P_SAL_M","GE10","H51","D01","BG",2012,2864
"PPS","P_SAL_M","GE10","H51","D111","BG",2012,2394
"PPS","P_SAL_M","GE10","H51","D1111","BG",2012,2117
"PPS","P_SAL_M","GE10","H52","D01","BG",2012,1445
"PPS","P_SAL_M","GE10","H52","D111","BG",2012,1447
"PPS","P_SAL_M","GE10","H52","D1111","BG",2012,1156
"PPS","P_SAL_M","GE10","H53","D01","BG",2012,945
"PPS","P_SAL_M","GE10","H53","D111","BG",2012,786
"PPS","P_SAL_M","GE10","H53","D1111","BG",2012,675
"PPS","P_SAL_M","GE10","I","D01","BG",2012,707
"PPS","P_SAL_M","GE10","I","D111","BG",2012,592
"PPS","P_SAL_M","GE10","I","D1111","BG",2012,552
"PPS","P_SAL_M","GE10","I55","D01","BG",2012,837
"PPS","P_SAL_M","GE10","I55","D111","BG",2012,702
"PPS","P_SAL_M","GE10","I55","D1111","BG",2012,652
"PPS","P_SAL_M","GE10","I56","D01","BG",2012,607
"PPS","P_SAL_M","GE10","I56","D111","BG",2012,507
"PPS","P_SAL_M","GE10","I56","D1111","BG",2012,475
"PPS","P_SAL_M","GE10","J","D01","BG",2012,2427
"PPS","P_SAL_M","GE10","J","D111","BG",2012,2114
"PPS","P_SAL_M","GE10","J","D1111","BG",2012,1929
"PPS","P_SAL_M","GE10","J58","D01","BG",2012,1611
"PPS","P_SAL_M","GE10","J58","D111","BG",2012,1392
"PPS","P_SAL_M","GE10","J58","D1111","BG",2012,1262
"PPS","P_SAL_M","GE10","J59","D01","BG",2012,1899
"PPS","P_SAL_M","GE10","J59","D111","BG",2012,1681
"PPS","P_SAL_M","GE10","J59","D1111","BG",2012,1559
"PPS","P_SAL_M","GE10","J60","D01","BG",2012,1747
"PPS","P_SAL_M","GE10","J60","D111","BG",2012,1507
"PPS","P_SAL_M","GE10","J60","D1111","BG",2012,1361
"PPS","P_SAL_M","GE10","J61","D01","BG",2012,1999
"PPS","P_SAL_M","GE10","J61","D111","BG",2012,1708
"PPS","P_SAL_M","GE10","J61","D1111","BG",2012,1552
"PPS","P_SAL_M","GE10","J62","D01","BG",2012,3266
"PPS","P_SAL_M","GE10","J62","D111","BG",2012,2877
"PPS","P_SAL_M","GE10","J62","D1111","BG",2012,2635
"PPS","P_SAL_M","GE10","J63","D01","BG",2012,2007
"PPS","P_SAL_M","GE10","J63","D111","BG",2012,1745
"PPS","P_SAL_M","GE10","J63","D1111","BG",2012,1593
"PPS","P_SAL_M","GE10","K","D01","BG",2012,2044
"PPS","P_SAL_M","GE10","K","D111","BG",2012,1752
"PPS","P_SAL_M","GE10","K","D1111","BG",2012,1570
"PPS","P_SAL_M","GE10","K-N","D01","BG",2012,1205
"PPS","P_SAL_M","GE10","K-N","D111","BG",2012,1041
"PPS","P_SAL_M","GE10","K-N","D1111","BG",2012,946
"PPS","P_SAL_M","GE10","K64","D01","BG",2012,2064
"PPS","P_SAL_M","GE10","K64","D111","BG",2012,1762
"PPS","P_SAL_M","GE10","K64","D1111","BG",2012,1567
"PPS","P_SAL_M","GE10","K65","D01","BG",2012,2240
"PPS","P_SAL_M","GE10","K65","D111","BG",2012,1952
"PPS","P_SAL_M","GE10","K65","D1111","BG",2012,1799
"PPS","P_SAL_M","GE10","K66","D01","BG",2012,1566
"PPS","P_SAL_M","GE10","K66","D111","BG",2012,1362
"PPS","P_SAL_M","GE10","K66","D1111","BG",2012,1266
"PPS","P_SAL_M","GE10","L","D01","BG",2012,1064
"PPS","P_SAL_M","GE10","L","D111","BG",2012,909
"PPS","P_SAL_M","GE10","L","D1111","BG",2012,829
"PPS","P_SAL_M","GE10","L68","D01","BG",2012,1064
"PPS","P_SAL_M","GE10","L68","D111","BG",2012,909
"PPS","P_SAL_M","GE10","L68","D1111","BG",2012,829
"PPS","P_SAL_M","GE10","M","D01","BG",2012,1754
"PPS","P_SAL_M","GE10","M","D111","BG",2012,1524
"PPS","P_SAL_M","GE10","M","D1111","BG",2012,1391
"PPS","P_SAL_M","GE10","M69","D01","BG",2012,2037
"PPS","P_SAL_M","GE10","M69","D111","BG",2012,1787
"PPS","P_SAL_M","GE10","M69","D1111","BG",2012,1639
"PPS","P_SAL_M","GE10","M70","D01","BG",2012,2289
"PPS","P_SAL_M","GE10","M70","D111","BG",2012,2018
"PPS","P_SAL_M","GE10","M70","D1111","BG",2012,1843
"PPS","P_SAL_M","GE10","M71","D01","BG",2012,1915
"PPS","P_SAL_M","GE10","M71","D111","BG",2012,1651
"PPS","P_SAL_M","GE10","M71","D1111","BG",2012,1517
"PPS","P_SAL_M","GE10","M72","D01","BG",2012,1066
"PPS","P_SAL_M","GE10","M72","D111","BG",2012,899
"PPS","P_SAL_M","GE10","M72","D1111","BG",2012,789
"PPS","P_SAL_M","GE10","M73","D01","BG",2012,2012
"PPS","P_SAL_M","GE10","M73","D111","BG",2012,1769
"PPS","P_SAL_M","GE10","M73","D1111","BG",2012,1648
"PPS","P_SAL_M","GE10","M74","D01","BG",2012,1908
"PPS","P_SAL_M","GE10","M74","D111","BG",2012,1666
"PPS","P_SAL_M","GE10","M74","D1111","BG",2012,1531
"PPS","P_SAL_M","GE10","M75","D01","BG",2012,599
"PPS","P_SAL_M","GE10","M75","D111","BG",2012,510
"PPS","P_SAL_M","GE10","M75","D1111","BG",2012,472
"PPS","P_SAL_M","GE10","N","D01","BG",2012,628
"PPS","P_SAL_M","GE10","N","D111","BG",2012,548
"PPS","P_SAL_M","GE10","N","D1111","BG",2012,505
"PPS","P_SAL_M","GE10","N77","D01","BG",2012,1179
"PPS","P_SAL_M","GE10","N77","D111","BG",2012,1001
"PPS","P_SAL_M","GE10","N77","D1111","BG",2012,929
"PPS","P_SAL_M","GE10","N78","D01","BG",2012,1303
"PPS","P_SAL_M","GE10","N78","D111","BG",2012,1099
"PPS","P_SAL_M","GE10","N78","D1111","BG",2012,1009
"PPS","P_SAL_M","GE10","N79","D01","BG",2012,1051
"PPS","P_SAL_M","GE10","N79","D111","BG",2012,896
"PPS","P_SAL_M","GE10","N79","D1111","BG",2012,842
"PPS","P_SAL_M","GE10","N80","D01","BG",2012,546
"PPS","P_SAL_M","GE10","N80","D111","BG",2012,461
"PPS","P_SAL_M","GE10","N80","D1111","BG",2012,425
"PPS","P_SAL_M","GE10","N81","D01","BG",2012,404
"PPS","P_SAL_M","GE10","N81","D111","BG",2012,392
"PPS","P_SAL_M","GE10","N81","D1111","BG",2012,360
"PPS","P_SAL_M","GE10","N82","D01","BG",2012,1323
"PPS","P_SAL_M","GE10","N82","D111","BG",2012,1132
"PPS","P_SAL_M","GE10","N82","D1111","BG",2012,1045
"PPS","P_SAL_M","GE10","O","D01","BG",2012,1312
"PPS","P_SAL_M","GE10","O","D111","BG",2012,1031
"PPS","P_SAL_M","GE10","O","D1111","BG",2012,904
"PPS","P_SAL_M","GE10","O-S","D01","BG",2012,1099
"PPS","P_SAL_M","GE10","O-S","D111","BG",2012,898
"PPS","P_SAL_M","GE10","O-S","D1111","BG",2012,777
"PPS","P_SAL_M","GE10","O84","D01","BG",2012,1312
"PPS","P_SAL_M","GE10","O84","D111","BG",2012,1031
"PPS","P_SAL_M","GE10","O84","D1111","BG",2012,904
"PPS","P_SAL_M","GE10","P","D01","BG",2012,1030
"PPS","P_SAL_M","GE10","P","D111","BG",2012,844
"PPS","P_SAL_M","GE10","P","D1111","BG",2012,696
"PPS","P_SAL_M","GE10","P-S","D01","BG",2012,1022
"PPS","P_SAL_M","GE10","P-S","D111","BG",2012,851
"PPS","P_SAL_M","GE10","P-S","D1111","BG",2012,731
"PPS","P_SAL_M","GE10","P85","D01","BG",2012,1030
"PPS","P_SAL_M","GE10","P85","D111","BG",2012,844
"PPS","P_SAL_M","GE10","P85","D1111","BG",2012,696
"PPS","P_SAL_M","GE10","Q","D01","BG",2012,1056
"PPS","P_SAL_M","GE10","Q","D111","BG",2012,889
"PPS","P_SAL_M","GE10","Q","D1111","BG",2012,789
"PPS","P_SAL_M","GE10","Q86","D01","BG",2012,1185
"PPS","P_SAL_M","GE10","Q86","D111","BG",2012,999
"PPS","P_SAL_M","GE10","Q86","D1111","BG",2012,890
"PPS","P_SAL_M","GE10","Q87","D01","BG",2012,650
"PPS","P_SAL_M","GE10","Q87","D111","BG",2012,538
"PPS","P_SAL_M","GE10","Q87","D1111","BG",2012,466
"PPS","P_SAL_M","GE10","Q88","D01","BG",2012,594
"PPS","P_SAL_M","GE10","Q88","D111","BG",2012,498
"PPS","P_SAL_M","GE10","Q88","D1111","BG",2012,434
"PPS","P_SAL_M","GE10","R","D01","BG",2012,925
"PPS","P_SAL_M","GE10","R","D111","BG",2012,791
"PPS","P_SAL_M","GE10","R","D1111","BG",2012,721
"PPS","P_SAL_M","GE10","R90","D01","BG",2012,771
"PPS","P_SAL_M","GE10","R90","D111","BG",2012,637
"PPS","P_SAL_M","GE10","R90","D1111","BG",2012,555
"PPS","P_SAL_M","GE10","R91","D01","BG",2012,716
"PPS","P_SAL_M","GE10","R91","D111","BG",2012,592
"PPS","P_SAL_M","GE10","R91","D1111","BG",2012,512
"PPS","P_SAL_M","GE10","R92","D01","BG",2012,769
"PPS","P_SAL_M","GE10","R92","D111","BG",2012,644
"PPS","P_SAL_M","GE10","R92","D1111","BG",2012,592
"PPS","P_SAL_M","GE10","R93","D01","BG",2012,1421
"PPS","P_SAL_M","GE10","R93","D111","BG",2012,1272
"PPS","P_SAL_M","GE10","R93","D1111","BG",2012,1192
"PPS","P_SAL_M","GE10","S","D01","BG",2012,816
"PPS","P_SAL_M","GE10","S","D111","BG",2012,705
"PPS","P_SAL_M","GE10","S","D1111","BG",2012,639
"PPS","P_SAL_M","GE10","S94","D01","BG",2012,914
"PPS","P_SAL_M","GE10","S94","D111","BG",2012,799
"PPS","P_SAL_M","GE10","S94","D1111","BG",2012,722
"PPS","P_SAL_M","GE10","S95","D01","BG",2012,935
"PPS","P_SAL_M","GE10","S95","D111","BG",2012,789
"PPS","P_SAL_M","GE10","S95","D1111","BG",2012,721
"PPS","P_SAL_M","GE10","S96","D01","BG",2012,572
"PPS","P_SAL_M","GE10","S96","D111","BG",2012,476
"PPS","P_SAL_M","GE10","S96","D1111","BG",2012,436
"PPS","P_SAL_M","GE1000","B","D01","BG",2012,2531
"PPS","P_SAL_M","GE1000","B","D111","BG",2012,1910
"PPS","P_SAL_M","GE1000","B","D1111","BG",2012,1585
"PPS","P_SAL_M","GE1000","B-E","D01","BG",2012,1869
"PPS","P_SAL_M","GE1000","B-E","D111","BG",2012,1488
"PPS","P_SAL_M","GE1000","B-E","D1111","BG",2012,1212
"PPS","P_SAL_M","GE1000","B-F","D01","BG",2012,1870
"PPS","P_SAL_M","GE1000","B-F","D111","BG",2012,1488
"PPS","P_SAL_M","GE1000","B-F","D1111","BG",2012,1213
"PPS","P_SAL_M","GE1000","B-N","D01","BG",2012,1683
"PPS","P_SAL_M","GE1000","B-N","D111","BG",2012,1414
"PPS","P_SAL_M","GE1000","B-N","D1111","BG",2012,1182
"PPS","P_SAL_M","GE1000","B-S","D01","BG",2012,1625
"PPS","P_SAL_M","GE1000","B-S","D111","BG",2012,1358
"PPS","P_SAL_M","GE1000","B-S","D1111","BG",2012,1144
"PPS","P_SAL_M","GE1000","B-S_X_O","D01","BG",2012,1647
"PPS","P_SAL_M","GE1000","B-S_X_O","D111","BG",2012,1384
"PPS","P_SAL_M","GE1000","B-S_X_O","D1111","BG",2012,1162
"PPS","P_SAL_M","GE1000","B05","D01","BG",2012,2391
"PPS","P_SAL_M","GE1000","B05","D111","BG",2012,1756
"PPS","P_SAL_M","GE1000","B05","D1111","BG",2012,1416
"PPS","P_SAL_M","GE1000","B07","D01","BG",2012,2891
"PPS","P_SAL_M","GE1000","B07","D111","BG",2012,2307
"PPS","P_SAL_M","GE1000","B07","D1111","BG",2012,2021
"PPS","P_SAL_M","GE1000","C","D01","BG",2012,1295
"PPS","P_SAL_M","GE1000","C","D111","BG",2012,1056
"PPS","P_SAL_M","GE1000","C","D1111","BG",2012,921
"PPS","P_SAL_M","GE1000","C10","D01","BG",2012,NA
"PPS","P_SAL_M","GE1000","C10","D111","BG",2012,NA
"PPS","P_SAL_M","GE1000","C10","D1111","BG",2012,NA
"PPS","P_SAL_M","GE1000","C11","D01","BG",2012,NA
"PPS","P_SAL_M","GE1000","C11","D111","BG",2012,NA
"PPS","P_SAL_M","GE1000","C11","D1111","BG",2012,NA
"PPS","P_SAL_M","GE1000","C12","D01","BG",2012,NA
"PPS","P_SAL_M","GE1000","C12","D111","BG",2012,NA
"PPS","P_SAL_M","GE1000","C12","D1111","BG",2012,NA
"PPS","P_SAL_M","GE1000","C13","D01","BG",2012,1006
"PPS","P_SAL_M","GE1000","C13","D111","BG",2012,846
"PPS","P_SAL_M","GE1000","C13","D1111","BG",2012,774
"PPS","P_SAL_M","GE1000","C14","D01","BG",2012,1087
"PPS","P_SAL_M","GE1000","C14","D111","BG",2012,821
"PPS","P_SAL_M","GE1000","C14","D1111","BG",2012,736
"PPS","P_SAL_M","GE1000","C19","D01","BG",2012,NA
"PPS","P_SAL_M","GE1000","C19","D111","BG",2012,NA
"PPS","P_SAL_M","GE1000","C19","D1111","BG",2012,NA
"PPS","P_SAL_M","GE1000","C20","D01","BG",2012,NA
"PPS","P_SAL_M","GE1000","C20","D111","BG",2012,NA
"PPS","P_SAL_M","GE1000","C20","D1111","BG",2012,NA
"PPS","P_SAL_M","GE1000","C21","D01","BG",2012,1192
"PPS","P_SAL_M","GE1000","C21","D111","BG",2012,984
"PPS","P_SAL_M","GE1000","C21","D1111","BG",2012,850
"PPS","P_SAL_M","GE1000","C22","D01","BG",2012,NA
"PPS","P_SAL_M","GE1000","C22","D111","BG",2012,NA
"PPS","P_SAL_M","GE1000","C22","D1111","BG",2012,NA
"PPS","P_SAL_M","GE1000","C23","D01","BG",2012,NA
"PPS","P_SAL_M","GE1000","C23","D111","BG",2012,NA
"PPS","P_SAL_M","GE1000","C23","D1111","BG",2012,NA
"PPS","P_SAL_M","GE1000","C24","D01","BG",2012,NA
"PPS","P_SAL_M","GE1000","C24","D111","BG",2012,NA
"PPS","P_SAL_M","GE1000","C24","D1111","BG",2012,NA
"PPS","P_SAL_M","GE1000","C25","D01","BG",2012,770
"PPS","P_SAL_M","GE1000","C25","D111","BG",2012,626
"PPS","P_SAL_M","GE1000","C25","D1111","BG",2012,533
"PPS","P_SAL_M","GE1000","C27","D01","BG",2012,NA
"PPS","P_SAL_M","GE1000","C27","D111","BG",2012,NA
"PPS","P_SAL_M","GE1000","C27","D1111","BG",2012,NA
"PPS","P_SAL_M","GE1000","C28","D01","BG",2012,1573
"PPS","P_SAL_M","GE1000","C28","D111","BG",2012,1300
"PPS","P_SAL_M","GE1000","C28","D1111","BG",2012,1098
"PPS","P_SAL_M","GE1000","C29","D01","BG",2012,997
"PPS","P_SAL_M","GE1000","C29","D111","BG",2012,845
"PPS","P_SAL_M","GE1000","C29","D1111","BG",2012,724
"PPS","P_SAL_M","GE1000","C30","D01","BG",2012,NA
"PPS","P_SAL_M","GE1000","C30","D111","BG",2012,NA
"PPS","P_SAL_M","GE1000","C30","D1111","BG",2012,NA
"PPS","P_SAL_M","GE1000","C33","D01","BG",2012,NA
"PPS","P_SAL_M","GE1000","C33","D111","BG",2012,NA
"PPS","P_SAL_M","GE1000","C33","D1111","BG",2012,NA
"PPS","P_SAL_M","GE1000","D","D01","BG",2012,2714
"PPS","P_SAL_M","GE1000","D","D111","BG",2012,2171
"PPS","P_SAL_M","GE1000","D","D1111","BG",2012,1621
"PPS","P_SAL_M","GE1000","D35","D01","BG",2012,2714
"PPS","P_SAL_M","GE1000","D35","D111","BG",2012,2171
"PPS","P_SAL_M","GE1000","D35","D1111","BG",2012,1621
"PPS","P_SAL_M","GE1000","E","D01","BG",2012,1324
"PPS","P_SAL_M","GE1000","E","D111","BG",2012,1094
"PPS","P_SAL_M","GE1000","E","D1111","BG",2012,919
"PPS","P_SAL_M","GE1000","E36","D01","BG",2012,1324
"PPS","P_SAL_M","GE1000","E36","D111","BG",2012,1094
"PPS","P_SAL_M","GE1000","E36","D1111","BG",2012,919
"PPS","P_SAL_M","GE1000","F","D01","BG",2012,NA
"PPS","P_SAL_M","GE1000","F","D111","BG",2012,NA
"PPS","P_SAL_M","GE1000","F","D1111","BG",2012,NA
"PPS","P_SAL_M","GE1000","F41","D01","BG",2012,NA
"PPS","P_SAL_M","GE1000","F41","D111","BG",2012,NA
"PPS","P_SAL_M","GE1000","F41","D1111","BG",2012,NA
"PPS","P_SAL_M","GE1000","G","D01","BG",2012,1333
"PPS","P_SAL_M","GE1000","G","D111","BG",2012,1135
"PPS","P_SAL_M","GE1000","G","D1111","BG",2012,1031
"PPS","P_SAL_M","GE1000","G-J","D01","BG",2012,1547
"PPS","P_SAL_M","GE1000","G-J","D111","BG",2012,1378
"PPS","P_SAL_M","GE1000","G-J","D1111","BG",2012,1155
"PPS","P_SAL_M","GE1000","G-N","D01","BG",2012,1553
"PPS","P_SAL_M","GE1000","G-N","D111","BG",2012,1363
"PPS","P_SAL_M","GE1000","G-N","D1111","BG",2012,1161
"PPS","P_SAL_M","GE1000","G-S_X_O","D01","BG",2012,1519
"PPS","P_SAL_M","GE1000","G-S_X_O","D111","BG",2012,1324
"PPS","P_SAL_M","GE1000","G-S_X_O","D1111","BG",2012,1133
"PPS","P_SAL_M","GE1000","G46","D01","BG",2012,NA
"PPS","P_SAL_M","GE1000","G46","D111","BG",2012,NA
"PPS","P_SAL_M","GE1000","G46","D1111","BG",2012,NA
"PPS","P_SAL_M","GE1000","G47","D01","BG",2012,1226
"PPS","P_SAL_M","GE1000","G47","D111","BG",2012,1041
"PPS","P_SAL_M","GE1000","G47","D1111","BG",2012,936
"PPS","P_SAL_M","GE1000","H","D01","BG",2012,1363
"PPS","P_SAL_M","GE1000","H","D111","BG",2012,1269
"PPS","P_SAL_M","GE1000","H","D1111","BG",2012,976
"PPS","P_SAL_M","GE1000","H49","D01","BG",2012,1494
"PPS","P_SAL_M","GE1000","H49","D111","BG",2012,1200
"PPS","P_SAL_M","GE1000","H49","D1111","BG",2012,898
"PPS","P_SAL_M","GE1000","H50","D01","BG",2012,NA
"PPS","P_SAL_M","GE1000","H50","D111","BG",2012,NA
"PPS","P_SAL_M","GE1000","H50","D1111","BG",2012,NA
"PPS","P_SAL_M","GE1000","H52","D01","BG",2012,1413
"PPS","P_SAL_M","GE1000","H52","D111","BG",2012,1513
"PPS","P_SAL_M","GE1000","H52","D1111","BG",2012,1158
"PPS","P_SAL_M","GE1000","H53","D01","BG",2012,799
"PPS","P_SAL_M","GE1000","H53","D111","BG",2012,651
"PPS","P_SAL_M","GE1000","H53","D1111","BG",2012,524
"PPS","P_SAL_M","GE1000","I","D01","BG",2012,NA
"PPS","P_SAL_M","GE1000","I","D111","BG",2012,NA
"PPS","P_SAL_M","GE1000","I","D1111","BG",2012,NA
"PPS","P_SAL_M","GE1000","I56","D01","BG",2012,NA
"PPS","P_SAL_M","GE1000","I56","D111","BG",2012,NA
"PPS","P_SAL_M","GE1000","I56","D1111","BG",2012,NA
"PPS","P_SAL_M","GE1000","J","D01","BG",2012,2306
"PPS","P_SAL_M","GE1000","J","D111","BG",2012,1967
"PPS","P_SAL_M","GE1000","J","D1111","BG",2012,1793
"PPS","P_SAL_M","GE1000","J60","D01","BG",2012,1343
"PPS","P_SAL_M","GE1000","J60","D111","BG",2012,1147
"PPS","P_SAL_M","GE1000","J60","D1111","BG",2012,1012
"PPS","P_SAL_M","GE1000","J61","D01","BG",2012,2143
"PPS","P_SAL_M","GE1000","J61","D111","BG",2012,1836
"PPS","P_SAL_M","GE1000","J61","D1111","BG",2012,1662
"PPS","P_SAL_M","GE1000","J62","D01","BG",2012,NA
"PPS","P_SAL_M","GE1000","J62","D111","BG",2012,NA
"PPS","P_SAL_M","GE1000","J62","D1111","BG",2012,NA
"PPS","P_SAL_M","GE1000","K","D01","BG",2012,2055
"PPS","P_SAL_M","GE1000","K","D111","BG",2012,1748
"PPS","P_SAL_M","GE1000","K","D1111","BG",2012,1539
"PPS","P_SAL_M","GE1000","K-N","D01","BG",2012,1565
"PPS","P_SAL_M","GE1000","K-N","D111","BG",2012,1329
"PPS","P_SAL_M","GE1000","K-N","D1111","BG",2012,1175
"PPS","P_SAL_M","GE1000","K64","D01","BG",2012,2055
"PPS","P_SAL_M","GE1000","K64","D111","BG",2012,1748
"PPS","P_SAL_M","GE1000","K64","D1111","BG",2012,1539
"PPS","P_SAL_M","GE1000","M","D01","BG",2012,1074
"PPS","P_SAL_M","GE1000","M","D111","BG",2012,806
"PPS","P_SAL_M","GE1000","M","D1111","BG",2012,676
"PPS","P_SAL_M","GE1000","M71","D01","BG",2012,NA
"PPS","P_SAL_M","GE1000","M71","D111","BG",2012,NA
"PPS","P_SAL_M","GE1000","M71","D1111","BG",2012,NA
"PPS","P_SAL_M","GE1000","M72","D01","BG",2012,NA
"PPS","P_SAL_M","GE1000","M72","D111","BG",2012,NA
"PPS","P_SAL_M","GE1000","M72","D1111","BG",2012,NA
"PPS","P_SAL_M","GE1000","N","D01","BG",2012,800
"PPS","P_SAL_M","GE1000","N","D111","BG",2012,676
"PPS","P_SAL_M","GE1000","N","D1111","BG",2012,607
"PPS","P_SAL_M","GE1000","N78","D01","BG",2012,NA
"PPS","P_SAL_M","GE1000","N78","D111","BG",2012,NA
"PPS","P_SAL_M","GE1000","N78","D1111","BG",2012,NA
"PPS","P_SAL_M","GE1000","N80","D01","BG",2012,629
"PPS","P_SAL_M","GE1000","N80","D111","BG",2012,531
"PPS","P_SAL_M","GE1000","N80","D1111","BG",2012,476
"PPS","P_SAL_M","GE1000","O","D01","BG",2012,1335
"PPS","P_SAL_M","GE1000","O","D111","BG",2012,1022
"PPS","P_SAL_M","GE1000","O","D1111","BG",2012,916
"PPS","P_SAL_M","GE1000","O-S","D01","BG",2012,1343
"PPS","P_SAL_M","GE1000","O-S","D111","BG",2012,1086
"PPS","P_SAL_M","GE1000","O-S","D1111","BG",2012,960
"PPS","P_SAL_M","GE1000","O84","D01","BG",2012,1335
"PPS","P_SAL_M","GE1000","O84","D111","BG",2012,1022
"PPS","P_SAL_M","GE1000","O84","D1111","BG",2012,916
"PPS","P_SAL_M","GE1000","P","D01","BG",2012,1430
"PPS","P_SAL_M","GE1000","P","D111","BG",2012,1210
"PPS","P_SAL_M","GE1000","P","D1111","BG",2012,1048
"PPS","P_SAL_M","GE1000","P-S","D01","BG",2012,1349
"PPS","P_SAL_M","GE1000","P-S","D111","BG",2012,1133
"PPS","P_SAL_M","GE1000","P-S","D1111","BG",2012,993
"PPS","P_SAL_M","GE1000","P85","D01","BG",2012,1430
"PPS","P_SAL_M","GE1000","P85","D111","BG",2012,1210
"PPS","P_SAL_M","GE1000","P85","D1111","BG",2012,1048
"PPS","P_SAL_M","GE1000","Q","D01","BG",2012,1337
"PPS","P_SAL_M","GE1000","Q","D111","BG",2012,1122
"PPS","P_SAL_M","GE1000","Q","D1111","BG",2012,986
"PPS","P_SAL_M","GE1000","Q86","D01","BG",2012,1337
"PPS","P_SAL_M","GE1000","Q86","D111","BG",2012,1122
"PPS","P_SAL_M","GE1000","Q86","D1111","BG",2012,986
"PPS","P_SAL_M","GE1000","R","D01","BG",2012,1128
"PPS","P_SAL_M","GE1000","R","D111","BG",2012,934
"PPS","P_SAL_M","GE1000","R","D1111","BG",2012,840
"PPS","P_SAL_M","GE1000","R92","D01","BG",2012,1128
"PPS","P_SAL_M","GE1000","R92","D111","BG",2012,934
"PPS","P_SAL_M","GE1000","R92","D1111","BG",2012,840
"PPS","P_SAL_M","LT10","B","D01","BG",2012,1000
"PPS","P_SAL_M","LT10","B","D111","BG",2012,845
"PPS","P_SAL_M","LT10","B","D1111","BG",2012,796
"PPS","P_SAL_M","LT10","B-E","D01","BG",2012,541
"PPS","P_SAL_M","LT10","B-E","D111","BG",2012,453
"PPS","P_SAL_M","LT10","B-E","D1111","BG",2012,427
"PPS","P_SAL_M","LT10","B-F","D01","BG",2012,575
"PPS","P_SAL_M","LT10","B-F","D111","BG",2012,482
"PPS","P_SAL_M","LT10","B-F","D1111","BG",2012,455
"PPS","P_SAL_M","LT10","B-N","D01","BG",2012,661
"PPS","P_SAL_M","LT10","B-N","D111","BG",2012,558
"PPS","P_SAL_M","LT10","B-N","D1111","BG",2012,527
"PPS","P_SAL_M","LT10","B-S","D01","BG",2012,655
"PPS","P_SAL_M","LT10","B-S","D111","BG",2012,553
"PPS","P_SAL_M","LT10","B-S","D1111","BG",2012,521
"PPS","P_SAL_M","LT10","B-S_X_O","D01","BG",2012,653
"PPS","P_SAL_M","LT10","B-S_X_O","D111","BG",2012,552
"PPS","P_SAL_M","LT10","B-S_X_O","D1111","BG",2012,520
"PPS","P_SAL_M","LT10","B05","D01","BG",2012,1351
"PPS","P_SAL_M","LT10","B05","D111","BG",2012,1085
"PPS","P_SAL_M","LT10","B05","D1111","BG",2012,1040
"PPS","P_SAL_M","LT10","B06","D01","BG",2012,NA
"PPS","P_SAL_M","LT10","B06","D111","BG",2012,NA
"PPS","P_SAL_M","LT10","B06","D1111","BG",2012,NA
"PPS","P_SAL_M","LT10","B07","D01","BG",2012,834
"PPS","P_SAL_M","LT10","B07","D111","BG",2012,707
"PPS","P_SAL_M","LT10","B07","D1111","BG",2012,682
"PPS","P_SAL_M","LT10","B08","D01","BG",2012,781
"PPS","P_SAL_M","LT10","B08","D111","BG",2012,648
"PPS","P_SAL_M","LT10","B08","D1111","BG",2012,605
"PPS","P_SAL_M","LT10","B09","D01","BG",2012,2103
"PPS","P_SAL_M","LT10","B09","D111","BG",2012,1864
"PPS","P_SAL_M","LT10","B09","D1111","BG",2012,1765
"PPS","P_SAL_M","LT10","C","D01","BG",2012,512
"PPS","P_SAL_M","LT10","C","D111","BG",2012,428
"PPS","P_SAL_M","LT10","C","D1111","BG",2012,403
"PPS","P_SAL_M","LT10","C10","D01","BG",2012,491
"PPS","P_SAL_M","LT10","C10","D111","BG",2012,409
"PPS","P_SAL_M","LT10","C10","D1111","BG",2012,389
"PPS","P_SAL_M","LT10","C11","D01","BG",2012,NA
"PPS","P_SAL_M","LT10","C11","D111","BG",2012,NA
"PPS","P_SAL_M","LT10","C11","D1111","BG",2012,NA
"PPS","P_SAL_M","LT10","C12","D01","BG",2012,1055
"PPS","P_SAL_M","LT10","C12","D111","BG",2012,866
"PPS","P_SAL_M","LT10","C12","D1111","BG",2012,777
"PPS","P_SAL_M","LT10","C13","D01","BG",2012,NA
"PPS","P_SAL_M","LT10","C13","D111","BG",2012,NA
"PPS","P_SAL_M","LT10","C13","D1111","BG",2012,NA
"PPS","P_SAL_M","LT10","C14","D01","BG",2012,436
"PPS","P_SAL_M","LT10","C14","D111","BG",2012,364
"PPS","P_SAL_M","LT10","C14","D1111","BG",2012,346
"PPS","P_SAL_M","LT10","C15","D01","BG",2012,NA
"PPS","P_SAL_M","LT10","C15","D111","BG",2012,NA
"PPS","P_SAL_M","LT10","C15","D1111","BG",2012,NA
"PPS","P_SAL_M","LT10","C16","D01","BG",2012,427
"PPS","P_SAL_M","LT10","C16","D111","BG",2012,354
"PPS","P_SAL_M","LT10","C16","D1111","BG",2012,333
"PPS","P_SAL_M","LT10","C17","D01","BG",2012,NA
"PPS","P_SAL_M","LT10","C17","D111","BG",2012,NA
"PPS","P_SAL_M","LT10","C17","D1111","BG",2012,NA
"PPS","P_SAL_M","LT10","C18","D01","BG",2012,507
"PPS","P_SAL_M","LT10","C18","D111","BG",2012,424
"PPS","P_SAL_M","LT10","C18","D1111","BG",2012,396
"PPS","P_SAL_M","LT10","C19","D01","BG",2012,NA
"PPS","P_SAL_M","LT10","C19","D111","BG",2012,NA
"PPS","P_SAL_M","LT10","C19","D1111","BG",2012,NA
"PPS","P_SAL_M","LT10","C20","D01","BG",2012,655
"PPS","P_SAL_M","LT10","C20","D111","BG",2012,551
"PPS","P_SAL_M","LT10","C20","D1111","BG",2012,516
"PPS","P_SAL_M","LT10","C21","D01","BG",2012,NA
"PPS","P_SAL_M","LT10","C21","D111","BG",2012,NA
"PPS","P_SAL_M","LT10","C21","D1111","BG",2012,NA
"PPS","P_SAL_M","LT10","C22","D01","BG",2012,481
"PPS","P_SAL_M","LT10","C22","D111","BG",2012,400
"PPS","P_SAL_M","LT10","C22","D1111","BG",2012,375
"PPS","P_SAL_M","LT10","C23","D01","BG",2012,563
"PPS","P_SAL_M","LT10","C23","D111","BG",2012,467
"PPS","P_SAL_M","LT10","C23","D1111","BG",2012,440
"PPS","P_SAL_M","LT10","C24","D01","BG",2012,NA
"PPS","P_SAL_M","LT10","C24","D111","BG",2012,NA
"PPS","P_SAL_M","LT10","C24","D1111","BG",2012,NA
"PPS","P_SAL_M","LT10","C25","D01","BG",2012,529
"PPS","P_SAL_M","LT10","C25","D111","BG",2012,441
"PPS","P_SAL_M","LT10","C25","D1111","BG",2012,414
"PPS","P_SAL_M","LT10","C26","D01","BG",2012,828
"PPS","P_SAL_M","LT10","C26","D111","BG",2012,701
"PPS","P_SAL_M","LT10","C26","D1111","BG",2012,657
"PPS","P_SAL_M","LT10","C27","D01","BG",2012,NA
"PPS","P_SAL_M","LT10","C27","D111","BG",2012,NA
"PPS","P_SAL_M","LT10","C27","D1111","BG",2012,NA
"PPS","P_SAL_M","LT10","C28","D01","BG",2012,674
"PPS","P_SAL_M","LT10","C28","D111","BG",2012,560
"PPS","P_SAL_M","LT10","C28","D1111","BG",2012,523
"PPS","P_SAL_M","LT10","C29","D01","BG",2012,556
"PPS","P_SAL_M","LT10","C29","D111","BG",2012,464
"PPS","P_SAL_M","LT10","C29","D1111","BG",2012,432
"PPS","P_SAL_M","LT10","C30","D01","BG",2012,864
"PPS","P_SAL_M","LT10","C30","D111","BG",2012,729
"PPS","P_SAL_M","LT10","C30","D1111","BG",2012,696
"PPS","P_SAL_M","LT10","C31","D01","BG",2012,422
"PPS","P_SAL_M","LT10","C31","D111","BG",2012,353
"PPS","P_SAL_M","LT10","C31","D1111","BG",2012,332
"PPS","P_SAL_M","LT10","C32","D01","BG",2012,496
"PPS","P_SAL_M","LT10","C32","D111","BG",2012,414
"PPS","P_SAL_M","LT10","C32","D1111","BG",2012,388
"PPS","P_SAL_M","LT10","C33","D01","BG",2012,716
"PPS","P_SAL_M","LT10","C33","D111","BG",2012,608
"PPS","P_SAL_M","LT10","C33","D1111","BG",2012,573
"PPS","P_SAL_M","LT10","D","D01","BG",2012,1293
"PPS","P_SAL_M","LT10","D","D111","BG",2012,1131
"PPS","P_SAL_M","LT10","D","D1111","BG",2012,1069
"PPS","P_SAL_M","LT10","D35","D01","BG",2012,1293
"PPS","P_SAL_M","LT10","D35","D111","BG",2012,1131
"PPS","P_SAL_M","LT10","D35","D1111","BG",2012,1069
"PPS","P_SAL_M","LT10","E","D01","BG",2012,737
"PPS","P_SAL_M","LT10","E","D111","BG",2012,629
"PPS","P_SAL_M","LT10","E","D1111","BG",2012,589
"PPS","P_SAL_M","LT10","E36","D01","BG",2012,1205
"PPS","P_SAL_M","LT10","E36","D111","BG",2012,1020
"PPS","P_SAL_M","LT10","E36","D1111","BG",2012,927
"PPS","P_SAL_M","LT10","E37","D01","BG",2012,647
"PPS","P_SAL_M","LT10","E37","D111","BG",2012,544
"PPS","P_SAL_M","LT10","E37","D1111","BG",2012,523
"PPS","P_SAL_M","LT10","E38","D01","BG",2012,715
"PPS","P_SAL_M","LT10","E38","D111","BG",2012,610
"PPS","P_SAL_M","LT10","E38","D1111","BG",2012,572
"PPS","P_SAL_M","LT10","E39","D01","BG",2012,858
"PPS","P_SAL_M","LT10","E39","D111","BG",2012,744
"PPS","P_SAL_M","LT10","E39","D1111","BG",2012,691
"PPS","P_SAL_M","LT10","F","D01","BG",2012,640
"PPS","P_SAL_M","LT10","F","D111","BG",2012,538
"PPS","P_SAL_M","LT10","F","D1111","BG",2012,507
"PPS","P_SAL_M","LT10","F41","D01","BG",2012,614
"PPS","P_SAL_M","LT10","F41","D111","BG",2012,515
"PPS","P_SAL_M","LT10","F41","D1111","BG",2012,485
"PPS","P_SAL_M","LT10","F42","D01","BG",2012,834
"PPS","P_SAL_M","LT10","F42","D111","BG",2012,712
"PPS","P_SAL_M","LT10","F42","D1111","BG",2012,668
"PPS","P_SAL_M","LT10","F43","D01","BG",2012,624
"PPS","P_SAL_M","LT10","F43","D111","BG",2012,523
"PPS","P_SAL_M","LT10","F43","D1111","BG",2012,494
"PPS","P_SAL_M","LT10","G","D01","BG",2012,619
"PPS","P_SAL_M","LT10","G","D111","BG",2012,520
"PPS","P_SAL_M","LT10","G","D1111","BG",2012,491
"PPS","P_SAL_M","LT10","G-J","D01","BG",2012,625
"PPS","P_SAL_M","LT10","G-J","D111","BG",2012,525
"PPS","P_SAL_M","LT10","G-J","D1111","BG",2012,497
"PPS","P_SAL_M","LT10","G-N","D01","BG",2012,683
"PPS","P_SAL_M","LT10","G-N","D111","BG",2012,577
"PPS","P_SAL_M","LT10","G-N","D1111","BG",2012,545
"PPS","P_SAL_M","LT10","G-S_X_O","D01","BG",2012,670
"PPS","P_SAL_M","LT10","G-S_X_O","D111","BG",2012,567
"PPS","P_SAL_M","LT10","G-S_X_O","D1111","BG",2012,534
"PPS","P_SAL_M","LT10","G45","D01","BG",2012,583
"PPS","P_SAL_M","LT10","G45","D111","BG",2012,488
"PPS","P_SAL_M","LT10","G45","D1111","BG",2012,459
"PPS","P_SAL_M","LT10","G46","D01","BG",2012,876
"PPS","P_SAL_M","LT10","G46","D111","BG",2012,747
"PPS","P_SAL_M","LT10","G46","D1111","BG",2012,701
"PPS","P_SAL_M","LT10","G47","D01","BG",2012,528
"PPS","P_SAL_M","LT10","G47","D111","BG",2012,440
"PPS","P_SAL_M","LT10","G47","D1111","BG",2012,417
"PPS","P_SAL_M","LT10","H","D01","BG",2012,610
"PPS","P_SAL_M","LT10","H","D111","BG",2012,500
"PPS","P_SAL_M","LT10","H","D1111","BG",2012,472
"PPS","P_SAL_M","LT10","H49","D01","BG",2012,552
"PPS","P_SAL_M","LT10","H49","D111","BG",2012,446
"PPS","P_SAL_M","LT10","H49","D1111","BG",2012,421
"PPS","P_SAL_M","LT10","H50","D01","BG",2012,1100
"PPS","P_SAL_M","LT10","H50","D111","BG",2012,939
"PPS","P_SAL_M","LT10","H50","D1111","BG",2012,907
"PPS","P_SAL_M","LT10","H51","D01","BG",2012,NA
"PPS","P_SAL_M","LT10","H51","D111","BG",2012,NA
"PPS","P_SAL_M","LT10","H51","D1111","BG",2012,NA
"PPS","P_SAL_M","LT10","H52","D01","BG",2012,1036
"PPS","P_SAL_M","LT10","H52","D111","BG",2012,891
"PPS","P_SAL_M","LT10","H52","D1111","BG",2012,837
"PPS","P_SAL_M","LT10","H53","D01","BG",2012,501
"PPS","P_SAL_M","LT10","H53","D111","BG",2012,420
"PPS","P_SAL_M","LT10","H53","D1111","BG",2012,397
"PPS","P_SAL_M","LT10","I","D01","BG",2012,487
"PPS","P_SAL_M","LT10","I","D111","BG",2012,406
"PPS","P_SAL_M","LT10","I","D1111","BG",2012,389
"PPS","P_SAL_M","LT10","I55","D01","BG",2012,569
"PPS","P_SAL_M","LT10","I55","D111","BG",2012,473
"PPS","P_SAL_M","LT10","I55","D1111","BG",2012,450
"PPS","P_SAL_M","LT10","I56","D01","BG",2012,476
"PPS","P_SAL_M","LT10","I56","D111","BG",2012,397
"PPS","P_SAL_M","LT10","I56","D1111","BG",2012,381
"PPS","P_SAL_M","LT10","J","D01","BG",2012,1293
"PPS","P_SAL_M","LT10","J","D111","BG",2012,1132
"PPS","P_SAL_M","LT10","J","D1111","BG",2012,1063
"PPS","P_SAL_M","LT10","J58","D01","BG",2012,NA
"PPS","P_SAL_M","LT10","J58","D111","BG",2012,NA
"PPS","P_SAL_M","LT10","J58","D1111","BG",2012,NA
"PPS","P_SAL_M","LT10","J59","D01","BG",2012,945
"PPS","P_SAL_M","LT10","J59","D111","BG",2012,818
"PPS","P_SAL_M","LT10","J59","D1111","BG",2012,775
"PPS","P_SAL_M","LT10","J60","D01","BG",2012,821
"PPS","P_SAL_M","LT10","J60","D111","BG",2012,689
"PPS","P_SAL_M","LT10","J60","D1111","BG",2012,644
"PPS","P_SAL_M","LT10","J61","D01","BG",2012,NA
"PPS","P_SAL_M","LT10","J61","D111","BG",2012,NA
"PPS","P_SAL_M","LT10","J61","D1111","BG",2012,NA
"PPS","P_SAL_M","LT10","J62","D01","BG",2012,1596
"PPS","P_SAL_M","LT10","J62","D111","BG",2012,1412
"PPS","P_SAL_M","LT10","J62","D1111","BG",2012,1326
"PPS","P_SAL_M","LT10","J63","D01","BG",2012,1143
"PPS","P_SAL_M","LT10","J63","D111","BG",2012,994
"PPS","P_SAL_M","LT10","J63","D1111","BG",2012,936
"PPS","P_SAL_M","LT10","K","D01","BG",2012,1178
"PPS","P_SAL_M","LT10","K","D111","BG",2012,1029
"PPS","P_SAL_M","LT10","K","D1111","BG",2012,973
"PPS","P_SAL_M","LT10","K-N","D01","BG",2012,904
"PPS","P_SAL_M","LT10","K-N","D111","BG",2012,778
"PPS","P_SAL_M","LT10","K-N","D1111","BG",2012,732
"PPS","P_SAL_M","LT10","K64","D01","BG",2012,1336
"PPS","P_SAL_M","LT10","K64","D111","BG",2012,1170
"PPS","P_SAL_M","LT10","K64","D1111","BG",2012,1106
"PPS","P_SAL_M","LT10","K65","D01","BG",2012,3295
"PPS","P_SAL_M","LT10","K65","D111","BG",2012,2983
"PPS","P_SAL_M","LT10","K65","D1111","BG",2012,2702
"PPS","P_SAL_M","LT10","K66","D01","BG",2012,953
"PPS","P_SAL_M","LT10","K66","D111","BG",2012,827
"PPS","P_SAL_M","LT10","K66","D1111","BG",2012,785
"PPS","P_SAL_M","LT10","L","D01","BG",2012,896
"PPS","P_SAL_M","LT10","L","D111","BG",2012,769
"PPS","P_SAL_M","LT10","L","D1111","BG",2012,722
"PPS","P_SAL_M","LT10","L68","D01","BG",2012,896
"PPS","P_SAL_M","LT10","L68","D111","BG",2012,769
"PPS","P_SAL_M","LT10","L68","D1111","BG",2012,722
"PPS","P_SAL_M","LT10","M","D01","BG",2012,928
"PPS","P_SAL_M","LT10","M","D111","BG",2012,799
"PPS","P_SAL_M","LT10","M","D1111","BG",2012,752
"PPS","P_SAL_M","LT10","M69","D01","BG",2012,727
"PPS","P_SAL_M","LT10","M69","D111","BG",2012,617
"PPS","P_SAL_M","LT10","M69","D1111","BG",2012,578
"PPS","P_SAL_M","LT10","M70","D01","BG",2012,1593
"PPS","P_SAL_M","LT10","M70","D111","BG",2012,1412
"PPS","P_SAL_M","LT10","M70","D1111","BG",2012,1341
"PPS","P_SAL_M","LT10","M71","D01","BG",2012,974
"PPS","P_SAL_M","LT10","M71","D111","BG",2012,833
"PPS","P_SAL_M","LT10","M71","D1111","BG",2012,781
"PPS","P_SAL_M","LT10","M72","D01","BG",2012,NA
"PPS","P_SAL_M","LT10","M72","D111","BG",2012,NA
"PPS","P_SAL_M","LT10","M72","D1111","BG",2012,NA
"PPS","P_SAL_M","LT10","M73","D01","BG",2012,927
"PPS","P_SAL_M","LT10","M73","D111","BG",2012,799
"PPS","P_SAL_M","LT10","M73","D1111","BG",2012,752
"PPS","P_SAL_M","LT10","M74","D01","BG",2012,925
"PPS","P_SAL_M","LT10","M74","D111","BG",2012,799
"PPS","P_SAL_M","LT10","M74","D1111","BG",2012,753
"PPS","P_SAL_M","LT10","M75","D01","BG",2012,569
"PPS","P_SAL_M","LT10","M75","D111","BG",2012,477
"PPS","P_SAL_M","LT10","M75","D1111","BG",2012,454
"PPS","P_SAL_M","LT10","N","D01","BG",2012,691
"PPS","P_SAL_M","LT10","N","D111","BG",2012,585
"PPS","P_SAL_M","LT10","N","D1111","BG",2012,550
"PPS","P_SAL_M","LT10","N77","D01","BG",2012,863
"PPS","P_SAL_M","LT10","N77","D111","BG",2012,732
"PPS","P_SAL_M","LT10","N77","D1111","BG",2012,690
"PPS","P_SAL_M","LT10","N78","D01","BG",2012,962
"PPS","P_SAL_M","LT10","N78","D111","BG",2012,817
"PPS","P_SAL_M","LT10","N78","D1111","BG",2012,770
"PPS","P_SAL_M","LT10","N79","D01","BG",2012,829
"PPS","P_SAL_M","LT10","N79","D111","BG",2012,705
"PPS","P_SAL_M","LT10","N79","D1111","BG",2012,664
"PPS","P_SAL_M","LT10","N80","D01","BG",2012,490
"PPS","P_SAL_M","LT10","N80","D111","BG",2012,415
"PPS","P_SAL_M","LT10","N80","D1111","BG",2012,391
"PPS","P_SAL_M","LT10","N81","D01","BG",2012,505
"PPS","P_SAL_M","LT10","N81","D111","BG",2012,421
"PPS","P_SAL_M","LT10","N81","D1111","BG",2012,394
"PPS","P_SAL_M","LT10","N82","D01","BG",2012,782
"PPS","P_SAL_M","LT10","N82","D111","BG",2012,664
"PPS","P_SAL_M","LT10","N82","D1111","BG",2012,620
"PPS","P_SAL_M","LT10","O","D01","BG",2012,1470
"PPS","P_SAL_M","LT10","O","D111","BG",2012,1163
"PPS","P_SAL_M","LT10","O","D1111","BG",2012,997
"PPS","P_SAL_M","LT10","O-S","D01","BG",2012,611
"PPS","P_SAL_M","LT10","O-S","D111","BG",2012,515
"PPS","P_SAL_M","LT10","O-S","D1111","BG",2012,478
"PPS","P_SAL_M","LT10","O84","D01","BG",2012,1470
"PPS","P_SAL_M","LT10","O84","D111","BG",2012,1163
"PPS","P_SAL_M","LT10","O84","D1111","BG",2012,997
"PPS","P_SAL_M","LT10","P","D01","BG",2012,683
"PPS","P_SAL_M","LT10","P","D111","BG",2012,560
"PPS","P_SAL_M","LT10","P","D1111","BG",2012,490
"PPS","P_SAL_M","LT10","P-S","D01","BG",2012,599
"PPS","P_SAL_M","LT10","P-S","D111","BG",2012,505
"PPS","P_SAL_M","LT10","P-S","D1111","BG",2012,470
"PPS","P_SAL_M","LT10","P85","D01","BG",2012,683
"PPS","P_SAL_M","LT10","P85","D111","BG",2012,560
"PPS","P_SAL_M","LT10","P85","D1111","BG",2012,490
"PPS","P_SAL_M","LT10","Q","D01","BG",2012,624
"PPS","P_SAL_M","LT10","Q","D111","BG",2012,525
"PPS","P_SAL_M","LT10","Q","D1111","BG",2012,499
"PPS","P_SAL_M","LT10","Q86","D01","BG",2012,634
"PPS","P_SAL_M","LT10","Q86","D111","BG",2012,534
"PPS","P_SAL_M","LT10","Q86","D1111","BG",2012,510
"PPS","P_SAL_M","LT10","Q87","D01","BG",2012,NA
"PPS","P_SAL_M","LT10","Q87","D111","BG",2012,NA
"PPS","P_SAL_M","LT10","Q87","D1111","BG",2012,NA
"PPS","P_SAL_M","LT10","Q88","D01","BG",2012,NA
"PPS","P_SAL_M","LT10","Q88","D111","BG",2012,NA
"PPS","P_SAL_M","LT10","Q88","D1111","BG",2012,NA
"PPS","P_SAL_M","LT10","R","D01","BG",2012,555
"PPS","P_SAL_M","LT10","R","D111","BG",2012,466
"PPS","P_SAL_M","LT10","R","D1111","BG",2012,439
"PPS","P_SAL_M","LT10","R90","D01","BG",2012,622
"PPS","P_SAL_M","LT10","R90","D111","BG",2012,523
"PPS","P_SAL_M","LT10","R90","D1111","BG",2012,487
"PPS","P_SAL_M","LT10","R91","D01","BG",2012,NA
"PPS","P_SAL_M","LT10","R91","D111","BG",2012,NA
"PPS","P_SAL_M","LT10","R91","D1111","BG",2012,NA
"PPS","P_SAL_M","LT10","R92","D01","BG",2012,474
"PPS","P_SAL_M","LT10","R92","D111","BG",2012,396
"PPS","P_SAL_M","LT10","R92","D1111","BG",2012,375
"PPS","P_SAL_M","LT10","R93","D01","BG",2012,558
"PPS","P_SAL_M","LT10","R93","D111","BG",2012,470
"PPS","P_SAL_M","LT10","R93","D1111","BG",2012,445
"PPS","P_SAL_M","LT10","S","D01","BG",2012,567
"PPS","P_SAL_M","LT10","S","D111","BG",2012,486
"PPS","P_SAL_M","LT10","S","D1111","BG",2012,454
"PPS","P_SAL_M","LT10","S94","D01","BG",2012,749
"PPS","P_SAL_M","LT10","S94","D111","BG",2012,654
"PPS","P_SAL_M","LT10","S94","D1111","BG",2012,604
"PPS","P_SAL_M","LT10","S95","D01","BG",2012,471
"PPS","P_SAL_M","LT10","S95","D111","BG",2012,394
"PPS","P_SAL_M","LT10","S95","D1111","BG",2012,374
"PPS","P_SAL_M","LT10","S96","D01","BG",2012,425
"PPS","P_SAL_M","LT10","S96","D111","BG",2012,355
"PPS","P_SAL_M","LT10","S96","D1111","BG",2012,337
"PPS","P_SAL_M","TOTAL","B","D01","BG",2012,1956
"PPS","P_SAL_M","TOTAL","B","D111","BG",2012,1492
"PPS","P_SAL_M","TOTAL","B","D1111","BG",2012,1262
"PPS","P_SAL_M","TOTAL","B-E","D01","BG",2012,1007
"PPS","P_SAL_M","TOTAL","B-E","D111","BG",2012,829
"PPS","P_SAL_M","TOTAL","B-E","D1111","BG",2012,726
"PPS","P_SAL_M","TOTAL","B-F","D01","BG",2012,982
"PPS","P_SAL_M","TOTAL","B-F","D111","BG",2012,811
"PPS","P_SAL_M","TOTAL","B-F","D1111","BG",2012,718
"PPS","P_SAL_M","TOTAL","B-N","D01","BG",2012,1013
"PPS","P_SAL_M","TOTAL","B-N","D111","BG",2012,856
"PPS","P_SAL_M","TOTAL","B-N","D1111","BG",2012,770
"PPS","P_SAL_M","TOTAL","B-S","D01","BG",2012,1021
"PPS","P_SAL_M","TOTAL","B-S","D111","BG",2012,857
"PPS","P_SAL_M","TOTAL","B-S","D1111","BG",2012,765
"PPS","P_SAL_M","TOTAL","B-S_X_O","D01","BG",2012,1005
"PPS","P_SAL_M","TOTAL","B-S_X_O","D111","BG",2012,847
"PPS","P_SAL_M","TOTAL","B-S_X_O","D1111","BG",2012,757
"PPS","P_SAL_M","TOTAL","B05","D01","BG",2012,2146
"PPS","P_SAL_M","TOTAL","B05","D111","BG",2012,1582
"PPS","P_SAL_M","TOTAL","B05","D1111","BG",2012,1289
"PPS","P_SAL_M","TOTAL","B06","D01","BG",2012,1193
"PPS","P_SAL_M","TOTAL","B06","D111","BG",2012,1020
"PPS","P_SAL_M","TOTAL","B06","D1111","BG",2012,940
"PPS","P_SAL_M","TOTAL","B07","D01","BG",2012,2230
"PPS","P_SAL_M","TOTAL","B07","D111","BG",2012,1760
"PPS","P_SAL_M","TOTAL","B07","D1111","BG",2012,1548
"PPS","P_SAL_M","TOTAL","B08","D01","BG",2012,1044
"PPS","P_SAL_M","TOTAL","B08","D111","BG",2012,851
"PPS","P_SAL_M","TOTAL","B08","D1111","BG",2012,762
"PPS","P_SAL_M","TOTAL","B09","D01","BG",2012,1703
"PPS","P_SAL_M","TOTAL","B09","D111","BG",2012,1451
"PPS","P_SAL_M","TOTAL","B09","D1111","BG",2012,1372
"PPS","P_SAL_M","TOTAL","C","D01","BG",2012,865
"PPS","P_SAL_M","TOTAL","C","D111","BG",2012,719
"PPS","P_SAL_M","TOTAL","C","D1111","BG",2012,647
"PPS","P_SAL_M","TOTAL","C10","D01","BG",2012,765
"PPS","P_SAL_M","TOTAL","C10","D111","BG",2012,642
"PPS","P_SAL_M","TOTAL","C10","D1111","BG",2012,591
"PPS","P_SAL_M","TOTAL","C11","D01","BG",2012,1188
"PPS","P_SAL_M","TOTAL","C11","D111","BG",2012,1001
"PPS","P_SAL_M","TOTAL","C11","D1111","BG",2012,889
"PPS","P_SAL_M","TOTAL","C12","D01","BG",2012,2352
"PPS","P_SAL_M","TOTAL","C12","D111","BG",2012,1883
"PPS","P_SAL_M","TOTAL","C12","D1111","BG",2012,1602
"PPS","P_SAL_M","TOTAL","C13","D01","BG",2012,777
"PPS","P_SAL_M","TOTAL","C13","D111","BG",2012,646
"PPS","P_SAL_M","TOTAL","C13","D1111","BG",2012,587
"PPS","P_SAL_M","TOTAL","C14","D01","BG",2012,572
"PPS","P_SAL_M","TOTAL","C14","D111","BG",2012,473
"PPS","P_SAL_M","TOTAL","C14","D1111","BG",2012,429
"PPS","P_SAL_M","TOTAL","C15","D01","BG",2012,528
"PPS","P_SAL_M","TOTAL","C15","D111","BG",2012,442
"PPS","P_SAL_M","TOTAL","C15","D1111","BG",2012,401
"PPS","P_SAL_M","TOTAL","C16","D01","BG",2012,592
"PPS","P_SAL_M","TOTAL","C16","D111","BG",2012,495
"PPS","P_SAL_M","TOTAL","C16","D1111","BG",2012,448
"PPS","P_SAL_M","TOTAL","C17","D01","BG",2012,836
"PPS","P_SAL_M","TOTAL","C17","D111","BG",2012,696
"PPS","P_SAL_M","TOTAL","C17","D1111","BG",2012,619
"PPS","P_SAL_M","TOTAL","C18","D01","BG",2012,873
"PPS","P_SAL_M","TOTAL","C18","D111","BG",2012,736
"PPS","P_SAL_M","TOTAL","C18","D1111","BG",2012,672
"PPS","P_SAL_M","TOTAL","C19","D01","BG",2012,3348
"PPS","P_SAL_M","TOTAL","C19","D111","BG",2012,2685
"PPS","P_SAL_M","TOTAL","C19","D1111","BG",2012,2394
"PPS","P_SAL_M","TOTAL","C20","D01","BG",2012,1245
"PPS","P_SAL_M","TOTAL","C20","D111","BG",2012,1034
"PPS","P_SAL_M","TOTAL","C20","D1111","BG",2012,931
"PPS","P_SAL_M","TOTAL","C21","D01","BG",2012,1277
"PPS","P_SAL_M","TOTAL","C21","D111","BG",2012,1066
"PPS","P_SAL_M","TOTAL","C21","D1111","BG",2012,946
"PPS","P_SAL_M","TOTAL","C22","D01","BG",2012,743
"PPS","P_SAL_M","TOTAL","C22","D111","BG",2012,624
"PPS","P_SAL_M","TOTAL","C22","D1111","BG",2012,571
"PPS","P_SAL_M","TOTAL","C23","D01","BG",2012,1066
"PPS","P_SAL_M","TOTAL","C23","D111","BG",2012,881
"PPS","P_SAL_M","TOTAL","C23","D1111","BG",2012,785
"PPS","P_SAL_M","TOTAL","C24","D01","BG",2012,1533
"PPS","P_SAL_M","TOTAL","C24","D111","BG",2012,1215
"PPS","P_SAL_M","TOTAL","C24","D1111","BG",2012,1074
"PPS","P_SAL_M","TOTAL","C25","D01","BG",2012,814
"PPS","P_SAL_M","TOTAL","C25","D111","BG",2012,678
"PPS","P_SAL_M","TOTAL","C25","D1111","BG",2012,605
"PPS","P_SAL_M","TOTAL","C26","D01","BG",2012,1265
"PPS","P_SAL_M","TOTAL","C26","D111","BG",2012,1081
"PPS","P_SAL_M","TOTAL","C26","D1111","BG",2012,965
"PPS","P_SAL_M","TOTAL","C27","D01","BG",2012,1160
"PPS","P_SAL_M","TOTAL","C27","D111","BG",2012,966
"PPS","P_SAL_M","TOTAL","C27","D1111","BG",2012,867
"PPS","P_SAL_M","TOTAL","C28","D01","BG",2012,1134
"PPS","P_SAL_M","TOTAL","C28","D111","BG",2012,945
"PPS","P_SAL_M","TOTAL","C28","D1111","BG",2012,841
"PPS","P_SAL_M","TOTAL","C29","D01","BG",2012,952
"PPS","P_SAL_M","TOTAL","C29","D111","BG",2012,804
"PPS","P_SAL_M","TOTAL","C29","D1111","BG",2012,698
"PPS","P_SAL_M","TOTAL","C30","D01","BG",2012,1028
"PPS","P_SAL_M","TOTAL","C30","D111","BG",2012,858
"PPS","P_SAL_M","TOTAL","C30","D1111","BG",2012,785
"PPS","P_SAL_M","TOTAL","C31","D01","BG",2012,581
"PPS","P_SAL_M","TOTAL","C31","D111","BG",2012,486
"PPS","P_SAL_M","TOTAL","C31","D1111","BG",2012,446
"PPS","P_SAL_M","TOTAL","C32","D01","BG",2012,813
"PPS","P_SAL_M","TOTAL","C32","D111","BG",2012,684
"PPS","P_SAL_M","TOTAL","C32","D1111","BG",2012,620
"PPS","P_SAL_M","TOTAL","C33","D01","BG",2012,1203
"PPS","P_SAL_M","TOTAL","C33","D111","BG",2012,995
"PPS","P_SAL_M","TOTAL","C33","D1111","BG",2012,884
"PPS","P_SAL_M","TOTAL","D","D01","BG",2012,2490
"PPS","P_SAL_M","TOTAL","D","D111","BG",2012,2009
"PPS","P_SAL_M","TOTAL","D","D1111","BG",2012,1558
"PPS","P_SAL_M","TOTAL","D35","D01","BG",2012,2490
"PPS","P_SAL_M","TOTAL","D35","D111","BG",2012,2009
"PPS","P_SAL_M","TOTAL","D35","D1111","BG",2012,1558
"PPS","P_SAL_M","TOTAL","E","D01","BG",2012,972
"PPS","P_SAL_M","TOTAL","E","D111","BG",2012,811
"PPS","P_SAL_M","TOTAL","E","D1111","BG",2012,700
"PPS","P_SAL_M","TOTAL","E36","D01","BG",2012,1066
"PPS","P_SAL_M","TOTAL","E36","D111","BG",2012,883
"PPS","P_SAL_M","TOTAL","E36","D1111","BG",2012,725
"PPS","P_SAL_M","TOTAL","E37","D01","BG",2012,766
"PPS","P_SAL_M","TOTAL","E37","D111","BG",2012,640
"PPS","P_SAL_M","TOTAL","E37","D1111","BG",2012,587
"PPS","P_SAL_M","TOTAL","E38","D01","BG",2012,879
"PPS","P_SAL_M","TOTAL","E38","D111","BG",2012,741
"PPS","P_SAL_M","TOTAL","E38","D1111","BG",2012,674
"PPS","P_SAL_M","TOTAL","E39","D01","BG",2012,1027
"PPS","P_SAL_M","TOTAL","E39","D111","BG",2012,869
"PPS","P_SAL_M","TOTAL","E39","D1111","BG",2012,766
"PPS","P_SAL_M","TOTAL","F","D01","BG",2012,871
"PPS","P_SAL_M","TOTAL","F","D111","BG",2012,734
"PPS","P_SAL_M","TOTAL","F","D1111","BG",2012,680
"PPS","P_SAL_M","TOTAL","F41","D01","BG",2012,763
"PPS","P_SAL_M","TOTAL","F41","D111","BG",2012,644
"PPS","P_SAL_M","TOTAL","F41","D1111","BG",2012,598
"PPS","P_SAL_M","TOTAL","F42","D01","BG",2012,1064
"PPS","P_SAL_M","TOTAL","F42","D111","BG",2012,895
"PPS","P_SAL_M","TOTAL","F42","D1111","BG",2012,822
"PPS","P_SAL_M","TOTAL","F43","D01","BG",2012,833
"PPS","P_SAL_M","TOTAL","F43","D111","BG",2012,703
"PPS","P_SAL_M","TOTAL","F43","D1111","BG",2012,654
"PPS","P_SAL_M","TOTAL","G","D01","BG",2012,860
"PPS","P_SAL_M","TOTAL","G","D111","BG",2012,731
"PPS","P_SAL_M","TOTAL","G","D1111","BG",2012,679
"PPS","P_SAL_M","TOTAL","G-J","D01","BG",2012,997
"PPS","P_SAL_M","TOTAL","G-J","D111","BG",2012,855
"PPS","P_SAL_M","TOTAL","G-J","D1111","BG",2012,776
"PPS","P_SAL_M","TOTAL","G-N","D01","BG",2012,1036
"PPS","P_SAL_M","TOTAL","G-N","D111","BG",2012,890
"PPS","P_SAL_M","TOTAL","G-N","D1111","BG",2012,810
"PPS","P_SAL_M","TOTAL","G-S_X_O","D01","BG",2012,1017
"PPS","P_SAL_M","TOTAL","G-S_X_O","D111","BG",2012,867
"PPS","P_SAL_M","TOTAL","G-S_X_O","D1111","BG",2012,779
"PPS","P_SAL_M","TOTAL","G45","D01","BG",2012,904
"PPS","P_SAL_M","TOTAL","G45","D111","BG",2012,767
"PPS","P_SAL_M","TOTAL","G45","D1111","BG",2012,709
"PPS","P_SAL_M","TOTAL","G46","D01","BG",2012,1112
"PPS","P_SAL_M","TOTAL","G46","D111","BG",2012,956
"PPS","P_SAL_M","TOTAL","G46","D1111","BG",2012,887
"PPS","P_SAL_M","TOTAL","G47","D01","BG",2012,686
"PPS","P_SAL_M","TOTAL","G47","D111","BG",2012,575
"PPS","P_SAL_M","TOTAL","G47","D1111","BG",2012,536
"PPS","P_SAL_M","TOTAL","H","D01","BG",2012,1049
"PPS","P_SAL_M","TOTAL","H","D111","BG",2012,915
"PPS","P_SAL_M","TOTAL","H","D1111","BG",2012,768
"PPS","P_SAL_M","TOTAL","H49","D01","BG",2012,848
"PPS","P_SAL_M","TOTAL","H49","D111","BG",2012,682
"PPS","P_SAL_M","TOTAL","H49","D1111","BG",2012,584
"PPS","P_SAL_M","TOTAL","H50","D01","BG",2012,2239
"PPS","P_SAL_M","TOTAL","H50","D111","BG",2012,2054
"PPS","P_SAL_M","TOTAL","H50","D1111","BG",2012,1725
"PPS","P_SAL_M","TOTAL","H51","D01","BG",2012,2834
"PPS","P_SAL_M","TOTAL","H51","D111","BG",2012,2372
"PPS","P_SAL_M","TOTAL","H51","D1111","BG",2012,2100
"PPS","P_SAL_M","TOTAL","H52","D01","BG",2012,1411
"PPS","P_SAL_M","TOTAL","H52","D111","BG",2012,1401
"PPS","P_SAL_M","TOTAL","H52","D1111","BG",2012,1130
"PPS","P_SAL_M","TOTAL","H53","D01","BG",2012,927
"PPS","P_SAL_M","TOTAL","H53","D111","BG",2012,771
"PPS","P_SAL_M","TOTAL","H53","D1111","BG",2012,663
"PPS","P_SAL_M","TOTAL","I","D01","BG",2012,633
"PPS","P_SAL_M","TOTAL","I","D111","BG",2012,529
"PPS","P_SAL_M","TOTAL","I","D1111","BG",2012,497
"PPS","P_SAL_M","TOTAL","I55","D01","BG",2012,805
"PPS","P_SAL_M","TOTAL","I55","D111","BG",2012,674
"PPS","P_SAL_M","TOTAL","I55","D1111","BG",2012,627
"PPS","P_SAL_M","TOTAL","I56","D01","BG",2012,549
"PPS","P_SAL_M","TOTAL","I56","D111","BG",2012,458
"PPS","P_SAL_M","TOTAL","I56","D1111","BG",2012,434
"PPS","P_SAL_M","TOTAL","J","D01","BG",2012,2262
"PPS","P_SAL_M","TOTAL","J","D111","BG",2012,1971
"PPS","P_SAL_M","TOTAL","J","D1111","BG",2012,1803
"PPS","P_SAL_M","TOTAL","J58","D01","BG",2012,1453
"PPS","P_SAL_M","TOTAL","J58","D111","BG",2012,1252
"PPS","P_SAL_M","TOTAL","J58","D1111","BG",2012,1139
"PPS","P_SAL_M","TOTAL","J59","D01","BG",2012,1584
"PPS","P_SAL_M","TOTAL","J59","D111","BG",2012,1396
"PPS","P_SAL_M","TOTAL","J59","D1111","BG",2012,1300
"PPS","P_SAL_M","TOTAL","J60","D01","BG",2012,1686
"PPS","P_SAL_M","TOTAL","J60","D111","BG",2012,1454
"PPS","P_SAL_M","TOTAL","J60","D1111","BG",2012,1315
"PPS","P_SAL_M","TOTAL","J61","D01","BG",2012,1942
"PPS","P_SAL_M","TOTAL","J61","D111","BG",2012,1660
"PPS","P_SAL_M","TOTAL","J61","D1111","BG",2012,1510
"PPS","P_SAL_M","TOTAL","J62","D01","BG",2012,2944
"PPS","P_SAL_M","TOTAL","J62","D111","BG",2012,2595
"PPS","P_SAL_M","TOTAL","J62","D1111","BG",2012,2383
"PPS","P_SAL_M","TOTAL","J63","D01","BG",2012,1827
"PPS","P_SAL_M","TOTAL","J63","D111","BG",2012,1588
"PPS","P_SAL_M","TOTAL","J63","D1111","BG",2012,1455
"PPS","P_SAL_M","TOTAL","K","D01","BG",2012,1972
"PPS","P_SAL_M","TOTAL","K","D111","BG",2012,1691
"PPS","P_SAL_M","TOTAL","K","D1111","BG",2012,1520
"PPS","P_SAL_M","TOTAL","K-N","D01","BG",2012,1140
"PPS","P_SAL_M","TOTAL","K-N","D111","BG",2012,984
"PPS","P_SAL_M","TOTAL","K-N","D1111","BG",2012,899
"PPS","P_SAL_M","TOTAL","K64","D01","BG",2012,2024
"PPS","P_SAL_M","TOTAL","K64","D111","BG",2012,1730
"PPS","P_SAL_M","TOTAL","K64","D1111","BG",2012,1542
"PPS","P_SAL_M","TOTAL","K65","D01","BG",2012,2250
"PPS","P_SAL_M","TOTAL","K65","D111","BG",2012,1962
"PPS","P_SAL_M","TOTAL","K65","D1111","BG",2012,1808
"PPS","P_SAL_M","TOTAL","K66","D01","BG",2012,1349
"PPS","P_SAL_M","TOTAL","K66","D111","BG",2012,1173
"PPS","P_SAL_M","TOTAL","K66","D1111","BG",2012,1096
"PPS","P_SAL_M","TOTAL","L","D01","BG",2012,986
"PPS","P_SAL_M","TOTAL","L","D111","BG",2012,845
"PPS","P_SAL_M","TOTAL","L","D1111","BG",2012,780
"PPS","P_SAL_M","TOTAL","L68","D01","BG",2012,986
"PPS","P_SAL_M","TOTAL","L68","D111","BG",2012,845
"PPS","P_SAL_M","TOTAL","L68","D1111","BG",2012,780
"PPS","P_SAL_M","TOTAL","M","D01","BG",2012,1369
"PPS","P_SAL_M","TOTAL","M","D111","BG",2012,1186
"PPS","P_SAL_M","TOTAL","M","D1111","BG",2012,1093
"PPS","P_SAL_M","TOTAL","M69","D01","BG",2012,1067
"PPS","P_SAL_M","TOTAL","M69","D111","BG",2012,921
"PPS","P_SAL_M","TOTAL","M69","D1111","BG",2012,854
"PPS","P_SAL_M","TOTAL","M70","D01","BG",2012,2032
"PPS","P_SAL_M","TOTAL","M70","D111","BG",2012,1795
"PPS","P_SAL_M","TOTAL","M70","D1111","BG",2012,1658
"PPS","P_SAL_M","TOTAL","M71","D01","BG",2012,1440
"PPS","P_SAL_M","TOTAL","M71","D111","BG",2012,1238
"PPS","P_SAL_M","TOTAL","M71","D1111","BG",2012,1145
"PPS","P_SAL_M","TOTAL","M72","D01","BG",2012,1084
"PPS","P_SAL_M","TOTAL","M72","D111","BG",2012,917
"PPS","P_SAL_M","TOTAL","M72","D1111","BG",2012,807
"PPS","P_SAL_M","TOTAL","M73","D01","BG",2012,1544
"PPS","P_SAL_M","TOTAL","M73","D111","BG",2012,1350
"PPS","P_SAL_M","TOTAL","M73","D1111","BG",2012,1261
"PPS","P_SAL_M","TOTAL","M74","D01","BG",2012,1409
"PPS","P_SAL_M","TOTAL","M74","D111","BG",2012,1226
"PPS","P_SAL_M","TOTAL","M74","D1111","BG",2012,1136
"PPS","P_SAL_M","TOTAL","M75","D01","BG",2012,579
"PPS","P_SAL_M","TOTAL","M75","D111","BG",2012,488
"PPS","P_SAL_M","TOTAL","M75","D1111","BG",2012,460
"PPS","P_SAL_M","TOTAL","N","D01","BG",2012,633
"PPS","P_SAL_M","TOTAL","N","D111","BG",2012,551
"PPS","P_SAL_M","TOTAL","N","D1111","BG",2012,509
"PPS","P_SAL_M","TOTAL","N77","D01","BG",2012,1042
"PPS","P_SAL_M","TOTAL","N77","D111","BG",2012,884
"PPS","P_SAL_M","TOTAL","N77","D1111","BG",2012,825
"PPS","P_SAL_M","TOTAL","N78","D01","BG",2012,1276
"PPS","P_SAL_M","TOTAL","N78","D111","BG",2012,1077
"PPS","P_SAL_M","TOTAL","N78","D1111","BG",2012,990
"PPS","P_SAL_M","TOTAL","N79","D01","BG",2012,948
"PPS","P_SAL_M","TOTAL","N79","D111","BG",2012,807
"PPS","P_SAL_M","TOTAL","N79","D1111","BG",2012,760
"PPS","P_SAL_M","TOTAL","N80","D01","BG",2012,544
"PPS","P_SAL_M","TOTAL","N80","D111","BG",2012,460
"PPS","P_SAL_M","TOTAL","N80","D1111","BG",2012,424
"PPS","P_SAL_M","TOTAL","N81","D01","BG",2012,410
"PPS","P_SAL_M","TOTAL","N81","D111","BG",2012,394
"PPS","P_SAL_M","TOTAL","N81","D1111","BG",2012,362
"PPS","P_SAL_M","TOTAL","N82","D01","BG",2012,1237
"PPS","P_SAL_M","TOTAL","N82","D111","BG",2012,1058
"PPS","P_SAL_M","TOTAL","N82","D1111","BG",2012,977
"PPS","P_SAL_M","TOTAL","O","D01","BG",2012,1313
"PPS","P_SAL_M","TOTAL","O","D111","BG",2012,1031
"PPS","P_SAL_M","TOTAL","O","D1111","BG",2012,905
"PPS","P_SAL_M","TOTAL","O-S","D01","BG",2012,1050
"PPS","P_SAL_M","TOTAL","O-S","D111","BG",2012,859
"PPS","P_SAL_M","TOTAL","O-S","D1111","BG",2012,747
"PPS","P_SAL_M","TOTAL","O84","D01","BG",2012,1313
"PPS","P_SAL_M","TOTAL","O84","D111","BG",2012,1031
"PPS","P_SAL_M","TOTAL","O84","D1111","BG",2012,905
"PPS","P_SAL_M","TOTAL","P","D01","BG",2012,1016
"PPS","P_SAL_M","TOTAL","P","D111","BG",2012,832
"PPS","P_SAL_M","TOTAL","P","D1111","BG",2012,688
"PPS","P_SAL_M","TOTAL","P-S","D01","BG",2012,967
"PPS","P_SAL_M","TOTAL","P-S","D111","BG",2012,805
"PPS","P_SAL_M","TOTAL","P-S","D1111","BG",2012,697
"PPS","P_SAL_M","TOTAL","P85","D01","BG",2012,1016
"PPS","P_SAL_M","TOTAL","P85","D111","BG",2012,832
"PPS","P_SAL_M","TOTAL","P85","D1111","BG",2012,688
"PPS","P_SAL_M","TOTAL","Q","D01","BG",2012,1012
"PPS","P_SAL_M","TOTAL","Q","D111","BG",2012,852
"PPS","P_SAL_M","TOTAL","Q","D1111","BG",2012,760
"PPS","P_SAL_M","TOTAL","Q86","D01","BG",2012,1120
"PPS","P_SAL_M","TOTAL","Q86","D111","BG",2012,944
"PPS","P_SAL_M","TOTAL","Q86","D1111","BG",2012,845
"PPS","P_SAL_M","TOTAL","Q87","D01","BG",2012,646
"PPS","P_SAL_M","TOTAL","Q87","D111","BG",2012,534
"PPS","P_SAL_M","TOTAL","Q87","D1111","BG",2012,464
"PPS","P_SAL_M","TOTAL","Q88","D01","BG",2012,591
"PPS","P_SAL_M","TOTAL","Q88","D111","BG",2012,495
"PPS","P_SAL_M","TOTAL","Q88","D1111","BG",2012,432
"PPS","P_SAL_M","TOTAL","R","D01","BG",2012,854
"PPS","P_SAL_M","TOTAL","R","D111","BG",2012,729
"PPS","P_SAL_M","TOTAL","R","D1111","BG",2012,666
"PPS","P_SAL_M","TOTAL","R90","D01","BG",2012,759
"PPS","P_SAL_M","TOTAL","R90","D111","BG",2012,627
"PPS","P_SAL_M","TOTAL","R90","D1111","BG",2012,550
"PPS","P_SAL_M","TOTAL","R91","D01","BG",2012,717
"PPS","P_SAL_M","TOTAL","R91","D111","BG",2012,593
"PPS","P_SAL_M","TOTAL","R91","D1111","BG",2012,515
"PPS","P_SAL_M","TOTAL","R92","D01","BG",2012,725
"PPS","P_SAL_M","TOTAL","R92","D111","BG",2012,607
"PPS","P_SAL_M","TOTAL","R92","D1111","BG",2012,559
"PPS","P_SAL_M","TOTAL","R93","D01","BG",2012,1113
"PPS","P_SAL_M","TOTAL","R93","D111","BG",2012,986
"PPS","P_SAL_M","TOTAL","R93","D1111","BG",2012,926
"PPS","P_SAL_M","TOTAL","S","D01","BG",2012,667
"PPS","P_SAL_M","TOTAL","S","D111","BG",2012,574
"PPS","P_SAL_M","TOTAL","S","D1111","BG",2012,528
"PPS","P_SAL_M","TOTAL","S94","D01","BG",2012,833
"PPS","P_SAL_M","TOTAL","S94","D111","BG",2012,728
"PPS","P_SAL_M","TOTAL","S94","D1111","BG",2012,664
"PPS","P_SAL_M","TOTAL","S95","D01","BG",2012,591
"PPS","P_SAL_M","TOTAL","S95","D111","BG",2012,497
"PPS","P_SAL_M","TOTAL","S95","D1111","BG",2012,465
"PPS","P_SAL_M","TOTAL","S96","D01","BG",2012,467
"PPS","P_SAL_M","TOTAL","S96","D111","BG",2012,390
"PPS","P_SAL_M","TOTAL","S96","D1111","BG",2012,365
"PPS","P_SAL_Y","10-49","B","D01","BG",2012,13081
"PPS","P_SAL_Y","10-49","B","D111","BG",2012,10884
"PPS","P_SAL_Y","10-49","B","D1111","BG",2012,9912
"PPS","P_SAL_Y","10-49","B-E","D01","BG",2012,7672
"PPS","P_SAL_Y","10-49","B-E","D111","BG",2012,6441
"PPS","P_SAL_Y","10-49","B-E","D1111","BG",2012,5936
"PPS","P_SAL_Y","10-49","B-F","D01","BG",2012,8048
"PPS","P_SAL_Y","10-49","B-F","D111","BG",2012,6772
"PPS","P_SAL_Y","10-49","B-F","D1111","BG",2012,6264
"PPS","P_SAL_Y","10-49","B-N","D01","BG",2012,10010
"PPS","P_SAL_Y","10-49","B-N","D111","BG",2012,8528
"PPS","P_SAL_Y","10-49","B-N","D1111","BG",2012,7922
"PPS","P_SAL_Y","10-49","B-S","D01","BG",2012,10255
"PPS","P_SAL_Y","10-49","B-S","D111","BG",2012,8637
"PPS","P_SAL_Y","10-49","B-S","D1111","BG",2012,7850
"PPS","P_SAL_Y","10-49","B-S_X_O","D01","BG",2012,10024
"PPS","P_SAL_Y","10-49","B-S_X_O","D111","BG",2012,8474
"PPS","P_SAL_Y","10-49","B-S_X_O","D1111","BG",2012,7727
"PPS","P_SAL_Y","10-49","B05","D01","BG",2012,NA
"PPS","P_SAL_Y","10-49","B05","D111","BG",2012,NA
"PPS","P_SAL_Y","10-49","B05","D1111","BG",2012,NA
"PPS","P_SAL_Y","10-49","B06","D01","BG",2012,41809
"PPS","P_SAL_Y","10-49","B06","D111","BG",2012,37373
"PPS","P_SAL_Y","10-49","B06","D1111","BG",2012,34933
"PPS","P_SAL_Y","10-49","B07","D01","BG",2012,NA
"PPS","P_SAL_Y","10-49","B07","D111","BG",2012,NA
"PPS","P_SAL_Y","10-49","B07","D1111","BG",2012,NA
"PPS","P_SAL_Y","10-49","B08","D01","BG",2012,12122
"PPS","P_SAL_Y","10-49","B08","D111","BG",2012,10012
"PPS","P_SAL_Y","10-49","B08","D1111","BG",2012,9090
"PPS","P_SAL_Y","10-49","B09","D01","BG",2012,NA
"PPS","P_SAL_Y","10-49","B09","D111","BG",2012,NA
"PPS","P_SAL_Y","10-49","B09","D1111","BG",2012,NA
"PPS","P_SAL_Y","10-49","C","D01","BG",2012,7352
"PPS","P_SAL_Y","10-49","C","D111","BG",2012,6161
"PPS","P_SAL_Y","10-49","C","D1111","BG",2012,5688
"PPS","P_SAL_Y","10-49","C10","D01","BG",2012,6892
"PPS","P_SAL_Y","10-49","C10","D111","BG",2012,5757
"PPS","P_SAL_Y","10-49","C10","D1111","BG",2012,5338
"PPS","P_SAL_Y","10-49","C11","D01","BG",2012,8687
"PPS","P_SAL_Y","10-49","C11","D111","BG",2012,7313
"PPS","P_SAL_Y","10-49","C11","D1111","BG",2012,6708
"PPS","P_SAL_Y","10-49","C12","D01","BG",2012,NA
"PPS","P_SAL_Y","10-49","C12","D111","BG",2012,NA
"PPS","P_SAL_Y","10-49","C12","D1111","BG",2012,NA
"PPS","P_SAL_Y","10-49","C13","D01","BG",2012,7196
"PPS","P_SAL_Y","10-49","C13","D111","BG",2012,5986
"PPS","P_SAL_Y","10-49","C13","D1111","BG",2012,5493
"PPS","P_SAL_Y","10-49","C14","D01","BG",2012,5371
"PPS","P_SAL_Y","10-49","C14","D111","BG",2012,4464
"PPS","P_SAL_Y","10-49","C14","D1111","BG",2012,4128
"PPS","P_SAL_Y","10-49","C15","D01","BG",2012,5409
"PPS","P_SAL_Y","10-49","C15","D111","BG",2012,4516
"PPS","P_SAL_Y","10-49","C15","D1111","BG",2012,4168
"PPS","P_SAL_Y","10-49","C16","D01","BG",2012,5405
"PPS","P_SAL_Y","10-49","C16","D111","BG",2012,4511
"PPS","P_SAL_Y","10-49","C16","D1111","BG",2012,4173
"PPS","P_SAL_Y","10-49","C17","D01","BG",2012,6742
"PPS","P_SAL_Y","10-49","C17","D111","BG",2012,5640
"PPS","P_SAL_Y","10-49","C17","D1111","BG",2012,5175
"PPS","P_SAL_Y","10-49","C18","D01","BG",2012,8144
"PPS","P_SAL_Y","10-49","C18","D111","BG",2012,6887
"PPS","P_SAL_Y","10-49","C18","D1111","BG",2012,6331
"PPS","P_SAL_Y","10-49","C19","D01","BG",2012,NA
"PPS","P_SAL_Y","10-49","C19","D111","BG",2012,NA
"PPS","P_SAL_Y","10-49","C19","D1111","BG",2012,NA
"PPS","P_SAL_Y","10-49","C20","D01","BG",2012,9594
"PPS","P_SAL_Y","10-49","C20","D111","BG",2012,8087
"PPS","P_SAL_Y","10-49","C20","D1111","BG",2012,7518
"PPS","P_SAL_Y","10-49","C21","D01","BG",2012,10957
"PPS","P_SAL_Y","10-49","C21","D111","BG",2012,9285
"PPS","P_SAL_Y","10-49","C21","D1111","BG",2012,8582
"PPS","P_SAL_Y","10-49","C22","D01","BG",2012,7764
"PPS","P_SAL_Y","10-49","C22","D111","BG",2012,6512
"PPS","P_SAL_Y","10-49","C22","D1111","BG",2012,5984
"PPS","P_SAL_Y","10-49","C23","D01","BG",2012,8632
"PPS","P_SAL_Y","10-49","C23","D111","BG",2012,7138
"PPS","P_SAL_Y","10-49","C23","D1111","BG",2012,6586
"PPS","P_SAL_Y","10-49","C24","D01","BG",2012,9410
"PPS","P_SAL_Y","10-49","C24","D111","BG",2012,7711
"PPS","P_SAL_Y","10-49","C24","D1111","BG",2012,7101
"PPS","P_SAL_Y","10-49","C25","D01","BG",2012,8559
"PPS","P_SAL_Y","10-49","C25","D111","BG",2012,7172
"PPS","P_SAL_Y","10-49","C25","D1111","BG",2012,6596
"PPS","P_SAL_Y","10-49","C26","D01","BG",2012,12611
"PPS","P_SAL_Y","10-49","C26","D111","BG",2012,10782
"PPS","P_SAL_Y","10-49","C26","D1111","BG",2012,9933
"PPS","P_SAL_Y","10-49","C27","D01","BG",2012,12168
"PPS","P_SAL_Y","10-49","C27","D111","BG",2012,10551
"PPS","P_SAL_Y","10-49","C27","D1111","BG",2012,9840
"PPS","P_SAL_Y","10-49","C28","D01","BG",2012,9687
"PPS","P_SAL_Y","10-49","C28","D111","BG",2012,8145
"PPS","P_SAL_Y","10-49","C28","D1111","BG",2012,7497
"PPS","P_SAL_Y","10-49","C29","D01","BG",2012,11553
"PPS","P_SAL_Y","10-49","C29","D111","BG",2012,9783
"PPS","P_SAL_Y","10-49","C29","D1111","BG",2012,9018
"PPS","P_SAL_Y","10-49","C30","D01","BG",2012,8974
"PPS","P_SAL_Y","10-49","C30","D111","BG",2012,7520
"PPS","P_SAL_Y","10-49","C30","D1111","BG",2012,7060
"PPS","P_SAL_Y","10-49","C31","D01","BG",2012,5722
"PPS","P_SAL_Y","10-49","C31","D111","BG",2012,4795
"PPS","P_SAL_Y","10-49","C31","D1111","BG",2012,4422
"PPS","P_SAL_Y","10-49","C32","D01","BG",2012,NA
"PPS","P_SAL_Y","10-49","C32","D111","BG",2012,NA
"PPS","P_SAL_Y","10-49","C32","D1111","BG",2012,NA
"PPS","P_SAL_Y","10-49","C33","D01","BG",2012,11432
"PPS","P_SAL_Y","10-49","C33","D111","BG",2012,9635
"PPS","P_SAL_Y","10-49","C33","D1111","BG",2012,8936
"PPS","P_SAL_Y","10-49","D","D01","BG",2012,22519
"PPS","P_SAL_Y","10-49","D","D111","BG",2012,19777
"PPS","P_SAL_Y","10-49","D","D1111","BG",2012,17752
"PPS","P_SAL_Y","10-49","D35","D01","BG",2012,22519
"PPS","P_SAL_Y","10-49","D35","D111","BG",2012,19777
"PPS","P_SAL_Y","10-49","D35","D1111","BG",2012,17752
"PPS","P_SAL_Y","10-49","E","D01","BG",2012,8835
"PPS","P_SAL_Y","10-49","E","D111","BG",2012,7462
"PPS","P_SAL_Y","10-49","E","D1111","BG",2012,6806
"PPS","P_SAL_Y","10-49","E36","D01","BG",2012,9269
"PPS","P_SAL_Y","10-49","E36","D111","BG",2012,7705
"PPS","P_SAL_Y","10-49","E36","D1111","BG",2012,6401
"PPS","P_SAL_Y","10-49","E37","D01","BG",2012,8513
"PPS","P_SAL_Y","10-49","E37","D111","BG",2012,7117
"PPS","P_SAL_Y","10-49","E37","D1111","BG",2012,6559
"PPS","P_SAL_Y","10-49","E38","D01","BG",2012,8356
"PPS","P_SAL_Y","10-49","E38","D111","BG",2012,7045
"PPS","P_SAL_Y","10-49","E38","D1111","BG",2012,6478
"PPS","P_SAL_Y","10-49","E39","D01","BG",2012,14598
"PPS","P_SAL_Y","10-49","E39","D111","BG",2012,12688
"PPS","P_SAL_Y","10-49","E39","D1111","BG",2012,11712
"PPS","P_SAL_Y","10-49","F","D01","BG",2012,9037
"PPS","P_SAL_Y","10-49","F","D111","BG",2012,7643
"PPS","P_SAL_Y","10-49","F","D1111","BG",2012,7127
"PPS","P_SAL_Y","10-49","F41","D01","BG",2012,7898
"PPS","P_SAL_Y","10-49","F41","D111","BG",2012,6652
"PPS","P_SAL_Y","10-49","F41","D1111","BG",2012,6196
"PPS","P_SAL_Y","10-49","F42","D01","BG",2012,11379
"PPS","P_SAL_Y","10-49","F42","D111","BG",2012,9715
"PPS","P_SAL_Y","10-49","F42","D1111","BG",2012,9101
"PPS","P_SAL_Y","10-49","F43","D01","BG",2012,9359
"PPS","P_SAL_Y","10-49","F43","D111","BG",2012,7905
"PPS","P_SAL_Y","10-49","F43","D1111","BG",2012,7359
"PPS","P_SAL_Y","10-49","G","D01","BG",2012,10237
"PPS","P_SAL_Y","10-49","G","D111","BG",2012,8726
"PPS","P_SAL_Y","10-49","G","D1111","BG",2012,8116
"PPS","P_SAL_Y","10-49","G-J","D01","BG",2012,10368
"PPS","P_SAL_Y","10-49","G-J","D111","BG",2012,8822
"PPS","P_SAL_Y","10-49","G-J","D1111","BG",2012,8219
"PPS","P_SAL_Y","10-49","G-N","D01","BG",2012,11311
"PPS","P_SAL_Y","10-49","G-N","D111","BG",2012,9693
"PPS","P_SAL_Y","10-49","G-N","D1111","BG",2012,9022
"PPS","P_SAL_Y","10-49","G-S_X_O","D01","BG",2012,10912
"PPS","P_SAL_Y","10-49","G-S_X_O","D111","BG",2012,9239
"PPS","P_SAL_Y","10-49","G-S_X_O","D1111","BG",2012,8384
"PPS","P_SAL_Y","10-49","G45","D01","BG",2012,10851
"PPS","P_SAL_Y","10-49","G45","D111","BG",2012,9206
"PPS","P_SAL_Y","10-49","G45","D1111","BG",2012,8551
"PPS","P_SAL_Y","10-49","G46","D01","BG",2012,12717
"PPS","P_SAL_Y","10-49","G46","D111","BG",2012,10989
"PPS","P_SAL_Y","10-49","G46","D1111","BG",2012,10222
"PPS","P_SAL_Y","10-49","G47","D01","BG",2012,7694
"PPS","P_SAL_Y","10-49","G47","D111","BG",2012,6422
"PPS","P_SAL_Y","10-49","G47","D1111","BG",2012,5974
"PPS","P_SAL_Y","10-49","H","D01","BG",2012,9080
"PPS","P_SAL_Y","10-49","H","D111","BG",2012,7457
"PPS","P_SAL_Y","10-49","H","D1111","BG",2012,6944
"PPS","P_SAL_Y","10-49","H49","D01","BG",2012,7554
"PPS","P_SAL_Y","10-49","H49","D111","BG",2012,6080
"PPS","P_SAL_Y","10-49","H49","D1111","BG",2012,5674
"PPS","P_SAL_Y","10-49","H50","D01","BG",2012,14226
"PPS","P_SAL_Y","10-49","H50","D111","BG",2012,12288
"PPS","P_SAL_Y","10-49","H50","D1111","BG",2012,11817
"PPS","P_SAL_Y","10-49","H51","D01","BG",2012,27412
"PPS","P_SAL_Y","10-49","H51","D111","BG",2012,22694
"PPS","P_SAL_Y","10-49","H51","D1111","BG",2012,20705
"PPS","P_SAL_Y","10-49","H52","D01","BG",2012,17267
"PPS","P_SAL_Y","10-49","H52","D111","BG",2012,14864
"PPS","P_SAL_Y","10-49","H52","D1111","BG",2012,13773
"PPS","P_SAL_Y","10-49","H53","D01","BG",2012,NA
"PPS","P_SAL_Y","10-49","H53","D111","BG",2012,NA
"PPS","P_SAL_Y","10-49","H53","D1111","BG",2012,NA
"PPS","P_SAL_Y","10-49","I","D01","BG",2012,7123
"PPS","P_SAL_Y","10-49","I","D111","BG",2012,5934
"PPS","P_SAL_Y","10-49","I","D1111","BG",2012,5577
"PPS","P_SAL_Y","10-49","I55","D01","BG",2012,8468
"PPS","P_SAL_Y","10-49","I55","D111","BG",2012,7055
"PPS","P_SAL_Y","10-49","I55","D1111","BG",2012,6607
"PPS","P_SAL_Y","10-49","I56","D01","BG",2012,6540
"PPS","P_SAL_Y","10-49","I56","D111","BG",2012,5448
"PPS","P_SAL_Y","10-49","I56","D1111","BG",2012,5130
"PPS","P_SAL_Y","10-49","J","D01","BG",2012,23174
"PPS","P_SAL_Y","10-49","J","D111","BG",2012,20447
"PPS","P_SAL_Y","10-49","J","D1111","BG",2012,19017
"PPS","P_SAL_Y","10-49","J58","D01","BG",2012,13692
"PPS","P_SAL_Y","10-49","J58","D111","BG",2012,11812
"PPS","P_SAL_Y","10-49","J58","D1111","BG",2012,10958
"PPS","P_SAL_Y","10-49","J59","D01","BG",2012,24551
"PPS","P_SAL_Y","10-49","J59","D111","BG",2012,21829
"PPS","P_SAL_Y","10-49","J59","D1111","BG",2012,20445
"PPS","P_SAL_Y","10-49","J60","D01","BG",2012,15230
"PPS","P_SAL_Y","10-49","J60","D111","BG",2012,12970
"PPS","P_SAL_Y","10-49","J60","D1111","BG",2012,12022
"PPS","P_SAL_Y","10-49","J61","D01","BG",2012,10387
"PPS","P_SAL_Y","10-49","J61","D111","BG",2012,8764
"PPS","P_SAL_Y","10-49","J61","D1111","BG",2012,8063
"PPS","P_SAL_Y","10-49","J62","D01","BG",2012,30563
"PPS","P_SAL_Y","10-49","J62","D111","BG",2012,27178
"PPS","P_SAL_Y","10-49","J62","D1111","BG",2012,25289
"PPS","P_SAL_Y","10-49","J63","D01","BG",2012,21864
"PPS","P_SAL_Y","10-49","J63","D111","BG",2012,19379
"PPS","P_SAL_Y","10-49","J63","D1111","BG",2012,18100
"PPS","P_SAL_Y","10-49","K","D01","BG",2012,23445
"PPS","P_SAL_Y","10-49","K","D111","BG",2012,20710
"PPS","P_SAL_Y","10-49","K","D1111","BG",2012,19154
"PPS","P_SAL_Y","10-49","K-N","D01","BG",2012,15094
"PPS","P_SAL_Y","10-49","K-N","D111","BG",2012,13186
"PPS","P_SAL_Y","10-49","K-N","D1111","BG",2012,12241
"PPS","P_SAL_Y","10-49","K64","D01","BG",2012,24852
"PPS","P_SAL_Y","10-49","K64","D111","BG",2012,22011
"PPS","P_SAL_Y","10-49","K64","D1111","BG",2012,20349
"PPS","P_SAL_Y","10-49","K65","D01","BG",2012,31231
"PPS","P_SAL_Y","10-49","K65","D111","BG",2012,27471
"PPS","P_SAL_Y","10-49","K65","D1111","BG",2012,24859
"PPS","P_SAL_Y","10-49","K66","D01","BG",2012,18429
"PPS","P_SAL_Y","10-49","K66","D111","BG",2012,16215
"PPS","P_SAL_Y","10-49","K66","D1111","BG",2012,15192
"PPS","P_SAL_Y","10-49","L","D01","BG",2012,13025
"PPS","P_SAL_Y","10-49","L","D111","BG",2012,11178
"PPS","P_SAL_Y","10-49","L","D1111","BG",2012,10250
"PPS","P_SAL_Y","10-49","L68","D01","BG",2012,13025
"PPS","P_SAL_Y","10-49","L68","D111","BG",2012,11178
"PPS","P_SAL_Y","10-49","L68","D1111","BG",2012,10250
"PPS","P_SAL_Y","10-49","M","D01","BG",2012,21080
"PPS","P_SAL_Y","10-49","M","D111","BG",2012,18620
"PPS","P_SAL_Y","10-49","M","D1111","BG",2012,17355
"PPS","P_SAL_Y","10-49","M69","D01","BG",2012,16407
"PPS","P_SAL_Y","10-49","M69","D111","BG",2012,14208
"PPS","P_SAL_Y","10-49","M69","D1111","BG",2012,13241
"PPS","P_SAL_Y","10-49","M70","D01","BG",2012,36653
"PPS","P_SAL_Y","10-49","M70","D111","BG",2012,33622
"PPS","P_SAL_Y","10-49","M70","D1111","BG",2012,31908
"PPS","P_SAL_Y","10-49","M71","D01","BG",2012,20810
"PPS","P_SAL_Y","10-49","M71","D111","BG",2012,18158
"PPS","P_SAL_Y","10-49","M71","D1111","BG",2012,16818
"PPS","P_SAL_Y","10-49","M72","D01","BG",2012,13598
"PPS","P_SAL_Y","10-49","M72","D111","BG",2012,11532
"PPS","P_SAL_Y","10-49","M72","D1111","BG",2012,10345
"PPS","P_SAL_Y","10-49","M73","D01","BG",2012,20780
"PPS","P_SAL_Y","10-49","M73","D111","BG",2012,18408
"PPS","P_SAL_Y","10-49","M73","D1111","BG",2012,17159
"PPS","P_SAL_Y","10-49","M74","D01","BG",2012,21004
"PPS","P_SAL_Y","10-49","M74","D111","BG",2012,18606
"PPS","P_SAL_Y","10-49","M74","D1111","BG",2012,17351
"PPS","P_SAL_Y","10-49","M75","D01","BG",2012,7193
"PPS","P_SAL_Y","10-49","M75","D111","BG",2012,6123
"PPS","P_SAL_Y","10-49","M75","D1111","BG",2012,5667
"PPS","P_SAL_Y","10-49","N","D01","BG",2012,8195
"PPS","P_SAL_Y","10-49","N","D111","BG",2012,7001
"PPS","P_SAL_Y","10-49","N","D1111","BG",2012,6521
"PPS","P_SAL_Y","10-49","N77","D01","BG",2012,15193
"PPS","P_SAL_Y","10-49","N77","D111","BG",2012,12963
"PPS","P_SAL_Y","10-49","N77","D1111","BG",2012,12109
"PPS","P_SAL_Y","10-49","N78","D01","BG",2012,13831
"PPS","P_SAL_Y","10-49","N78","D111","BG",2012,11661
"PPS","P_SAL_Y","10-49","N78","D1111","BG",2012,10797
"PPS","P_SAL_Y","10-49","N79","D01","BG",2012,12494
"PPS","P_SAL_Y","10-49","N79","D111","BG",2012,10675
"PPS","P_SAL_Y","10-49","N79","D1111","BG",2012,10005
"PPS","P_SAL_Y","10-49","N80","D01","BG",2012,6041
"PPS","P_SAL_Y","10-49","N80","D111","BG",2012,5098
"PPS","P_SAL_Y","10-49","N80","D1111","BG",2012,4779
"PPS","P_SAL_Y","10-49","N81","D01","BG",2012,5949
"PPS","P_SAL_Y","10-49","N81","D111","BG",2012,5186
"PPS","P_SAL_Y","10-49","N81","D1111","BG",2012,4783
"PPS","P_SAL_Y","10-49","N82","D01","BG",2012,12214
"PPS","P_SAL_Y","10-49","N82","D111","BG",2012,10568
"PPS","P_SAL_Y","10-49","N82","D1111","BG",2012,9816
"PPS","P_SAL_Y","10-49","O","D01","BG",2012,17670
"PPS","P_SAL_Y","10-49","O","D111","BG",2012,13857
"PPS","P_SAL_Y","10-49","O","D1111","BG",2012,11788
"PPS","P_SAL_Y","10-49","O-S","D01","BG",2012,11006
"PPS","P_SAL_Y","10-49","O-S","D111","BG",2012,8970
"PPS","P_SAL_Y","10-49","O-S","D1111","BG",2012,7629
"PPS","P_SAL_Y","10-49","O84","D01","BG",2012,17670
"PPS","P_SAL_Y","10-49","O84","D111","BG",2012,13857
"PPS","P_SAL_Y","10-49","O84","D1111","BG",2012,11788
"PPS","P_SAL_Y","10-49","P","D01","BG",2012,10485
"PPS","P_SAL_Y","10-49","P","D111","BG",2012,8509
"PPS","P_SAL_Y","10-49","P","D1111","BG",2012,6992
"PPS","P_SAL_Y","10-49","P-S","D01","BG",2012,10074
"PPS","P_SAL_Y","10-49","P-S","D111","BG",2012,8287
"PPS","P_SAL_Y","10-49","P-S","D1111","BG",2012,7048
"PPS","P_SAL_Y","10-49","P85","D01","BG",2012,10485
"PPS","P_SAL_Y","10-49","P85","D111","BG",2012,8509
"PPS","P_SAL_Y","10-49","P85","D1111","BG",2012,6992
"PPS","P_SAL_Y","10-49","Q","D01","BG",2012,9668
"PPS","P_SAL_Y","10-49","Q","D111","BG",2012,8152
"PPS","P_SAL_Y","10-49","Q","D1111","BG",2012,7377
"PPS","P_SAL_Y","10-49","Q86","D01","BG",2012,11805
"PPS","P_SAL_Y","10-49","Q86","D111","BG",2012,10032
"PPS","P_SAL_Y","10-49","Q86","D1111","BG",2012,9235
"PPS","P_SAL_Y","10-49","Q87","D01","BG",2012,7529
"PPS","P_SAL_Y","10-49","Q87","D111","BG",2012,6196
"PPS","P_SAL_Y","10-49","Q87","D1111","BG",2012,5414
"PPS","P_SAL_Y","10-49","Q88","D01","BG",2012,6957
"PPS","P_SAL_Y","10-49","Q88","D111","BG",2012,5841
"PPS","P_SAL_Y","10-49","Q88","D1111","BG",2012,5121
"PPS","P_SAL_Y","10-49","R","D01","BG",2012,8439
"PPS","P_SAL_Y","10-49","R","D111","BG",2012,7085
"PPS","P_SAL_Y","10-49","R","D1111","BG",2012,6476
"PPS","P_SAL_Y","10-49","R90","D01","BG",2012,8912
"PPS","P_SAL_Y","10-49","R90","D111","BG",2012,7358
"PPS","P_SAL_Y","10-49","R90","D1111","BG",2012,6512
"PPS","P_SAL_Y","10-49","R91","D01","BG",2012,8228
"PPS","P_SAL_Y","10-49","R91","D111","BG",2012,6806
"PPS","P_SAL_Y","10-49","R91","D1111","BG",2012,5926
"PPS","P_SAL_Y","10-49","R92","D01","BG",2012,7111
"PPS","P_SAL_Y","10-49","R92","D111","BG",2012,5959
"PPS","P_SAL_Y","10-49","R92","D1111","BG",2012,5593
"PPS","P_SAL_Y","10-49","R93","D01","BG",2012,9735
"PPS","P_SAL_Y","10-49","R93","D111","BG",2012,8320
"PPS","P_SAL_Y","10-49","R93","D1111","BG",2012,7771
"PPS","P_SAL_Y","10-49","S","D01","BG",2012,9430
"PPS","P_SAL_Y","10-49","S","D111","BG",2012,8089
"PPS","P_SAL_Y","10-49","S","D1111","BG",2012,7362
"PPS","P_SAL_Y","10-49","S94","D01","BG",2012,11317
"PPS","P_SAL_Y","10-49","S94","D111","BG",2012,9843
"PPS","P_SAL_Y","10-49","S94","D1111","BG",2012,8918
"PPS","P_SAL_Y","10-49","S95","D01","BG",2012,NA
"PPS","P_SAL_Y","10-49","S95","D111","BG",2012,NA
"PPS","P_SAL_Y","10-49","S95","D1111","BG",2012,NA
"PPS","P_SAL_Y","10-49","S96","D01","BG",2012,6609
"PPS","P_SAL_Y","10-49","S96","D111","BG",2012,5501
"PPS","P_SAL_Y","10-49","S96","D1111","BG",2012,5056
"PPS","P_SAL_Y","250-499","B","D01","BG",2012,13111
"PPS","P_SAL_Y","250-499","B","D111","BG",2012,10119
"PPS","P_SAL_Y","250-499","B","D1111","BG",2012,9043
"PPS","P_SAL_Y","250-499","B-E","D01","BG",2012,13187
"PPS","P_SAL_Y","250-499","B-E","D111","BG",2012,10959
"PPS","P_SAL_Y","250-499","B-E","D1111","BG",2012,9635
"PPS","P_SAL_Y","250-499","B-F","D01","BG",2012,13398
"PPS","P_SAL_Y","250-499","B-F","D111","BG",2012,11153
"PPS","P_SAL_Y","250-499","B-F","D1111","BG",2012,9848
"PPS","P_SAL_Y","250-499","B-N","D01","BG",2012,14551
"PPS","P_SAL_Y","250-499","B-N","D111","BG",2012,12289
"PPS","P_SAL_Y","250-499","B-N","D1111","BG",2012,10969
"PPS","P_SAL_Y","250-499","B-S","D01","BG",2012,14838
"PPS","P_SAL_Y","250-499","B-S","D111","BG",2012,12411
"PPS","P_SAL_Y","250-499","B-S","D1111","BG",2012,11016
"PPS","P_SAL_Y","250-499","B-S_X_O","D01","BG",2012,14485
"PPS","P_SAL_Y","250-499","B-S_X_O","D111","BG",2012,12222
"PPS","P_SAL_Y","250-499","B-S_X_O","D1111","BG",2012,10861
"PPS","P_SAL_Y","250-499","B05","D01","BG",2012,10383
"PPS","P_SAL_Y","250-499","B05","D111","BG",2012,7895
"PPS","P_SAL_Y","250-499","B05","D1111","BG",2012,7119
"PPS","P_SAL_Y","250-499","B06","D01","BG",2012,NA
"PPS","P_SAL_Y","250-499","B06","D111","BG",2012,NA
"PPS","P_SAL_Y","250-499","B06","D1111","BG",2012,NA
"PPS","P_SAL_Y","250-499","B07","D01","BG",2012,15551
"PPS","P_SAL_Y","250-499","B07","D111","BG",2012,11927
"PPS","P_SAL_Y","250-499","B07","D1111","BG",2012,10745
"PPS","P_SAL_Y","250-499","B08","D01","BG",2012,11815
"PPS","P_SAL_Y","250-499","B08","D111","BG",2012,9485
"PPS","P_SAL_Y","250-499","B08","D1111","BG",2012,8170
"PPS","P_SAL_Y","250-499","C","D01","BG",2012,12698
"PPS","P_SAL_Y","250-499","C","D111","BG",2012,10606
"PPS","P_SAL_Y","250-499","C","D1111","BG",2012,9382
"PPS","P_SAL_Y","250-499","C10","D01","BG",2012,NA
"PPS","P_SAL_Y","250-499","C10","D111","BG",2012,NA
"PPS","P_SAL_Y","250-499","C10","D1111","BG",2012,NA
"PPS","P_SAL_Y","250-499","C11","D01","BG",2012,16187
"PPS","P_SAL_Y","250-499","C11","D111","BG",2012,13750
"PPS","P_SAL_Y","250-499","C11","D1111","BG",2012,12580
"PPS","P_SAL_Y","250-499","C12","D01","BG",2012,23503
"PPS","P_SAL_Y","250-499","C12","D111","BG",2012,20229
"PPS","P_SAL_Y","250-499","C12","D1111","BG",2012,17623
"PPS","P_SAL_Y","250-499","C13","D01","BG",2012,8572
"PPS","P_SAL_Y","250-499","C13","D111","BG",2012,6972
"PPS","P_SAL_Y","250-499","C13","D1111","BG",2012,6070
"PPS","P_SAL_Y","250-499","C14","D01","BG",2012,8040
"PPS","P_SAL_Y","250-499","C14","D111","BG",2012,6745
"PPS","P_SAL_Y","250-499","C14","D1111","BG",2012,5983
"PPS","P_SAL_Y","250-499","C15","D01","BG",2012,8568
"PPS","P_SAL_Y","250-499","C15","D111","BG",2012,7277
"PPS","P_SAL_Y","250-499","C15","D1111","BG",2012,6287
"PPS","P_SAL_Y","250-499","C16","D01","BG",2012,NA
"PPS","P_SAL_Y","250-499","C16","D111","BG",2012,NA
"PPS","P_SAL_Y","250-499","C16","D1111","BG",2012,NA
"PPS","P_SAL_Y","250-499","C17","D01","BG",2012,12686
"PPS","P_SAL_Y","250-499","C17","D111","BG",2012,10393
"PPS","P_SAL_Y","250-499","C17","D1111","BG",2012,8969
"PPS","P_SAL_Y","250-499","C18","D01","BG",2012,18166
"PPS","P_SAL_Y","250-499","C18","D111","BG",2012,15571
"PPS","P_SAL_Y","250-499","C18","D1111","BG",2012,14072
"PPS","P_SAL_Y","250-499","C19","D01","BG",2012,NA
"PPS","P_SAL_Y","250-499","C19","D111","BG",2012,NA
"PPS","P_SAL_Y","250-499","C19","D1111","BG",2012,NA
"PPS","P_SAL_Y","250-499","C20","D01","BG",2012,23397
"PPS","P_SAL_Y","250-499","C20","D111","BG",2012,19462
"PPS","P_SAL_Y","250-499","C20","D1111","BG",2012,16978
"PPS","P_SAL_Y","250-499","C21","D01","BG",2012,15924
"PPS","P_SAL_Y","250-499","C21","D111","BG",2012,13374
"PPS","P_SAL_Y","250-499","C21","D1111","BG",2012,11582
"PPS","P_SAL_Y","250-499","C22","D01","BG",2012,9962
"PPS","P_SAL_Y","250-499","C22","D111","BG",2012,8423
"PPS","P_SAL_Y","250-499","C22","D1111","BG",2012,7801
"PPS","P_SAL_Y","250-499","C23","D01","BG",2012,NA
"PPS","P_SAL_Y","250-499","C23","D111","BG",2012,NA
"PPS","P_SAL_Y","250-499","C23","D1111","BG",2012,NA
"PPS","P_SAL_Y","250-499","C24","D01","BG",2012,14769
"PPS","P_SAL_Y","250-499","C24","D111","BG",2012,11715
"PPS","P_SAL_Y","250-499","C24","D1111","BG",2012,9924
"PPS","P_SAL_Y","250-499","C25","D01","BG",2012,11932
"PPS","P_SAL_Y","250-499","C25","D111","BG",2012,9923
"PPS","P_SAL_Y","250-499","C25","D1111","BG",2012,8532
"PPS","P_SAL_Y","250-499","C26","D01","BG",2012,16722
"PPS","P_SAL_Y","250-499","C26","D111","BG",2012,14277
"PPS","P_SAL_Y","250-499","C26","D1111","BG",2012,12015
"PPS","P_SAL_Y","250-499","C27","D01","BG",2012,14256
"PPS","P_SAL_Y","250-499","C27","D111","BG",2012,12019
"PPS","P_SAL_Y","250-499","C27","D1111","BG",2012,10725
"PPS","P_SAL_Y","250-499","C28","D01","BG",2012,14952
"PPS","P_SAL_Y","250-499","C28","D111","BG",2012,12486
"PPS","P_SAL_Y","250-499","C28","D1111","BG",2012,11187
"PPS","P_SAL_Y","250-499","C29","D01","BG",2012,11590
"PPS","P_SAL_Y","250-499","C29","D111","BG",2012,9685
"PPS","P_SAL_Y","250-499","C29","D1111","BG",2012,8666
"PPS","P_SAL_Y","250-499","C30","D01","BG",2012,12927
"PPS","P_SAL_Y","250-499","C30","D111","BG",2012,10672
"PPS","P_SAL_Y","250-499","C30","D1111","BG",2012,9724
"PPS","P_SAL_Y","250-499","C31","D01","BG",2012,NA
"PPS","P_SAL_Y","250-499","C31","D111","BG",2012,NA
"PPS","P_SAL_Y","250-499","C31","D1111","BG",2012,NA
"PPS","P_SAL_Y","250-499","C32","D01","BG",2012,NA
"PPS","P_SAL_Y","250-499","C32","D111","BG",2012,NA
"PPS","P_SAL_Y","250-499","C32","D1111","BG",2012,NA
"PPS","P_SAL_Y","250-499","C33","D01","BG",2012,14242
"PPS","P_SAL_Y","250-499","C33","D111","BG",2012,10955
"PPS","P_SAL_Y","250-499","C33","D1111","BG",2012,9618
"PPS","P_SAL_Y","250-499","D","D01","BG",2012,35333
"PPS","P_SAL_Y","250-499","D","D111","BG",2012,28898
"PPS","P_SAL_Y","250-499","D","D1111","BG",2012,24718
"PPS","P_SAL_Y","250-499","D35","D01","BG",2012,35333
"PPS","P_SAL_Y","250-499","D35","D111","BG",2012,28898
"PPS","P_SAL_Y","250-499","D35","D1111","BG",2012,24718
"PPS","P_SAL_Y","250-499","E","D01","BG",2012,10538
"PPS","P_SAL_Y","250-499","E","D111","BG",2012,8784
"PPS","P_SAL_Y","250-499","E","D1111","BG",2012,7508
"PPS","P_SAL_Y","250-499","E36","D01","BG",2012,11366
"PPS","P_SAL_Y","250-499","E36","D111","BG",2012,9460
"PPS","P_SAL_Y","250-499","E36","D1111","BG",2012,7746
"PPS","P_SAL_Y","250-499","E37","D01","BG",2012,NA
"PPS","P_SAL_Y","250-499","E37","D111","BG",2012,NA
"PPS","P_SAL_Y","250-499","E37","D1111","BG",2012,NA
"PPS","P_SAL_Y","250-499","E38","D01","BG",2012,9605
"PPS","P_SAL_Y","250-499","E38","D111","BG",2012,8030
"PPS","P_SAL_Y","250-499","E38","D1111","BG",2012,7312
"PPS","P_SAL_Y","250-499","F","D01","BG",2012,14821
"PPS","P_SAL_Y","250-499","F","D111","BG",2012,12459
"PPS","P_SAL_Y","250-499","F","D1111","BG",2012,11281
"PPS","P_SAL_Y","250-499","F41","D01","BG",2012,NA
"PPS","P_SAL_Y","250-499","F41","D111","BG",2012,NA
"PPS","P_SAL_Y","250-499","F41","D1111","BG",2012,NA
"PPS","P_SAL_Y","250-499","F42","D01","BG",2012,15151
"PPS","P_SAL_Y","250-499","F42","D111","BG",2012,12729
"PPS","P_SAL_Y","250-499","F42","D1111","BG",2012,11582
"PPS","P_SAL_Y","250-499","F43","D01","BG",2012,NA
"PPS","P_SAL_Y","250-499","F43","D111","BG",2012,NA
"PPS","P_SAL_Y","250-499","F43","D1111","BG",2012,NA
"PPS","P_SAL_Y","250-499","G","D01","BG",2012,14663
"PPS","P_SAL_Y","250-499","G","D111","BG",2012,12480
"PPS","P_SAL_Y","250-499","G","D1111","BG",2012,11463
"PPS","P_SAL_Y","250-499","G-J","D01","BG",2012,19832
"PPS","P_SAL_Y","250-499","G-J","D111","BG",2012,16995
"PPS","P_SAL_Y","250-499","G-J","D1111","BG",2012,15354
"PPS","P_SAL_Y","250-499","G-N","D01","BG",2012,16256
"PPS","P_SAL_Y","250-499","G-N","D111","BG",2012,13968
"PPS","P_SAL_Y","250-499","G-N","D1111","BG",2012,12627
"PPS","P_SAL_Y","250-499","G-S_X_O","D01","BG",2012,15598
"PPS","P_SAL_Y","250-499","G-S_X_O","D111","BG",2012,13316
"PPS","P_SAL_Y","250-499","G-S_X_O","D1111","BG",2012,11898
"PPS","P_SAL_Y","250-499","G45","D01","BG",2012,18520
"PPS","P_SAL_Y","250-499","G45","D111","BG",2012,15793
"PPS","P_SAL_Y","250-499","G45","D1111","BG",2012,14398
"PPS","P_SAL_Y","250-499","G46","D01","BG",2012,15682
"PPS","P_SAL_Y","250-499","G46","D111","BG",2012,13379
"PPS","P_SAL_Y","250-499","G46","D1111","BG",2012,12195
"PPS","P_SAL_Y","250-499","G47","D01","BG",2012,12833
"PPS","P_SAL_Y","250-499","G47","D111","BG",2012,10886
"PPS","P_SAL_Y","250-499","G47","D1111","BG",2012,10106
"PPS","P_SAL_Y","250-499","H","D01","BG",2012,12864
"PPS","P_SAL_Y","250-499","H","D111","BG",2012,10124
"PPS","P_SAL_Y","250-499","H","D1111","BG",2012,8511
"PPS","P_SAL_Y","250-499","H49","D01","BG",2012,12095
"PPS","P_SAL_Y","250-499","H49","D111","BG",2012,9417
"PPS","P_SAL_Y","250-499","H49","D1111","BG",2012,7946
"PPS","P_SAL_Y","250-499","H50","D01","BG",2012,NA
"PPS","P_SAL_Y","250-499","H50","D111","BG",2012,NA
"PPS","P_SAL_Y","250-499","H50","D1111","BG",2012,NA
"PPS","P_SAL_Y","250-499","H51","D01","BG",2012,NA
"PPS","P_SAL_Y","250-499","H51","D111","BG",2012,NA
"PPS","P_SAL_Y","250-499","H51","D1111","BG",2012,NA
"PPS","P_SAL_Y","250-499","H52","D01","BG",2012,NA
"PPS","P_SAL_Y","250-499","H52","D111","BG",2012,NA
"PPS","P_SAL_Y","250-499","H52","D1111","BG",2012,NA
"PPS","P_SAL_Y","250-499","H53","D01","BG",2012,NA
"PPS","P_SAL_Y","250-499","H53","D111","BG",2012,NA
"PPS","P_SAL_Y","250-499","H53","D1111","BG",2012,NA
"PPS","P_SAL_Y","250-499","I","D01","BG",2012,9347
"PPS","P_SAL_Y","250-499","I","D111","BG",2012,7796
"PPS","P_SAL_Y","250-499","I","D1111","BG",2012,7067
"PPS","P_SAL_Y","250-499","I55","D01","BG",2012,10849
"PPS","P_SAL_Y","250-499","I55","D111","BG",2012,9056
"PPS","P_SAL_Y","250-499","I55","D1111","BG",2012,8126
"PPS","P_SAL_Y","250-499","I56","D01","BG",2012,6233
"PPS","P_SAL_Y","250-499","I56","D111","BG",2012,5183
"PPS","P_SAL_Y","250-499","I56","D1111","BG",2012,4870
"PPS","P_SAL_Y","250-499","J","D01","BG",2012,41764
"PPS","P_SAL_Y","250-499","J","D111","BG",2012,36759
"PPS","P_SAL_Y","250-499","J","D1111","BG",2012,33346
"PPS","P_SAL_Y","250-499","J58","D01","BG",2012,NA
"PPS","P_SAL_Y","250-499","J58","D111","BG",2012,NA
"PPS","P_SAL_Y","250-499","J58","D1111","BG",2012,NA
"PPS","P_SAL_Y","250-499","J60","D01","BG",2012,40500
"PPS","P_SAL_Y","250-499","J60","D111","BG",2012,35470
"PPS","P_SAL_Y","250-499","J60","D1111","BG",2012,32276
"PPS","P_SAL_Y","250-499","J61","D01","BG",2012,19935
"PPS","P_SAL_Y","250-499","J61","D111","BG",2012,16236
"PPS","P_SAL_Y","250-499","J61","D1111","BG",2012,14792
"PPS","P_SAL_Y","250-499","J62","D01","BG",2012,56714
"PPS","P_SAL_Y","250-499","J62","D111","BG",2012,50586
"PPS","P_SAL_Y","250-499","J62","D1111","BG",2012,45883
"PPS","P_SAL_Y","250-499","J63","D01","BG",2012,28782
"PPS","P_SAL_Y","250-499","J63","D111","BG",2012,25025
"PPS","P_SAL_Y","250-499","J63","D1111","BG",2012,22619
"PPS","P_SAL_Y","250-499","K","D01","BG",2012,22638
"PPS","P_SAL_Y","250-499","K","D111","BG",2012,19647
"PPS","P_SAL_Y","250-499","K","D1111","BG",2012,17733
"PPS","P_SAL_Y","250-499","K-N","D01","BG",2012,12071
"PPS","P_SAL_Y","250-499","K-N","D111","BG",2012,10425
"PPS","P_SAL_Y","250-499","K-N","D1111","BG",2012,9435
"PPS","P_SAL_Y","250-499","K64","D01","BG",2012,23431
"PPS","P_SAL_Y","250-499","K64","D111","BG",2012,20212
"PPS","P_SAL_Y","250-499","K64","D1111","BG",2012,17921
"PPS","P_SAL_Y","250-499","K65","D01","BG",2012,24757
"PPS","P_SAL_Y","250-499","K65","D111","BG",2012,21556
"PPS","P_SAL_Y","250-499","K65","D1111","BG",2012,19780
"PPS","P_SAL_Y","250-499","K66","D01","BG",2012,NA
"PPS","P_SAL_Y","250-499","K66","D111","BG",2012,NA
"PPS","P_SAL_Y","250-499","K66","D1111","BG",2012,NA
"PPS","P_SAL_Y","250-499","L","D01","BG",2012,19847
"PPS","P_SAL_Y","250-499","L","D111","BG",2012,16658
"PPS","P_SAL_Y","250-499","L","D1111","BG",2012,15131
"PPS","P_SAL_Y","250-499","L68","D01","BG",2012,19847
"PPS","P_SAL_Y","250-499","L68","D111","BG",2012,16658
"PPS","P_SAL_Y","250-499","L68","D1111","BG",2012,15131
"PPS","P_SAL_Y","250-499","M","D01","BG",2012,19572
"PPS","P_SAL_Y","250-499","M","D111","BG",2012,16376
"PPS","P_SAL_Y","250-499","M","D1111","BG",2012,14502
"PPS","P_SAL_Y","250-499","M69","D01","BG",2012,NA
"PPS","P_SAL_Y","250-499","M69","D111","BG",2012,NA
"PPS","P_SAL_Y","250-499","M69","D1111","BG",2012,NA
"PPS","P_SAL_Y","250-499","M70","D01","BG",2012,NA
"PPS","P_SAL_Y","250-499","M70","D111","BG",2012,NA
"PPS","P_SAL_Y","250-499","M70","D1111","BG",2012,NA
"PPS","P_SAL_Y","250-499","M71","D01","BG",2012,NA
"PPS","P_SAL_Y","250-499","M71","D111","BG",2012,NA
"PPS","P_SAL_Y","250-499","M71","D1111","BG",2012,NA
"PPS","P_SAL_Y","250-499","M72","D01","BG",2012,10187
"PPS","P_SAL_Y","250-499","M72","D111","BG",2012,8407
"PPS","P_SAL_Y","250-499","M72","D1111","BG",2012,7574
"PPS","P_SAL_Y","250-499","M73","D01","BG",2012,NA
"PPS","P_SAL_Y","250-499","M73","D111","BG",2012,NA
"PPS","P_SAL_Y","250-499","M73","D1111","BG",2012,NA
"PPS","P_SAL_Y","250-499","M74","D01","BG",2012,33304
"PPS","P_SAL_Y","250-499","M74","D111","BG",2012,28276
"PPS","P_SAL_Y","250-499","M74","D1111","BG",2012,25844
"PPS","P_SAL_Y","250-499","N","D01","BG",2012,7146
"PPS","P_SAL_Y","250-499","N","D111","BG",2012,6282
"PPS","P_SAL_Y","250-499","N","D1111","BG",2012,5776
"PPS","P_SAL_Y","250-499","N78","D01","BG",2012,13250
"PPS","P_SAL_Y","250-499","N78","D111","BG",2012,11216
"PPS","P_SAL_Y","250-499","N78","D1111","BG",2012,10393
"PPS","P_SAL_Y","250-499","N80","D01","BG",2012,6977
"PPS","P_SAL_Y","250-499","N80","D111","BG",2012,5921
"PPS","P_SAL_Y","250-499","N80","D1111","BG",2012,5495
"PPS","P_SAL_Y","250-499","N81","D01","BG",2012,4459
"PPS","P_SAL_Y","250-499","N81","D111","BG",2012,4379
"PPS","P_SAL_Y","250-499","N81","D1111","BG",2012,3971
"PPS","P_SAL_Y","250-499","N82","D01","BG",2012,17890
"PPS","P_SAL_Y","250-499","N82","D111","BG",2012,15014
"PPS","P_SAL_Y","250-499","N82","D1111","BG",2012,13683
"PPS","P_SAL_Y","250-499","O","D01","BG",2012,17962
"PPS","P_SAL_Y","250-499","O","D111","BG",2012,14082
"PPS","P_SAL_Y","250-499","O","D1111","BG",2012,12382
"PPS","P_SAL_Y","250-499","O-S","D01","BG",2012,15756
"PPS","P_SAL_Y","250-499","O-S","D111","BG",2012,12801
"PPS","P_SAL_Y","250-499","O-S","D1111","BG",2012,11165
"PPS","P_SAL_Y","250-499","O84","D01","BG",2012,17962
"PPS","P_SAL_Y","250-499","O84","D111","BG",2012,14082
"PPS","P_SAL_Y","250-499","O84","D1111","BG",2012,12382
"PPS","P_SAL_Y","250-499","P","D01","BG",2012,17628
"PPS","P_SAL_Y","250-499","P","D111","BG",2012,14635
"PPS","P_SAL_Y","250-499","P","D1111","BG",2012,12165
"PPS","P_SAL_Y","250-499","P-S","D01","BG",2012,14115
"PPS","P_SAL_Y","250-499","P-S","D111","BG",2012,11848
"PPS","P_SAL_Y","250-499","P-S","D1111","BG",2012,10258
"PPS","P_SAL_Y","250-499","P85","D01","BG",2012,17628
"PPS","P_SAL_Y","250-499","P85","D111","BG",2012,14635
"PPS","P_SAL_Y","250-499","P85","D1111","BG",2012,12165
"PPS","P_SAL_Y","250-499","Q","D01","BG",2012,13718
"PPS","P_SAL_Y","250-499","Q","D111","BG",2012,11475
"PPS","P_SAL_Y","250-499","Q","D1111","BG",2012,10078
"PPS","P_SAL_Y","250-499","Q86","D01","BG",2012,14244
"PPS","P_SAL_Y","250-499","Q86","D111","BG",2012,11916
"PPS","P_SAL_Y","250-499","Q86","D1111","BG",2012,10485
"PPS","P_SAL_Y","250-499","Q87","D01","BG",2012,NA
"PPS","P_SAL_Y","250-499","Q87","D111","BG",2012,NA
"PPS","P_SAL_Y","250-499","Q87","D1111","BG",2012,NA
"PPS","P_SAL_Y","250-499","Q88","D01","BG",2012,8263
"PPS","P_SAL_Y","250-499","Q88","D111","BG",2012,6894
"PPS","P_SAL_Y","250-499","Q88","D1111","BG",2012,5850
"PPS","P_SAL_Y","250-499","R","D01","BG",2012,11023
"PPS","P_SAL_Y","250-499","R","D111","BG",2012,9224
"PPS","P_SAL_Y","250-499","R","D1111","BG",2012,8116
"PPS","P_SAL_Y","250-499","R90","D01","BG",2012,10477
"PPS","P_SAL_Y","250-499","R90","D111","BG",2012,8713
"PPS","P_SAL_Y","250-499","R90","D1111","BG",2012,7554
"PPS","P_SAL_Y","250-499","R91","D01","BG",2012,NA
"PPS","P_SAL_Y","250-499","R91","D111","BG",2012,NA
"PPS","P_SAL_Y","250-499","R91","D1111","BG",2012,NA
"PPS","P_SAL_Y","250-499","R92","D01","BG",2012,NA
"PPS","P_SAL_Y","250-499","R92","D111","BG",2012,NA
"PPS","P_SAL_Y","250-499","R92","D1111","BG",2012,NA
"PPS","P_SAL_Y","250-499","R93","D01","BG",2012,NA
"PPS","P_SAL_Y","250-499","R93","D111","BG",2012,NA
"PPS","P_SAL_Y","250-499","R93","D1111","BG",2012,NA
"PPS","P_SAL_Y","250-499","S","D01","BG",2012,7633
"PPS","P_SAL_Y","250-499","S","D111","BG",2012,7599
"PPS","P_SAL_Y","250-499","S","D1111","BG",2012,7090
"PPS","P_SAL_Y","250-499","S94","D01","BG",2012,7633
"PPS","P_SAL_Y","250-499","S94","D111","BG",2012,7599
"PPS","P_SAL_Y","250-499","S94","D1111","BG",2012,7090
"PPS","P_SAL_Y","50-249","B","D01","BG",2012,13917
"PPS","P_SAL_Y","50-249","B","D111","BG",2012,10954
"PPS","P_SAL_Y","50-249","B","D1111","BG",2012,9735
"PPS","P_SAL_Y","50-249","B-E","D01","BG",2012,10056
"PPS","P_SAL_Y","50-249","B-E","D111","BG",2012,8419
"PPS","P_SAL_Y","50-249","B-E","D1111","BG",2012,7620
"PPS","P_SAL_Y","50-249","B-F","D01","BG",2012,10231
"PPS","P_SAL_Y","50-249","B-F","D111","BG",2012,8573
"PPS","P_SAL_Y","50-249","B-F","D1111","BG",2012,7792
"PPS","P_SAL_Y","50-249","B-N","D01","BG",2012,11857
"PPS","P_SAL_Y","50-249","B-N","D111","BG",2012,10083
"PPS","P_SAL_Y","50-249","B-N","D1111","BG",2012,9206
"PPS","P_SAL_Y","50-249","B-S","D01","BG",2012,12121
"PPS","P_SAL_Y","50-249","B-S","D111","BG",2012,10200
"PPS","P_SAL_Y","50-249","B-S","D1111","BG",2012,9159
"PPS","P_SAL_Y","50-249","B-S_X_O","D01","BG",2012,12011
"PPS","P_SAL_Y","50-249","B-S_X_O","D111","BG",2012,10167
"PPS","P_SAL_Y","50-249","B-S_X_O","D1111","BG",2012,9156
"PPS","P_SAL_Y","50-249","B05","D01","BG",2012,12507
"PPS","P_SAL_Y","50-249","B05","D111","BG",2012,9715
"PPS","P_SAL_Y","50-249","B05","D1111","BG",2012,8704
"PPS","P_SAL_Y","50-249","B07","D01","BG",2012,15451
"PPS","P_SAL_Y","50-249","B07","D111","BG",2012,11376
"PPS","P_SAL_Y","50-249","B07","D1111","BG",2012,9786
"PPS","P_SAL_Y","50-249","B08","D01","BG",2012,13852
"PPS","P_SAL_Y","50-249","B08","D111","BG",2012,11176
"PPS","P_SAL_Y","50-249","B08","D1111","BG",2012,9948
"PPS","P_SAL_Y","50-249","B09","D01","BG",2012,NA
"PPS","P_SAL_Y","50-249","B09","D111","BG",2012,NA
"PPS","P_SAL_Y","50-249","B09","D1111","BG",2012,NA
"PPS","P_SAL_Y","50-249","C","D01","BG",2012,9780
"PPS","P_SAL_Y","50-249","C","D111","BG",2012,8201
"PPS","P_SAL_Y","50-249","C","D1111","BG",2012,7450
"PPS","P_SAL_Y","50-249","C10","D01","BG",2012,9380
"PPS","P_SAL_Y","50-249","C10","D111","BG",2012,7899
"PPS","P_SAL_Y","50-249","C10","D1111","BG",2012,7254
"PPS","P_SAL_Y","50-249","C11","D01","BG",2012,11072
"PPS","P_SAL_Y","50-249","C11","D111","BG",2012,9266
"PPS","P_SAL_Y","50-249","C11","D1111","BG",2012,8371
"PPS","P_SAL_Y","50-249","C12","D01","BG",2012,12347
"PPS","P_SAL_Y","50-249","C12","D111","BG",2012,9917
"PPS","P_SAL_Y","50-249","C12","D1111","BG",2012,9131
"PPS","P_SAL_Y","50-249","C13","D01","BG",2012,8742
"PPS","P_SAL_Y","50-249","C13","D111","BG",2012,7195
"PPS","P_SAL_Y","50-249","C13","D1111","BG",2012,6482
"PPS","P_SAL_Y","50-249","C14","D01","BG",2012,6467
"PPS","P_SAL_Y","50-249","C14","D111","BG",2012,5411
"PPS","P_SAL_Y","50-249","C14","D1111","BG",2012,4913
"PPS","P_SAL_Y","50-249","C15","D01","BG",2012,6296
"PPS","P_SAL_Y","50-249","C15","D111","BG",2012,5259
"PPS","P_SAL_Y","50-249","C15","D1111","BG",2012,4791
"PPS","P_SAL_Y","50-249","C16","D01","BG",2012,7864
"PPS","P_SAL_Y","50-249","C16","D111","BG",2012,6615
"PPS","P_SAL_Y","50-249","C16","D1111","BG",2012,5955
"PPS","P_SAL_Y","50-249","C17","D01","BG",2012,9322
"PPS","P_SAL_Y","50-249","C17","D111","BG",2012,7801
"PPS","P_SAL_Y","50-249","C17","D1111","BG",2012,7212
"PPS","P_SAL_Y","50-249","C18","D01","BG",2012,12933
"PPS","P_SAL_Y","50-249","C18","D111","BG",2012,10805
"PPS","P_SAL_Y","50-249","C18","D1111","BG",2012,9819
"PPS","P_SAL_Y","50-249","C19","D01","BG",2012,15421
"PPS","P_SAL_Y","50-249","C19","D111","BG",2012,12876
"PPS","P_SAL_Y","50-249","C19","D1111","BG",2012,11805
"PPS","P_SAL_Y","50-249","C20","D01","BG",2012,13578
"PPS","P_SAL_Y","50-249","C20","D111","BG",2012,11384
"PPS","P_SAL_Y","50-249","C20","D1111","BG",2012,10400
"PPS","P_SAL_Y","50-249","C21","D01","BG",2012,14076
"PPS","P_SAL_Y","50-249","C21","D111","BG",2012,11869
"PPS","P_SAL_Y","50-249","C21","D1111","BG",2012,10870
"PPS","P_SAL_Y","50-249","C22","D01","BG",2012,10215
"PPS","P_SAL_Y","50-249","C22","D111","BG",2012,8617
"PPS","P_SAL_Y","50-249","C22","D1111","BG",2012,7841
"PPS","P_SAL_Y","50-249","C23","D01","BG",2012,14803
"PPS","P_SAL_Y","50-249","C23","D111","BG",2012,12370
"PPS","P_SAL_Y","50-249","C23","D1111","BG",2012,10944
"PPS","P_SAL_Y","50-249","C24","D01","BG",2012,11925
"PPS","P_SAL_Y","50-249","C24","D111","BG",2012,9775
"PPS","P_SAL_Y","50-249","C24","D1111","BG",2012,8779
"PPS","P_SAL_Y","50-249","C25","D01","BG",2012,11061
"PPS","P_SAL_Y","50-249","C25","D111","BG",2012,9272
"PPS","P_SAL_Y","50-249","C25","D1111","BG",2012,8410
"PPS","P_SAL_Y","50-249","C26","D01","BG",2012,16381
"PPS","P_SAL_Y","50-249","C26","D111","BG",2012,14015
"PPS","P_SAL_Y","50-249","C26","D1111","BG",2012,12745
"PPS","P_SAL_Y","50-249","C27","D01","BG",2012,12133
"PPS","P_SAL_Y","50-249","C27","D111","BG",2012,10191
"PPS","P_SAL_Y","50-249","C27","D1111","BG",2012,9338
"PPS","P_SAL_Y","50-249","C28","D01","BG",2012,13568
"PPS","P_SAL_Y","50-249","C28","D111","BG",2012,11332
"PPS","P_SAL_Y","50-249","C28","D1111","BG",2012,10281
"PPS","P_SAL_Y","50-249","C29","D01","BG",2012,8860
"PPS","P_SAL_Y","50-249","C29","D111","BG",2012,7431
"PPS","P_SAL_Y","50-249","C29","D1111","BG",2012,6757
"PPS","P_SAL_Y","50-249","C30","D01","BG",2012,12018
"PPS","P_SAL_Y","50-249","C30","D111","BG",2012,10196
"PPS","P_SAL_Y","50-249","C30","D1111","BG",2012,9241
"PPS","P_SAL_Y","50-249","C31","D01","BG",2012,8152
"PPS","P_SAL_Y","50-249","C31","D111","BG",2012,6852
"PPS","P_SAL_Y","50-249","C31","D1111","BG",2012,6250
"PPS","P_SAL_Y","50-249","C32","D01","BG",2012,9990
"PPS","P_SAL_Y","50-249","C32","D111","BG",2012,8367
"PPS","P_SAL_Y","50-249","C32","D1111","BG",2012,7513
"PPS","P_SAL_Y","50-249","C33","D01","BG",2012,16295
"PPS","P_SAL_Y","50-249","C33","D111","BG",2012,13684
"PPS","P_SAL_Y","50-249","C33","D1111","BG",2012,12182
"PPS","P_SAL_Y","50-249","D","D01","BG",2012,22857
"PPS","P_SAL_Y","50-249","D","D111","BG",2012,19066
"PPS","P_SAL_Y","50-249","D","D1111","BG",2012,15690
"PPS","P_SAL_Y","50-249","D35","D01","BG",2012,22857
"PPS","P_SAL_Y","50-249","D35","D111","BG",2012,19066
"PPS","P_SAL_Y","50-249","D35","D1111","BG",2012,15690
"PPS","P_SAL_Y","50-249","E","D01","BG",2012,10715
"PPS","P_SAL_Y","50-249","E","D111","BG",2012,8995
"PPS","P_SAL_Y","50-249","E","D1111","BG",2012,8070
"PPS","P_SAL_Y","50-249","E36","D01","BG",2012,10737
"PPS","P_SAL_Y","50-249","E36","D111","BG",2012,8800
"PPS","P_SAL_Y","50-249","E36","D1111","BG",2012,7288
"PPS","P_SAL_Y","50-249","E37","D01","BG",2012,NA
"PPS","P_SAL_Y","50-249","E37","D111","BG",2012,NA
"PPS","P_SAL_Y","50-249","E37","D1111","BG",2012,NA
"PPS","P_SAL_Y","50-249","E38","D01","BG",2012,10590
"PPS","P_SAL_Y","50-249","E38","D111","BG",2012,8945
"PPS","P_SAL_Y","50-249","E38","D1111","BG",2012,8186
"PPS","P_SAL_Y","50-249","E39","D01","BG",2012,11517
"PPS","P_SAL_Y","50-249","E39","D111","BG",2012,9514
"PPS","P_SAL_Y","50-249","E39","D1111","BG",2012,7995
"PPS","P_SAL_Y","50-249","F","D01","BG",2012,10948
"PPS","P_SAL_Y","50-249","F","D111","BG",2012,9204
"PPS","P_SAL_Y","50-249","F","D1111","BG",2012,8496
"PPS","P_SAL_Y","50-249","F41","D01","BG",2012,9823
"PPS","P_SAL_Y","50-249","F41","D111","BG",2012,8307
"PPS","P_SAL_Y","50-249","F41","D1111","BG",2012,7676
"PPS","P_SAL_Y","50-249","F42","D01","BG",2012,11869
"PPS","P_SAL_Y","50-249","F42","D111","BG",2012,9926
"PPS","P_SAL_Y","50-249","F42","D1111","BG",2012,9107
"PPS","P_SAL_Y","50-249","F43","D01","BG",2012,11758
"PPS","P_SAL_Y","50-249","F43","D111","BG",2012,9876
"PPS","P_SAL_Y","50-249","F43","D1111","BG",2012,9204
"PPS","P_SAL_Y","50-249","G","D01","BG",2012,13623
"PPS","P_SAL_Y","50-249","G","D111","BG",2012,11662
"PPS","P_SAL_Y","50-249","G","D1111","BG",2012,10743
"PPS","P_SAL_Y","50-249","G-J","D01","BG",2012,14545
"PPS","P_SAL_Y","50-249","G-J","D111","BG",2012,12427
"PPS","P_SAL_Y","50-249","G-J","D1111","BG",2012,11436
"PPS","P_SAL_Y","50-249","G-N","D01","BG",2012,13807
"PPS","P_SAL_Y","50-249","G-N","D111","BG",2012,11895
"PPS","P_SAL_Y","50-249","G-N","D1111","BG",2012,10901
"PPS","P_SAL_Y","50-249","G-S_X_O","D01","BG",2012,13330
"PPS","P_SAL_Y","50-249","G-S_X_O","D111","BG",2012,11348
"PPS","P_SAL_Y","50-249","G-S_X_O","D1111","BG",2012,10167
"PPS","P_SAL_Y","50-249","G45","D01","BG",2012,17731
"PPS","P_SAL_Y","50-249","G45","D111","BG",2012,15236
"PPS","P_SAL_Y","50-249","G45","D1111","BG",2012,13837
"PPS","P_SAL_Y","50-249","G46","D01","BG",2012,15289
"PPS","P_SAL_Y","50-249","G46","D111","BG",2012,13149
"PPS","P_SAL_Y","50-249","G46","D1111","BG",2012,12114
"PPS","P_SAL_Y","50-249","G47","D01","BG",2012,10643
"PPS","P_SAL_Y","50-249","G47","D111","BG",2012,9024
"PPS","P_SAL_Y","50-249","G47","D1111","BG",2012,8355
"PPS","P_SAL_Y","50-249","H","D01","BG",2012,12994
"PPS","P_SAL_Y","50-249","H","D111","BG",2012,10772
"PPS","P_SAL_Y","50-249","H","D1111","BG",2012,9729
"PPS","P_SAL_Y","50-249","H49","D01","BG",2012,9139
"PPS","P_SAL_Y","50-249","H49","D111","BG",2012,7394
"PPS","P_SAL_Y","50-249","H49","D1111","BG",2012,6806
"PPS","P_SAL_Y","50-249","H50","D01","BG",2012,16428
"PPS","P_SAL_Y","50-249","H50","D111","BG",2012,13472
"PPS","P_SAL_Y","50-249","H50","D1111","BG",2012,11830
"PPS","P_SAL_Y","50-249","H51","D01","BG",2012,36286
"PPS","P_SAL_Y","50-249","H51","D111","BG",2012,30055
"PPS","P_SAL_Y","50-249","H51","D1111","BG",2012,26739
"PPS","P_SAL_Y","50-249","H52","D01","BG",2012,20251
"PPS","P_SAL_Y","50-249","H52","D111","BG",2012,17451
"PPS","P_SAL_Y","50-249","H52","D1111","BG",2012,15286
"PPS","P_SAL_Y","50-249","H53","D01","BG",2012,12086
"PPS","P_SAL_Y","50-249","H53","D111","BG",2012,10070
"PPS","P_SAL_Y","50-249","H53","D1111","BG",2012,9334
"PPS","P_SAL_Y","50-249","I","D01","BG",2012,10096
"PPS","P_SAL_Y","50-249","I","D111","BG",2012,8500
"PPS","P_SAL_Y","50-249","I","D1111","BG",2012,7945
"PPS","P_SAL_Y","50-249","I55","D01","BG",2012,11098
"PPS","P_SAL_Y","50-249","I55","D111","BG",2012,9365
"PPS","P_SAL_Y","50-249","I55","D1111","BG",2012,8746
"PPS","P_SAL_Y","50-249","I56","D01","BG",2012,8226
"PPS","P_SAL_Y","50-249","I56","D111","BG",2012,6885
"PPS","P_SAL_Y","50-249","I56","D1111","BG",2012,6449
"PPS","P_SAL_Y","50-249","J","D01","BG",2012,28173
"PPS","P_SAL_Y","50-249","J","D111","BG",2012,24701
"PPS","P_SAL_Y","50-249","J","D1111","BG",2012,22782
"PPS","P_SAL_Y","50-249","J58","D01","BG",2012,16341
"PPS","P_SAL_Y","50-249","J58","D111","BG",2012,14057
"PPS","P_SAL_Y","50-249","J58","D1111","BG",2012,12968
"PPS","P_SAL_Y","50-249","J59","D01","BG",2012,20452
"PPS","P_SAL_Y","50-249","J59","D111","BG",2012,17969
"PPS","P_SAL_Y","50-249","J59","D1111","BG",2012,16404
"PPS","P_SAL_Y","50-249","J60","D01","BG",2012,17831
"PPS","P_SAL_Y","50-249","J60","D111","BG",2012,15355
"PPS","P_SAL_Y","50-249","J60","D1111","BG",2012,14102
"PPS","P_SAL_Y","50-249","J61","D01","BG",2012,23433
"PPS","P_SAL_Y","50-249","J61","D111","BG",2012,19975
"PPS","P_SAL_Y","50-249","J61","D1111","BG",2012,18557
"PPS","P_SAL_Y","50-249","J62","D01","BG",2012,37807
"PPS","P_SAL_Y","50-249","J62","D111","BG",2012,33577
"PPS","P_SAL_Y","50-249","J62","D1111","BG",2012,30979
"PPS","P_SAL_Y","50-249","J63","D01","BG",2012,19475
"PPS","P_SAL_Y","50-249","J63","D111","BG",2012,16622
"PPS","P_SAL_Y","50-249","J63","D1111","BG",2012,15155
"PPS","P_SAL_Y","50-249","K","D01","BG",2012,27458
"PPS","P_SAL_Y","50-249","K","D111","BG",2012,23703
"PPS","P_SAL_Y","50-249","K","D1111","BG",2012,21184
"PPS","P_SAL_Y","50-249","K-N","D01","BG",2012,12332
"PPS","P_SAL_Y","50-249","K-N","D111","BG",2012,10829
"PPS","P_SAL_Y","50-249","K-N","D1111","BG",2012,9830
"PPS","P_SAL_Y","50-249","K64","D01","BG",2012,30218
"PPS","P_SAL_Y","50-249","K64","D111","BG",2012,26022
"PPS","P_SAL_Y","50-249","K64","D1111","BG",2012,22761
"PPS","P_SAL_Y","50-249","K65","D01","BG",2012,27506
"PPS","P_SAL_Y","50-249","K65","D111","BG",2012,24035
"PPS","P_SAL_Y","50-249","K65","D1111","BG",2012,22105
"PPS","P_SAL_Y","50-249","K66","D01","BG",2012,NA
"PPS","P_SAL_Y","50-249","K66","D111","BG",2012,NA
"PPS","P_SAL_Y","50-249","K66","D1111","BG",2012,NA
"PPS","P_SAL_Y","50-249","L","D01","BG",2012,11680
"PPS","P_SAL_Y","50-249","L","D111","BG",2012,9925
"PPS","P_SAL_Y","50-249","L","D1111","BG",2012,8927
"PPS","P_SAL_Y","50-249","L68","D01","BG",2012,11680
"PPS","P_SAL_Y","50-249","L68","D111","BG",2012,9925
"PPS","P_SAL_Y","50-249","L68","D1111","BG",2012,8927
"PPS","P_SAL_Y","50-249","M","D01","BG",2012,21490
"PPS","P_SAL_Y","50-249","M","D111","BG",2012,18617
"PPS","P_SAL_Y","50-249","M","D1111","BG",2012,16803
"PPS","P_SAL_Y","50-249","M69","D01","BG",2012,NA
"PPS","P_SAL_Y","50-249","M69","D111","BG",2012,NA
"PPS","P_SAL_Y","50-249","M69","D1111","BG",2012,NA
"PPS","P_SAL_Y","50-249","M70","D01","BG",2012,26452
"PPS","P_SAL_Y","50-249","M70","D111","BG",2012,23408
"PPS","P_SAL_Y","50-249","M70","D1111","BG",2012,21329
"PPS","P_SAL_Y","50-249","M71","D01","BG",2012,28438
"PPS","P_SAL_Y","50-249","M71","D111","BG",2012,24469
"PPS","P_SAL_Y","50-249","M71","D1111","BG",2012,22350
"PPS","P_SAL_Y","50-249","M72","D01","BG",2012,13271
"PPS","P_SAL_Y","50-249","M72","D111","BG",2012,11235
"PPS","P_SAL_Y","50-249","M72","D1111","BG",2012,9793
"PPS","P_SAL_Y","50-249","M73","D01","BG",2012,NA
"PPS","P_SAL_Y","50-249","M73","D111","BG",2012,NA
"PPS","P_SAL_Y","50-249","M73","D1111","BG",2012,NA
"PPS","P_SAL_Y","50-249","M74","D01","BG",2012,22882
"PPS","P_SAL_Y","50-249","M74","D111","BG",2012,19762
"PPS","P_SAL_Y","50-249","M74","D1111","BG",2012,17785
"PPS","P_SAL_Y","50-249","N","D01","BG",2012,6034
"PPS","P_SAL_Y","50-249","N","D111","BG",2012,5509
"PPS","P_SAL_Y","50-249","N","D1111","BG",2012,5107
"PPS","P_SAL_Y","50-249","N77","D01","BG",2012,11900
"PPS","P_SAL_Y","50-249","N77","D111","BG",2012,9976
"PPS","P_SAL_Y","50-249","N77","D1111","BG",2012,9064
"PPS","P_SAL_Y","50-249","N78","D01","BG",2012,11219
"PPS","P_SAL_Y","50-249","N78","D111","BG",2012,9382
"PPS","P_SAL_Y","50-249","N78","D1111","BG",2012,8882
"PPS","P_SAL_Y","50-249","N79","D01","BG",2012,12826
"PPS","P_SAL_Y","50-249","N79","D111","BG",2012,10907
"PPS","P_SAL_Y","50-249","N79","D1111","BG",2012,10305
"PPS","P_SAL_Y","50-249","N80","D01","BG",2012,6165
"PPS","P_SAL_Y","50-249","N80","D111","BG",2012,5220
"PPS","P_SAL_Y","50-249","N80","D1111","BG",2012,4879
"PPS","P_SAL_Y","50-249","N81","D01","BG",2012,4556
"PPS","P_SAL_Y","50-249","N81","D111","BG",2012,4623
"PPS","P_SAL_Y","50-249","N81","D1111","BG",2012,4259
"PPS","P_SAL_Y","50-249","N82","D01","BG",2012,11855
"PPS","P_SAL_Y","50-249","N82","D111","BG",2012,10104
"PPS","P_SAL_Y","50-249","N82","D1111","BG",2012,9192
"PPS","P_SAL_Y","50-249","O","D01","BG",2012,13297
"PPS","P_SAL_Y","50-249","O","D111","BG",2012,10551
"PPS","P_SAL_Y","50-249","O","D1111","BG",2012,9193
"PPS","P_SAL_Y","50-249","O-S","D01","BG",2012,12779
"PPS","P_SAL_Y","50-249","O-S","D111","BG",2012,10490
"PPS","P_SAL_Y","50-249","O-S","D1111","BG",2012,9043
"PPS","P_SAL_Y","50-249","O84","D01","BG",2012,13297
"PPS","P_SAL_Y","50-249","O84","D111","BG",2012,10551
"PPS","P_SAL_Y","50-249","O84","D1111","BG",2012,9193
"PPS","P_SAL_Y","50-249","P","D01","BG",2012,12675
"PPS","P_SAL_Y","50-249","P","D111","BG",2012,10351
"PPS","P_SAL_Y","50-249","P","D1111","BG",2012,8467
"PPS","P_SAL_Y","50-249","P-S","D01","BG",2012,12557
"PPS","P_SAL_Y","50-249","P-S","D111","BG",2012,10465
"PPS","P_SAL_Y","50-249","P-S","D1111","BG",2012,8979
"PPS","P_SAL_Y","50-249","P85","D01","BG",2012,12675
"PPS","P_SAL_Y","50-249","P85","D111","BG",2012,10351
"PPS","P_SAL_Y","50-249","P85","D1111","BG",2012,8467
"PPS","P_SAL_Y","50-249","Q","D01","BG",2012,12330
"PPS","P_SAL_Y","50-249","Q","D111","BG",2012,10418
"PPS","P_SAL_Y","50-249","Q","D1111","BG",2012,9292
"PPS","P_SAL_Y","50-249","Q86","D01","BG",2012,14492
"PPS","P_SAL_Y","50-249","Q86","D111","BG",2012,12288
"PPS","P_SAL_Y","50-249","Q86","D1111","BG",2012,11034
"PPS","P_SAL_Y","50-249","Q87","D01","BG",2012,8026
"PPS","P_SAL_Y","50-249","Q87","D111","BG",2012,6663
"PPS","P_SAL_Y","50-249","Q87","D1111","BG",2012,5756
"PPS","P_SAL_Y","50-249","Q88","D01","BG",2012,7338
"PPS","P_SAL_Y","50-249","Q88","D111","BG",2012,6134
"PPS","P_SAL_Y","50-249","Q88","D1111","BG",2012,5332
"PPS","P_SAL_Y","50-249","R","D01","BG",2012,13165
"PPS","P_SAL_Y","50-249","R","D111","BG",2012,11479
"PPS","P_SAL_Y","50-249","R","D1111","BG",2012,10500
"PPS","P_SAL_Y","50-249","R90","D01","BG",2012,8906
"PPS","P_SAL_Y","50-249","R90","D111","BG",2012,7323
"PPS","P_SAL_Y","50-249","R90","D1111","BG",2012,6362
"PPS","P_SAL_Y","50-249","R91","D01","BG",2012,9112
"PPS","P_SAL_Y","50-249","R91","D111","BG",2012,7532
"PPS","P_SAL_Y","50-249","R91","D1111","BG",2012,6495
"PPS","P_SAL_Y","50-249","R92","D01","BG",2012,9429
"PPS","P_SAL_Y","50-249","R92","D111","BG",2012,7933
"PPS","P_SAL_Y","50-249","R92","D1111","BG",2012,7271
"PPS","P_SAL_Y","50-249","R93","D01","BG",2012,NA
"PPS","P_SAL_Y","50-249","R93","D111","BG",2012,NA
"PPS","P_SAL_Y","50-249","R93","D1111","BG",2012,NA
"PPS","P_SAL_Y","50-249","S","D01","BG",2012,11536
"PPS","P_SAL_Y","50-249","S","D111","BG",2012,9701
"PPS","P_SAL_Y","50-249","S","D1111","BG",2012,8648
"PPS","P_SAL_Y","50-249","S94","D01","BG",2012,12015
"PPS","P_SAL_Y","50-249","S94","D111","BG",2012,10108
"PPS","P_SAL_Y","50-249","S94","D1111","BG",2012,8984
"PPS","P_SAL_Y","50-249","S95","D01","BG",2012,NA
"PPS","P_SAL_Y","50-249","S95","D111","BG",2012,NA
"PPS","P_SAL_Y","50-249","S95","D1111","BG",2012,NA
"PPS","P_SAL_Y","50-249","S96","D01","BG",2012,8332
"PPS","P_SAL_Y","50-249","S96","D111","BG",2012,6988
"PPS","P_SAL_Y","50-249","S96","D1111","BG",2012,6312
"PPS","P_SAL_Y","500-999","B","D01","BG",2012,13997
"PPS","P_SAL_Y","500-999","B","D111","BG",2012,10776
"PPS","P_SAL_Y","500-999","B","D1111","BG",2012,9635
"PPS","P_SAL_Y","500-999","B-E","D01","BG",2012,14355
"PPS","P_SAL_Y","500-999","B-E","D111","BG",2012,11779
"PPS","P_SAL_Y","500-999","B-E","D1111","BG",2012,10314
"PPS","P_SAL_Y","500-999","B-F","D01","BG",2012,14675
"PPS","P_SAL_Y","500-999","B-F","D111","BG",2012,12096
"PPS","P_SAL_Y","500-999","B-F","D1111","BG",2012,10655
"PPS","P_SAL_Y","500-999","B-N","D01","BG",2012,15098
"PPS","P_SAL_Y","500-999","B-N","D111","BG",2012,12586
"PPS","P_SAL_Y","500-999","B-N","D1111","BG",2012,11190
"PPS","P_SAL_Y","500-999","B-S","D01","BG",2012,15348
"PPS","P_SAL_Y","500-999","B-S","D111","BG",2012,12765
"PPS","P_SAL_Y","500-999","B-S","D1111","BG",2012,11317
"PPS","P_SAL_Y","500-999","B-S_X_O","D01","BG",2012,15044
"PPS","P_SAL_Y","500-999","B-S_X_O","D111","BG",2012,12554
"PPS","P_SAL_Y","500-999","B-S_X_O","D1111","BG",2012,11111
"PPS","P_SAL_Y","500-999","B05","D01","BG",2012,NA
"PPS","P_SAL_Y","500-999","B05","D111","BG",2012,NA
"PPS","P_SAL_Y","500-999","B05","D1111","BG",2012,NA
"PPS","P_SAL_Y","500-999","B06","D01","BG",2012,NA
"PPS","P_SAL_Y","500-999","B06","D111","BG",2012,NA
"PPS","P_SAL_Y","500-999","B06","D1111","BG",2012,NA
"PPS","P_SAL_Y","500-999","B07","D01","BG",2012,NA
"PPS","P_SAL_Y","500-999","B07","D111","BG",2012,NA
"PPS","P_SAL_Y","500-999","B07","D1111","BG",2012,NA
"PPS","P_SAL_Y","500-999","B08","D01","BG",2012,NA
"PPS","P_SAL_Y","500-999","B08","D111","BG",2012,NA
"PPS","P_SAL_Y","500-999","B08","D1111","BG",2012,NA
"PPS","P_SAL_Y","500-999","C","D01","BG",2012,14498
"PPS","P_SAL_Y","500-999","C","D111","BG",2012,11915
"PPS","P_SAL_Y","500-999","C","D1111","BG",2012,10483
"PPS","P_SAL_Y","500-999","C10","D01","BG",2012,15270
"PPS","P_SAL_Y","500-999","C10","D111","BG",2012,13022
"PPS","P_SAL_Y","500-999","C10","D1111","BG",2012,11666
"PPS","P_SAL_Y","500-999","C11","D01","BG",2012,16679
"PPS","P_SAL_Y","500-999","C11","D111","BG",2012,13989
"PPS","P_SAL_Y","500-999","C11","D1111","BG",2012,12271
"PPS","P_SAL_Y","500-999","C12","D01","BG",2012,NA
"PPS","P_SAL_Y","500-999","C12","D111","BG",2012,NA
"PPS","P_SAL_Y","500-999","C12","D1111","BG",2012,NA
"PPS","P_SAL_Y","500-999","C13","D01","BG",2012,NA
"PPS","P_SAL_Y","500-999","C13","D111","BG",2012,NA
"PPS","P_SAL_Y","500-999","C13","D1111","BG",2012,NA
"PPS","P_SAL_Y","500-999","C14","D01","BG",2012,8087
"PPS","P_SAL_Y","500-999","C14","D111","BG",2012,6799
"PPS","P_SAL_Y","500-999","C14","D1111","BG",2012,6029
"PPS","P_SAL_Y","500-999","C15","D01","BG",2012,NA
"PPS","P_SAL_Y","500-999","C15","D111","BG",2012,NA
"PPS","P_SAL_Y","500-999","C15","D1111","BG",2012,NA
"PPS","P_SAL_Y","500-999","C16","D01","BG",2012,NA
"PPS","P_SAL_Y","500-999","C16","D111","BG",2012,NA
"PPS","P_SAL_Y","500-999","C16","D1111","BG",2012,NA
"PPS","P_SAL_Y","500-999","C17","D01","BG",2012,NA
"PPS","P_SAL_Y","500-999","C17","D111","BG",2012,NA
"PPS","P_SAL_Y","500-999","C17","D1111","BG",2012,NA
"PPS","P_SAL_Y","500-999","C20","D01","BG",2012,NA
"PPS","P_SAL_Y","500-999","C20","D111","BG",2012,NA
"PPS","P_SAL_Y","500-999","C20","D1111","BG",2012,NA
"PPS","P_SAL_Y","500-999","C21","D01","BG",2012,NA
"PPS","P_SAL_Y","500-999","C21","D111","BG",2012,NA
"PPS","P_SAL_Y","500-999","C21","D1111","BG",2012,NA
"PPS","P_SAL_Y","500-999","C22","D01","BG",2012,9944
"PPS","P_SAL_Y","500-999","C22","D111","BG",2012,8289
"PPS","P_SAL_Y","500-999","C22","D1111","BG",2012,7541
"PPS","P_SAL_Y","500-999","C23","D01","BG",2012,16415
"PPS","P_SAL_Y","500-999","C23","D111","BG",2012,13363
"PPS","P_SAL_Y","500-999","C23","D1111","BG",2012,11473
"PPS","P_SAL_Y","500-999","C24","D01","BG",2012,26188
"PPS","P_SAL_Y","500-999","C24","D111","BG",2012,20882
"PPS","P_SAL_Y","500-999","C24","D1111","BG",2012,18489
"PPS","P_SAL_Y","500-999","C25","D01","BG",2012,12043
"PPS","P_SAL_Y","500-999","C25","D111","BG",2012,10083
"PPS","P_SAL_Y","500-999","C25","D1111","BG",2012,8702
"PPS","P_SAL_Y","500-999","C27","D01","BG",2012,15733
"PPS","P_SAL_Y","500-999","C27","D111","BG",2012,12375
"PPS","P_SAL_Y","500-999","C27","D1111","BG",2012,10772
"PPS","P_SAL_Y","500-999","C28","D01","BG",2012,12390
"PPS","P_SAL_Y","500-999","C28","D111","BG",2012,10372
"PPS","P_SAL_Y","500-999","C28","D1111","BG",2012,9301
"PPS","P_SAL_Y","500-999","C29","D01","BG",2012,11536
"PPS","P_SAL_Y","500-999","C29","D111","BG",2012,9680
"PPS","P_SAL_Y","500-999","C29","D1111","BG",2012,8320
"PPS","P_SAL_Y","500-999","C30","D01","BG",2012,12550
"PPS","P_SAL_Y","500-999","C30","D111","BG",2012,10450
"PPS","P_SAL_Y","500-999","C30","D1111","BG",2012,9607
"PPS","P_SAL_Y","500-999","C31","D01","BG",2012,NA
"PPS","P_SAL_Y","500-999","C31","D111","BG",2012,NA
"PPS","P_SAL_Y","500-999","C31","D1111","BG",2012,NA
"PPS","P_SAL_Y","500-999","C32","D01","BG",2012,10721
"PPS","P_SAL_Y","500-999","C32","D111","BG",2012,8908
"PPS","P_SAL_Y","500-999","C32","D1111","BG",2012,7938
"PPS","P_SAL_Y","500-999","C33","D01","BG",2012,17822
"PPS","P_SAL_Y","500-999","C33","D111","BG",2012,14680
"PPS","P_SAL_Y","500-999","C33","D1111","BG",2012,12651
"PPS","P_SAL_Y","500-999","D","D01","BG",2012,14877
"PPS","P_SAL_Y","500-999","D","D111","BG",2012,11654
"PPS","P_SAL_Y","500-999","D","D1111","BG",2012,10376
"PPS","P_SAL_Y","500-999","D35","D01","BG",2012,14877
"PPS","P_SAL_Y","500-999","D35","D111","BG",2012,11654
"PPS","P_SAL_Y","500-999","D35","D1111","BG",2012,10376
"PPS","P_SAL_Y","500-999","E","D01","BG",2012,13122
"PPS","P_SAL_Y","500-999","E","D111","BG",2012,10952
"PPS","P_SAL_Y","500-999","E","D1111","BG",2012,9084
"PPS","P_SAL_Y","500-999","E36","D01","BG",2012,12026
"PPS","P_SAL_Y","500-999","E36","D111","BG",2012,9963
"PPS","P_SAL_Y","500-999","E36","D1111","BG",2012,7913
"PPS","P_SAL_Y","500-999","E38","D01","BG",2012,15511
"PPS","P_SAL_Y","500-999","E38","D111","BG",2012,13108
"PPS","P_SAL_Y","500-999","E38","D1111","BG",2012,11637
"PPS","P_SAL_Y","500-999","F","D01","BG",2012,NA
"PPS","P_SAL_Y","500-999","F","D111","BG",2012,NA
"PPS","P_SAL_Y","500-999","F","D1111","BG",2012,NA
"PPS","P_SAL_Y","500-999","F41","D01","BG",2012,15062
"PPS","P_SAL_Y","500-999","F41","D111","BG",2012,12868
"PPS","P_SAL_Y","500-999","F41","D1111","BG",2012,12007
"PPS","P_SAL_Y","500-999","F42","D01","BG",2012,16197
"PPS","P_SAL_Y","500-999","F42","D111","BG",2012,13582
"PPS","P_SAL_Y","500-999","F42","D1111","BG",2012,12213
"PPS","P_SAL_Y","500-999","F43","D01","BG",2012,NA
"PPS","P_SAL_Y","500-999","F43","D111","BG",2012,NA
"PPS","P_SAL_Y","500-999","F43","D1111","BG",2012,NA
"PPS","P_SAL_Y","500-999","G","D01","BG",2012,15565
"PPS","P_SAL_Y","500-999","G","D111","BG",2012,13213
"PPS","P_SAL_Y","500-999","G","D1111","BG",2012,12125
"PPS","P_SAL_Y","500-999","G-J","D01","BG",2012,17174
"PPS","P_SAL_Y","500-999","G-J","D111","BG",2012,14560
"PPS","P_SAL_Y","500-999","G-J","D1111","BG",2012,12865
"PPS","P_SAL_Y","500-999","G-N","D01","BG",2012,15740
"PPS","P_SAL_Y","500-999","G-N","D111","BG",2012,13330
"PPS","P_SAL_Y","500-999","G-N","D1111","BG",2012,12003
"PPS","P_SAL_Y","500-999","G-S_X_O","D01","BG",2012,15403
"PPS","P_SAL_Y","500-999","G-S_X_O","D111","BG",2012,13000
"PPS","P_SAL_Y","500-999","G-S_X_O","D1111","BG",2012,11555
"PPS","P_SAL_Y","500-999","G45","D01","BG",2012,16175
"PPS","P_SAL_Y","500-999","G45","D111","BG",2012,13617
"PPS","P_SAL_Y","500-999","G45","D1111","BG",2012,12584
"PPS","P_SAL_Y","500-999","G46","D01","BG",2012,NA
"PPS","P_SAL_Y","500-999","G46","D111","BG",2012,NA
"PPS","P_SAL_Y","500-999","G46","D1111","BG",2012,NA
"PPS","P_SAL_Y","500-999","G47","D01","BG",2012,12875
"PPS","P_SAL_Y","500-999","G47","D111","BG",2012,10811
"PPS","P_SAL_Y","500-999","G47","D1111","BG",2012,9941
"PPS","P_SAL_Y","500-999","H","D01","BG",2012,14715
"PPS","P_SAL_Y","500-999","H","D111","BG",2012,12227
"PPS","P_SAL_Y","500-999","H","D1111","BG",2012,10568
"PPS","P_SAL_Y","500-999","H49","D01","BG",2012,11788
"PPS","P_SAL_Y","500-999","H49","D111","BG",2012,9542
"PPS","P_SAL_Y","500-999","H49","D1111","BG",2012,7915
"PPS","P_SAL_Y","500-999","H50","D01","BG",2012,NA
"PPS","P_SAL_Y","500-999","H50","D111","BG",2012,NA
"PPS","P_SAL_Y","500-999","H50","D1111","BG",2012,NA
"PPS","P_SAL_Y","500-999","H51","D01","BG",2012,NA
"PPS","P_SAL_Y","500-999","H51","D111","BG",2012,NA
"PPS","P_SAL_Y","500-999","H51","D1111","BG",2012,NA
"PPS","P_SAL_Y","500-999","H52","D01","BG",2012,NA
"PPS","P_SAL_Y","500-999","H52","D111","BG",2012,NA
"PPS","P_SAL_Y","500-999","H52","D1111","BG",2012,NA
"PPS","P_SAL_Y","500-999","H53","D01","BG",2012,16405
"PPS","P_SAL_Y","500-999","H53","D111","BG",2012,14077
"PPS","P_SAL_Y","500-999","H53","D1111","BG",2012,13187
"PPS","P_SAL_Y","500-999","I","D01","BG",2012,NA
"PPS","P_SAL_Y","500-999","I","D111","BG",2012,NA
"PPS","P_SAL_Y","500-999","I","D1111","BG",2012,NA
"PPS","P_SAL_Y","500-999","I55","D01","BG",2012,9848
"PPS","P_SAL_Y","500-999","I55","D111","BG",2012,8022
"PPS","P_SAL_Y","500-999","I55","D1111","BG",2012,7212
"PPS","P_SAL_Y","500-999","I56","D01","BG",2012,NA
"PPS","P_SAL_Y","500-999","I56","D111","BG",2012,NA
"PPS","P_SAL_Y","500-999","I56","D1111","BG",2012,NA
"PPS","P_SAL_Y","500-999","J","D01","BG",2012,42756
"PPS","P_SAL_Y","500-999","J","D111","BG",2012,37353
"PPS","P_SAL_Y","500-999","J","D1111","BG",2012,31160
"PPS","P_SAL_Y","500-999","J58","D01","BG",2012,NA
"PPS","P_SAL_Y","500-999","J58","D111","BG",2012,NA
"PPS","P_SAL_Y","500-999","J58","D1111","BG",2012,NA
"PPS","P_SAL_Y","500-999","J60","D01","BG",2012,NA
"PPS","P_SAL_Y","500-999","J60","D111","BG",2012,NA
"PPS","P_SAL_Y","500-999","J60","D1111","BG",2012,NA
"PPS","P_SAL_Y","500-999","J61","D01","BG",2012,NA
"PPS","P_SAL_Y","500-999","J61","D111","BG",2012,NA
"PPS","P_SAL_Y","500-999","J61","D1111","BG",2012,NA
"PPS","P_SAL_Y","500-999","J62","D01","BG",2012,NA
"PPS","P_SAL_Y","500-999","J62","D111","BG",2012,NA
"PPS","P_SAL_Y","500-999","J62","D1111","BG",2012,NA
"PPS","P_SAL_Y","500-999","K","D01","BG",2012,23616
"PPS","P_SAL_Y","500-999","K","D111","BG",2012,19972
"PPS","P_SAL_Y","500-999","K","D1111","BG",2012,18413
"PPS","P_SAL_Y","500-999","K-N","D01","BG",2012,14268
"PPS","P_SAL_Y","500-999","K-N","D111","BG",2012,12068
"PPS","P_SAL_Y","500-999","K-N","D1111","BG",2012,11117
"PPS","P_SAL_Y","500-999","K64","D01","BG",2012,22865
"PPS","P_SAL_Y","500-999","K64","D111","BG",2012,19201
"PPS","P_SAL_Y","500-999","K64","D1111","BG",2012,17627
"PPS","P_SAL_Y","500-999","K65","D01","BG",2012,26678
"PPS","P_SAL_Y","500-999","K65","D111","BG",2012,23117
"PPS","P_SAL_Y","500-999","K65","D1111","BG",2012,21615
"PPS","P_SAL_Y","500-999","M","D01","BG",2012,21780
"PPS","P_SAL_Y","500-999","M","D111","BG",2012,18162
"PPS","P_SAL_Y","500-999","M","D1111","BG",2012,16013
"PPS","P_SAL_Y","500-999","M70","D01","BG",2012,NA
"PPS","P_SAL_Y","500-999","M70","D111","BG",2012,NA
"PPS","P_SAL_Y","500-999","M70","D1111","BG",2012,NA
"PPS","P_SAL_Y","500-999","M73","D01","BG",2012,NA
"PPS","P_SAL_Y","500-999","M73","D111","BG",2012,NA
"PPS","P_SAL_Y","500-999","M73","D1111","BG",2012,NA
"PPS","P_SAL_Y","500-999","N","D01","BG",2012,8770
"PPS","P_SAL_Y","500-999","N","D111","BG",2012,7441
"PPS","P_SAL_Y","500-999","N","D1111","BG",2012,6913
"PPS","P_SAL_Y","500-999","N78","D01","BG",2012,NA
"PPS","P_SAL_Y","500-999","N78","D111","BG",2012,NA
"PPS","P_SAL_Y","500-999","N78","D1111","BG",2012,NA
"PPS","P_SAL_Y","500-999","N80","D01","BG",2012,5810
"PPS","P_SAL_Y","500-999","N80","D111","BG",2012,4893
"PPS","P_SAL_Y","500-999","N80","D1111","BG",2012,4564
"PPS","P_SAL_Y","500-999","N81","D01","BG",2012,6530
"PPS","P_SAL_Y","500-999","N81","D111","BG",2012,5427
"PPS","P_SAL_Y","500-999","N81","D1111","BG",2012,5031
"PPS","P_SAL_Y","500-999","N82","D01","BG",2012,19613
"PPS","P_SAL_Y","500-999","N82","D111","BG",2012,16850
"PPS","P_SAL_Y","500-999","N82","D1111","BG",2012,15659
"PPS","P_SAL_Y","500-999","O","D01","BG",2012,21441
"PPS","P_SAL_Y","500-999","O","D111","BG",2012,17006
"PPS","P_SAL_Y","500-999","O","D1111","BG",2012,15443
"PPS","P_SAL_Y","500-999","O-S","D01","BG",2012,16232
"PPS","P_SAL_Y","500-999","O-S","D111","BG",2012,13399
"PPS","P_SAL_Y","500-999","O-S","D1111","BG",2012,11766
"PPS","P_SAL_Y","500-999","O84","D01","BG",2012,21441
"PPS","P_SAL_Y","500-999","O84","D111","BG",2012,17006
"PPS","P_SAL_Y","500-999","O84","D1111","BG",2012,15443
"PPS","P_SAL_Y","500-999","P","D01","BG",2012,18636
"PPS","P_SAL_Y","500-999","P","D111","BG",2012,15609
"PPS","P_SAL_Y","500-999","P","D1111","BG",2012,13161
"PPS","P_SAL_Y","500-999","P-S","D01","BG",2012,14802
"PPS","P_SAL_Y","500-999","P-S","D111","BG",2012,12409
"PPS","P_SAL_Y","500-999","P-S","D1111","BG",2012,10756
"PPS","P_SAL_Y","500-999","P85","D01","BG",2012,18636
"PPS","P_SAL_Y","500-999","P85","D111","BG",2012,15609
"PPS","P_SAL_Y","500-999","P85","D1111","BG",2012,13161
"PPS","P_SAL_Y","500-999","Q","D01","BG",2012,12930
"PPS","P_SAL_Y","500-999","Q","D111","BG",2012,10846
"PPS","P_SAL_Y","500-999","Q","D1111","BG",2012,9582
"PPS","P_SAL_Y","500-999","Q86","D01","BG",2012,13502
"PPS","P_SAL_Y","500-999","Q86","D111","BG",2012,11326
"PPS","P_SAL_Y","500-999","Q86","D1111","BG",2012,10001
"PPS","P_SAL_Y","500-999","Q87","D01","BG",2012,NA
"PPS","P_SAL_Y","500-999","Q87","D111","BG",2012,NA
"PPS","P_SAL_Y","500-999","Q87","D1111","BG",2012,NA
"PPS","P_SAL_Y","500-999","Q88","D01","BG",2012,NA
"PPS","P_SAL_Y","500-999","Q88","D111","BG",2012,NA
"PPS","P_SAL_Y","500-999","Q88","D1111","BG",2012,NA
"PPS","P_SAL_Y","GE10","B","D01","BG",2012,23706
"PPS","P_SAL_Y","GE10","B","D111","BG",2012,18062
"PPS","P_SAL_Y","GE10","B","D1111","BG",2012,15263
"PPS","P_SAL_Y","GE10","B-E","D01","BG",2012,12573
"PPS","P_SAL_Y","GE10","B-E","D111","BG",2012,10335
"PPS","P_SAL_Y","GE10","B-E","D1111","BG",2012,9028
"PPS","P_SAL_Y","GE10","B-F","D01","BG",2012,12318
"PPS","P_SAL_Y","GE10","B-F","D111","BG",2012,10166
"PPS","P_SAL_Y","GE10","B-F","D1111","BG",2012,8957
"PPS","P_SAL_Y","GE10","B-N","D01","BG",2012,13265
"PPS","P_SAL_Y","GE10","B-N","D111","BG",2012,11218
"PPS","P_SAL_Y","GE10","B-N","D1111","BG",2012,10013
"PPS","P_SAL_Y","GE10","B-S","D01","BG",2012,13246
"PPS","P_SAL_Y","GE10","B-S","D111","BG",2012,11110
"PPS","P_SAL_Y","GE10","B-S","D1111","BG",2012,9843
"PPS","P_SAL_Y","GE10","B-S_X_O","D01","BG",2012,13072
"PPS","P_SAL_Y","GE10","B-S_X_O","D111","BG",2012,11022
"PPS","P_SAL_Y","GE10","B-S_X_O","D1111","BG",2012,9773
"PPS","P_SAL_Y","GE10","B05","D01","BG",2012,25775
"PPS","P_SAL_Y","GE10","B05","D111","BG",2012,18997
"PPS","P_SAL_Y","GE10","B05","D1111","BG",2012,15470
"PPS","P_SAL_Y","GE10","B06","D01","BG",2012,NA
"PPS","P_SAL_Y","GE10","B06","D111","BG",2012,NA
"PPS","P_SAL_Y","GE10","B06","D1111","BG",2012,NA
"PPS","P_SAL_Y","GE10","B07","D01","BG",2012,26813
"PPS","P_SAL_Y","GE10","B07","D111","BG",2012,21153
"PPS","P_SAL_Y","GE10","B07","D1111","BG",2012,18604
"PPS","P_SAL_Y","GE10","B08","D01","BG",2012,12851
"PPS","P_SAL_Y","GE10","B08","D111","BG",2012,10453
"PPS","P_SAL_Y","GE10","B08","D1111","BG",2012,9332
"PPS","P_SAL_Y","GE10","B09","D01","BG",2012,NA
"PPS","P_SAL_Y","GE10","B09","D111","BG",2012,NA
"PPS","P_SAL_Y","GE10","B09","D1111","BG",2012,NA
"PPS","P_SAL_Y","GE10","C","D01","BG",2012,10789
"PPS","P_SAL_Y","GE10","C","D111","BG",2012,8971
"PPS","P_SAL_Y","GE10","C","D1111","BG",2012,8046
"PPS","P_SAL_Y","GE10","C10","D01","BG",2012,9595
"PPS","P_SAL_Y","GE10","C10","D111","BG",2012,8064
"PPS","P_SAL_Y","GE10","C10","D1111","BG",2012,7393
"PPS","P_SAL_Y","GE10","C11","D01","BG",2012,14661
"PPS","P_SAL_Y","GE10","C11","D111","BG",2012,12350
"PPS","P_SAL_Y","GE10","C11","D1111","BG",2012,10958
"PPS","P_SAL_Y","GE10","C12","D01","BG",2012,28436
"PPS","P_SAL_Y","GE10","C12","D111","BG",2012,22759
"PPS","P_SAL_Y","GE10","C12","D1111","BG",2012,19363
"PPS","P_SAL_Y","GE10","C13","D01","BG",2012,9634
"PPS","P_SAL_Y","GE10","C13","D111","BG",2012,8005
"PPS","P_SAL_Y","GE10","C13","D1111","BG",2012,7260
"PPS","P_SAL_Y","GE10","C14","D01","BG",2012,6978
"PPS","P_SAL_Y","GE10","C14","D111","BG",2012,5776
"PPS","P_SAL_Y","GE10","C14","D1111","BG",2012,5221
"PPS","P_SAL_Y","GE10","C15","D01","BG",2012,6384
"PPS","P_SAL_Y","GE10","C15","D111","BG",2012,5349
"PPS","P_SAL_Y","GE10","C15","D1111","BG",2012,4844
"PPS","P_SAL_Y","GE10","C16","D01","BG",2012,7614
"PPS","P_SAL_Y","GE10","C16","D111","BG",2012,6379
"PPS","P_SAL_Y","GE10","C16","D1111","BG",2012,5732
"PPS","P_SAL_Y","GE10","C17","D01","BG",2012,10435
"PPS","P_SAL_Y","GE10","C17","D111","BG",2012,8687
"PPS","P_SAL_Y","GE10","C17","D1111","BG",2012,7699
"PPS","P_SAL_Y","GE10","C18","D01","BG",2012,11459
"PPS","P_SAL_Y","GE10","C18","D111","BG",2012,9663
"PPS","P_SAL_Y","GE10","C18","D1111","BG",2012,8804
"PPS","P_SAL_Y","GE10","C19","D01","BG",2012,40257
"PPS","P_SAL_Y","GE10","C19","D111","BG",2012,32278
"PPS","P_SAL_Y","GE10","C19","D1111","BG",2012,28783
"PPS","P_SAL_Y","GE10","C20","D01","BG",2012,15432
"PPS","P_SAL_Y","GE10","C20","D111","BG",2012,12812
"PPS","P_SAL_Y","GE10","C20","D1111","BG",2012,11526
"PPS","P_SAL_Y","GE10","C21","D01","BG",2012,15336
"PPS","P_SAL_Y","GE10","C21","D111","BG",2012,12789
"PPS","P_SAL_Y","GE10","C21","D1111","BG",2012,11346
"PPS","P_SAL_Y","GE10","C22","D01","BG",2012,9344
"PPS","P_SAL_Y","GE10","C22","D111","BG",2012,7850
"PPS","P_SAL_Y","GE10","C22","D1111","BG",2012,7175
"PPS","P_SAL_Y","GE10","C23","D01","BG",2012,13496
"PPS","P_SAL_Y","GE10","C23","D111","BG",2012,11148
"PPS","P_SAL_Y","GE10","C23","D1111","BG",2012,9902
"PPS","P_SAL_Y","GE10","C24","D01","BG",2012,18577
"PPS","P_SAL_Y","GE10","C24","D111","BG",2012,14713
"PPS","P_SAL_Y","GE10","C24","D1111","BG",2012,13000
"PPS","P_SAL_Y","GE10","C25","D01","BG",2012,10178
"PPS","P_SAL_Y","GE10","C25","D111","BG",2012,8470
"PPS","P_SAL_Y","GE10","C25","D1111","BG",2012,7531
"PPS","P_SAL_Y","GE10","C26","D01","BG",2012,15513
"PPS","P_SAL_Y","GE10","C26","D111","BG",2012,13262
"PPS","P_SAL_Y","GE10","C26","D1111","BG",2012,11812
"PPS","P_SAL_Y","GE10","C27","D01","BG",2012,14103
"PPS","P_SAL_Y","GE10","C27","D111","BG",2012,11735
"PPS","P_SAL_Y","GE10","C27","D1111","BG",2012,10532
"PPS","P_SAL_Y","GE10","C28","D01","BG",2012,13860
"PPS","P_SAL_Y","GE10","C28","D111","BG",2012,11557
"PPS","P_SAL_Y","GE10","C28","D1111","BG",2012,10270
"PPS","P_SAL_Y","GE10","C29","D01","BG",2012,11484
"PPS","P_SAL_Y","GE10","C29","D111","BG",2012,9696
"PPS","P_SAL_Y","GE10","C29","D1111","BG",2012,8416
"PPS","P_SAL_Y","GE10","C30","D01","BG",2012,12361
"PPS","P_SAL_Y","GE10","C30","D111","BG",2012,10321
"PPS","P_SAL_Y","GE10","C30","D1111","BG",2012,9432
"PPS","P_SAL_Y","GE10","C31","D01","BG",2012,7387
"PPS","P_SAL_Y","GE10","C31","D111","BG",2012,6176
"PPS","P_SAL_Y","GE10","C31","D1111","BG",2012,5649
"PPS","P_SAL_Y","GE10","C32","D01","BG",2012,10715
"PPS","P_SAL_Y","GE10","C32","D111","BG",2012,9033
"PPS","P_SAL_Y","GE10","C32","D1111","BG",2012,8149
"PPS","P_SAL_Y","GE10","C33","D01","BG",2012,15460
"PPS","P_SAL_Y","GE10","C33","D111","BG",2012,12753
"PPS","P_SAL_Y","GE10","C33","D1111","BG",2012,11266
"PPS","P_SAL_Y","GE10","D","D01","BG",2012,30385
"PPS","P_SAL_Y","GE10","D","D111","BG",2012,24477
"PPS","P_SAL_Y","GE10","D","D1111","BG",2012,18898
"PPS","P_SAL_Y","GE10","D35","D01","BG",2012,30385
"PPS","P_SAL_Y","GE10","D35","D111","BG",2012,24477
"PPS","P_SAL_Y","GE10","D35","D1111","BG",2012,18898
"PPS","P_SAL_Y","GE10","E","D01","BG",2012,11750
"PPS","P_SAL_Y","GE10","E","D111","BG",2012,9806
"PPS","P_SAL_Y","GE10","E","D1111","BG",2012,8435
"PPS","P_SAL_Y","GE10","E36","D01","BG",2012,12788
"PPS","P_SAL_Y","GE10","E36","D111","BG",2012,10589
"PPS","P_SAL_Y","GE10","E36","D1111","BG",2012,8692
"PPS","P_SAL_Y","GE10","E37","D01","BG",2012,9403
"PPS","P_SAL_Y","GE10","E37","D111","BG",2012,7852
"PPS","P_SAL_Y","GE10","E37","D1111","BG",2012,7161
"PPS","P_SAL_Y","GE10","E38","D01","BG",2012,10653
"PPS","P_SAL_Y","GE10","E38","D111","BG",2012,8976
"PPS","P_SAL_Y","GE10","E38","D1111","BG",2012,8159
"PPS","P_SAL_Y","GE10","E39","D01","BG",2012,12623
"PPS","P_SAL_Y","GE10","E39","D111","BG",2012,10653
"PPS","P_SAL_Y","GE10","E39","D1111","BG",2012,9328
"PPS","P_SAL_Y","GE10","F","D01","BG",2012,11067
"PPS","P_SAL_Y","GE10","F","D111","BG",2012,9332
"PPS","P_SAL_Y","GE10","F","D1111","BG",2012,8611
"PPS","P_SAL_Y","GE10","F41","D01","BG",2012,9505
"PPS","P_SAL_Y","GE10","F41","D111","BG",2012,8030
"PPS","P_SAL_Y","GE10","F41","D1111","BG",2012,7439
"PPS","P_SAL_Y","GE10","F42","D01","BG",2012,12941
"PPS","P_SAL_Y","GE10","F42","D111","BG",2012,10883
"PPS","P_SAL_Y","GE10","F42","D1111","BG",2012,9978
"PPS","P_SAL_Y","GE10","F43","D01","BG",2012,11215
"PPS","P_SAL_Y","GE10","F43","D111","BG",2012,9473
"PPS","P_SAL_Y","GE10","F43","D1111","BG",2012,8778
"PPS","P_SAL_Y","GE10","G","D01","BG",2012,12229
"PPS","P_SAL_Y","GE10","G","D111","BG",2012,10433
"PPS","P_SAL_Y","GE10","G","D1111","BG",2012,9633
"PPS","P_SAL_Y","GE10","G-J","D01","BG",2012,14047
"PPS","P_SAL_Y","GE10","G-J","D111","BG",2012,12108
"PPS","P_SAL_Y","GE10","G-J","D1111","BG",2012,10883
"PPS","P_SAL_Y","GE10","G-N","D01","BG",2012,14173
"PPS","P_SAL_Y","GE10","G-N","D111","BG",2012,12226
"PPS","P_SAL_Y","GE10","G-N","D1111","BG",2012,11025
"PPS","P_SAL_Y","GE10","G-S_X_O","D01","BG",2012,13565
"PPS","P_SAL_Y","GE10","G-S_X_O","D111","BG",2012,11581
"PPS","P_SAL_Y","GE10","G-S_X_O","D1111","BG",2012,10306
"PPS","P_SAL_Y","GE10","G45","D01","BG",2012,13924
"PPS","P_SAL_Y","GE10","G45","D111","BG",2012,11871
"PPS","P_SAL_Y","GE10","G45","D1111","BG",2012,10904
"PPS","P_SAL_Y","GE10","G46","D01","BG",2012,14375
"PPS","P_SAL_Y","GE10","G46","D111","BG",2012,12385
"PPS","P_SAL_Y","GE10","G46","D1111","BG",2012,11453
"PPS","P_SAL_Y","GE10","G47","D01","BG",2012,9944
"PPS","P_SAL_Y","GE10","G47","D111","BG",2012,8374
"PPS","P_SAL_Y","GE10","G47","D1111","BG",2012,7725
"PPS","P_SAL_Y","GE10","H","D01","BG",2012,13704
"PPS","P_SAL_Y","GE10","H","D111","BG",2012,12040
"PPS","P_SAL_Y","GE10","H","D1111","BG",2012,9969
"PPS","P_SAL_Y","GE10","H49","D01","BG",2012,11347
"PPS","P_SAL_Y","GE10","H49","D111","BG",2012,9121
"PPS","P_SAL_Y","GE10","H49","D1111","BG",2012,7643
"PPS","P_SAL_Y","GE10","H50","D01","BG",2012,27449
"PPS","P_SAL_Y","GE10","H50","D111","BG",2012,25213
"PPS","P_SAL_Y","GE10","H50","D1111","BG",2012,21112
"PPS","P_SAL_Y","GE10","H51","D01","BG",2012,34362
"PPS","P_SAL_Y","GE10","H51","D111","BG",2012,28723
"PPS","P_SAL_Y","GE10","H51","D1111","BG",2012,25406
"PPS","P_SAL_Y","GE10","H52","D01","BG",2012,17339
"PPS","P_SAL_Y","GE10","H52","D111","BG",2012,17363
"PPS","P_SAL_Y","GE10","H52","D1111","BG",2012,13877
"PPS","P_SAL_Y","GE10","H53","D01","BG",2012,11342
"PPS","P_SAL_Y","GE10","H53","D111","BG",2012,9430
"PPS","P_SAL_Y","GE10","H53","D1111","BG",2012,8097
"PPS","P_SAL_Y","GE10","I","D01","BG",2012,8489
"PPS","P_SAL_Y","GE10","I","D111","BG",2012,7101
"PPS","P_SAL_Y","GE10","I","D1111","BG",2012,6628
"PPS","P_SAL_Y","GE10","I55","D01","BG",2012,10042
"PPS","P_SAL_Y","GE10","I55","D111","BG",2012,8420
"PPS","P_SAL_Y","GE10","I55","D1111","BG",2012,7821
"PPS","P_SAL_Y","GE10","I56","D01","BG",2012,7286
"PPS","P_SAL_Y","GE10","I56","D111","BG",2012,6079
"PPS","P_SAL_Y","GE10","I56","D1111","BG",2012,5703
"PPS","P_SAL_Y","GE10","J","D01","BG",2012,29129
"PPS","P_SAL_Y","GE10","J","D111","BG",2012,25370
"PPS","P_SAL_Y","GE10","J","D1111","BG",2012,23152
"PPS","P_SAL_Y","GE10","J58","D01","BG",2012,19331
"PPS","P_SAL_Y","GE10","J58","D111","BG",2012,16704
"PPS","P_SAL_Y","GE10","J58","D1111","BG",2012,15146
"PPS","P_SAL_Y","GE10","J59","D01","BG",2012,22791
"PPS","P_SAL_Y","GE10","J59","D111","BG",2012,20171
"PPS","P_SAL_Y","GE10","J59","D1111","BG",2012,18709
"PPS","P_SAL_Y","GE10","J60","D01","BG",2012,20960
"PPS","P_SAL_Y","GE10","J60","D111","BG",2012,18089
"PPS","P_SAL_Y","GE10","J60","D1111","BG",2012,16338
"PPS","P_SAL_Y","GE10","J61","D01","BG",2012,23987
"PPS","P_SAL_Y","GE10","J61","D111","BG",2012,20501
"PPS","P_SAL_Y","GE10","J61","D1111","BG",2012,18629
"PPS","P_SAL_Y","GE10","J62","D01","BG",2012,39187
"PPS","P_SAL_Y","GE10","J62","D111","BG",2012,34525
"PPS","P_SAL_Y","GE10","J62","D1111","BG",2012,31617
"PPS","P_SAL_Y","GE10","J63","D01","BG",2012,24089
"PPS","P_SAL_Y","GE10","J63","D111","BG",2012,20937
"PPS","P_SAL_Y","GE10","J63","D1111","BG",2012,19110
"PPS","P_SAL_Y","GE10","K","D01","BG",2012,24530
"PPS","P_SAL_Y","GE10","K","D111","BG",2012,21021
"PPS","P_SAL_Y","GE10","K","D1111","BG",2012,18836
"PPS","P_SAL_Y","GE10","K-N","D01","BG",2012,14461
"PPS","P_SAL_Y","GE10","K-N","D111","BG",2012,12495
"PPS","P_SAL_Y","GE10","K-N","D1111","BG",2012,11349
"PPS","P_SAL_Y","GE10","K64","D01","BG",2012,24767
"PPS","P_SAL_Y","GE10","K64","D111","BG",2012,21144
"PPS","P_SAL_Y","GE10","K64","D1111","BG",2012,18810
"PPS","P_SAL_Y","GE10","K65","D01","BG",2012,26877
"PPS","P_SAL_Y","GE10","K65","D111","BG",2012,23426
"PPS","P_SAL_Y","GE10","K65","D1111","BG",2012,21591
"PPS","P_SAL_Y","GE10","K66","D01","BG",2012,18789
"PPS","P_SAL_Y","GE10","K66","D111","BG",2012,16350
"PPS","P_SAL_Y","GE10","K66","D1111","BG",2012,15187
"PPS","P_SAL_Y","GE10","L","D01","BG",2012,12762
"PPS","P_SAL_Y","GE10","L","D111","BG",2012,10914
"PPS","P_SAL_Y","GE10","L","D1111","BG",2012,9950
"PPS","P_SAL_Y","GE10","L68","D01","BG",2012,12762
"PPS","P_SAL_Y","GE10","L68","D111","BG",2012,10914
"PPS","P_SAL_Y","GE10","L68","D1111","BG",2012,9950
"PPS","P_SAL_Y","GE10","M","D01","BG",2012,21046
"PPS","P_SAL_Y","GE10","M","D111","BG",2012,18284
"PPS","P_SAL_Y","GE10","M","D1111","BG",2012,16690
"PPS","P_SAL_Y","GE10","M69","D01","BG",2012,24441
"PPS","P_SAL_Y","GE10","M69","D111","BG",2012,21448
"PPS","P_SAL_Y","GE10","M69","D1111","BG",2012,19665
"PPS","P_SAL_Y","GE10","M70","D01","BG",2012,27473
"PPS","P_SAL_Y","GE10","M70","D111","BG",2012,24219
"PPS","P_SAL_Y","GE10","M70","D1111","BG",2012,22118
"PPS","P_SAL_Y","GE10","M71","D01","BG",2012,22981
"PPS","P_SAL_Y","GE10","M71","D111","BG",2012,19818
"PPS","P_SAL_Y","GE10","M71","D1111","BG",2012,18202
"PPS","P_SAL_Y","GE10","M72","D01","BG",2012,12790
"PPS","P_SAL_Y","GE10","M72","D111","BG",2012,10790
"PPS","P_SAL_Y","GE10","M72","D1111","BG",2012,9473
"PPS","P_SAL_Y","GE10","M73","D01","BG",2012,24149
"PPS","P_SAL_Y","GE10","M73","D111","BG",2012,21224
"PPS","P_SAL_Y","GE10","M73","D1111","BG",2012,19771
"PPS","P_SAL_Y","GE10","M74","D01","BG",2012,22897
"PPS","P_SAL_Y","GE10","M74","D111","BG",2012,19989
"PPS","P_SAL_Y","GE10","M74","D1111","BG",2012,18375
"PPS","P_SAL_Y","GE10","M75","D01","BG",2012,7193
"PPS","P_SAL_Y","GE10","M75","D111","BG",2012,6123
"PPS","P_SAL_Y","GE10","M75","D1111","BG",2012,5667
"PPS","P_SAL_Y","GE10","N","D01","BG",2012,7537
"PPS","P_SAL_Y","GE10","N","D111","BG",2012,6575
"PPS","P_SAL_Y","GE10","N","D1111","BG",2012,6061
"PPS","P_SAL_Y","GE10","N77","D01","BG",2012,14151
"PPS","P_SAL_Y","GE10","N77","D111","BG",2012,12018
"PPS","P_SAL_Y","GE10","N77","D1111","BG",2012,11146
"PPS","P_SAL_Y","GE10","N78","D01","BG",2012,15641
"PPS","P_SAL_Y","GE10","N78","D111","BG",2012,13192
"PPS","P_SAL_Y","GE10","N78","D1111","BG",2012,12109
"PPS","P_SAL_Y","GE10","N79","D01","BG",2012,12606
"PPS","P_SAL_Y","GE10","N79","D111","BG",2012,10753
"PPS","P_SAL_Y","GE10","N79","D1111","BG",2012,10106
"PPS","P_SAL_Y","GE10","N80","D01","BG",2012,6546
"PPS","P_SAL_Y","GE10","N80","D111","BG",2012,5533
"PPS","P_SAL_Y","GE10","N80","D1111","BG",2012,5103
"PPS","P_SAL_Y","GE10","N81","D01","BG",2012,4846
"PPS","P_SAL_Y","GE10","N81","D111","BG",2012,4700
"PPS","P_SAL_Y","GE10","N81","D1111","BG",2012,4319
"PPS","P_SAL_Y","GE10","N82","D01","BG",2012,15880
"PPS","P_SAL_Y","GE10","N82","D111","BG",2012,13586
"PPS","P_SAL_Y","GE10","N82","D1111","BG",2012,12536
"PPS","P_SAL_Y","GE10","O","D01","BG",2012,15747
"PPS","P_SAL_Y","GE10","O","D111","BG",2012,12367
"PPS","P_SAL_Y","GE10","O","D1111","BG",2012,10849
"PPS","P_SAL_Y","GE10","O-S","D01","BG",2012,13186
"PPS","P_SAL_Y","GE10","O-S","D111","BG",2012,10777
"PPS","P_SAL_Y","GE10","O-S","D1111","BG",2012,9320
"PPS","P_SAL_Y","GE10","O84","D01","BG",2012,15747
"PPS","P_SAL_Y","GE10","O84","D111","BG",2012,12367
"PPS","P_SAL_Y","GE10","O84","D1111","BG",2012,10849
"PPS","P_SAL_Y","GE10","P","D01","BG",2012,12363
"PPS","P_SAL_Y","GE10","P","D111","BG",2012,10124
"PPS","P_SAL_Y","GE10","P","D1111","BG",2012,8356
"PPS","P_SAL_Y","GE10","P-S","D01","BG",2012,12268
"PPS","P_SAL_Y","GE10","P-S","D111","BG",2012,10206
"PPS","P_SAL_Y","GE10","P-S","D1111","BG",2012,8772
"PPS","P_SAL_Y","GE10","P85","D01","BG",2012,12363
"PPS","P_SAL_Y","GE10","P85","D111","BG",2012,10124
"PPS","P_SAL_Y","GE10","P85","D1111","BG",2012,8356
"PPS","P_SAL_Y","GE10","Q","D01","BG",2012,12677
"PPS","P_SAL_Y","GE10","Q","D111","BG",2012,10667
"PPS","P_SAL_Y","GE10","Q","D1111","BG",2012,9471
"PPS","P_SAL_Y","GE10","Q86","D01","BG",2012,14221
"PPS","P_SAL_Y","GE10","Q86","D111","BG",2012,11985
"PPS","P_SAL_Y","GE10","Q86","D1111","BG",2012,10674
"PPS","P_SAL_Y","GE10","Q87","D01","BG",2012,7796
"PPS","P_SAL_Y","GE10","Q87","D111","BG",2012,6451
"PPS","P_SAL_Y","GE10","Q87","D1111","BG",2012,5594
"PPS","P_SAL_Y","GE10","Q88","D01","BG",2012,7132
"PPS","P_SAL_Y","GE10","Q88","D111","BG",2012,5973
"PPS","P_SAL_Y","GE10","Q88","D1111","BG",2012,5212
"PPS","P_SAL_Y","GE10","R","D01","BG",2012,11097
"PPS","P_SAL_Y","GE10","R","D111","BG",2012,9497
"PPS","P_SAL_Y","GE10","R","D1111","BG",2012,8648
"PPS","P_SAL_Y","GE10","R90","D01","BG",2012,9256
"PPS","P_SAL_Y","GE10","R90","D111","BG",2012,7640
"PPS","P_SAL_Y","GE10","R90","D1111","BG",2012,6665
"PPS","P_SAL_Y","GE10","R91","D01","BG",2012,8589
"PPS","P_SAL_Y","GE10","R91","D111","BG",2012,7098
"PPS","P_SAL_Y","GE10","R91","D1111","BG",2012,6141
"PPS","P_SAL_Y","GE10","R92","D01","BG",2012,9233
"PPS","P_SAL_Y","GE10","R92","D111","BG",2012,7729
"PPS","P_SAL_Y","GE10","R92","D1111","BG",2012,7101
"PPS","P_SAL_Y","GE10","R93","D01","BG",2012,17049
"PPS","P_SAL_Y","GE10","R93","D111","BG",2012,15265
"PPS","P_SAL_Y","GE10","R93","D1111","BG",2012,14302
"PPS","P_SAL_Y","GE10","S","D01","BG",2012,9794
"PPS","P_SAL_Y","GE10","S","D111","BG",2012,8458
"PPS","P_SAL_Y","GE10","S","D1111","BG",2012,7668
"PPS","P_SAL_Y","GE10","S94","D01","BG",2012,10974
"PPS","P_SAL_Y","GE10","S94","D111","BG",2012,9583
"PPS","P_SAL_Y","GE10","S94","D1111","BG",2012,8658
"PPS","P_SAL_Y","GE10","S95","D01","BG",2012,11214
"PPS","P_SAL_Y","GE10","S95","D111","BG",2012,9464
"PPS","P_SAL_Y","GE10","S95","D1111","BG",2012,8654
"PPS","P_SAL_Y","GE10","S96","D01","BG",2012,6858
"PPS","P_SAL_Y","GE10","S96","D111","BG",2012,5716
"PPS","P_SAL_Y","GE10","S96","D1111","BG",2012,5237
"PPS","P_SAL_Y","GE1000","B","D01","BG",2012,30367
"PPS","P_SAL_Y","GE1000","B","D111","BG",2012,22919
"PPS","P_SAL_Y","GE1000","B","D1111","BG",2012,19017
"PPS","P_SAL_Y","GE1000","B-E","D01","BG",2012,22422
"PPS","P_SAL_Y","GE1000","B-E","D111","BG",2012,17851
"PPS","P_SAL_Y","GE1000","B-E","D1111","BG",2012,14547
"PPS","P_SAL_Y","GE1000","B-F","D01","BG",2012,22435
"PPS","P_SAL_Y","GE1000","B-F","D111","BG",2012,17858
"PPS","P_SAL_Y","GE1000","B-F","D1111","BG",2012,14550
"PPS","P_SAL_Y","GE1000","B-N","D01","BG",2012,20192
"PPS","P_SAL_Y","GE1000","B-N","D111","BG",2012,16969
"PPS","P_SAL_Y","GE1000","B-N","D1111","BG",2012,14186
"PPS","P_SAL_Y","GE1000","B-S","D01","BG",2012,19494
"PPS","P_SAL_Y","GE1000","B-S","D111","BG",2012,16295
"PPS","P_SAL_Y","GE1000","B-S","D1111","BG",2012,13731
"PPS","P_SAL_Y","GE1000","B-S_X_O","D01","BG",2012,19767
"PPS","P_SAL_Y","GE1000","B-S_X_O","D111","BG",2012,16612
"PPS","P_SAL_Y","GE1000","B-S_X_O","D1111","BG",2012,13946
"PPS","P_SAL_Y","GE1000","B05","D01","BG",2012,28690
"PPS","P_SAL_Y","GE1000","B05","D111","BG",2012,21072
"PPS","P_SAL_Y","GE1000","B05","D1111","BG",2012,16987
"PPS","P_SAL_Y","GE1000","B07","D01","BG",2012,34695
"PPS","P_SAL_Y","GE1000","B07","D111","BG",2012,27683
"PPS","P_SAL_Y","GE1000","B07","D1111","BG",2012,24254
"PPS","P_SAL_Y","GE1000","C","D01","BG",2012,15546
"PPS","P_SAL_Y","GE1000","C","D111","BG",2012,12673
"PPS","P_SAL_Y","GE1000","C","D1111","BG",2012,11057
"PPS","P_SAL_Y","GE1000","C10","D01","BG",2012,NA
"PPS","P_SAL_Y","GE1000","C10","D111","BG",2012,NA
"PPS","P_SAL_Y","GE1000","C10","D1111","BG",2012,NA
"PPS","P_SAL_Y","GE1000","C11","D01","BG",2012,NA
"PPS","P_SAL_Y","GE1000","C11","D111","BG",2012,NA
"PPS","P_SAL_Y","GE1000","C11","D1111","BG",2012,NA
"PPS","P_SAL_Y","GE1000","C12","D01","BG",2012,NA
"PPS","P_SAL_Y","GE1000","C12","D111","BG",2012,NA
"PPS","P_SAL_Y","GE1000","C12","D1111","BG",2012,NA
"PPS","P_SAL_Y","GE1000","C13","D01","BG",2012,12070
"PPS","P_SAL_Y","GE1000","C13","D111","BG",2012,10152
"PPS","P_SAL_Y","GE1000","C13","D1111","BG",2012,9291
"PPS","P_SAL_Y","GE1000","C14","D01","BG",2012,13039
"PPS","P_SAL_Y","GE1000","C14","D111","BG",2012,9846
"PPS","P_SAL_Y","GE1000","C14","D1111","BG",2012,8834
"PPS","P_SAL_Y","GE1000","C19","D01","BG",2012,NA
"PPS","P_SAL_Y","GE1000","C19","D111","BG",2012,NA
"PPS","P_SAL_Y","GE1000","C19","D1111","BG",2012,NA
"PPS","P_SAL_Y","GE1000","C20","D01","BG",2012,NA
"PPS","P_SAL_Y","GE1000","C20","D111","BG",2012,NA
"PPS","P_SAL_Y","GE1000","C20","D1111","BG",2012,NA
"PPS","P_SAL_Y","GE1000","C21","D01","BG",2012,14302
"PPS","P_SAL_Y","GE1000","C21","D111","BG",2012,11809
"PPS","P_SAL_Y","GE1000","C21","D1111","BG",2012,10199
"PPS","P_SAL_Y","GE1000","C22","D01","BG",2012,NA
"PPS","P_SAL_Y","GE1000","C22","D111","BG",2012,NA
"PPS","P_SAL_Y","GE1000","C22","D1111","BG",2012,NA
"PPS","P_SAL_Y","GE1000","C23","D01","BG",2012,NA
"PPS","P_SAL_Y","GE1000","C23","D111","BG",2012,NA
"PPS","P_SAL_Y","GE1000","C23","D1111","BG",2012,NA
"PPS","P_SAL_Y","GE1000","C24","D01","BG",2012,NA
"PPS","P_SAL_Y","GE1000","C24","D111","BG",2012,NA
"PPS","P_SAL_Y","GE1000","C24","D1111","BG",2012,NA
"PPS","P_SAL_Y","GE1000","C25","D01","BG",2012,9238
"PPS","P_SAL_Y","GE1000","C25","D111","BG",2012,7513
"PPS","P_SAL_Y","GE1000","C25","D1111","BG",2012,6400
"PPS","P_SAL_Y","GE1000","C27","D01","BG",2012,NA
"PPS","P_SAL_Y","GE1000","C27","D111","BG",2012,NA
"PPS","P_SAL_Y","GE1000","C27","D1111","BG",2012,NA
"PPS","P_SAL_Y","GE1000","C28","D01","BG",2012,18872
"PPS","P_SAL_Y","GE1000","C28","D111","BG",2012,15598
"PPS","P_SAL_Y","GE1000","C28","D1111","BG",2012,13172
"PPS","P_SAL_Y","GE1000","C29","D01","BG",2012,11962
"PPS","P_SAL_Y","GE1000","C29","D111","BG",2012,10137
"PPS","P_SAL_Y","GE1000","C29","D1111","BG",2012,8688
"PPS","P_SAL_Y","GE1000","C30","D01","BG",2012,NA
"PPS","P_SAL_Y","GE1000","C30","D111","BG",2012,NA
"PPS","P_SAL_Y","GE1000","C30","D1111","BG",2012,NA
"PPS","P_SAL_Y","GE1000","C33","D01","BG",2012,NA
"PPS","P_SAL_Y","GE1000","C33","D111","BG",2012,NA
"PPS","P_SAL_Y","GE1000","C33","D1111","BG",2012,NA
"PPS","P_SAL_Y","GE1000","D","D01","BG",2012,32571
"PPS","P_SAL_Y","GE1000","D","D111","BG",2012,26046
"PPS","P_SAL_Y","GE1000","D","D1111","BG",2012,19457
"PPS","P_SAL_Y","GE1000","D35","D01","BG",2012,32571
"PPS","P_SAL_Y","GE1000","D35","D111","BG",2012,26046
"PPS","P_SAL_Y","GE1000","D35","D1111","BG",2012,19457
"PPS","P_SAL_Y","GE1000","E","D01","BG",2012,15886
"PPS","P_SAL_Y","GE1000","E","D111","BG",2012,13122
"PPS","P_SAL_Y","GE1000","E","D1111","BG",2012,11032
"PPS","P_SAL_Y","GE1000","E36","D01","BG",2012,15886
"PPS","P_SAL_Y","GE1000","E36","D111","BG",2012,13122
"PPS","P_SAL_Y","GE1000","E36","D1111","BG",2012,11032
"PPS","P_SAL_Y","GE1000","F","D01","BG",2012,NA
"PPS","P_SAL_Y","GE1000","F","D111","BG",2012,NA
"PPS","P_SAL_Y","GE1000","F","D1111","BG",2012,NA
"PPS","P_SAL_Y","GE1000","F41","D01","BG",2012,NA
"PPS","P_SAL_Y","GE1000","F41","D111","BG",2012,NA
"PPS","P_SAL_Y","GE1000","F41","D1111","BG",2012,NA
"PPS","P_SAL_Y","GE1000","G","D01","BG",2012,15992
"PPS","P_SAL_Y","GE1000","G","D111","BG",2012,13623
"PPS","P_SAL_Y","GE1000","G","D1111","BG",2012,12373
"PPS","P_SAL_Y","GE1000","G-J","D01","BG",2012,18566
"PPS","P_SAL_Y","GE1000","G-J","D111","BG",2012,16536
"PPS","P_SAL_Y","GE1000","G-J","D1111","BG",2012,13858
"PPS","P_SAL_Y","GE1000","G-N","D01","BG",2012,18635
"PPS","P_SAL_Y","GE1000","G-N","D111","BG",2012,16351
"PPS","P_SAL_Y","GE1000","G-N","D1111","BG",2012,13934
"PPS","P_SAL_Y","GE1000","G-S_X_O","D01","BG",2012,18225
"PPS","P_SAL_Y","GE1000","G-S_X_O","D111","BG",2012,15891
"PPS","P_SAL_Y","GE1000","G-S_X_O","D1111","BG",2012,13597
"PPS","P_SAL_Y","GE1000","G46","D01","BG",2012,NA
"PPS","P_SAL_Y","GE1000","G46","D111","BG",2012,NA
"PPS","P_SAL_Y","GE1000","G46","D1111","BG",2012,NA
"PPS","P_SAL_Y","GE1000","G47","D01","BG",2012,14710
"PPS","P_SAL_Y","GE1000","G47","D111","BG",2012,12488
"PPS","P_SAL_Y","GE1000","G47","D1111","BG",2012,11233
"PPS","P_SAL_Y","GE1000","H","D01","BG",2012,16357
"PPS","P_SAL_Y","GE1000","H","D111","BG",2012,15226
"PPS","P_SAL_Y","GE1000","H","D1111","BG",2012,11709
"PPS","P_SAL_Y","GE1000","H49","D01","BG",2012,17925
"PPS","P_SAL_Y","GE1000","H49","D111","BG",2012,14401
"PPS","P_SAL_Y","GE1000","H49","D1111","BG",2012,10772
"PPS","P_SAL_Y","GE1000","H50","D01","BG",2012,NA
"PPS","P_SAL_Y","GE1000","H50","D111","BG",2012,NA
"PPS","P_SAL_Y","GE1000","H50","D1111","BG",2012,NA
"PPS","P_SAL_Y","GE1000","H52","D01","BG",2012,16951
"PPS","P_SAL_Y","GE1000","H52","D111","BG",2012,18155
"PPS","P_SAL_Y","GE1000","H52","D1111","BG",2012,13891
"PPS","P_SAL_Y","GE1000","H53","D01","BG",2012,9584
"PPS","P_SAL_Y","GE1000","H53","D111","BG",2012,7812
"PPS","P_SAL_Y","GE1000","H53","D1111","BG",2012,6292
"PPS","P_SAL_Y","GE1000","I","D01","BG",2012,NA
"PPS","P_SAL_Y","GE1000","I","D111","BG",2012,NA
"PPS","P_SAL_Y","GE1000","I","D1111","BG",2012,NA
"PPS","P_SAL_Y","GE1000","I56","D01","BG",2012,NA
"PPS","P_SAL_Y","GE1000","I56","D111","BG",2012,NA
"PPS","P_SAL_Y","GE1000","I56","D1111","BG",2012,NA
"PPS","P_SAL_Y","GE1000","J","D01","BG",2012,27674
"PPS","P_SAL_Y","GE1000","J","D111","BG",2012,23605
"PPS","P_SAL_Y","GE1000","J","D1111","BG",2012,21512
"PPS","P_SAL_Y","GE1000","J60","D01","BG",2012,16118
"PPS","P_SAL_Y","GE1000","J60","D111","BG",2012,13766
"PPS","P_SAL_Y","GE1000","J60","D1111","BG",2012,12149
"PPS","P_SAL_Y","GE1000","J61","D01","BG",2012,25712
"PPS","P_SAL_Y","GE1000","J61","D111","BG",2012,22035
"PPS","P_SAL_Y","GE1000","J61","D1111","BG",2012,19940
"PPS","P_SAL_Y","GE1000","J62","D01","BG",2012,NA
"PPS","P_SAL_Y","GE1000","J62","D111","BG",2012,NA
"PPS","P_SAL_Y","GE1000","J62","D1111","BG",2012,NA
"PPS","P_SAL_Y","GE1000","K","D01","BG",2012,24654
"PPS","P_SAL_Y","GE1000","K","D111","BG",2012,20975
"PPS","P_SAL_Y","GE1000","K","D1111","BG",2012,18468
"PPS","P_SAL_Y","GE1000","K-N","D01","BG",2012,18783
"PPS","P_SAL_Y","GE1000","K-N","D111","BG",2012,15950
"PPS","P_SAL_Y","GE1000","K-N","D1111","BG",2012,14097
"PPS","P_SAL_Y","GE1000","K64","D01","BG",2012,24654
"PPS","P_SAL_Y","GE1000","K64","D111","BG",2012,20975
"PPS","P_SAL_Y","GE1000","K64","D1111","BG",2012,18468
"PPS","P_SAL_Y","GE1000","M","D01","BG",2012,12893
"PPS","P_SAL_Y","GE1000","M","D111","BG",2012,9667
"PPS","P_SAL_Y","GE1000","M","D1111","BG",2012,8117
"PPS","P_SAL_Y","GE1000","M71","D01","BG",2012,NA
"PPS","P_SAL_Y","GE1000","M71","D111","BG",2012,NA
"PPS","P_SAL_Y","GE1000","M71","D1111","BG",2012,NA
"PPS","P_SAL_Y","GE1000","M72","D01","BG",2012,NA
"PPS","P_SAL_Y","GE1000","M72","D111","BG",2012,NA
"PPS","P_SAL_Y","GE1000","M72","D1111","BG",2012,NA
"PPS","P_SAL_Y","GE1000","N","D01","BG",2012,9597
"PPS","P_SAL_Y","GE1000","N","D111","BG",2012,8107
"PPS","P_SAL_Y","GE1000","N","D1111","BG",2012,7285
"PPS","P_SAL_Y","GE1000","N78","D01","BG",2012,NA
"PPS","P_SAL_Y","GE1000","N78","D111","BG",2012,NA
"PPS","P_SAL_Y","GE1000","N78","D1111","BG",2012,NA
"PPS","P_SAL_Y","GE1000","N80","D01","BG",2012,7553
"PPS","P_SAL_Y","GE1000","N80","D111","BG",2012,6378
"PPS","P_SAL_Y","GE1000","N80","D1111","BG",2012,5712
"PPS","P_SAL_Y","GE1000","O","D01","BG",2012,16023
"PPS","P_SAL_Y","GE1000","O","D111","BG",2012,12265
"PPS","P_SAL_Y","GE1000","O","D1111","BG",2012,10990
"PPS","P_SAL_Y","GE1000","O-S","D01","BG",2012,16114
"PPS","P_SAL_Y","GE1000","O-S","D111","BG",2012,13031
"PPS","P_SAL_Y","GE1000","O-S","D1111","BG",2012,11522
"PPS","P_SAL_Y","GE1000","O84","D01","BG",2012,16023
"PPS","P_SAL_Y","GE1000","O84","D111","BG",2012,12265
"PPS","P_SAL_Y","GE1000","O84","D1111","BG",2012,10990
"PPS","P_SAL_Y","GE1000","P","D01","BG",2012,17160
"PPS","P_SAL_Y","GE1000","P","D111","BG",2012,14519
"PPS","P_SAL_Y","GE1000","P","D1111","BG",2012,12573
"PPS","P_SAL_Y","GE1000","P-S","D01","BG",2012,16182
"PPS","P_SAL_Y","GE1000","P-S","D111","BG",2012,13600
"PPS","P_SAL_Y","GE1000","P-S","D1111","BG",2012,11918
"PPS","P_SAL_Y","GE1000","P85","D01","BG",2012,17160
"PPS","P_SAL_Y","GE1000","P85","D111","BG",2012,14519
"PPS","P_SAL_Y","GE1000","P85","D1111","BG",2012,12573
"PPS","P_SAL_Y","GE1000","Q","D01","BG",2012,16049
"PPS","P_SAL_Y","GE1000","Q","D111","BG",2012,13468
"PPS","P_SAL_Y","GE1000","Q","D1111","BG",2012,11834
"PPS","P_SAL_Y","GE1000","Q86","D01","BG",2012,16049
"PPS","P_SAL_Y","GE1000","Q86","D111","BG",2012,13468
"PPS","P_SAL_Y","GE1000","Q86","D1111","BG",2012,11834
"PPS","P_SAL_Y","GE1000","R","D01","BG",2012,13541
"PPS","P_SAL_Y","GE1000","R","D111","BG",2012,11205
"PPS","P_SAL_Y","GE1000","R","D1111","BG",2012,10076
"PPS","P_SAL_Y","GE1000","R92","D01","BG",2012,13541
"PPS","P_SAL_Y","GE1000","R92","D111","BG",2012,11205
"PPS","P_SAL_Y","GE1000","R92","D1111","BG",2012,10076
"PPS","P_SAL_Y","LT10","B","D01","BG",2012,11996
"PPS","P_SAL_Y","LT10","B","D111","BG",2012,10140
"PPS","P_SAL_Y","LT10","B","D1111","BG",2012,9550
"PPS","P_SAL_Y","LT10","B-E","D01","BG",2012,6494
"PPS","P_SAL_Y","LT10","B-E","D111","BG",2012,5440
"PPS","P_SAL_Y","LT10","B-E","D1111","BG",2012,5128
"PPS","P_SAL_Y","LT10","B-F","D01","BG",2012,6899
"PPS","P_SAL_Y","LT10","B-F","D111","BG",2012,5788
"PPS","P_SAL_Y","LT10","B-F","D1111","BG",2012,5457
"PPS","P_SAL_Y","LT10","B-N","D01","BG",2012,7931
"PPS","P_SAL_Y","LT10","B-N","D111","BG",2012,6698
"PPS","P_SAL_Y","LT10","B-N","D1111","BG",2012,6322
"PPS","P_SAL_Y","LT10","B-S","D01","BG",2012,7859
"PPS","P_SAL_Y","LT10","B-S","D111","BG",2012,6635
"PPS","P_SAL_Y","LT10","B-S","D1111","BG",2012,6251
"PPS","P_SAL_Y","LT10","B-S_X_O","D01","BG",2012,7841
"PPS","P_SAL_Y","LT10","B-S_X_O","D111","BG",2012,6622
"PPS","P_SAL_Y","LT10","B-S_X_O","D1111","BG",2012,6240
"PPS","P_SAL_Y","LT10","B05","D01","BG",2012,16214
"PPS","P_SAL_Y","LT10","B05","D111","BG",2012,13020
"PPS","P_SAL_Y","LT10","B05","D1111","BG",2012,12478
"PPS","P_SAL_Y","LT10","B06","D01","BG",2012,NA
"PPS","P_SAL_Y","LT10","B06","D111","BG",2012,NA
"PPS","P_SAL_Y","LT10","B06","D1111","BG",2012,NA
"PPS","P_SAL_Y","LT10","B07","D01","BG",2012,10008
"PPS","P_SAL_Y","LT10","B07","D111","BG",2012,8478
"PPS","P_SAL_Y","LT10","B07","D1111","BG",2012,8182
"PPS","P_SAL_Y","LT10","B08","D01","BG",2012,9378
"PPS","P_SAL_Y","LT10","B08","D111","BG",2012,7771
"PPS","P_SAL_Y","LT10","B08","D1111","BG",2012,7262
"PPS","P_SAL_Y","LT10","B09","D01","BG",2012,25240
"PPS","P_SAL_Y","LT10","B09","D111","BG",2012,22373
"PPS","P_SAL_Y","LT10","B09","D1111","BG",2012,21186
"PPS","P_SAL_Y","LT10","C","D01","BG",2012,6147
"PPS","P_SAL_Y","LT10","C","D111","BG",2012,5131
"PPS","P_SAL_Y","LT10","C","D1111","BG",2012,4836
"PPS","P_SAL_Y","LT10","C10","D01","BG",2012,5895
"PPS","P_SAL_Y","LT10","C10","D111","BG",2012,4902
"PPS","P_SAL_Y","LT10","C10","D1111","BG",2012,4665
"PPS","P_SAL_Y","LT10","C11","D01","BG",2012,NA
"PPS","P_SAL_Y","LT10","C11","D111","BG",2012,NA
"PPS","P_SAL_Y","LT10","C11","D1111","BG",2012,NA
"PPS","P_SAL_Y","LT10","C12","D01","BG",2012,12656
"PPS","P_SAL_Y","LT10","C12","D111","BG",2012,10393
"PPS","P_SAL_Y","LT10","C12","D1111","BG",2012,9319
"PPS","P_SAL_Y","LT10","C13","D01","BG",2012,NA
"PPS","P_SAL_Y","LT10","C13","D111","BG",2012,NA
"PPS","P_SAL_Y","LT10","C13","D1111","BG",2012,NA
"PPS","P_SAL_Y","LT10","C14","D01","BG",2012,5236
"PPS","P_SAL_Y","LT10","C14","D111","BG",2012,4370
"PPS","P_SAL_Y","LT10","C14","D1111","BG",2012,4156
"PPS","P_SAL_Y","LT10","C15","D01","BG",2012,NA
"PPS","P_SAL_Y","LT10","C15","D111","BG",2012,NA
"PPS","P_SAL_Y","LT10","C15","D1111","BG",2012,NA
"PPS","P_SAL_Y","LT10","C16","D01","BG",2012,5130
"PPS","P_SAL_Y","LT10","C16","D111","BG",2012,4243
"PPS","P_SAL_Y","LT10","C16","D1111","BG",2012,3993
"PPS","P_SAL_Y","LT10","C17","D01","BG",2012,NA
"PPS","P_SAL_Y","LT10","C17","D111","BG",2012,NA
"PPS","P_SAL_Y","LT10","C17","D1111","BG",2012,NA
"PPS","P_SAL_Y","LT10","C18","D01","BG",2012,6082
"PPS","P_SAL_Y","LT10","C18","D111","BG",2012,5084
"PPS","P_SAL_Y","LT10","C18","D1111","BG",2012,4749
"PPS","P_SAL_Y","LT10","C19","D01","BG",2012,NA
"PPS","P_SAL_Y","LT10","C19","D111","BG",2012,NA
"PPS","P_SAL_Y","LT10","C19","D1111","BG",2012,NA
"PPS","P_SAL_Y","LT10","C20","D01","BG",2012,7864
"PPS","P_SAL_Y","LT10","C20","D111","BG",2012,6616
"PPS","P_SAL_Y","LT10","C20","D1111","BG",2012,6190
"PPS","P_SAL_Y","LT10","C21","D01","BG",2012,NA
"PPS","P_SAL_Y","LT10","C21","D111","BG",2012,NA
"PPS","P_SAL_Y","LT10","C21","D1111","BG",2012,NA
"PPS","P_SAL_Y","LT10","C22","D01","BG",2012,5775
"PPS","P_SAL_Y","LT10","C22","D111","BG",2012,4796
"PPS","P_SAL_Y","LT10","C22","D1111","BG",2012,4498
"PPS","P_SAL_Y","LT10","C23","D01","BG",2012,6753
"PPS","P_SAL_Y","LT10","C23","D111","BG",2012,5608
"PPS","P_SAL_Y","LT10","C23","D1111","BG",2012,5282
"PPS","P_SAL_Y","LT10","C24","D01","BG",2012,NA
"PPS","P_SAL_Y","LT10","C24","D111","BG",2012,NA
"PPS","P_SAL_Y","LT10","C24","D1111","BG",2012,NA
"PPS","P_SAL_Y","LT10","C25","D01","BG",2012,6342
"PPS","P_SAL_Y","LT10","C25","D111","BG",2012,5287
"PPS","P_SAL_Y","LT10","C25","D1111","BG",2012,4962
"PPS","P_SAL_Y","LT10","C26","D01","BG",2012,9940
"PPS","P_SAL_Y","LT10","C26","D111","BG",2012,8409
"PPS","P_SAL_Y","LT10","C26","D1111","BG",2012,7890
"PPS","P_SAL_Y","LT10","C27","D01","BG",2012,NA
"PPS","P_SAL_Y","LT10","C27","D111","BG",2012,NA
"PPS","P_SAL_Y","LT10","C27","D1111","BG",2012,NA
"PPS","P_SAL_Y","LT10","C28","D01","BG",2012,8083
"PPS","P_SAL_Y","LT10","C28","D111","BG",2012,6725
"PPS","P_SAL_Y","LT10","C28","D1111","BG",2012,6277
"PPS","P_SAL_Y","LT10","C29","D01","BG",2012,6676
"PPS","P_SAL_Y","LT10","C29","D111","BG",2012,5570
"PPS","P_SAL_Y","LT10","C29","D1111","BG",2012,5185
"PPS","P_SAL_Y","LT10","C30","D01","BG",2012,10369
"PPS","P_SAL_Y","LT10","C30","D111","BG",2012,8744
"PPS","P_SAL_Y","LT10","C30","D1111","BG",2012,8355
"PPS","P_SAL_Y","LT10","C31","D01","BG",2012,5069
"PPS","P_SAL_Y","LT10","C31","D111","BG",2012,4237
"PPS","P_SAL_Y","LT10","C31","D1111","BG",2012,3988
"PPS","P_SAL_Y","LT10","C32","D01","BG",2012,5953
"PPS","P_SAL_Y","LT10","C32","D111","BG",2012,4972
"PPS","P_SAL_Y","LT10","C32","D1111","BG",2012,4650
"PPS","P_SAL_Y","LT10","C33","D01","BG",2012,8596
"PPS","P_SAL_Y","LT10","C33","D111","BG",2012,7296
"PPS","P_SAL_Y","LT10","C33","D1111","BG",2012,6874
"PPS","P_SAL_Y","LT10","D","D01","BG",2012,15513
"PPS","P_SAL_Y","LT10","D","D111","BG",2012,13569
"PPS","P_SAL_Y","LT10","D","D1111","BG",2012,12829
"PPS","P_SAL_Y","LT10","D35","D01","BG",2012,15513
"PPS","P_SAL_Y","LT10","D35","D111","BG",2012,13569
"PPS","P_SAL_Y","LT10","D35","D1111","BG",2012,12829
"PPS","P_SAL_Y","LT10","E","D01","BG",2012,8846
"PPS","P_SAL_Y","LT10","E","D111","BG",2012,7549
"PPS","P_SAL_Y","LT10","E","D1111","BG",2012,7071
"PPS","P_SAL_Y","LT10","E36","D01","BG",2012,14463
"PPS","P_SAL_Y","LT10","E36","D111","BG",2012,12235
"PPS","P_SAL_Y","LT10","E36","D1111","BG",2012,11129
"PPS","P_SAL_Y","LT10","E37","D01","BG",2012,7759
"PPS","P_SAL_Y","LT10","E37","D111","BG",2012,6532
"PPS","P_SAL_Y","LT10","E37","D1111","BG",2012,6271
"PPS","P_SAL_Y","LT10","E38","D01","BG",2012,8579
"PPS","P_SAL_Y","LT10","E38","D111","BG",2012,7317
"PPS","P_SAL_Y","LT10","E38","D1111","BG",2012,6862
"PPS","P_SAL_Y","LT10","E39","D01","BG",2012,10301
"PPS","P_SAL_Y","LT10","E39","D111","BG",2012,8934
"PPS","P_SAL_Y","LT10","E39","D1111","BG",2012,8295
"PPS","P_SAL_Y","LT10","F","D01","BG",2012,7678
"PPS","P_SAL_Y","LT10","F","D111","BG",2012,6456
"PPS","P_SAL_Y","LT10","F","D1111","BG",2012,6089
"PPS","P_SAL_Y","LT10","F41","D01","BG",2012,7370
"PPS","P_SAL_Y","LT10","F41","D111","BG",2012,6182
"PPS","P_SAL_Y","LT10","F41","D1111","BG",2012,5826
"PPS","P_SAL_Y","LT10","F42","D01","BG",2012,10003
"PPS","P_SAL_Y","LT10","F42","D111","BG",2012,8546
"PPS","P_SAL_Y","LT10","F42","D1111","BG",2012,8020
"PPS","P_SAL_Y","LT10","F43","D01","BG",2012,7483
"PPS","P_SAL_Y","LT10","F43","D111","BG",2012,6279
"PPS","P_SAL_Y","LT10","F43","D1111","BG",2012,5931
"PPS","P_SAL_Y","LT10","G","D01","BG",2012,7424
"PPS","P_SAL_Y","LT10","G","D111","BG",2012,6238
"PPS","P_SAL_Y","LT10","G","D1111","BG",2012,5888
"PPS","P_SAL_Y","LT10","G-J","D01","BG",2012,7501
"PPS","P_SAL_Y","LT10","G-J","D111","BG",2012,6303
"PPS","P_SAL_Y","LT10","G-J","D1111","BG",2012,5959
"PPS","P_SAL_Y","LT10","G-N","D01","BG",2012,8194
"PPS","P_SAL_Y","LT10","G-N","D111","BG",2012,6930
"PPS","P_SAL_Y","LT10","G-N","D1111","BG",2012,6542
"PPS","P_SAL_Y","LT10","G-S_X_O","D01","BG",2012,8046
"PPS","P_SAL_Y","LT10","G-S_X_O","D111","BG",2012,6803
"PPS","P_SAL_Y","LT10","G-S_X_O","D1111","BG",2012,6411
"PPS","P_SAL_Y","LT10","G45","D01","BG",2012,6991
"PPS","P_SAL_Y","LT10","G45","D111","BG",2012,5854
"PPS","P_SAL_Y","LT10","G45","D1111","BG",2012,5504
"PPS","P_SAL_Y","LT10","G46","D01","BG",2012,10518
"PPS","P_SAL_Y","LT10","G46","D111","BG",2012,8966
"PPS","P_SAL_Y","LT10","G46","D1111","BG",2012,8413
"PPS","P_SAL_Y","LT10","G47","D01","BG",2012,6337
"PPS","P_SAL_Y","LT10","G47","D111","BG",2012,5280
"PPS","P_SAL_Y","LT10","G47","D1111","BG",2012,5006
"PPS","P_SAL_Y","LT10","H","D01","BG",2012,7322
"PPS","P_SAL_Y","LT10","H","D111","BG",2012,6002
"PPS","P_SAL_Y","LT10","H","D1111","BG",2012,5663
"PPS","P_SAL_Y","LT10","H49","D01","BG",2012,6619
"PPS","P_SAL_Y","LT10","H49","D111","BG",2012,5350
"PPS","P_SAL_Y","LT10","H49","D1111","BG",2012,5055
"PPS","P_SAL_Y","LT10","H50","D01","BG",2012,13205
"PPS","P_SAL_Y","LT10","H50","D111","BG",2012,11271
"PPS","P_SAL_Y","LT10","H50","D1111","BG",2012,10886
"PPS","P_SAL_Y","LT10","H51","D01","BG",2012,NA
"PPS","P_SAL_Y","LT10","H51","D111","BG",2012,NA
"PPS","P_SAL_Y","LT10","H51","D1111","BG",2012,NA
"PPS","P_SAL_Y","LT10","H52","D01","BG",2012,12431
"PPS","P_SAL_Y","LT10","H52","D111","BG",2012,10690
"PPS","P_SAL_Y","LT10","H52","D1111","BG",2012,10044
"PPS","P_SAL_Y","LT10","H53","D01","BG",2012,6007
"PPS","P_SAL_Y","LT10","H53","D111","BG",2012,5044
"PPS","P_SAL_Y","LT10","H53","D1111","BG",2012,4758
"PPS","P_SAL_Y","LT10","I","D01","BG",2012,5847
"PPS","P_SAL_Y","LT10","I","D111","BG",2012,4869
"PPS","P_SAL_Y","LT10","I","D1111","BG",2012,4670
"PPS","P_SAL_Y","LT10","I55","D01","BG",2012,6831
"PPS","P_SAL_Y","LT10","I55","D111","BG",2012,5679
"PPS","P_SAL_Y","LT10","I55","D1111","BG",2012,5397
"PPS","P_SAL_Y","LT10","I56","D01","BG",2012,5716
"PPS","P_SAL_Y","LT10","I56","D111","BG",2012,4761
"PPS","P_SAL_Y","LT10","I56","D1111","BG",2012,4573
"PPS","P_SAL_Y","LT10","J","D01","BG",2012,15514
"PPS","P_SAL_Y","LT10","J","D111","BG",2012,13579
"PPS","P_SAL_Y","LT10","J","D1111","BG",2012,12754
"PPS","P_SAL_Y","LT10","J58","D01","BG",2012,NA
"PPS","P_SAL_Y","LT10","J58","D111","BG",2012,NA
"PPS","P_SAL_Y","LT10","J58","D1111","BG",2012,NA
"PPS","P_SAL_Y","LT10","J59","D01","BG",2012,11340
"PPS","P_SAL_Y","LT10","J59","D111","BG",2012,9811
"PPS","P_SAL_Y","LT10","J59","D1111","BG",2012,9300
"PPS","P_SAL_Y","LT10","J60","D01","BG",2012,9854
"PPS","P_SAL_Y","LT10","J60","D111","BG",2012,8270
"PPS","P_SAL_Y","LT10","J60","D1111","BG",2012,7732
"PPS","P_SAL_Y","LT10","J61","D01","BG",2012,NA
"PPS","P_SAL_Y","LT10","J61","D111","BG",2012,NA
"PPS","P_SAL_Y","LT10","J61","D1111","BG",2012,NA
"PPS","P_SAL_Y","LT10","J62","D01","BG",2012,19154
"PPS","P_SAL_Y","LT10","J62","D111","BG",2012,16944
"PPS","P_SAL_Y","LT10","J62","D1111","BG",2012,15910
"PPS","P_SAL_Y","LT10","J63","D01","BG",2012,13717
"PPS","P_SAL_Y","LT10","J63","D111","BG",2012,11928
"PPS","P_SAL_Y","LT10","J63","D1111","BG",2012,11230
"PPS","P_SAL_Y","LT10","K","D01","BG",2012,14135
"PPS","P_SAL_Y","LT10","K","D111","BG",2012,12352
"PPS","P_SAL_Y","LT10","K","D1111","BG",2012,11682
"PPS","P_SAL_Y","LT10","K-N","D01","BG",2012,10851
"PPS","P_SAL_Y","LT10","K-N","D111","BG",2012,9333
"PPS","P_SAL_Y","LT10","K-N","D1111","BG",2012,8779
"PPS","P_SAL_Y","LT10","K64","D01","BG",2012,16030
"PPS","P_SAL_Y","LT10","K64","D111","BG",2012,14044
"PPS","P_SAL_Y","LT10","K64","D1111","BG",2012,13278
"PPS","P_SAL_Y","LT10","K65","D01","BG",2012,39536
"PPS","P_SAL_Y","LT10","K65","D111","BG",2012,35801
"PPS","P_SAL_Y","LT10","K65","D1111","BG",2012,32419
"PPS","P_SAL_Y","LT10","K66","D01","BG",2012,11435
"PPS","P_SAL_Y","LT10","K66","D111","BG",2012,9923
"PPS","P_SAL_Y","LT10","K66","D1111","BG",2012,9425
"PPS","P_SAL_Y","LT10","L","D01","BG",2012,10751
"PPS","P_SAL_Y","LT10","L","D111","BG",2012,9233
"PPS","P_SAL_Y","LT10","L","D1111","BG",2012,8668
"PPS","P_SAL_Y","LT10","L68","D01","BG",2012,10751
"PPS","P_SAL_Y","LT10","L68","D111","BG",2012,9233
"PPS","P_SAL_Y","LT10","L68","D1111","BG",2012,8668
"PPS","P_SAL_Y","LT10","M","D01","BG",2012,11141
"PPS","P_SAL_Y","LT10","M","D111","BG",2012,9591
"PPS","P_SAL_Y","LT10","M","D1111","BG",2012,9020
"PPS","P_SAL_Y","LT10","M69","D01","BG",2012,8719
"PPS","P_SAL_Y","LT10","M69","D111","BG",2012,7399
"PPS","P_SAL_Y","LT10","M69","D1111","BG",2012,6939
"PPS","P_SAL_Y","LT10","M70","D01","BG",2012,19113
"PPS","P_SAL_Y","LT10","M70","D111","BG",2012,16944
"PPS","P_SAL_Y","LT10","M70","D1111","BG",2012,16095
"PPS","P_SAL_Y","LT10","M71","D01","BG",2012,11688
"PPS","P_SAL_Y","LT10","M71","D111","BG",2012,9995
"PPS","P_SAL_Y","LT10","M71","D1111","BG",2012,9368
"PPS","P_SAL_Y","LT10","M72","D01","BG",2012,NA
"PPS","P_SAL_Y","LT10","M72","D111","BG",2012,NA
"PPS","P_SAL_Y","LT10","M72","D1111","BG",2012,NA
"PPS","P_SAL_Y","LT10","M73","D01","BG",2012,11128
"PPS","P_SAL_Y","LT10","M73","D111","BG",2012,9590
"PPS","P_SAL_Y","LT10","M73","D1111","BG",2012,9020
"PPS","P_SAL_Y","LT10","M74","D01","BG",2012,11096
"PPS","P_SAL_Y","LT10","M74","D111","BG",2012,9586
"PPS","P_SAL_Y","LT10","M74","D1111","BG",2012,9033
"PPS","P_SAL_Y","LT10","M75","D01","BG",2012,6824
"PPS","P_SAL_Y","LT10","M75","D111","BG",2012,5723
"PPS","P_SAL_Y","LT10","M75","D1111","BG",2012,5443
"PPS","P_SAL_Y","LT10","N","D01","BG",2012,8295
"PPS","P_SAL_Y","LT10","N","D111","BG",2012,7022
"PPS","P_SAL_Y","LT10","N","D1111","BG",2012,6598
"PPS","P_SAL_Y","LT10","N77","D01","BG",2012,10356
"PPS","P_SAL_Y","LT10","N77","D111","BG",2012,8780
"PPS","P_SAL_Y","LT10","N77","D1111","BG",2012,8280
"PPS","P_SAL_Y","LT10","N78","D01","BG",2012,11544
"PPS","P_SAL_Y","LT10","N78","D111","BG",2012,9809
"PPS","P_SAL_Y","LT10","N78","D1111","BG",2012,9238
"PPS","P_SAL_Y","LT10","N79","D01","BG",2012,9945
"PPS","P_SAL_Y","LT10","N79","D111","BG",2012,8458
"PPS","P_SAL_Y","LT10","N79","D1111","BG",2012,7969
"PPS","P_SAL_Y","LT10","N80","D01","BG",2012,5878
"PPS","P_SAL_Y","LT10","N80","D111","BG",2012,4974
"PPS","P_SAL_Y","LT10","N80","D1111","BG",2012,4691
"PPS","P_SAL_Y","LT10","N81","D01","BG",2012,6054
"PPS","P_SAL_Y","LT10","N81","D111","BG",2012,5058
"PPS","P_SAL_Y","LT10","N81","D1111","BG",2012,4727
"PPS","P_SAL_Y","LT10","N82","D01","BG",2012,9385
"PPS","P_SAL_Y","LT10","N82","D111","BG",2012,7969
"PPS","P_SAL_Y","LT10","N82","D1111","BG",2012,7445
"PPS","P_SAL_Y","LT10","O","D01","BG",2012,17637
"PPS","P_SAL_Y","LT10","O","D111","BG",2012,13958
"PPS","P_SAL_Y","LT10","O","D1111","BG",2012,11958
"PPS","P_SAL_Y","LT10","O-S","D01","BG",2012,7337
"PPS","P_SAL_Y","LT10","O-S","D111","BG",2012,6183
"PPS","P_SAL_Y","LT10","O-S","D1111","BG",2012,5739
"PPS","P_SAL_Y","LT10","O84","D01","BG",2012,17637
"PPS","P_SAL_Y","LT10","O84","D111","BG",2012,13958
"PPS","P_SAL_Y","LT10","O84","D1111","BG",2012,11958
"PPS","P_SAL_Y","LT10","P","D01","BG",2012,8192
"PPS","P_SAL_Y","LT10","P","D111","BG",2012,6719
"PPS","P_SAL_Y","LT10","P","D1111","BG",2012,5886
"PPS","P_SAL_Y","LT10","P-S","D01","BG",2012,7182
"PPS","P_SAL_Y","LT10","P-S","D111","BG",2012,6066
"PPS","P_SAL_Y","LT10","P-S","D1111","BG",2012,5646
"PPS","P_SAL_Y","LT10","P85","D01","BG",2012,8192
"PPS","P_SAL_Y","LT10","P85","D111","BG",2012,6719
"PPS","P_SAL_Y","LT10","P85","D1111","BG",2012,5886
"PPS","P_SAL_Y","LT10","Q","D01","BG",2012,7482
"PPS","P_SAL_Y","LT10","Q","D111","BG",2012,6300
"PPS","P_SAL_Y","LT10","Q","D1111","BG",2012,5994
"PPS","P_SAL_Y","LT10","Q86","D01","BG",2012,7602
"PPS","P_SAL_Y","LT10","Q86","D111","BG",2012,6407
"PPS","P_SAL_Y","LT10","Q86","D1111","BG",2012,6122
"PPS","P_SAL_Y","LT10","Q87","D01","BG",2012,NA
"PPS","P_SAL_Y","LT10","Q87","D111","BG",2012,NA
"PPS","P_SAL_Y","LT10","Q87","D1111","BG",2012,NA
"PPS","P_SAL_Y","LT10","Q88","D01","BG",2012,NA
"PPS","P_SAL_Y","LT10","Q88","D111","BG",2012,NA
"PPS","P_SAL_Y","LT10","Q88","D1111","BG",2012,NA
"PPS","P_SAL_Y","LT10","R","D01","BG",2012,6661
"PPS","P_SAL_Y","LT10","R","D111","BG",2012,5593
"PPS","P_SAL_Y","LT10","R","D1111","BG",2012,5267
"PPS","P_SAL_Y","LT10","R90","D01","BG",2012,7469
"PPS","P_SAL_Y","LT10","R90","D111","BG",2012,6281
"PPS","P_SAL_Y","LT10","R90","D1111","BG",2012,5844
"PPS","P_SAL_Y","LT10","R91","D01","BG",2012,NA
"PPS","P_SAL_Y","LT10","R91","D111","BG",2012,NA
"PPS","P_SAL_Y","LT10","R91","D1111","BG",2012,NA
"PPS","P_SAL_Y","LT10","R92","D01","BG",2012,5692
"PPS","P_SAL_Y","LT10","R92","D111","BG",2012,4758
"PPS","P_SAL_Y","LT10","R92","D1111","BG",2012,4504
"PPS","P_SAL_Y","LT10","R93","D01","BG",2012,6697
"PPS","P_SAL_Y","LT10","R93","D111","BG",2012,5642
"PPS","P_SAL_Y","LT10","R93","D1111","BG",2012,5345
"PPS","P_SAL_Y","LT10","S","D01","BG",2012,6799
"PPS","P_SAL_Y","LT10","S","D111","BG",2012,5831
"PPS","P_SAL_Y","LT10","S","D1111","BG",2012,5446
"PPS","P_SAL_Y","LT10","S94","D01","BG",2012,8984
"PPS","P_SAL_Y","LT10","S94","D111","BG",2012,7852
"PPS","P_SAL_Y","LT10","S94","D1111","BG",2012,7249
"PPS","P_SAL_Y","LT10","S95","D01","BG",2012,5647
"PPS","P_SAL_Y","LT10","S95","D111","BG",2012,4731
"PPS","P_SAL_Y","LT10","S95","D1111","BG",2012,4493
"PPS","P_SAL_Y","LT10","S96","D01","BG",2012,5094
"PPS","P_SAL_Y","LT10","S96","D111","BG",2012,4259
"PPS","P_SAL_Y","LT10","S96","D1111","BG",2012,4039
"PPS","P_SAL_Y","TOTAL","B","D01","BG",2012,23471
"PPS","P_SAL_Y","TOTAL","B","D111","BG",2012,17903
"PPS","P_SAL_Y","TOTAL","B","D1111","BG",2012,15148
"PPS","P_SAL_Y","TOTAL","B-E","D01","BG",2012,12089
"PPS","P_SAL_Y","TOTAL","B-E","D111","BG",2012,9946
"PPS","P_SAL_Y","TOTAL","B-E","D1111","BG",2012,8717
"PPS","P_SAL_Y","TOTAL","B-F","D01","BG",2012,11785
"PPS","P_SAL_Y","TOTAL","B-F","D111","BG",2012,9735
"PPS","P_SAL_Y","TOTAL","B-F","D1111","BG",2012,8613
"PPS","P_SAL_Y","TOTAL","B-N","D01","BG",2012,12155
"PPS","P_SAL_Y","TOTAL","B-N","D111","BG",2012,10277
"PPS","P_SAL_Y","TOTAL","B-N","D1111","BG",2012,9244
"PPS","P_SAL_Y","TOTAL","B-S","D01","BG",2012,12253
"PPS","P_SAL_Y","TOTAL","B-S","D111","BG",2012,10285
"PPS","P_SAL_Y","TOTAL","B-S","D1111","BG",2012,9181
"PPS","P_SAL_Y","TOTAL","B-S_X_O","D01","BG",2012,12056
"PPS","P_SAL_Y","TOTAL","B-S_X_O","D111","BG",2012,10167
"PPS","P_SAL_Y","TOTAL","B-S_X_O","D1111","BG",2012,9087
"PPS","P_SAL_Y","TOTAL","B05","D01","BG",2012,25755
"PPS","P_SAL_Y","TOTAL","B05","D111","BG",2012,18984
"PPS","P_SAL_Y","TOTAL","B05","D1111","BG",2012,15464
"PPS","P_SAL_Y","TOTAL","B06","D01","BG",2012,14312
"PPS","P_SAL_Y","TOTAL","B06","D111","BG",2012,12235
"PPS","P_SAL_Y","TOTAL","B06","D1111","BG",2012,11274
"PPS","P_SAL_Y","TOTAL","B07","D01","BG",2012,26765
"PPS","P_SAL_Y","TOTAL","B07","D111","BG",2012,21117
"PPS","P_SAL_Y","TOTAL","B07","D1111","BG",2012,18574
"PPS","P_SAL_Y","TOTAL","B08","D01","BG",2012,12532
"PPS","P_SAL_Y","TOTAL","B08","D111","BG",2012,10206
"PPS","P_SAL_Y","TOTAL","B08","D1111","BG",2012,9142
"PPS","P_SAL_Y","TOTAL","B09","D01","BG",2012,20440
"PPS","P_SAL_Y","TOTAL","B09","D111","BG",2012,17408
"PPS","P_SAL_Y","TOTAL","B09","D1111","BG",2012,16468
"PPS","P_SAL_Y","TOTAL","C","D01","BG",2012,10376
"PPS","P_SAL_Y","TOTAL","C","D111","BG",2012,8629
"PPS","P_SAL_Y","TOTAL","C","D1111","BG",2012,7760
"PPS","P_SAL_Y","TOTAL","C10","D01","BG",2012,9179
"PPS","P_SAL_Y","TOTAL","C10","D111","BG",2012,7709
"PPS","P_SAL_Y","TOTAL","C10","D1111","BG",2012,7087
"PPS","P_SAL_Y","TOTAL","C11","D01","BG",2012,14258
"PPS","P_SAL_Y","TOTAL","C11","D111","BG",2012,12009
"PPS","P_SAL_Y","TOTAL","C11","D1111","BG",2012,10668
"PPS","P_SAL_Y","TOTAL","C12","D01","BG",2012,28221
"PPS","P_SAL_Y","TOTAL","C12","D111","BG",2012,22590
"PPS","P_SAL_Y","TOTAL","C12","D1111","BG",2012,19226
"PPS","P_SAL_Y","TOTAL","C13","D01","BG",2012,9329
"PPS","P_SAL_Y","TOTAL","C13","D111","BG",2012,7752
"PPS","P_SAL_Y","TOTAL","C13","D1111","BG",2012,7041
"PPS","P_SAL_Y","TOTAL","C14","D01","BG",2012,6860
"PPS","P_SAL_Y","TOTAL","C14","D111","BG",2012,5682
"PPS","P_SAL_Y","TOTAL","C14","D1111","BG",2012,5149
"PPS","P_SAL_Y","TOTAL","C15","D01","BG",2012,6336
"PPS","P_SAL_Y","TOTAL","C15","D111","BG",2012,5308
"PPS","P_SAL_Y","TOTAL","C15","D1111","BG",2012,4814
"PPS","P_SAL_Y","TOTAL","C16","D01","BG",2012,7102
"PPS","P_SAL_Y","TOTAL","C16","D111","BG",2012,5938
"PPS","P_SAL_Y","TOTAL","C16","D1111","BG",2012,5373
"PPS","P_SAL_Y","TOTAL","C17","D01","BG",2012,10036
"PPS","P_SAL_Y","TOTAL","C17","D111","BG",2012,8354
"PPS","P_SAL_Y","TOTAL","C17","D1111","BG",2012,7427
"PPS","P_SAL_Y","TOTAL","C18","D01","BG",2012,10479
"PPS","P_SAL_Y","TOTAL","C18","D111","BG",2012,8829
"PPS","P_SAL_Y","TOTAL","C18","D1111","BG",2012,8065
"PPS","P_SAL_Y","TOTAL","C19","D01","BG",2012,40182
"PPS","P_SAL_Y","TOTAL","C19","D111","BG",2012,32218
"PPS","P_SAL_Y","TOTAL","C19","D1111","BG",2012,28731
"PPS","P_SAL_Y","TOTAL","C20","D01","BG",2012,14936
"PPS","P_SAL_Y","TOTAL","C20","D111","BG",2012,12406
"PPS","P_SAL_Y","TOTAL","C20","D1111","BG",2012,11177
"PPS","P_SAL_Y","TOTAL","C21","D01","BG",2012,15323
"PPS","P_SAL_Y","TOTAL","C21","D111","BG",2012,12790
"PPS","P_SAL_Y","TOTAL","C21","D1111","BG",2012,11358
"PPS","P_SAL_Y","TOTAL","C22","D01","BG",2012,8915
"PPS","P_SAL_Y","TOTAL","C22","D111","BG",2012,7484
"PPS","P_SAL_Y","TOTAL","C22","D1111","BG",2012,6854
"PPS","P_SAL_Y","TOTAL","C23","D01","BG",2012,12788
"PPS","P_SAL_Y","TOTAL","C23","D111","BG",2012,10566
"PPS","P_SAL_Y","TOTAL","C23","D1111","BG",2012,9417
"PPS","P_SAL_Y","TOTAL","C24","D01","BG",2012,18399
"PPS","P_SAL_Y","TOTAL","C24","D111","BG",2012,14578
"PPS","P_SAL_Y","TOTAL","C24","D1111","BG",2012,12888
"PPS","P_SAL_Y","TOTAL","C25","D01","BG",2012,9770
"PPS","P_SAL_Y","TOTAL","C25","D111","BG",2012,8132
"PPS","P_SAL_Y","TOTAL","C25","D1111","BG",2012,7258
"PPS","P_SAL_Y","TOTAL","C26","D01","BG",2012,15181
"PPS","P_SAL_Y","TOTAL","C26","D111","BG",2012,12973
"PPS","P_SAL_Y","TOTAL","C26","D1111","BG",2012,11578
"PPS","P_SAL_Y","TOTAL","C27","D01","BG",2012,13925
"PPS","P_SAL_Y","TOTAL","C27","D111","BG",2012,11588
"PPS","P_SAL_Y","TOTAL","C27","D1111","BG",2012,10407
"PPS","P_SAL_Y","TOTAL","C28","D01","BG",2012,13606
"PPS","P_SAL_Y","TOTAL","C28","D111","BG",2012,11344
"PPS","P_SAL_Y","TOTAL","C28","D1111","BG",2012,10095
"PPS","P_SAL_Y","TOTAL","C29","D01","BG",2012,11427
"PPS","P_SAL_Y","TOTAL","C29","D111","BG",2012,9647
"PPS","P_SAL_Y","TOTAL","C29","D1111","BG",2012,8378
"PPS","P_SAL_Y","TOTAL","C30","D01","BG",2012,12333
"PPS","P_SAL_Y","TOTAL","C30","D111","BG",2012,10300
"PPS","P_SAL_Y","TOTAL","C30","D1111","BG",2012,9417
"PPS","P_SAL_Y","TOTAL","C31","D01","BG",2012,6971
"PPS","P_SAL_Y","TOTAL","C31","D111","BG",2012,5828
"PPS","P_SAL_Y","TOTAL","C31","D1111","BG",2012,5351
"PPS","P_SAL_Y","TOTAL","C32","D01","BG",2012,9751
"PPS","P_SAL_Y","TOTAL","C32","D111","BG",2012,8210
"PPS","P_SAL_Y","TOTAL","C32","D1111","BG",2012,7441
"PPS","P_SAL_Y","TOTAL","C33","D01","BG",2012,14434
"PPS","P_SAL_Y","TOTAL","C33","D111","BG",2012,11937
"PPS","P_SAL_Y","TOTAL","C33","D1111","BG",2012,10609
"PPS","P_SAL_Y","TOTAL","D","D01","BG",2012,29878
"PPS","P_SAL_Y","TOTAL","D","D111","BG",2012,24104
"PPS","P_SAL_Y","TOTAL","D","D1111","BG",2012,18691
"PPS","P_SAL_Y","TOTAL","D35","D01","BG",2012,29878
"PPS","P_SAL_Y","TOTAL","D35","D111","BG",2012,24104
"PPS","P_SAL_Y","TOTAL","D35","D1111","BG",2012,18691
"PPS","P_SAL_Y","TOTAL","E","D01","BG",2012,11663
"PPS","P_SAL_Y","TOTAL","E","D111","BG",2012,9738
"PPS","P_SAL_Y","TOTAL","E","D1111","BG",2012,8394
"PPS","P_SAL_Y","TOTAL","E36","D01","BG",2012,12791
"PPS","P_SAL_Y","TOTAL","E36","D111","BG",2012,10592
"PPS","P_SAL_Y","TOTAL","E36","D1111","BG",2012,8696
"PPS","P_SAL_Y","TOTAL","E37","D01","BG",2012,9188
"PPS","P_SAL_Y","TOTAL","E37","D111","BG",2012,7680
"PPS","P_SAL_Y","TOTAL","E37","D1111","BG",2012,7045
"PPS","P_SAL_Y","TOTAL","E38","D01","BG",2012,10545
"PPS","P_SAL_Y","TOTAL","E38","D111","BG",2012,8890
"PPS","P_SAL_Y","TOTAL","E38","D1111","BG",2012,8091
"PPS","P_SAL_Y","TOTAL","E39","D01","BG",2012,12324
"PPS","P_SAL_Y","TOTAL","E39","D111","BG",2012,10431
"PPS","P_SAL_Y","TOTAL","E39","D1111","BG",2012,9195
"PPS","P_SAL_Y","TOTAL","F","D01","BG",2012,10454
"PPS","P_SAL_Y","TOTAL","F","D111","BG",2012,8812
"PPS","P_SAL_Y","TOTAL","F","D1111","BG",2012,8155
"PPS","P_SAL_Y","TOTAL","F41","D01","BG",2012,9154
"PPS","P_SAL_Y","TOTAL","F41","D111","BG",2012,7726
"PPS","P_SAL_Y","TOTAL","F41","D1111","BG",2012,7174
"PPS","P_SAL_Y","TOTAL","F42","D01","BG",2012,12768
"PPS","P_SAL_Y","TOTAL","F42","D111","BG",2012,10745
"PPS","P_SAL_Y","TOTAL","F42","D1111","BG",2012,9863
"PPS","P_SAL_Y","TOTAL","F43","D01","BG",2012,10000
"PPS","P_SAL_Y","TOTAL","F43","D111","BG",2012,8432
"PPS","P_SAL_Y","TOTAL","F43","D1111","BG",2012,7851
"PPS","P_SAL_Y","TOTAL","G","D01","BG",2012,10321
"PPS","P_SAL_Y","TOTAL","G","D111","BG",2012,8768
"PPS","P_SAL_Y","TOTAL","G","D1111","BG",2012,8146
"PPS","P_SAL_Y","TOTAL","G-J","D01","BG",2012,11959
"PPS","P_SAL_Y","TOTAL","G-J","D111","BG",2012,10257
"PPS","P_SAL_Y","TOTAL","G-J","D1111","BG",2012,9312
"PPS","P_SAL_Y","TOTAL","G-N","D01","BG",2012,12433
"PPS","P_SAL_Y","TOTAL","G-N","D111","BG",2012,10685
"PPS","P_SAL_Y","TOTAL","G-N","D1111","BG",2012,9720
"PPS","P_SAL_Y","TOTAL","G-S_X_O","D01","BG",2012,12203
"PPS","P_SAL_Y","TOTAL","G-S_X_O","D111","BG",2012,10403
"PPS","P_SAL_Y","TOTAL","G-S_X_O","D1111","BG",2012,9345
"PPS","P_SAL_Y","TOTAL","G45","D01","BG",2012,10851
"PPS","P_SAL_Y","TOTAL","G45","D111","BG",2012,9204
"PPS","P_SAL_Y","TOTAL","G45","D1111","BG",2012,8511
"PPS","P_SAL_Y","TOTAL","G46","D01","BG",2012,13342
"PPS","P_SAL_Y","TOTAL","G46","D111","BG",2012,11469
"PPS","P_SAL_Y","TOTAL","G46","D1111","BG",2012,10639
"PPS","P_SAL_Y","TOTAL","G47","D01","BG",2012,8231
"PPS","P_SAL_Y","TOTAL","G47","D111","BG",2012,6905
"PPS","P_SAL_Y","TOTAL","G47","D1111","BG",2012,6434
"PPS","P_SAL_Y","TOTAL","H","D01","BG",2012,12584
"PPS","P_SAL_Y","TOTAL","H","D111","BG",2012,10981
"PPS","P_SAL_Y","TOTAL","H","D1111","BG",2012,9214
"PPS","P_SAL_Y","TOTAL","H49","D01","BG",2012,10178
"PPS","P_SAL_Y","TOTAL","H49","D111","BG",2012,8189
"PPS","P_SAL_Y","TOTAL","H49","D1111","BG",2012,7004
"PPS","P_SAL_Y","TOTAL","H50","D01","BG",2012,26870
"PPS","P_SAL_Y","TOTAL","H50","D111","BG",2012,24647
"PPS","P_SAL_Y","TOTAL","H50","D1111","BG",2012,20696
"PPS","P_SAL_Y","TOTAL","H51","D01","BG",2012,34014
"PPS","P_SAL_Y","TOTAL","H51","D111","BG",2012,28460
"PPS","P_SAL_Y","TOTAL","H51","D1111","BG",2012,25196
"PPS","P_SAL_Y","TOTAL","H52","D01","BG",2012,16931
"PPS","P_SAL_Y","TOTAL","H52","D111","BG",2012,16809
"PPS","P_SAL_Y","TOTAL","H52","D1111","BG",2012,13559
"PPS","P_SAL_Y","TOTAL","H53","D01","BG",2012,11123
"PPS","P_SAL_Y","TOTAL","H53","D111","BG",2012,9250
"PPS","P_SAL_Y","TOTAL","H53","D1111","BG",2012,7960
"PPS","P_SAL_Y","TOTAL","I","D01","BG",2012,7599
"PPS","P_SAL_Y","TOTAL","I","D111","BG",2012,6349
"PPS","P_SAL_Y","TOTAL","I","D1111","BG",2012,5968
"PPS","P_SAL_Y","TOTAL","I55","D01","BG",2012,9656
"PPS","P_SAL_Y","TOTAL","I55","D111","BG",2012,8090
"PPS","P_SAL_Y","TOTAL","I55","D1111","BG",2012,7530
"PPS","P_SAL_Y","TOTAL","I56","D01","BG",2012,6591
"PPS","P_SAL_Y","TOTAL","I56","D111","BG",2012,5495
"PPS","P_SAL_Y","TOTAL","I56","D1111","BG",2012,5202
"PPS","P_SAL_Y","TOTAL","J","D01","BG",2012,27139
"PPS","P_SAL_Y","TOTAL","J","D111","BG",2012,23647
"PPS","P_SAL_Y","TOTAL","J","D1111","BG",2012,21632
"PPS","P_SAL_Y","TOTAL","J58","D01","BG",2012,17437
"PPS","P_SAL_Y","TOTAL","J58","D111","BG",2012,15023
"PPS","P_SAL_Y","TOTAL","J58","D1111","BG",2012,13669
"PPS","P_SAL_Y","TOTAL","J59","D01","BG",2012,19006
"PPS","P_SAL_Y","TOTAL","J59","D111","BG",2012,16747
"PPS","P_SAL_Y","TOTAL","J59","D1111","BG",2012,15599
"PPS","P_SAL_Y","TOTAL","J60","D01","BG",2012,20236
"PPS","P_SAL_Y","TOTAL","J60","D111","BG",2012,17448
"PPS","P_SAL_Y","TOTAL","J60","D1111","BG",2012,15776
"PPS","P_SAL_Y","TOTAL","J61","D01","BG",2012,23309
"PPS","P_SAL_Y","TOTAL","J61","D111","BG",2012,19922
"PPS","P_SAL_Y","TOTAL","J61","D1111","BG",2012,18117
"PPS","P_SAL_Y","TOTAL","J62","D01","BG",2012,35332
"PPS","P_SAL_Y","TOTAL","J62","D111","BG",2012,31141
"PPS","P_SAL_Y","TOTAL","J62","D1111","BG",2012,28594
"PPS","P_SAL_Y","TOTAL","J63","D01","BG",2012,21919
"PPS","P_SAL_Y","TOTAL","J63","D111","BG",2012,19051
"PPS","P_SAL_Y","TOTAL","J63","D1111","BG",2012,17461
"PPS","P_SAL_Y","TOTAL","K","D01","BG",2012,23660
"PPS","P_SAL_Y","TOTAL","K","D111","BG",2012,20295
"PPS","P_SAL_Y","TOTAL","K","D1111","BG",2012,18237
"PPS","P_SAL_Y","TOTAL","K-N","D01","BG",2012,13674
"PPS","P_SAL_Y","TOTAL","K-N","D111","BG",2012,11806
"PPS","P_SAL_Y","TOTAL","K-N","D1111","BG",2012,10789
"PPS","P_SAL_Y","TOTAL","K64","D01","BG",2012,24288
"PPS","P_SAL_Y","TOTAL","K64","D111","BG",2012,20755
"PPS","P_SAL_Y","TOTAL","K64","D1111","BG",2012,18506
"PPS","P_SAL_Y","TOTAL","K65","D01","BG",2012,27001
"PPS","P_SAL_Y","TOTAL","K65","D111","BG",2012,23547
"PPS","P_SAL_Y","TOTAL","K65","D1111","BG",2012,21697
"PPS","P_SAL_Y","TOTAL","K66","D01","BG",2012,16192
"PPS","P_SAL_Y","TOTAL","K66","D111","BG",2012,14080
"PPS","P_SAL_Y","TOTAL","K66","D1111","BG",2012,13152
"PPS","P_SAL_Y","TOTAL","L","D01","BG",2012,11835
"PPS","P_SAL_Y","TOTAL","L","D111","BG",2012,10138
"PPS","P_SAL_Y","TOTAL","L","D1111","BG",2012,9358
"PPS","P_SAL_Y","TOTAL","L68","D01","BG",2012,11835
"PPS","P_SAL_Y","TOTAL","L68","D111","BG",2012,10138
"PPS","P_SAL_Y","TOTAL","L68","D1111","BG",2012,9358
"PPS","P_SAL_Y","TOTAL","M","D01","BG",2012,16431
"PPS","P_SAL_Y","TOTAL","M","D111","BG",2012,14234
"PPS","P_SAL_Y","TOTAL","M","D1111","BG",2012,13117
"PPS","P_SAL_Y","TOTAL","M69","D01","BG",2012,12802
"PPS","P_SAL_Y","TOTAL","M69","D111","BG",2012,11048
"PPS","P_SAL_Y","TOTAL","M69","D1111","BG",2012,10244
"PPS","P_SAL_Y","TOTAL","M70","D01","BG",2012,24388
"PPS","P_SAL_Y","TOTAL","M70","D111","BG",2012,21535
"PPS","P_SAL_Y","TOTAL","M70","D1111","BG",2012,19895
"PPS","P_SAL_Y","TOTAL","M71","D01","BG",2012,17281
"PPS","P_SAL_Y","TOTAL","M71","D111","BG",2012,14860
"PPS","P_SAL_Y","TOTAL","M71","D1111","BG",2012,13744
"PPS","P_SAL_Y","TOTAL","M72","D01","BG",2012,13006
"PPS","P_SAL_Y","TOTAL","M72","D111","BG",2012,10999
"PPS","P_SAL_Y","TOTAL","M72","D1111","BG",2012,9684
"PPS","P_SAL_Y","TOTAL","M73","D01","BG",2012,18523
"PPS","P_SAL_Y","TOTAL","M73","D111","BG",2012,16198
"PPS","P_SAL_Y","TOTAL","M73","D1111","BG",2012,15126
"PPS","P_SAL_Y","TOTAL","M74","D01","BG",2012,16912
"PPS","P_SAL_Y","TOTAL","M74","D111","BG",2012,14713
"PPS","P_SAL_Y","TOTAL","M74","D1111","BG",2012,13637
"PPS","P_SAL_Y","TOTAL","M75","D01","BG",2012,6943
"PPS","P_SAL_Y","TOTAL","M75","D111","BG",2012,5852
"PPS","P_SAL_Y","TOTAL","M75","D1111","BG",2012,5515
"PPS","P_SAL_Y","TOTAL","N","D01","BG",2012,7598
"PPS","P_SAL_Y","TOTAL","N","D111","BG",2012,6610
"PPS","P_SAL_Y","TOTAL","N","D1111","BG",2012,6104
"PPS","P_SAL_Y","TOTAL","N77","D01","BG",2012,12502
"PPS","P_SAL_Y","TOTAL","N77","D111","BG",2012,10610
"PPS","P_SAL_Y","TOTAL","N77","D1111","BG",2012,9900
"PPS","P_SAL_Y","TOTAL","N78","D01","BG",2012,15316
"PPS","P_SAL_Y","TOTAL","N78","D111","BG",2012,12923
"PPS","P_SAL_Y","TOTAL","N78","D1111","BG",2012,11881
"PPS","P_SAL_Y","TOTAL","N79","D01","BG",2012,11373
"PPS","P_SAL_Y","TOTAL","N79","D111","BG",2012,9689
"PPS","P_SAL_Y","TOTAL","N79","D1111","BG",2012,9116
"PPS","P_SAL_Y","TOTAL","N80","D01","BG",2012,6525
"PPS","P_SAL_Y","TOTAL","N80","D111","BG",2012,5515
"PPS","P_SAL_Y","TOTAL","N80","D1111","BG",2012,5090
"PPS","P_SAL_Y","TOTAL","N81","D01","BG",2012,4921
"PPS","P_SAL_Y","TOTAL","N81","D111","BG",2012,4722
"PPS","P_SAL_Y","TOTAL","N81","D1111","BG",2012,4344
"PPS","P_SAL_Y","TOTAL","N82","D01","BG",2012,14846
"PPS","P_SAL_Y","TOTAL","N82","D111","BG",2012,12692
"PPS","P_SAL_Y","TOTAL","N82","D1111","BG",2012,11726
"PPS","P_SAL_Y","TOTAL","O","D01","BG",2012,15759
"PPS","P_SAL_Y","TOTAL","O","D111","BG",2012,12377
"PPS","P_SAL_Y","TOTAL","O","D1111","BG",2012,10856
"PPS","P_SAL_Y","TOTAL","O-S","D01","BG",2012,12595
"PPS","P_SAL_Y","TOTAL","O-S","D111","BG",2012,10313
"PPS","P_SAL_Y","TOTAL","O-S","D1111","BG",2012,8958
"PPS","P_SAL_Y","TOTAL","O84","D01","BG",2012,15759
"PPS","P_SAL_Y","TOTAL","O84","D111","BG",2012,12377
"PPS","P_SAL_Y","TOTAL","O84","D1111","BG",2012,10856
"PPS","P_SAL_Y","TOTAL","P","D01","BG",2012,12186
"PPS","P_SAL_Y","TOTAL","P","D111","BG",2012,9980
"PPS","P_SAL_Y","TOTAL","P","D1111","BG",2012,8252
"PPS","P_SAL_Y","TOTAL","P-S","D01","BG",2012,11603
"PPS","P_SAL_Y","TOTAL","P-S","D111","BG",2012,9665
"PPS","P_SAL_Y","TOTAL","P-S","D1111","BG",2012,8363
"PPS","P_SAL_Y","TOTAL","P85","D01","BG",2012,12186
"PPS","P_SAL_Y","TOTAL","P85","D111","BG",2012,9980
"PPS","P_SAL_Y","TOTAL","P85","D1111","BG",2012,8252
"PPS","P_SAL_Y","TOTAL","Q","D01","BG",2012,12145
"PPS","P_SAL_Y","TOTAL","Q","D111","BG",2012,10220
"PPS","P_SAL_Y","TOTAL","Q","D1111","BG",2012,9115
"PPS","P_SAL_Y","TOTAL","Q86","D01","BG",2012,13442
"PPS","P_SAL_Y","TOTAL","Q86","D111","BG",2012,11328
"PPS","P_SAL_Y","TOTAL","Q86","D1111","BG",2012,10138
"PPS","P_SAL_Y","TOTAL","Q87","D01","BG",2012,7747
"PPS","P_SAL_Y","TOTAL","Q87","D111","BG",2012,6411
"PPS","P_SAL_Y","TOTAL","Q87","D1111","BG",2012,5568
"PPS","P_SAL_Y","TOTAL","Q88","D01","BG",2012,7090
"PPS","P_SAL_Y","TOTAL","Q88","D111","BG",2012,5936
"PPS","P_SAL_Y","TOTAL","Q88","D1111","BG",2012,5188
"PPS","P_SAL_Y","TOTAL","R","D01","BG",2012,10244
"PPS","P_SAL_Y","TOTAL","R","D111","BG",2012,8747
"PPS","P_SAL_Y","TOTAL","R","D1111","BG",2012,7998
"PPS","P_SAL_Y","TOTAL","R90","D01","BG",2012,9109
"PPS","P_SAL_Y","TOTAL","R90","D111","BG",2012,7528
"PPS","P_SAL_Y","TOTAL","R90","D1111","BG",2012,6598
"PPS","P_SAL_Y","TOTAL","R91","D01","BG",2012,8605
"PPS","P_SAL_Y","TOTAL","R91","D111","BG",2012,7115
"PPS","P_SAL_Y","TOTAL","R91","D1111","BG",2012,6184
"PPS","P_SAL_Y","TOTAL","R92","D01","BG",2012,8704
"PPS","P_SAL_Y","TOTAL","R92","D111","BG",2012,7285
"PPS","P_SAL_Y","TOTAL","R92","D1111","BG",2012,6713
"PPS","P_SAL_Y","TOTAL","R93","D01","BG",2012,13359
"PPS","P_SAL_Y","TOTAL","R93","D111","BG",2012,11835
"PPS","P_SAL_Y","TOTAL","R93","D1111","BG",2012,11109
"PPS","P_SAL_Y","TOTAL","S","D01","BG",2012,8001
"PPS","P_SAL_Y","TOTAL","S","D111","BG",2012,6885
"PPS","P_SAL_Y","TOTAL","S","D1111","BG",2012,6338
"PPS","P_SAL_Y","TOTAL","S94","D01","BG",2012,10001
"PPS","P_SAL_Y","TOTAL","S94","D111","BG",2012,8737
"PPS","P_SAL_Y","TOTAL","S94","D1111","BG",2012,7969
"PPS","P_SAL_Y","TOTAL","S95","D01","BG",2012,7093
"PPS","P_SAL_Y","TOTAL","S95","D111","BG",2012,5961
"PPS","P_SAL_Y","TOTAL","S95","D1111","BG",2012,5574
"PPS","P_SAL_Y","TOTAL","S96","D01","BG",2012,5600
"PPS","P_SAL_Y","TOTAL","S96","D111","BG",2012,4677
"PPS","P_SAL_Y","TOTAL","S96","D1111","BG",2012,4382
"PPS","TOTAL","10-49","B","D01","BG",2012,21399955
"PPS","TOTAL","10-49","B","D111","BG",2012,17071696
"PPS","TOTAL","10-49","B","D1111","BG",2012,15547611
"PPS","TOTAL","10-49","B-E","D01","BG",2012,886844776
"PPS","TOTAL","10-49","B-E","D111","BG",2012,713877188
"PPS","TOTAL","10-49","B-E","D1111","BG",2012,657904414
"PPS","TOTAL","10-49","B-F","D01","BG",2012,1283903720
"PPS","TOTAL","10-49","B-F","D111","BG",2012,1035839860
"PPS","TOTAL","10-49","B-F","D1111","BG",2012,958136021
"PPS","TOTAL","10-49","B-N","D01","BG",2012,4003900293
"PPS","TOTAL","10-49","B-N","D111","BG",2012,3270575417
"PPS","TOTAL","10-49","B-N","D1111","BG",2012,3038043152
"PPS","TOTAL","10-49","B-S","D01","BG",2012,5444042555
"PPS","TOTAL","10-49","B-S","D111","BG",2012,4395925156
"PPS","TOTAL","10-49","B-S","D1111","BG",2012,3995181679
"PPS","TOTAL","10-49","B-S_X_O","D01","BG",2012,5160598600
"PPS","TOTAL","10-49","B-S_X_O","D111","BG",2012,4182812320
"PPS","TOTAL","10-49","B-S_X_O","D1111","BG",2012,3813892139
"PPS","TOTAL","10-49","B05","D01","BG",2012,NA
"PPS","TOTAL","10-49","B05","D111","BG",2012,NA
"PPS","TOTAL","10-49","B05","D1111","BG",2012,NA
"PPS","TOTAL","10-49","B06","D01","BG",2012,1839582
"PPS","TOTAL","10-49","B06","D111","BG",2012,1576596
"PPS","TOTAL","10-49","B06","D1111","BG",2012,1473646
"PPS","TOTAL","10-49","B07","D01","BG",2012,NA
"PPS","TOTAL","10-49","B07","D111","BG",2012,NA
"PPS","TOTAL","10-49","B07","D1111","BG",2012,NA
"PPS","TOTAL","10-49","B08","D01","BG",2012,18086114
"PPS","TOTAL","10-49","B08","D111","BG",2012,14322073
"PPS","TOTAL","10-49","B08","D1111","BG",2012,13002983
"PPS","TOTAL","10-49","B09","D01","BG",2012,NA
"PPS","TOTAL","10-49","B09","D111","BG",2012,NA
"PPS","TOTAL","10-49","B09","D1111","BG",2012,NA
"PPS","TOTAL","10-49","C","D01","BG",2012,801445925
"PPS","TOTAL","10-49","C","D111","BG",2012,643910433
"PPS","TOTAL","10-49","C","D1111","BG",2012,594517393
"PPS","TOTAL","10-49","C10","D01","BG",2012,137333587
"PPS","TOTAL","10-49","C10","D111","BG",2012,109978367
"PPS","TOTAL","10-49","C10","D1111","BG",2012,101979998
"PPS","TOTAL","10-49","C11","D01","BG",2012,23394326
"PPS","TOTAL","10-49","C11","D111","BG",2012,18881662
"PPS","TOTAL","10-49","C11","D1111","BG",2012,17318850
"PPS","TOTAL","10-49","C12","D01","BG",2012,NA
"PPS","TOTAL","10-49","C12","D111","BG",2012,NA
"PPS","TOTAL","10-49","C12","D1111","BG",2012,NA
"PPS","TOTAL","10-49","C13","D01","BG",2012,13579483
"PPS","TOTAL","10-49","C13","D111","BG",2012,10829515
"PPS","TOTAL","10-49","C13","D1111","BG",2012,9938009
"PPS","TOTAL","10-49","C14","D01","BG",2012,120782356
"PPS","TOTAL","10-49","C14","D111","BG",2012,96251340
"PPS","TOTAL","10-49","C14","D1111","BG",2012,89004358
"PPS","TOTAL","10-49","C15","D01","BG",2012,19353433
"PPS","TOTAL","10-49","C15","D111","BG",2012,15493109
"PPS","TOTAL","10-49","C15","D1111","BG",2012,14298141
"PPS","TOTAL","10-49","C16","D01","BG",2012,34324837
"PPS","TOTAL","10-49","C16","D111","BG",2012,27466279
"PPS","TOTAL","10-49","C16","D1111","BG",2012,25410455
"PPS","TOTAL","10-49","C17","D01","BG",2012,15621632
"PPS","TOTAL","10-49","C17","D111","BG",2012,12528446
"PPS","TOTAL","10-49","C17","D1111","BG",2012,11496025
"PPS","TOTAL","10-49","C18","D01","BG",2012,24357535
"PPS","TOTAL","10-49","C18","D111","BG",2012,19749821
"PPS","TOTAL","10-49","C18","D1111","BG",2012,18154871
"PPS","TOTAL","10-49","C19","D01","BG",2012,NA
"PPS","TOTAL","10-49","C19","D111","BG",2012,NA
"PPS","TOTAL","10-49","C19","D1111","BG",2012,NA
"PPS","TOTAL","10-49","C20","D01","BG",2012,22229028
"PPS","TOTAL","10-49","C20","D111","BG",2012,17964207
"PPS","TOTAL","10-49","C20","D1111","BG",2012,16699858
"PPS","TOTAL","10-49","C21","D01","BG",2012,3024145
"PPS","TOTAL","10-49","C21","D111","BG",2012,2457060
"PPS","TOTAL","10-49","C21","D1111","BG",2012,2270880
"PPS","TOTAL","10-49","C22","D01","BG",2012,48781805
"PPS","TOTAL","10-49","C22","D111","BG",2012,39226671
"PPS","TOTAL","10-49","C22","D1111","BG",2012,36046386
"PPS","TOTAL","10-49","C23","D01","BG",2012,40856195
"PPS","TOTAL","10-49","C23","D111","BG",2012,32389514
"PPS","TOTAL","10-49","C23","D1111","BG",2012,29885067
"PPS","TOTAL","10-49","C24","D01","BG",2012,10595182
"PPS","TOTAL","10-49","C24","D111","BG",2012,8324686
"PPS","TOTAL","10-49","C24","D1111","BG",2012,7665705
"PPS","TOTAL","10-49","C25","D01","BG",2012,94685469
"PPS","TOTAL","10-49","C25","D111","BG",2012,76069917
"PPS","TOTAL","10-49","C25","D1111","BG",2012,69963172
"PPS","TOTAL","10-49","C26","D01","BG",2012,23417916
"PPS","TOTAL","10-49","C26","D111","BG",2012,19195962
"PPS","TOTAL","10-49","C26","D1111","BG",2012,17684489
"PPS","TOTAL","10-49","C27","D01","BG",2012,30905456
"PPS","TOTAL","10-49","C27","D111","BG",2012,25694212
"PPS","TOTAL","10-49","C27","D1111","BG",2012,23963781
"PPS","TOTAL","10-49","C28","D01","BG",2012,48511488
"PPS","TOTAL","10-49","C28","D111","BG",2012,39109315
"PPS","TOTAL","10-49","C28","D1111","BG",2012,35997114
"PPS","TOTAL","10-49","C29","D01","BG",2012,5788239
"PPS","TOTAL","10-49","C29","D111","BG",2012,4698867
"PPS","TOTAL","10-49","C29","D1111","BG",2012,4331794
"PPS","TOTAL","10-49","C30","D01","BG",2012,1687134
"PPS","TOTAL","10-49","C30","D111","BG",2012,1355391
"PPS","TOTAL","10-49","C30","D1111","BG",2012,1272476
"PPS","TOTAL","10-49","C31","D01","BG",2012,35942216
"PPS","TOTAL","10-49","C31","D111","BG",2012,28875871
"PPS","TOTAL","10-49","C31","D1111","BG",2012,26629687
"PPS","TOTAL","10-49","C32","D01","BG",2012,NA
"PPS","TOTAL","10-49","C32","D111","BG",2012,NA
"PPS","TOTAL","10-49","C32","D1111","BG",2012,NA
"PPS","TOTAL","10-49","C33","D01","BG",2012,34591833
"PPS","TOTAL","10-49","C33","D111","BG",2012,27954092
"PPS","TOTAL","10-49","C33","D1111","BG",2012,25924944
"PPS","TOTAL","10-49","D","D01","BG",2012,33260987
"PPS","TOTAL","10-49","D","D111","BG",2012,28006371
"PPS","TOTAL","10-49","D","D1111","BG",2012,25137876
"PPS","TOTAL","10-49","D35","D01","BG",2012,33260987
"PPS","TOTAL","10-49","D35","D111","BG",2012,28006371
"PPS","TOTAL","10-49","D35","D1111","BG",2012,25137876
"PPS","TOTAL","10-49","E","D01","BG",2012,30737909
"PPS","TOTAL","10-49","E","D111","BG",2012,24888689
"PPS","TOTAL","10-49","E","D1111","BG",2012,22701535
"PPS","TOTAL","10-49","E36","D01","BG",2012,2762215
"PPS","TOTAL","10-49","E36","D111","BG",2012,2201284
"PPS","TOTAL","10-49","E36","D1111","BG",2012,1828701
"PPS","TOTAL","10-49","E37","D01","BG",2012,885369
"PPS","TOTAL","10-49","E37","D111","BG",2012,709640
"PPS","TOTAL","10-49","E37","D1111","BG",2012,654043
"PPS","TOTAL","10-49","E38","D01","BG",2012,23864158
"PPS","TOTAL","10-49","E38","D111","BG",2012,19289486
"PPS","TOTAL","10-49","E38","D1111","BG",2012,17737238
"PPS","TOTAL","10-49","E39","D01","BG",2012,3226167
"PPS","TOTAL","10-49","E39","D111","BG",2012,2688278
"PPS","TOTAL","10-49","E39","D1111","BG",2012,2481552
"PPS","TOTAL","10-49","F","D01","BG",2012,397058943
"PPS","TOTAL","10-49","F","D111","BG",2012,321962672
"PPS","TOTAL","10-49","F","D1111","BG",2012,300231606
"PPS","TOTAL","10-49","F41","D01","BG",2012,162954964
"PPS","TOTAL","10-49","F41","D111","BG",2012,131585042
"PPS","TOTAL","10-49","F41","D1111","BG",2012,122569693
"PPS","TOTAL","10-49","F42","D01","BG",2012,90073959
"PPS","TOTAL","10-49","F42","D111","BG",2012,73734627
"PPS","TOTAL","10-49","F42","D1111","BG",2012,69074008
"PPS","TOTAL","10-49","F43","D01","BG",2012,144030020
"PPS","TOTAL","10-49","F43","D111","BG",2012,116643003
"PPS","TOTAL","10-49","F43","D1111","BG",2012,108587905
"PPS","TOTAL","10-49","G","D01","BG",2012,1167653177
"PPS","TOTAL","10-49","G","D111","BG",2012,954210206
"PPS","TOTAL","10-49","G","D1111","BG",2012,887549020
"PPS","TOTAL","10-49","G-J","D01","BG",2012,1995537749
"PPS","TOTAL","10-49","G-J","D111","BG",2012,1627951718
"PPS","TOTAL","10-49","G-J","D1111","BG",2012,1516600471
"PPS","TOTAL","10-49","G-N","D01","BG",2012,2719996573
"PPS","TOTAL","10-49","G-N","D111","BG",2012,2234735557
"PPS","TOTAL","10-49","G-N","D1111","BG",2012,2079907131
"PPS","TOTAL","10-49","G-S_X_O","D01","BG",2012,3876694880
"PPS","TOTAL","10-49","G-S_X_O","D111","BG",2012,3146972460
"PPS","TOTAL","10-49","G-S_X_O","D1111","BG",2012,2855756118
"PPS","TOTAL","10-49","G45","D01","BG",2012,111379139
"PPS","TOTAL","10-49","G45","D111","BG",2012,90591287
"PPS","TOTAL","10-49","G45","D1111","BG",2012,84143015
"PPS","TOTAL","10-49","G46","D01","BG",2012,652206235
"PPS","TOTAL","10-49","G46","D111","BG",2012,540301054
"PPS","TOTAL","10-49","G46","D1111","BG",2012,502624543
"PPS","TOTAL","10-49","G47","D01","BG",2012,404067803
"PPS","TOTAL","10-49","G47","D111","BG",2012,323317865
"PPS","TOTAL","10-49","G47","D1111","BG",2012,300781463
"PPS","TOTAL","10-49","H","D01","BG",2012,224993255
"PPS","TOTAL","10-49","H","D111","BG",2012,177153208
"PPS","TOTAL","10-49","H","D1111","BG",2012,164964296
"PPS","TOTAL","10-49","H49","D01","BG",2012,154820733
"PPS","TOTAL","10-49","H49","D111","BG",2012,119478924
"PPS","TOTAL","10-49","H49","D1111","BG",2012,111493554
"PPS","TOTAL","10-49","H50","D01","BG",2012,2688627
"PPS","TOTAL","10-49","H50","D111","BG",2012,2226601
"PPS","TOTAL","10-49","H50","D1111","BG",2012,2141364
"PPS","TOTAL","10-49","H51","D01","BG",2012,4303612
"PPS","TOTAL","10-49","H51","D111","BG",2012,3416037
"PPS","TOTAL","10-49","H51","D1111","BG",2012,3116595
"PPS","TOTAL","10-49","H52","D01","BG",2012,59329915
"PPS","TOTAL","10-49","H52","D111","BG",2012,48966070
"PPS","TOTAL","10-49","H52","D1111","BG",2012,45372800
"PPS","TOTAL","10-49","H53","D01","BG",2012,NA
"PPS","TOTAL","10-49","H53","D111","BG",2012,NA
"PPS","TOTAL","10-49","H53","D1111","BG",2012,NA
"PPS","TOTAL","10-49","I","D01","BG",2012,283920977
"PPS","TOTAL","10-49","I","D111","BG",2012,226768683
"PPS","TOTAL","10-49","I","D1111","BG",2012,213130712
"PPS","TOTAL","10-49","I55","D01","BG",2012,102024698
"PPS","TOTAL","10-49","I55","D111","BG",2012,81494512
"PPS","TOTAL","10-49","I55","D1111","BG",2012,76319139
"PPS","TOTAL","10-49","I56","D01","BG",2012,181896279
"PPS","TOTAL","10-49","I56","D111","BG",2012,145274171
"PPS","TOTAL","10-49","I56","D1111","BG",2012,136811574
"PPS","TOTAL","10-49","J","D01","BG",2012,318970339
"PPS","TOTAL","10-49","J","D111","BG",2012,269819621
"PPS","TOTAL","10-49","J","D1111","BG",2012,250956443
"PPS","TOTAL","10-49","J58","D01","BG",2012,27178326
"PPS","TOTAL","10-49","J58","D111","BG",2012,22479631
"PPS","TOTAL","10-49","J58","D1111","BG",2012,20854119
"PPS","TOTAL","10-49","J59","D01","BG",2012,20058464
"PPS","TOTAL","10-49","J59","D111","BG",2012,17098508
"PPS","TOTAL","10-49","J59","D1111","BG",2012,16014521
"PPS","TOTAL","10-49","J60","D01","BG",2012,10935450
"PPS","TOTAL","10-49","J60","D111","BG",2012,8928385
"PPS","TOTAL","10-49","J60","D1111","BG",2012,8275989
"PPS","TOTAL","10-49","J61","D01","BG",2012,22248883
"PPS","TOTAL","10-49","J61","D111","BG",2012,17998585
"PPS","TOTAL","10-49","J61","D1111","BG",2012,16559121
"PPS","TOTAL","10-49","J62","D01","BG",2012,215744850
"PPS","TOTAL","10-49","J62","D111","BG",2012,183936018
"PPS","TOTAL","10-49","J62","D1111","BG",2012,171152912
"PPS","TOTAL","10-49","J63","D01","BG",2012,22804366
"PPS","TOTAL","10-49","J63","D111","BG",2012,19378496
"PPS","TOTAL","10-49","J63","D1111","BG",2012,18099781
"PPS","TOTAL","10-49","K","D01","BG",2012,132534972
"PPS","TOTAL","10-49","K","D111","BG",2012,112242900
"PPS","TOTAL","10-49","K","D1111","BG",2012,103809839
"PPS","TOTAL","10-49","K-N","D01","BG",2012,724458824
"PPS","TOTAL","10-49","K-N","D111","BG",2012,606783839
"PPS","TOTAL","10-49","K-N","D1111","BG",2012,563306660
"PPS","TOTAL","10-49","K64","D01","BG",2012,79551140
"PPS","TOTAL","10-49","K64","D111","BG",2012,67551671
"PPS","TOTAL","10-49","K64","D1111","BG",2012,62451507
"PPS","TOTAL","10-49","K65","D01","BG",2012,19019417
"PPS","TOTAL","10-49","K65","D111","BG",2012,16039621
"PPS","TOTAL","10-49","K65","D1111","BG",2012,14514833
"PPS","TOTAL","10-49","K66","D01","BG",2012,33964414
"PPS","TOTAL","10-49","K66","D111","BG",2012,28651608
"PPS","TOTAL","10-49","K66","D1111","BG",2012,26843499
"PPS","TOTAL","10-49","L","D01","BG",2012,109497318
"PPS","TOTAL","10-49","L","D111","BG",2012,90098560
"PPS","TOTAL","10-49","L","D1111","BG",2012,82617839
"PPS","TOTAL","10-49","L68","D01","BG",2012,109497318
"PPS","TOTAL","10-49","L68","D111","BG",2012,90098560
"PPS","TOTAL","10-49","L68","D1111","BG",2012,82617839
"PPS","TOTAL","10-49","M","D01","BG",2012,334283844
"PPS","TOTAL","10-49","M","D111","BG",2012,283100858
"PPS","TOTAL","10-49","M","D1111","BG",2012,263857189
"PPS","TOTAL","10-49","M69","D01","BG",2012,42314759
"PPS","TOTAL","10-49","M69","D111","BG",2012,35130213
"PPS","TOTAL","10-49","M69","D1111","BG",2012,32738833
"PPS","TOTAL","10-49","M70","D01","BG",2012,61099729
"PPS","TOTAL","10-49","M70","D111","BG",2012,53736141
"PPS","TOTAL","10-49","M70","D1111","BG",2012,50996076
"PPS","TOTAL","10-49","M71","D01","BG",2012,93644692
"PPS","TOTAL","10-49","M71","D111","BG",2012,78342026
"PPS","TOTAL","10-49","M71","D1111","BG",2012,72560096
"PPS","TOTAL","10-49","M72","D01","BG",2012,16848534
"PPS","TOTAL","10-49","M72","D111","BG",2012,13698642
"PPS","TOTAL","10-49","M72","D1111","BG",2012,12288958
"PPS","TOTAL","10-49","M73","D01","BG",2012,59972434
"PPS","TOTAL","10-49","M73","D111","BG",2012,50933327
"PPS","TOTAL","10-49","M73","D1111","BG",2012,47476839
"PPS","TOTAL","10-49","M74","D01","BG",2012,59188141
"PPS","TOTAL","10-49","M74","D111","BG",2012,50268355
"PPS","TOTAL","10-49","M74","D1111","BG",2012,46878200
"PPS","TOTAL","10-49","M75","D01","BG",2012,1215555
"PPS","TOTAL","10-49","M75","D111","BG",2012,992154
"PPS","TOTAL","10-49","M75","D1111","BG",2012,918187
"PPS","TOTAL","10-49","N","D01","BG",2012,148142690
"PPS","TOTAL","10-49","N","D111","BG",2012,121341521
"PPS","TOTAL","10-49","N","D1111","BG",2012,113021793
"PPS","TOTAL","10-49","N77","D01","BG",2012,13658137
"PPS","TOTAL","10-49","N77","D111","BG",2012,11172773
"PPS","TOTAL","10-49","N77","D1111","BG",2012,10436663
"PPS","TOTAL","10-49","N78","D01","BG",2012,19667550
"PPS","TOTAL","10-49","N78","D111","BG",2012,15898377
"PPS","TOTAL","10-49","N78","D1111","BG",2012,14719925
"PPS","TOTAL","10-49","N79","D01","BG",2012,19728453
"PPS","TOTAL","10-49","N79","D111","BG",2012,16160197
"PPS","TOTAL","10-49","N79","D1111","BG",2012,15145530
"PPS","TOTAL","10-49","N80","D01","BG",2012,46556820
"PPS","TOTAL","10-49","N80","D111","BG",2012,37669352
"PPS","TOTAL","10-49","N80","D1111","BG",2012,35313835
"PPS","TOTAL","10-49","N81","D01","BG",2012,28965307
"PPS","TOTAL","10-49","N81","D111","BG",2012,24209262
"PPS","TOTAL","10-49","N81","D1111","BG",2012,22329746
"PPS","TOTAL","10-49","N82","D01","BG",2012,19566423
"PPS","TOTAL","10-49","N82","D111","BG",2012,16231559
"PPS","TOTAL","10-49","N82","D1111","BG",2012,15076094
"PPS","TOTAL","10-49","O","D01","BG",2012,283443955
"PPS","TOTAL","10-49","O","D111","BG",2012,213112836
"PPS","TOTAL","10-49","O","D1111","BG",2012,181289541
"PPS","TOTAL","10-49","O-S","D01","BG",2012,1440142262
"PPS","TOTAL","10-49","O-S","D111","BG",2012,1125349738
"PPS","TOTAL","10-49","O-S","D1111","BG",2012,957138527
"PPS","TOTAL","10-49","O84","D01","BG",2012,283443955
"PPS","TOTAL","10-49","O84","D111","BG",2012,213112836
"PPS","TOTAL","10-49","O84","D1111","BG",2012,181289541
"PPS","TOTAL","10-49","P","D01","BG",2012,782338770
"PPS","TOTAL","10-49","P","D111","BG",2012,608730015
"PPS","TOTAL","10-49","P","D1111","BG",2012,500239841
"PPS","TOTAL","10-49","P-S","D01","BG",2012,1156698307
"PPS","TOTAL","10-49","P-S","D111","BG",2012,912236902
"PPS","TOTAL","10-49","P-S","D1111","BG",2012,775848987
"PPS","TOTAL","10-49","P85","D01","BG",2012,782338770
"PPS","TOTAL","10-49","P85","D111","BG",2012,608730015
"PPS","TOTAL","10-49","P85","D1111","BG",2012,500239841
"PPS","TOTAL","10-49","Q","D01","BG",2012,207714481
"PPS","TOTAL","10-49","Q","D111","BG",2012,167913999
"PPS","TOTAL","10-49","Q","D1111","BG",2012,151944415
"PPS","TOTAL","10-49","Q86","D01","BG",2012,134824499
"PPS","TOTAL","10-49","Q86","D111","BG",2012,109850036
"PPS","TOTAL","10-49","Q86","D1111","BG",2012,101125540
"PPS","TOTAL","10-49","Q87","D01","BG",2012,37873065
"PPS","TOTAL","10-49","Q87","D111","BG",2012,29880723
"PPS","TOTAL","10-49","Q87","D1111","BG",2012,26108511
"PPS","TOTAL","10-49","Q88","D01","BG",2012,35016917
"PPS","TOTAL","10-49","Q88","D111","BG",2012,28183240
"PPS","TOTAL","10-49","Q88","D1111","BG",2012,24710364
"PPS","TOTAL","10-49","R","D01","BG",2012,83561133
"PPS","TOTAL","10-49","R","D111","BG",2012,67258562
"PPS","TOTAL","10-49","R","D1111","BG",2012,61477754
"PPS","TOTAL","10-49","R90","D01","BG",2012,14045590
"PPS","TOTAL","10-49","R90","D111","BG",2012,11118397
"PPS","TOTAL","10-49","R90","D1111","BG",2012,9839747
"PPS","TOTAL","10-49","R91","D01","BG",2012,17508950
"PPS","TOTAL","10-49","R91","D111","BG",2012,13885003
"PPS","TOTAL","10-49","R91","D1111","BG",2012,12090421
"PPS","TOTAL","10-49","R92","D01","BG",2012,22576617
"PPS","TOTAL","10-49","R92","D111","BG",2012,18140083
"PPS","TOTAL","10-49","R92","D1111","BG",2012,17023838
"PPS","TOTAL","10-49","R93","D01","BG",2012,29429976
"PPS","TOTAL","10-49","R93","D111","BG",2012,24115078
"PPS","TOTAL","10-49","R93","D1111","BG",2012,22523747
"PPS","TOTAL","10-49","S","D01","BG",2012,83083923
"PPS","TOTAL","10-49","S","D111","BG",2012,68334327
"PPS","TOTAL","10-49","S","D1111","BG",2012,62186978
"PPS","TOTAL","10-49","S94","D01","BG",2012,54624896
"PPS","TOTAL","10-49","S94","D111","BG",2012,45553366
"PPS","TOTAL","10-49","S94","D1111","BG",2012,41273144
"PPS","TOTAL","10-49","S95","D01","BG",2012,NA
"PPS","TOTAL","10-49","S95","D111","BG",2012,NA
"PPS","TOTAL","10-49","S95","D1111","BG",2012,NA
"PPS","TOTAL","10-49","S96","D01","BG",2012,22575122
"PPS","TOTAL","10-49","S96","D111","BG",2012,18015746
"PPS","TOTAL","10-49","S96","D1111","BG",2012,16557634
"PPS","TOTAL","250-499","B","D01","BG",2012,37837913
"PPS","TOTAL","250-499","B","D111","BG",2012,27999989
"PPS","TOTAL","250-499","B","D1111","BG",2012,25020382
"PPS","TOTAL","250-499","B-E","D01","BG",2012,959149395
"PPS","TOTAL","250-499","B-E","D111","BG",2012,764192014
"PPS","TOTAL","250-499","B-E","D1111","BG",2012,671876833
"PPS","TOTAL","250-499","B-F","D01","BG",2012,1119227588
"PPS","TOTAL","250-499","B-F","D111","BG",2012,893214249
"PPS","TOTAL","250-499","B-F","D1111","BG",2012,788693956
"PPS","TOTAL","250-499","B-N","D01","BG",2012,2037702311
"PPS","TOTAL","250-499","B-N","D111","BG",2012,1649830559
"PPS","TOTAL","250-499","B-N","D1111","BG",2012,1472669234
"PPS","TOTAL","250-499","B-S","D01","BG",2012,2727125613
"PPS","TOTAL","250-499","B-S","D111","BG",2012,2186835281
"PPS","TOTAL","250-499","B-S","D1111","BG",2012,1941028929
"PPS","TOTAL","250-499","B-S_X_O","D01","BG",2012,2391770811
"PPS","TOTAL","250-499","B-S_X_O","D111","BG",2012,1934771852
"PPS","TOTAL","250-499","B-S_X_O","D1111","BG",2012,1719385563
"PPS","TOTAL","250-499","B05","D01","BG",2012,9749750
"PPS","TOTAL","250-499","B05","D111","BG",2012,7107770
"PPS","TOTAL","250-499","B05","D1111","BG",2012,6409424
"PPS","TOTAL","250-499","B06","D01","BG",2012,NA
"PPS","TOTAL","250-499","B06","D111","BG",2012,NA
"PPS","TOTAL","250-499","B06","D1111","BG",2012,NA
"PPS","TOTAL","250-499","B07","D01","BG",2012,21164456
"PPS","TOTAL","250-499","B07","D111","BG",2012,15563367
"PPS","TOTAL","250-499","B07","D1111","BG",2012,14021100
"PPS","TOTAL","250-499","B08","D01","BG",2012,6923706
"PPS","TOTAL","250-499","B08","D111","BG",2012,5328852
"PPS","TOTAL","250-499","B08","D1111","BG",2012,4589859
"PPS","TOTAL","250-499","B09","D01","BG",2012,NA
"PPS","TOTAL","250-499","B09","D111","BG",2012,NA
"PPS","TOTAL","250-499","B09","D1111","BG",2012,NA
"PPS","TOTAL","250-499","C","D01","BG",2012,734912486
"PPS","TOTAL","250-499","C","D111","BG",2012,588517369
"PPS","TOTAL","250-499","C","D1111","BG",2012,520595344
"PPS","TOTAL","250-499","C10","D01","BG",2012,NA
"PPS","TOTAL","250-499","C10","D111","BG",2012,NA
"PPS","TOTAL","250-499","C10","D1111","BG",2012,NA
"PPS","TOTAL","250-499","C11","D01","BG",2012,21367480
"PPS","TOTAL","250-499","C11","D111","BG",2012,17401485
"PPS","TOTAL","250-499","C11","D1111","BG",2012,15921207
"PPS","TOTAL","250-499","C12","D01","BG",2012,36969561
"PPS","TOTAL","250-499","C12","D111","BG",2012,30507795
"PPS","TOTAL","250-499","C12","D1111","BG",2012,26577527
"PPS","TOTAL","250-499","C13","D01","BG",2012,9172331
"PPS","TOTAL","250-499","C13","D111","BG",2012,7151840
"PPS","TOTAL","250-499","C13","D1111","BG",2012,6227128
"PPS","TOTAL","250-499","C14","D01","BG",2012,119096065
"PPS","TOTAL","250-499","C14","D111","BG",2012,95796674
"PPS","TOTAL","250-499","C14","D1111","BG",2012,84976078
"PPS","TOTAL","250-499","C15","D01","BG",2012,19208657
"PPS","TOTAL","250-499","C15","D111","BG",2012,15641698
"PPS","TOTAL","250-499","C15","D1111","BG",2012,13513174
"PPS","TOTAL","250-499","C16","D01","BG",2012,NA
"PPS","TOTAL","250-499","C16","D111","BG",2012,NA
"PPS","TOTAL","250-499","C16","D1111","BG",2012,NA
"PPS","TOTAL","250-499","C17","D01","BG",2012,22276522
"PPS","TOTAL","250-499","C17","D111","BG",2012,17497748
"PPS","TOTAL","250-499","C17","D1111","BG",2012,15099899
"PPS","TOTAL","250-499","C18","D01","BG",2012,15840500
"PPS","TOTAL","250-499","C18","D111","BG",2012,13018172
"PPS","TOTAL","250-499","C18","D1111","BG",2012,11764482
"PPS","TOTAL","250-499","C19","D01","BG",2012,NA
"PPS","TOTAL","250-499","C19","D111","BG",2012,NA
"PPS","TOTAL","250-499","C19","D1111","BG",2012,NA
"PPS","TOTAL","250-499","C20","D01","BG",2012,53767314
"PPS","TOTAL","250-499","C20","D111","BG",2012,42877910
"PPS","TOTAL","250-499","C20","D1111","BG",2012,37406059
"PPS","TOTAL","250-499","C21","D01","BG",2012,23711231
"PPS","TOTAL","250-499","C21","D111","BG",2012,19092098
"PPS","TOTAL","250-499","C21","D1111","BG",2012,16534872
"PPS","TOTAL","250-499","C22","D01","BG",2012,19584554
"PPS","TOTAL","250-499","C22","D111","BG",2012,15875813
"PPS","TOTAL","250-499","C22","D1111","BG",2012,14703613
"PPS","TOTAL","250-499","C23","D01","BG",2012,NA
"PPS","TOTAL","250-499","C23","D111","BG",2012,NA
"PPS","TOTAL","250-499","C23","D1111","BG",2012,NA
"PPS","TOTAL","250-499","C24","D01","BG",2012,24531900
"PPS","TOTAL","250-499","C24","D111","BG",2012,18655660
"PPS","TOTAL","250-499","C24","D1111","BG",2012,15803186
"PPS","TOTAL","250-499","C25","D01","BG",2012,48823907
"PPS","TOTAL","250-499","C25","D111","BG",2012,38930747
"PPS","TOTAL","250-499","C25","D1111","BG",2012,33474656
"PPS","TOTAL","250-499","C26","D01","BG",2012,35133791
"PPS","TOTAL","250-499","C26","D111","BG",2012,28759260
"PPS","TOTAL","250-499","C26","D1111","BG",2012,24201733
"PPS","TOTAL","250-499","C27","D01","BG",2012,60358002
"PPS","TOTAL","250-499","C27","D111","BG",2012,48787621
"PPS","TOTAL","250-499","C27","D1111","BG",2012,43536954
"PPS","TOTAL","250-499","C28","D01","BG",2012,41777137
"PPS","TOTAL","250-499","C28","D111","BG",2012,33445950
"PPS","TOTAL","250-499","C28","D1111","BG",2012,29968230
"PPS","TOTAL","250-499","C29","D01","BG",2012,11971990
"PPS","TOTAL","250-499","C29","D111","BG",2012,9591886
"PPS","TOTAL","250-499","C29","D1111","BG",2012,8582889
"PPS","TOTAL","250-499","C30","D01","BG",2012,16973715
"PPS","TOTAL","250-499","C30","D111","BG",2012,13434176
"PPS","TOTAL","250-499","C30","D1111","BG",2012,12240673
"PPS","TOTAL","250-499","C31","D01","BG",2012,NA
"PPS","TOTAL","250-499","C31","D111","BG",2012,NA
"PPS","TOTAL","250-499","C31","D1111","BG",2012,NA
"PPS","TOTAL","250-499","C32","D01","BG",2012,NA
"PPS","TOTAL","250-499","C32","D111","BG",2012,NA
"PPS","TOTAL","250-499","C32","D1111","BG",2012,NA
"PPS","TOTAL","250-499","C33","D01","BG",2012,24823425
"PPS","TOTAL","250-499","C33","D111","BG",2012,18306284
"PPS","TOTAL","250-499","C33","D1111","BG",2012,16072620
"PPS","TOTAL","250-499","D","D01","BG",2012,85823881
"PPS","TOTAL","250-499","D","D111","BG",2012,67297207
"PPS","TOTAL","250-499","D","D1111","BG",2012,57562553
"PPS","TOTAL","250-499","D35","D01","BG",2012,85823881
"PPS","TOTAL","250-499","D35","D111","BG",2012,67297207
"PPS","TOTAL","250-499","D35","D1111","BG",2012,57562553
"PPS","TOTAL","250-499","E","D01","BG",2012,100575115
"PPS","TOTAL","250-499","E","D111","BG",2012,80377449
"PPS","TOTAL","250-499","E","D1111","BG",2012,68698553
"PPS","TOTAL","250-499","E36","D01","BG",2012,60897727
"PPS","TOTAL","250-499","E36","D111","BG",2012,48594294
"PPS","TOTAL","250-499","E36","D1111","BG",2012,39789032
"PPS","TOTAL","250-499","E37","D01","BG",2012,NA
"PPS","TOTAL","250-499","E37","D111","BG",2012,NA
"PPS","TOTAL","250-499","E37","D1111","BG",2012,NA
"PPS","TOTAL","250-499","E38","D01","BG",2012,37180258
"PPS","TOTAL","250-499","E38","D111","BG",2012,29802287
"PPS","TOTAL","250-499","E38","D1111","BG",2012,27135609
"PPS","TOTAL","250-499","E39","D01","BG",2012,NA
"PPS","TOTAL","250-499","E39","D111","BG",2012,NA
"PPS","TOTAL","250-499","E39","D1111","BG",2012,NA
"PPS","TOTAL","250-499","F","D01","BG",2012,160078194
"PPS","TOTAL","250-499","F","D111","BG",2012,129022235
"PPS","TOTAL","250-499","F","D1111","BG",2012,116817123
"PPS","TOTAL","250-499","F41","D01","BG",2012,NA
"PPS","TOTAL","250-499","F41","D111","BG",2012,NA
"PPS","TOTAL","250-499","F41","D1111","BG",2012,NA
"PPS","TOTAL","250-499","F42","D01","BG",2012,117888209
"PPS","TOTAL","250-499","F42","D111","BG",2012,94959103
"PPS","TOTAL","250-499","F42","D1111","BG",2012,86404046
"PPS","TOTAL","250-499","F43","D01","BG",2012,NA
"PPS","TOTAL","250-499","F43","D111","BG",2012,NA
"PPS","TOTAL","250-499","F43","D1111","BG",2012,NA
"PPS","TOTAL","250-499","G","D01","BG",2012,176856285
"PPS","TOTAL","250-499","G","D111","BG",2012,144306675
"PPS","TOTAL","250-499","G","D1111","BG",2012,132546937
"PPS","TOTAL","250-499","G-J","D01","BG",2012,604225117
"PPS","TOTAL","250-499","G-J","D111","BG",2012,496422393
"PPS","TOTAL","250-499","G-J","D1111","BG",2012,448494720
"PPS","TOTAL","250-499","G-N","D01","BG",2012,918474723
"PPS","TOTAL","250-499","G-N","D111","BG",2012,756616309
"PPS","TOTAL","250-499","G-N","D1111","BG",2012,683975277
"PPS","TOTAL","250-499","G-S_X_O","D01","BG",2012,1272543223
"PPS","TOTAL","250-499","G-S_X_O","D111","BG",2012,1041557603
"PPS","TOTAL","250-499","G-S_X_O","D1111","BG",2012,930691607
"PPS","TOTAL","250-499","G45","D01","BG",2012,26502764
"PPS","TOTAL","250-499","G45","D111","BG",2012,21666868
"PPS","TOTAL","250-499","G45","D1111","BG",2012,19753826
"PPS","TOTAL","250-499","G46","D01","BG",2012,76732119
"PPS","TOTAL","250-499","G46","D111","BG",2012,62763119
"PPS","TOTAL","250-499","G46","D1111","BG",2012,57207314
"PPS","TOTAL","250-499","G47","D01","BG",2012,73621402
"PPS","TOTAL","250-499","G47","D111","BG",2012,59876687
"PPS","TOTAL","250-499","G47","D1111","BG",2012,55585797
"PPS","TOTAL","250-499","H","D01","BG",2012,68694827
"PPS","TOTAL","250-499","H","D111","BG",2012,51832902
"PPS","TOTAL","250-499","H","D1111","BG",2012,43574652
"PPS","TOTAL","250-499","H49","D01","BG",2012,45042661
"PPS","TOTAL","250-499","H49","D111","BG",2012,33623661
"PPS","TOTAL","250-499","H49","D1111","BG",2012,28369094
"PPS","TOTAL","250-499","H50","D01","BG",2012,NA
"PPS","TOTAL","250-499","H50","D111","BG",2012,NA
"PPS","TOTAL","250-499","H50","D1111","BG",2012,NA
"PPS","TOTAL","250-499","H51","D01","BG",2012,NA
"PPS","TOTAL","250-499","H51","D111","BG",2012,NA
"PPS","TOTAL","250-499","H51","D1111","BG",2012,NA
"PPS","TOTAL","250-499","H52","D01","BG",2012,NA
"PPS","TOTAL","250-499","H52","D111","BG",2012,NA
"PPS","TOTAL","250-499","H52","D1111","BG",2012,NA
"PPS","TOTAL","250-499","H53","D01","BG",2012,NA
"PPS","TOTAL","250-499","H53","D111","BG",2012,NA
"PPS","TOTAL","250-499","H53","D1111","BG",2012,NA
"PPS","TOTAL","250-499","I","D01","BG",2012,53923220
"PPS","TOTAL","250-499","I","D111","BG",2012,43117176
"PPS","TOTAL","250-499","I","D1111","BG",2012,39085598
"PPS","TOTAL","250-499","I55","D01","BG",2012,42224351
"PPS","TOTAL","250-499","I55","D111","BG",2012,33790301
"PPS","TOTAL","250-499","I55","D1111","BG",2012,30322047
"PPS","TOTAL","250-499","I56","D01","BG",2012,11698869
"PPS","TOTAL","250-499","I56","D111","BG",2012,9326875
"PPS","TOTAL","250-499","I56","D1111","BG",2012,8763551
"PPS","TOTAL","250-499","J","D01","BG",2012,304750785
"PPS","TOTAL","250-499","J","D111","BG",2012,257165640
"PPS","TOTAL","250-499","J","D1111","BG",2012,233287533
"PPS","TOTAL","250-499","J58","D01","BG",2012,NA
"PPS","TOTAL","250-499","J58","D111","BG",2012,NA
"PPS","TOTAL","250-499","J58","D1111","BG",2012,NA
"PPS","TOTAL","250-499","J59","D01","BG",2012,NA
"PPS","TOTAL","250-499","J59","D111","BG",2012,NA
"PPS","TOTAL","250-499","J59","D1111","BG",2012,NA
"PPS","TOTAL","250-499","J60","D01","BG",2012,41350409
"PPS","TOTAL","250-499","J60","D111","BG",2012,34721273
"PPS","TOTAL","250-499","J60","D1111","BG",2012,31594457
"PPS","TOTAL","250-499","J61","D01","BG",2012,22526507
"PPS","TOTAL","250-499","J61","D111","BG",2012,17590334
"PPS","TOTAL","250-499","J61","D1111","BG",2012,16025528
"PPS","TOTAL","250-499","J62","D01","BG",2012,188346575
"PPS","TOTAL","250-499","J62","D111","BG",2012,161066575
"PPS","TOTAL","250-499","J62","D1111","BG",2012,146090425
"PPS","TOTAL","250-499","J63","D01","BG",2012,52527294
"PPS","TOTAL","250-499","J63","D111","BG",2012,43787459
"PPS","TOTAL","250-499","J63","D1111","BG",2012,39577123
"PPS","TOTAL","250-499","K","D01","BG",2012,106669420
"PPS","TOTAL","250-499","K","D111","BG",2012,88759358
"PPS","TOTAL","250-499","K","D1111","BG",2012,80112644
"PPS","TOTAL","250-499","K-N","D01","BG",2012,314249606
"PPS","TOTAL","250-499","K-N","D111","BG",2012,260193916
"PPS","TOTAL","250-499","K-N","D1111","BG",2012,235480557
"PPS","TOTAL","250-499","K64","D01","BG",2012,60802581
"PPS","TOTAL","250-499","K64","D111","BG",2012,50287019
"PPS","TOTAL","250-499","K64","D1111","BG",2012,44586847
"PPS","TOTAL","250-499","K65","D01","BG",2012,39882819
"PPS","TOTAL","250-499","K65","D111","BG",2012,33293575
"PPS","TOTAL","250-499","K65","D1111","BG",2012,30551313
"PPS","TOTAL","250-499","K66","D01","BG",2012,NA
"PPS","TOTAL","250-499","K66","D111","BG",2012,NA
"PPS","TOTAL","250-499","K66","D1111","BG",2012,NA
"PPS","TOTAL","250-499","L","D01","BG",2012,5775446
"PPS","TOTAL","250-499","L","D111","BG",2012,4647536
"PPS","TOTAL","250-499","L","D1111","BG",2012,4221414
"PPS","TOTAL","250-499","L68","D01","BG",2012,5775446
"PPS","TOTAL","250-499","L68","D111","BG",2012,4647536
"PPS","TOTAL","250-499","L68","D1111","BG",2012,4221414
"PPS","TOTAL","250-499","M","D01","BG",2012,81144138
"PPS","TOTAL","250-499","M","D111","BG",2012,65095288
"PPS","TOTAL","250-499","M","D1111","BG",2012,57646191
"PPS","TOTAL","250-499","M69","D01","BG",2012,NA
"PPS","TOTAL","250-499","M69","D111","BG",2012,NA
"PPS","TOTAL","250-499","M69","D1111","BG",2012,NA
"PPS","TOTAL","250-499","M70","D01","BG",2012,NA
"PPS","TOTAL","250-499","M70","D111","BG",2012,NA
"PPS","TOTAL","250-499","M70","D1111","BG",2012,NA
"PPS","TOTAL","250-499","M71","D01","BG",2012,NA
"PPS","TOTAL","250-499","M71","D111","BG",2012,NA
"PPS","TOTAL","250-499","M71","D1111","BG",2012,NA
"PPS","TOTAL","250-499","M72","D01","BG",2012,16543517
"PPS","TOTAL","250-499","M72","D111","BG",2012,13089433
"PPS","TOTAL","250-499","M72","D1111","BG",2012,11792846
"PPS","TOTAL","250-499","M73","D01","BG",2012,NA
"PPS","TOTAL","250-499","M73","D111","BG",2012,NA
"PPS","TOTAL","250-499","M73","D1111","BG",2012,NA
"PPS","TOTAL","250-499","M74","D01","BG",2012,17151323
"PPS","TOTAL","250-499","M74","D111","BG",2012,13961636
"PPS","TOTAL","250-499","M74","D1111","BG",2012,12760629
"PPS","TOTAL","250-499","M75","D01","BG",2012,NA
"PPS","TOTAL","250-499","M75","D111","BG",2012,NA
"PPS","TOTAL","250-499","M75","D1111","BG",2012,NA
"PPS","TOTAL","250-499","N","D01","BG",2012,120660603
"PPS","TOTAL","250-499","N","D111","BG",2012,101691734
"PPS","TOTAL","250-499","N","D1111","BG",2012,93500308
"PPS","TOTAL","250-499","N77","D01","BG",2012,NA
"PPS","TOTAL","250-499","N77","D111","BG",2012,NA
"PPS","TOTAL","250-499","N77","D1111","BG",2012,NA
"PPS","TOTAL","250-499","N78","D01","BG",2012,14906536
"PPS","TOTAL","250-499","N78","D111","BG",2012,12097711
"PPS","TOTAL","250-499","N78","D1111","BG",2012,11210224
"PPS","TOTAL","250-499","N79","D01","BG",2012,NA
"PPS","TOTAL","250-499","N79","D111","BG",2012,NA
"PPS","TOTAL","250-499","N79","D1111","BG",2012,NA
"PPS","TOTAL","250-499","N80","D01","BG",2012,56529541
"PPS","TOTAL","250-499","N80","D111","BG",2012,45993834
"PPS","TOTAL","250-499","N80","D1111","BG",2012,42683552
"PPS","TOTAL","250-499","N81","D01","BG",2012,29134085
"PPS","TOTAL","250-499","N81","D111","BG",2012,27434844
"PPS","TOTAL","250-499","N81","D1111","BG",2012,24874728
"PPS","TOTAL","250-499","N82","D01","BG",2012,20090441
"PPS","TOTAL","250-499","N82","D111","BG",2012,16165346
"PPS","TOTAL","250-499","N82","D1111","BG",2012,14731803
"PPS","TOTAL","250-499","O","D01","BG",2012,335354801
"PPS","TOTAL","250-499","O","D111","BG",2012,252063429
"PPS","TOTAL","250-499","O","D1111","BG",2012,221643366
"PPS","TOTAL","250-499","O-S","D01","BG",2012,689423301
"PPS","TOTAL","250-499","O-S","D111","BG",2012,537004722
"PPS","TOTAL","250-499","O-S","D1111","BG",2012,468359696
"PPS","TOTAL","250-499","O84","D01","BG",2012,335354801
"PPS","TOTAL","250-499","O84","D111","BG",2012,252063429
"PPS","TOTAL","250-499","O84","D1111","BG",2012,221643366
"PPS","TOTAL","250-499","P","D01","BG",2012,109996428
"PPS","TOTAL","250-499","P","D111","BG",2012,87558238
"PPS","TOTAL","250-499","P","D1111","BG",2012,72776460
"PPS","TOTAL","250-499","P-S","D01","BG",2012,354068500
"PPS","TOTAL","250-499","P-S","D111","BG",2012,284941293
"PPS","TOTAL","250-499","P-S","D1111","BG",2012,246716330
"PPS","TOTAL","250-499","P85","D01","BG",2012,109996428
"PPS","TOTAL","250-499","P85","D111","BG",2012,87558238
"PPS","TOTAL","250-499","P85","D1111","BG",2012,72776460
"PPS","TOTAL","250-499","Q","D01","BG",2012,209215241
"PPS","TOTAL","250-499","Q","D111","BG",2012,167786969
"PPS","TOTAL","250-499","Q","D1111","BG",2012,147356174
"PPS","TOTAL","250-499","Q86","D01","BG",2012,198143327
"PPS","TOTAL","250-499","Q86","D111","BG",2012,158930057
"PPS","TOTAL","250-499","Q86","D1111","BG",2012,139839903
"PPS","TOTAL","250-499","Q87","D01","BG",2012,NA
"PPS","TOTAL","250-499","Q87","D111","BG",2012,NA
"PPS","TOTAL","250-499","Q87","D1111","BG",2012,NA
"PPS","TOTAL","250-499","Q88","D01","BG",2012,11071914
"PPS","TOTAL","250-499","Q88","D111","BG",2012,8856912
"PPS","TOTAL","250-499","Q88","D1111","BG",2012,7516271
"PPS","TOTAL","250-499","R","D01","BG",2012,24140534
"PPS","TOTAL","250-499","R","D111","BG",2012,19366643
"PPS","TOTAL","250-499","R","D1111","BG",2012,17040226
"PPS","TOTAL","250-499","R90","D01","BG",2012,13975714
"PPS","TOTAL","250-499","R90","D111","BG",2012,11143360
"PPS","TOTAL","250-499","R90","D1111","BG",2012,9661064
"PPS","TOTAL","250-499","R91","D01","BG",2012,NA
"PPS","TOTAL","250-499","R91","D111","BG",2012,NA
"PPS","TOTAL","250-499","R91","D1111","BG",2012,NA
"PPS","TOTAL","250-499","R92","D01","BG",2012,NA
"PPS","TOTAL","250-499","R92","D111","BG",2012,NA
"PPS","TOTAL","250-499","R92","D1111","BG",2012,NA
"PPS","TOTAL","250-499","R93","D01","BG",2012,NA
"PPS","TOTAL","250-499","R93","D111","BG",2012,NA
"PPS","TOTAL","250-499","R93","D1111","BG",2012,NA
"PPS","TOTAL","250-499","S","D01","BG",2012,10716296
"PPS","TOTAL","250-499","S","D111","BG",2012,10229444
"PPS","TOTAL","250-499","S","D1111","BG",2012,9543469
"PPS","TOTAL","250-499","S94","D01","BG",2012,10716296
"PPS","TOTAL","250-499","S94","D111","BG",2012,10229444
"PPS","TOTAL","250-499","S94","D1111","BG",2012,9543469
"PPS","TOTAL","250-499","S95","D01","BG",2012,NA
"PPS","TOTAL","250-499","S95","D111","BG",2012,NA
"PPS","TOTAL","250-499","S95","D1111","BG",2012,NA
"PPS","TOTAL","250-499","S96","D01","BG",2012,NA
"PPS","TOTAL","250-499","S96","D111","BG",2012,NA
"PPS","TOTAL","250-499","S96","D1111","BG",2012,NA
"PPS","TOTAL","50-249","B","D01","BG",2012,43447788
"PPS","TOTAL","50-249","B","D111","BG",2012,32786925
"PPS","TOTAL","50-249","B","D1111","BG",2012,29138216
"PPS","TOTAL","50-249","B-E","D01","BG",2012,1831483295
"PPS","TOTAL","50-249","B-E","D111","BG",2012,1470112665
"PPS","TOTAL","50-249","B-E","D1111","BG",2012,1330545948
"PPS","TOTAL","50-249","B-F","D01","BG",2012,2318676687
"PPS","TOTAL","50-249","B-F","D111","BG",2012,1862814242
"PPS","TOTAL","50-249","B-F","D1111","BG",2012,1693035262
"PPS","TOTAL","50-249","B-N","D01","BG",2012,4928223487
"PPS","TOTAL","50-249","B-N","D111","BG",2012,4018111572
"PPS","TOTAL","50-249","B-N","D1111","BG",2012,3668267715
"PPS","TOTAL","50-249","B-S","D01","BG",2012,7060153500
"PPS","TOTAL","50-249","B-S","D111","BG",2012,5696076875
"PPS","TOTAL","50-249","B-S","D1111","BG",2012,5114678295
"PPS","TOTAL","50-249","B-S_X_O","D01","BG",2012,6394442394
"PPS","TOTAL","50-249","B-S_X_O","D111","BG",2012,5189638646
"PPS","TOTAL","50-249","B-S_X_O","D1111","BG",2012,4673448561
"PPS","TOTAL","50-249","B05","D01","BG",2012,10030296
"PPS","TOTAL","50-249","B05","D111","BG",2012,7470149
"PPS","TOTAL","50-249","B05","D1111","BG",2012,6692980
"PPS","TOTAL","50-249","B06","D01","BG",2012,NA
"PPS","TOTAL","50-249","B06","D111","BG",2012,NA
"PPS","TOTAL","50-249","B06","D1111","BG",2012,NA
"PPS","TOTAL","50-249","B07","D01","BG",2012,8343803
"PPS","TOTAL","50-249","B07","D111","BG",2012,5889519
"PPS","TOTAL","50-249","B07","D1111","BG",2012,5066392
"PPS","TOTAL","50-249","B08","D01","BG",2012,23465365
"PPS","TOTAL","50-249","B08","D111","BG",2012,18151335
"PPS","TOTAL","50-249","B08","D1111","BG",2012,16156353
"PPS","TOTAL","50-249","B09","D01","BG",2012,NA
"PPS","TOTAL","50-249","B09","D111","BG",2012,NA
"PPS","TOTAL","50-249","B09","D1111","BG",2012,NA
"PPS","TOTAL","50-249","C","D01","BG",2012,1645356659
"PPS","TOTAL","50-249","C","D111","BG",2012,1322752128
"PPS","TOTAL","50-249","C","D1111","BG",2012,1201658303
"PPS","TOTAL","50-249","C10","D01","BG",2012,305250200
"PPS","TOTAL","50-249","C10","D111","BG",2012,246451263
"PPS","TOTAL","50-249","C10","D1111","BG",2012,226304107
"PPS","TOTAL","50-249","C11","D01","BG",2012,34611208
"PPS","TOTAL","50-249","C11","D111","BG",2012,27771018
"PPS","TOTAL","50-249","C11","D1111","BG",2012,25087212
"PPS","TOTAL","50-249","C12","D01","BG",2012,6988678
"PPS","TOTAL","50-249","C12","D111","BG",2012,5381320
"PPS","TOTAL","50-249","C12","D1111","BG",2012,4954899
"PPS","TOTAL","50-249","C13","D01","BG",2012,28392555
"PPS","TOTAL","50-249","C13","D111","BG",2012,22406687
"PPS","TOTAL","50-249","C13","D1111","BG",2012,20186434
"PPS","TOTAL","50-249","C14","D01","BG",2012,261836162
"PPS","TOTAL","50-249","C14","D111","BG",2012,210020635
"PPS","TOTAL","50-249","C14","D1111","BG",2012,190711178
"PPS","TOTAL","50-249","C15","D01","BG",2012,47161756
"PPS","TOTAL","50-249","C15","D111","BG",2012,37773493
"PPS","TOTAL","50-249","C15","D1111","BG",2012,34406662
"PPS","TOTAL","50-249","C16","D01","BG",2012,27484734
"PPS","TOTAL","50-249","C16","D111","BG",2012,22165588
"PPS","TOTAL","50-249","C16","D1111","BG",2012,19954171
"PPS","TOTAL","50-249","C17","D01","BG",2012,28673670
"PPS","TOTAL","50-249","C17","D111","BG",2012,23006540
"PPS","TOTAL","50-249","C17","D1111","BG",2012,21267810
"PPS","TOTAL","50-249","C18","D01","BG",2012,35669245
"PPS","TOTAL","50-249","C18","D111","BG",2012,28571099
"PPS","TOTAL","50-249","C18","D1111","BG",2012,25964685
"PPS","TOTAL","50-249","C19","D01","BG",2012,3932311
"PPS","TOTAL","50-249","C19","D111","BG",2012,3147943
"PPS","TOTAL","50-249","C19","D1111","BG",2012,2886018
"PPS","TOTAL","50-249","C20","D01","BG",2012,61330606
"PPS","TOTAL","50-249","C20","D111","BG",2012,49300174
"PPS","TOTAL","50-249","C20","D1111","BG",2012,45040100
"PPS","TOTAL","50-249","C21","D01","BG",2012,18834149
"PPS","TOTAL","50-249","C21","D111","BG",2012,15225814
"PPS","TOTAL","50-249","C21","D1111","BG",2012,13944446
"PPS","TOTAL","50-249","C22","D01","BG",2012,71587185
"PPS","TOTAL","50-249","C22","D111","BG",2012,57898807
"PPS","TOTAL","50-249","C22","D1111","BG",2012,52680485
"PPS","TOTAL","50-249","C23","D01","BG",2012,98484924
"PPS","TOTAL","50-249","C23","D111","BG",2012,78899865
"PPS","TOTAL","50-249","C23","D1111","BG",2012,69805041
"PPS","TOTAL","50-249","C24","D01","BG",2012,35833688
"PPS","TOTAL","50-249","C24","D111","BG",2012,28163148
"PPS","TOTAL","50-249","C24","D1111","BG",2012,25291463
"PPS","TOTAL","50-249","C25","D01","BG",2012,169948016
"PPS","TOTAL","50-249","C25","D111","BG",2012,136588845
"PPS","TOTAL","50-249","C25","D1111","BG",2012,123884517
"PPS","TOTAL","50-249","C26","D01","BG",2012,53794761
"PPS","TOTAL","50-249","C26","D111","BG",2012,44126743
"PPS","TOTAL","50-249","C26","D1111","BG",2012,40127854
"PPS","TOTAL","50-249","C27","D01","BG",2012,71570108
"PPS","TOTAL","50-249","C27","D111","BG",2012,57637389
"PPS","TOTAL","50-249","C27","D1111","BG",2012,52811441
"PPS","TOTAL","50-249","C28","D01","BG",2012,122183529
"PPS","TOTAL","50-249","C28","D111","BG",2012,97832941
"PPS","TOTAL","50-249","C28","D1111","BG",2012,88764184
"PPS","TOTAL","50-249","C29","D01","BG",2012,12572632
"PPS","TOTAL","50-249","C29","D111","BG",2012,10109765
"PPS","TOTAL","50-249","C29","D1111","BG",2012,9192016
"PPS","TOTAL","50-249","C30","D01","BG",2012,15466975
"PPS","TOTAL","50-249","C30","D111","BG",2012,12581490
"PPS","TOTAL","50-249","C30","D1111","BG",2012,11402781
"PPS","TOTAL","50-249","C31","D01","BG",2012,57113103
"PPS","TOTAL","50-249","C31","D111","BG",2012,46027886
"PPS","TOTAL","50-249","C31","D1111","BG",2012,41983718
"PPS","TOTAL","50-249","C32","D01","BG",2012,18252355
"PPS","TOTAL","50-249","C32","D111","BG",2012,14656407
"PPS","TOTAL","50-249","C32","D1111","BG",2012,13160678
"PPS","TOTAL","50-249","C33","D01","BG",2012,58384107
"PPS","TOTAL","50-249","C33","D111","BG",2012,47007266
"PPS","TOTAL","50-249","C33","D1111","BG",2012,41846402
"PPS","TOTAL","50-249","D","D01","BG",2012,51222512
"PPS","TOTAL","50-249","D","D111","BG",2012,40965484
"PPS","TOTAL","50-249","D","D1111","BG",2012,33711265
"PPS","TOTAL","50-249","D35","D01","BG",2012,51222512
"PPS","TOTAL","50-249","D35","D111","BG",2012,40965484
"PPS","TOTAL","50-249","D35","D1111","BG",2012,33711265
"PPS","TOTAL","50-249","E","D01","BG",2012,91456336
"PPS","TOTAL","50-249","E","D111","BG",2012,73608128
"PPS","TOTAL","50-249","E","D1111","BG",2012,66038163
"PPS","TOTAL","50-249","E36","D01","BG",2012,15793643
"PPS","TOTAL","50-249","E36","D111","BG",2012,12410632
"PPS","TOTAL","50-249","E36","D1111","BG",2012,10278543
"PPS","TOTAL","50-249","E37","D01","BG",2012,NA
"PPS","TOTAL","50-249","E37","D111","BG",2012,NA
"PPS","TOTAL","50-249","E37","D1111","BG",2012,NA
"PPS","TOTAL","50-249","E38","D01","BG",2012,69991722
"PPS","TOTAL","50-249","E38","D111","BG",2012,56678797
"PPS","TOTAL","50-249","E38","D1111","BG",2012,51871017
"PPS","TOTAL","50-249","E39","D01","BG",2012,4549327
"PPS","TOTAL","50-249","E39","D111","BG",2012,3603045
"PPS","TOTAL","50-249","E39","D1111","BG",2012,3027750
"PPS","TOTAL","50-249","F","D01","BG",2012,487193392
"PPS","TOTAL","50-249","F","D111","BG",2012,392701576
"PPS","TOTAL","50-249","F","D1111","BG",2012,362489314
"PPS","TOTAL","50-249","F41","D01","BG",2012,192207337
"PPS","TOTAL","50-249","F41","D111","BG",2012,155838415
"PPS","TOTAL","50-249","F41","D1111","BG",2012,144004644
"PPS","TOTAL","50-249","F42","D01","BG",2012,194427633
"PPS","TOTAL","50-249","F42","D111","BG",2012,155887396
"PPS","TOTAL","50-249","F42","D1111","BG",2012,143021486
"PPS","TOTAL","50-249","F43","D01","BG",2012,100558422
"PPS","TOTAL","50-249","F43","D111","BG",2012,80975766
"PPS","TOTAL","50-249","F43","D1111","BG",2012,75463184
"PPS","TOTAL","50-249","G","D01","BG",2012,879892931
"PPS","TOTAL","50-249","G","D111","BG",2012,722196008
"PPS","TOTAL","50-249","G","D1111","BG",2012,665288066
"PPS","TOTAL","50-249","G-J","D01","BG",2012,1833088164
"PPS","TOTAL","50-249","G-J","D111","BG",2012,1501581142
"PPS","TOTAL","50-249","G-J","D1111","BG",2012,1381832402
"PPS","TOTAL","50-249","G-N","D01","BG",2012,2609546799
"PPS","TOTAL","50-249","G-N","D111","BG",2012,2155297331
"PPS","TOTAL","50-249","G-N","D1111","BG",2012,1975232453
"PPS","TOTAL","50-249","G-S_X_O","D01","BG",2012,4075765707
"PPS","TOTAL","50-249","G-S_X_O","D111","BG",2012,3326824404
"PPS","TOTAL","50-249","G-S_X_O","D1111","BG",2012,2980413300
"PPS","TOTAL","50-249","G45","D01","BG",2012,102804985
"PPS","TOTAL","50-249","G45","D111","BG",2012,84696748
"PPS","TOTAL","50-249","G45","D1111","BG",2012,76916877
"PPS","TOTAL","50-249","G46","D01","BG",2012,498152216
"PPS","TOTAL","50-249","G46","D111","BG",2012,410754530
"PPS","TOTAL","50-249","G46","D1111","BG",2012,378424617
"PPS","TOTAL","50-249","G47","D01","BG",2012,278935731
"PPS","TOTAL","50-249","G47","D111","BG",2012,226744730
"PPS","TOTAL","50-249","G47","D1111","BG",2012,209946571
"PPS","TOTAL","50-249","H","D01","BG",2012,305725529
"PPS","TOTAL","50-249","H","D111","BG",2012,242979406
"PPS","TOTAL","50-249","H","D1111","BG",2012,219462071
"PPS","TOTAL","50-249","H49","D01","BG",2012,140066780
"PPS","TOTAL","50-249","H49","D111","BG",2012,108657984
"PPS","TOTAL","50-249","H49","D1111","BG",2012,100017669
"PPS","TOTAL","50-249","H50","D01","BG",2012,3876946
"PPS","TOTAL","50-249","H50","D111","BG",2012,3048146
"PPS","TOTAL","50-249","H50","D1111","BG",2012,2676690
"PPS","TOTAL","50-249","H51","D01","BG",2012,48151299
"PPS","TOTAL","50-249","H51","D111","BG",2012,38237682
"PPS","TOTAL","50-249","H51","D1111","BG",2012,34018685
"PPS","TOTAL","50-249","H52","D01","BG",2012,82847915
"PPS","TOTAL","50-249","H52","D111","BG",2012,68446034
"PPS","TOTAL","50-249","H52","D1111","BG",2012,59957181
"PPS","TOTAL","50-249","H53","D01","BG",2012,30782589
"PPS","TOTAL","50-249","H53","D111","BG",2012,24589560
"PPS","TOTAL","50-249","H53","D1111","BG",2012,22791846
"PPS","TOTAL","50-249","I","D01","BG",2012,234961933
"PPS","TOTAL","50-249","I","D111","BG",2012,189657359
"PPS","TOTAL","50-249","I","D1111","BG",2012,177262156
"PPS","TOTAL","50-249","I55","D01","BG",2012,168188521
"PPS","TOTAL","50-249","I55","D111","BG",2012,136078273
"PPS","TOTAL","50-249","I55","D1111","BG",2012,127071320
"PPS","TOTAL","50-249","I56","D01","BG",2012,66773411
"PPS","TOTAL","50-249","I56","D111","BG",2012,53579086
"PPS","TOTAL","50-249","I56","D1111","BG",2012,50190836
"PPS","TOTAL","50-249","J","D01","BG",2012,412507771
"PPS","TOTAL","50-249","J","D111","BG",2012,346748369
"PPS","TOTAL","50-249","J","D1111","BG",2012,319820110
"PPS","TOTAL","50-249","J58","D01","BG",2012,35673282
"PPS","TOTAL","50-249","J58","D111","BG",2012,29420420
"PPS","TOTAL","50-249","J58","D1111","BG",2012,27141433
"PPS","TOTAL","50-249","J59","D01","BG",2012,12577990
"PPS","TOTAL","50-249","J59","D111","BG",2012,10594878
"PPS","TOTAL","50-249","J59","D1111","BG",2012,9672138
"PPS","TOTAL","50-249","J60","D01","BG",2012,19792190
"PPS","TOTAL","50-249","J60","D111","BG",2012,16340691
"PPS","TOTAL","50-249","J60","D1111","BG",2012,15007654
"PPS","TOTAL","50-249","J61","D01","BG",2012,59589429
"PPS","TOTAL","50-249","J61","D111","BG",2012,48701817
"PPS","TOTAL","50-249","J61","D1111","BG",2012,45242971
"PPS","TOTAL","50-249","J62","D01","BG",2012,258525216
"PPS","TOTAL","50-249","J62","D111","BG",2012,220128324
"PPS","TOTAL","50-249","J62","D1111","BG",2012,203096459
"PPS","TOTAL","50-249","J63","D01","BG",2012,26349665
"PPS","TOTAL","50-249","J63","D111","BG",2012,21562240
"PPS","TOTAL","50-249","J63","D1111","BG",2012,19659455
"PPS","TOTAL","50-249","K","D01","BG",2012,183641843
"PPS","TOTAL","50-249","K","D111","BG",2012,151984571
"PPS","TOTAL","50-249","K","D1111","BG",2012,135832592
"PPS","TOTAL","50-249","K-N","D01","BG",2012,776458635
"PPS","TOTAL","50-249","K-N","D111","BG",2012,653716188
"PPS","TOTAL","50-249","K-N","D1111","BG",2012,593400051
"PPS","TOTAL","50-249","K64","D01","BG",2012,102377738
"PPS","TOTAL","50-249","K64","D111","BG",2012,84525011
"PPS","TOTAL","50-249","K64","D1111","BG",2012,73932436
"PPS","TOTAL","50-249","K65","D01","BG",2012,47558093
"PPS","TOTAL","50-249","K65","D111","BG",2012,39841918
"PPS","TOTAL","50-249","K65","D1111","BG",2012,36642534
"PPS","TOTAL","50-249","K66","D01","BG",2012,NA
"PPS","TOTAL","50-249","K66","D111","BG",2012,NA
"PPS","TOTAL","50-249","K66","D1111","BG",2012,NA
"PPS","TOTAL","50-249","L","D01","BG",2012,46032258
"PPS","TOTAL","50-249","L","D111","BG",2012,37500362
"PPS","TOTAL","50-249","L","D1111","BG",2012,33729640
"PPS","TOTAL","50-249","L68","D01","BG",2012,46032258
"PPS","TOTAL","50-249","L68","D111","BG",2012,37500362
"PPS","TOTAL","50-249","L68","D1111","BG",2012,33729640
"PPS","TOTAL","50-249","M","D01","BG",2012,321165109
"PPS","TOTAL","50-249","M","D111","BG",2012,266750474
"PPS","TOTAL","50-249","M","D1111","BG",2012,240760928
"PPS","TOTAL","50-249","M69","D01","BG",2012,NA
"PPS","TOTAL","50-249","M69","D111","BG",2012,NA
"PPS","TOTAL","50-249","M69","D1111","BG",2012,NA
"PPS","TOTAL","50-249","M70","D01","BG",2012,34704967
"PPS","TOTAL","50-249","M70","D111","BG",2012,29444298
"PPS","TOTAL","50-249","M70","D1111","BG",2012,26829024
"PPS","TOTAL","50-249","M71","D01","BG",2012,60317960
"PPS","TOTAL","50-249","M71","D111","BG",2012,49758528
"PPS","TOTAL","50-249","M71","D1111","BG",2012,45448425
"PPS","TOTAL","50-249","M72","D01","BG",2012,93469960
"PPS","TOTAL","50-249","M72","D111","BG",2012,75867288
"PPS","TOTAL","50-249","M72","D1111","BG",2012,66130098
"PPS","TOTAL","50-249","M73","D01","BG",2012,NA
"PPS","TOTAL","50-249","M73","D111","BG",2012,NA
"PPS","TOTAL","50-249","M73","D1111","BG",2012,NA
"PPS","TOTAL","50-249","M74","D01","BG",2012,37182574
"PPS","TOTAL","50-249","M74","D111","BG",2012,30787908
"PPS","TOTAL","50-249","M74","D1111","BG",2012,27708155
"PPS","TOTAL","50-249","M75","D01","BG",2012,NA
"PPS","TOTAL","50-249","M75","D111","BG",2012,NA
"PPS","TOTAL","50-249","M75","D1111","BG",2012,NA
"PPS","TOTAL","50-249","N","D01","BG",2012,225619425
"PPS","TOTAL","50-249","N","D111","BG",2012,197480781
"PPS","TOTAL","50-249","N","D1111","BG",2012,183076891
"PPS","TOTAL","50-249","N77","D01","BG",2012,4950604
"PPS","TOTAL","50-249","N77","D111","BG",2012,3978834
"PPS","TOTAL","50-249","N77","D1111","BG",2012,3615127
"PPS","TOTAL","50-249","N78","D01","BG",2012,17265874
"PPS","TOTAL","50-249","N78","D111","BG",2012,13843559
"PPS","TOTAL","50-249","N78","D1111","BG",2012,13105746
"PPS","TOTAL","50-249","N79","D01","BG",2012,10325293
"PPS","TOTAL","50-249","N79","D111","BG",2012,8417654
"PPS","TOTAL","50-249","N79","D1111","BG",2012,7953214
"PPS","TOTAL","50-249","N80","D01","BG",2012,80653207
"PPS","TOTAL","50-249","N80","D111","BG",2012,65471093
"PPS","TOTAL","50-249","N80","D1111","BG",2012,61188226
"PPS","TOTAL","50-249","N81","D01","BG",2012,89282805
"PPS","TOTAL","50-249","N81","D111","BG",2012,86859305
"PPS","TOTAL","50-249","N81","D1111","BG",2012,80011572
"PPS","TOTAL","50-249","N82","D01","BG",2012,23141641
"PPS","TOTAL","50-249","N82","D111","BG",2012,18910337
"PPS","TOTAL","50-249","N82","D1111","BG",2012,17203005
"PPS","TOTAL","50-249","O","D01","BG",2012,665711106
"PPS","TOTAL","50-249","O","D111","BG",2012,506438229
"PPS","TOTAL","50-249","O","D1111","BG",2012,441229733
"PPS","TOTAL","50-249","O-S","D01","BG",2012,2131930013
"PPS","TOTAL","50-249","O-S","D111","BG",2012,1677965303
"PPS","TOTAL","50-249","O-S","D1111","BG",2012,1446410580
"PPS","TOTAL","50-249","O84","D01","BG",2012,665711106
"PPS","TOTAL","50-249","O84","D111","BG",2012,506438229
"PPS","TOTAL","50-249","O84","D1111","BG",2012,441229733
"PPS","TOTAL","50-249","P","D01","BG",2012,733472520
"PPS","TOTAL","50-249","P","D111","BG",2012,574287121
"PPS","TOTAL","50-249","P","D1111","BG",2012,469723694
"PPS","TOTAL","50-249","P-S","D01","BG",2012,1466218907
"PPS","TOTAL","50-249","P-S","D111","BG",2012,1171527074
"PPS","TOTAL","50-249","P-S","D1111","BG",2012,1005180846
"PPS","TOTAL","50-249","P85","D01","BG",2012,733472520
"PPS","TOTAL","50-249","P85","D111","BG",2012,574287121
"PPS","TOTAL","50-249","P85","D1111","BG",2012,469723694
"PPS","TOTAL","50-249","Q","D01","BG",2012,544376419
"PPS","TOTAL","50-249","Q","D111","BG",2012,441002292
"PPS","TOTAL","50-249","Q","D1111","BG",2012,393311164
"PPS","TOTAL","50-249","Q86","D01","BG",2012,437038665
"PPS","TOTAL","50-249","Q86","D111","BG",2012,355274829
"PPS","TOTAL","50-249","Q86","D1111","BG",2012,319019849
"PPS","TOTAL","50-249","Q87","D01","BG",2012,54247377
"PPS","TOTAL","50-249","Q87","D111","BG",2012,43178535
"PPS","TOTAL","50-249","Q87","D1111","BG",2012,37303019
"PPS","TOTAL","50-249","Q88","D01","BG",2012,53090376
"PPS","TOTAL","50-249","Q88","D111","BG",2012,42548929
"PPS","TOTAL","50-249","Q88","D1111","BG",2012,36988295
"PPS","TOTAL","50-249","R","D01","BG",2012,147012700
"PPS","TOTAL","50-249","R","D111","BG",2012,122894274
"PPS","TOTAL","50-249","R","D1111","BG",2012,112421093
"PPS","TOTAL","50-249","R90","D01","BG",2012,27689639
"PPS","TOTAL","50-249","R90","D111","BG",2012,21826598
"PPS","TOTAL","50-249","R90","D1111","BG",2012,18962402
"PPS","TOTAL","50-249","R91","D01","BG",2012,14560756
"PPS","TOTAL","50-249","R91","D111","BG",2012,11539401
"PPS","TOTAL","50-249","R91","D1111","BG",2012,9950938
"PPS","TOTAL","50-249","R92","D01","BG",2012,36667926
"PPS","TOTAL","50-249","R92","D111","BG",2012,29579155
"PPS","TOTAL","50-249","R92","D1111","BG",2012,27111981
"PPS","TOTAL","50-249","R93","D01","BG",2012,NA
"PPS","TOTAL","50-249","R93","D111","BG",2012,NA
"PPS","TOTAL","50-249","R93","D1111","BG",2012,NA
"PPS","TOTAL","50-249","S","D01","BG",2012,41357268
"PPS","TOTAL","50-249","S","D111","BG",2012,33343386
"PPS","TOTAL","50-249","S","D1111","BG",2012,29724895
"PPS","TOTAL","50-249","S94","D01","BG",2012,35001034
"PPS","TOTAL","50-249","S94","D111","BG",2012,28229257
"PPS","TOTAL","50-249","S94","D1111","BG",2012,25090670
"PPS","TOTAL","50-249","S95","D01","BG",2012,NA
"PPS","TOTAL","50-249","S95","D111","BG",2012,NA
"PPS","TOTAL","50-249","S95","D1111","BG",2012,NA
"PPS","TOTAL","50-249","S96","D01","BG",2012,4816159
"PPS","TOTAL","50-249","S96","D111","BG",2012,3872386
"PPS","TOTAL","50-249","S96","D1111","BG",2012,3498022
"PPS","TOTAL","500-999","B","D01","BG",2012,26230686
"PPS","TOTAL","500-999","B","D111","BG",2012,19360500
"PPS","TOTAL","500-999","B","D1111","BG",2012,17310939
"PPS","TOTAL","500-999","B-E","D01","BG",2012,1012674210
"PPS","TOTAL","500-999","B-E","D111","BG",2012,796632201
"PPS","TOTAL","500-999","B-E","D1111","BG",2012,697574085
"PPS","TOTAL","500-999","B-F","D01","BG",2012,1154863934
"PPS","TOTAL","500-999","B-F","D111","BG",2012,912632406
"PPS","TOTAL","500-999","B-F","D1111","BG",2012,803954129
"PPS","TOTAL","500-999","B-N","D01","BG",2012,1970102517
"PPS","TOTAL","500-999","B-N","D111","BG",2012,1574572611
"PPS","TOTAL","500-999","B-N","D1111","BG",2012,1399968368
"PPS","TOTAL","500-999","B-S","D01","BG",2012,2570089849
"PPS","TOTAL","500-999","B-S","D111","BG",2012,2049426642
"PPS","TOTAL","500-999","B-S","D1111","BG",2012,1816940388
"PPS","TOTAL","500-999","B-S_X_O","D01","BG",2012,2399358698
"PPS","TOTAL","500-999","B-S_X_O","D111","BG",2012,1919591794
"PPS","TOTAL","500-999","B-S_X_O","D1111","BG",2012,1699039278
"PPS","TOTAL","500-999","B05","D01","BG",2012,NA
"PPS","TOTAL","500-999","B05","D111","BG",2012,NA
"PPS","TOTAL","500-999","B05","D1111","BG",2012,NA
"PPS","TOTAL","500-999","B06","D01","BG",2012,NA
"PPS","TOTAL","500-999","B06","D111","BG",2012,NA
"PPS","TOTAL","500-999","B06","D1111","BG",2012,NA
"PPS","TOTAL","500-999","B07","D01","BG",2012,NA
"PPS","TOTAL","500-999","B07","D111","BG",2012,NA
"PPS","TOTAL","500-999","B07","D1111","BG",2012,NA
"PPS","TOTAL","500-999","B08","D01","BG",2012,NA
"PPS","TOTAL","500-999","B08","D111","BG",2012,NA
"PPS","TOTAL","500-999","B08","D1111","BG",2012,NA
"PPS","TOTAL","500-999","B09","D01","BG",2012,NA
"PPS","TOTAL","500-999","B09","D111","BG",2012,NA
"PPS","TOTAL","500-999","B09","D1111","BG",2012,NA
"PPS","TOTAL","500-999","C","D01","BG",2012,860678929
"PPS","TOTAL","500-999","C","D111","BG",2012,678152547
"PPS","TOTAL","500-999","C","D1111","BG",2012,596637730
"PPS","TOTAL","500-999","C10","D01","BG",2012,75385673
"PPS","TOTAL","500-999","C10","D111","BG",2012,61639480
"PPS","TOTAL","500-999","C10","D1111","BG",2012,55219129
"PPS","TOTAL","500-999","C11","D01","BG",2012,64031481
"PPS","TOTAL","500-999","C11","D111","BG",2012,51487651
"PPS","TOTAL","500-999","C11","D1111","BG",2012,45164317
"PPS","TOTAL","500-999","C12","D01","BG",2012,NA
"PPS","TOTAL","500-999","C12","D111","BG",2012,NA
"PPS","TOTAL","500-999","C12","D1111","BG",2012,NA
"PPS","TOTAL","500-999","C13","D01","BG",2012,NA
"PPS","TOTAL","500-999","C13","D111","BG",2012,NA
"PPS","TOTAL","500-999","C13","D1111","BG",2012,NA
"PPS","TOTAL","500-999","C14","D01","BG",2012,70012417
"PPS","TOTAL","500-999","C14","D111","BG",2012,56433241
"PPS","TOTAL","500-999","C14","D1111","BG",2012,50038960
"PPS","TOTAL","500-999","C15","D01","BG",2012,NA
"PPS","TOTAL","500-999","C15","D111","BG",2012,NA
"PPS","TOTAL","500-999","C15","D1111","BG",2012,NA
"PPS","TOTAL","500-999","C16","D01","BG",2012,NA
"PPS","TOTAL","500-999","C16","D111","BG",2012,NA
"PPS","TOTAL","500-999","C16","D1111","BG",2012,NA
"PPS","TOTAL","500-999","C17","D01","BG",2012,NA
"PPS","TOTAL","500-999","C17","D111","BG",2012,NA
"PPS","TOTAL","500-999","C17","D1111","BG",2012,NA
"PPS","TOTAL","500-999","C18","D01","BG",2012,NA
"PPS","TOTAL","500-999","C18","D111","BG",2012,NA
"PPS","TOTAL","500-999","C18","D1111","BG",2012,NA
"PPS","TOTAL","500-999","C19","D01","BG",2012,NA
"PPS","TOTAL","500-999","C19","D111","BG",2012,NA
"PPS","TOTAL","500-999","C19","D1111","BG",2012,NA
"PPS","TOTAL","500-999","C20","D01","BG",2012,NA
"PPS","TOTAL","500-999","C20","D111","BG",2012,NA
"PPS","TOTAL","500-999","C20","D1111","BG",2012,NA
"PPS","TOTAL","500-999","C21","D01","BG",2012,NA
"PPS","TOTAL","500-999","C21","D111","BG",2012,NA
"PPS","TOTAL","500-999","C21","D1111","BG",2012,NA
"PPS","TOTAL","500-999","C22","D01","BG",2012,43076924
"PPS","TOTAL","500-999","C22","D111","BG",2012,34425832
"PPS","TOTAL","500-999","C22","D1111","BG",2012,31321588
"PPS","TOTAL","500-999","C23","D01","BG",2012,49853147
"PPS","TOTAL","500-999","C23","D111","BG",2012,38908310
"PPS","TOTAL","500-999","C23","D1111","BG",2012,33405513
"PPS","TOTAL","500-999","C24","D01","BG",2012,104908961
"PPS","TOTAL","500-999","C24","D111","BG",2012,80202655
"PPS","TOTAL","500-999","C24","D1111","BG",2012,71010299
"PPS","TOTAL","500-999","C25","D01","BG",2012,43126905
"PPS","TOTAL","500-999","C25","D111","BG",2012,34618504
"PPS","TOTAL","500-999","C25","D1111","BG",2012,29876905
"PPS","TOTAL","500-999","C26","D01","BG",2012,NA
"PPS","TOTAL","500-999","C26","D111","BG",2012,NA
"PPS","TOTAL","500-999","C26","D1111","BG",2012,NA
"PPS","TOTAL","500-999","C27","D01","BG",2012,64521534
"PPS","TOTAL","500-999","C27","D111","BG",2012,48656373
"PPS","TOTAL","500-999","C27","D1111","BG",2012,42352306
"PPS","TOTAL","500-999","C28","D01","BG",2012,65433174
"PPS","TOTAL","500-999","C28","D111","BG",2012,52516357
"PPS","TOTAL","500-999","C28","D1111","BG",2012,47090293
"PPS","TOTAL","500-999","C29","D01","BG",2012,22137051
"PPS","TOTAL","500-999","C29","D111","BG",2012,17809598
"PPS","TOTAL","500-999","C29","D1111","BG",2012,15307294
"PPS","TOTAL","500-999","C30","D01","BG",2012,22125814
"PPS","TOTAL","500-999","C30","D111","BG",2012,17663942
"PPS","TOTAL","500-999","C30","D1111","BG",2012,16238056
"PPS","TOTAL","500-999","C31","D01","BG",2012,NA
"PPS","TOTAL","500-999","C31","D111","BG",2012,NA
"PPS","TOTAL","500-999","C31","D1111","BG",2012,NA
"PPS","TOTAL","500-999","C32","D01","BG",2012,20176552
"PPS","TOTAL","500-999","C32","D111","BG",2012,16073065
"PPS","TOTAL","500-999","C32","D1111","BG",2012,14323128
"PPS","TOTAL","500-999","C33","D01","BG",2012,85402110
"PPS","TOTAL","500-999","C33","D111","BG",2012,67442578
"PPS","TOTAL","500-999","C33","D1111","BG",2012,58124076
"PPS","TOTAL","500-999","D","D01","BG",2012,30958481
"PPS","TOTAL","500-999","D","D111","BG",2012,23252103
"PPS","TOTAL","500-999","D","D1111","BG",2012,20700811
"PPS","TOTAL","500-999","D35","D01","BG",2012,30958481
"PPS","TOTAL","500-999","D35","D111","BG",2012,23252103
"PPS","TOTAL","500-999","D35","D1111","BG",2012,20700811
"PPS","TOTAL","500-999","E","D01","BG",2012,94806114
"PPS","TOTAL","500-999","E","D111","BG",2012,75867052
"PPS","TOTAL","500-999","E","D1111","BG",2012,62924605
"PPS","TOTAL","500-999","E36","D01","BG",2012,59565221
"PPS","TOTAL","500-999","E36","D111","BG",2012,47313265
"PPS","TOTAL","500-999","E36","D1111","BG",2012,37576768
"PPS","TOTAL","500-999","E37","D01","BG",2012,NA
"PPS","TOTAL","500-999","E37","D111","BG",2012,NA
"PPS","TOTAL","500-999","E37","D1111","BG",2012,NA
"PPS","TOTAL","500-999","E38","D01","BG",2012,35240894
"PPS","TOTAL","500-999","E38","D111","BG",2012,28553787
"PPS","TOTAL","500-999","E38","D1111","BG",2012,25347837
"PPS","TOTAL","500-999","E39","D01","BG",2012,NA
"PPS","TOTAL","500-999","E39","D111","BG",2012,NA
"PPS","TOTAL","500-999","E39","D1111","BG",2012,NA
"PPS","TOTAL","500-999","F","D01","BG",2012,NA
"PPS","TOTAL","500-999","F","D111","BG",2012,NA
"PPS","TOTAL","500-999","F","D1111","BG",2012,NA
"PPS","TOTAL","500-999","F41","D01","BG",2012,49992219
"PPS","TOTAL","500-999","F41","D111","BG",2012,40946691
"PPS","TOTAL","500-999","F41","D1111","BG",2012,38206854
"PPS","TOTAL","500-999","F42","D01","BG",2012,63264357
"PPS","TOTAL","500-999","F42","D111","BG",2012,50861624
"PPS","TOTAL","500-999","F42","D1111","BG",2012,45734847
"PPS","TOTAL","500-999","F43","D01","BG",2012,NA
"PPS","TOTAL","500-999","F43","D111","BG",2012,NA
"PPS","TOTAL","500-999","F43","D1111","BG",2012,NA
"PPS","TOTAL","500-999","G","D01","BG",2012,198499677
"PPS","TOTAL","500-999","G","D111","BG",2012,161550372
"PPS","TOTAL","500-999","G","D1111","BG",2012,148245740
"PPS","TOTAL","500-999","G-J","D01","BG",2012,450673319
"PPS","TOTAL","500-999","G-J","D111","BG",2012,366316867
"PPS","TOTAL","500-999","G-J","D1111","BG",2012,323672526
"PPS","TOTAL","500-999","G-N","D01","BG",2012,815238583
"PPS","TOTAL","500-999","G-N","D111","BG",2012,661940205
"PPS","TOTAL","500-999","G-N","D1111","BG",2012,596014239
"PPS","TOTAL","500-999","G-S_X_O","D01","BG",2012,1244494764
"PPS","TOTAL","500-999","G-S_X_O","D111","BG",2012,1006959389
"PPS","TOTAL","500-999","G-S_X_O","D1111","BG",2012,895085149
"PPS","TOTAL","500-999","G45","D01","BG",2012,20672226
"PPS","TOTAL","500-999","G45","D111","BG",2012,16685091
"PPS","TOTAL","500-999","G45","D1111","BG",2012,15418888
"PPS","TOTAL","500-999","G46","D01","BG",2012,NA
"PPS","TOTAL","500-999","G46","D111","BG",2012,NA
"PPS","TOTAL","500-999","G46","D1111","BG",2012,NA
"PPS","TOTAL","500-999","G47","D01","BG",2012,103859799
"PPS","TOTAL","500-999","G47","D111","BG",2012,83618581
"PPS","TOTAL","500-999","G47","D1111","BG",2012,76889931
"PPS","TOTAL","500-999","H","D01","BG",2012,134880406
"PPS","TOTAL","500-999","H","D111","BG",2012,107453961
"PPS","TOTAL","500-999","H","D1111","BG",2012,92869506
"PPS","TOTAL","500-999","H49","D01","BG",2012,62816774
"PPS","TOTAL","500-999","H49","D111","BG",2012,48751357
"PPS","TOTAL","500-999","H49","D1111","BG",2012,40436723
"PPS","TOTAL","500-999","H50","D01","BG",2012,NA
"PPS","TOTAL","500-999","H50","D111","BG",2012,NA
"PPS","TOTAL","500-999","H50","D1111","BG",2012,NA
"PPS","TOTAL","500-999","H51","D01","BG",2012,NA
"PPS","TOTAL","500-999","H51","D111","BG",2012,NA
"PPS","TOTAL","500-999","H51","D1111","BG",2012,NA
"PPS","TOTAL","500-999","H52","D01","BG",2012,NA
"PPS","TOTAL","500-999","H52","D111","BG",2012,NA
"PPS","TOTAL","500-999","H52","D1111","BG",2012,NA
"PPS","TOTAL","500-999","H53","D01","BG",2012,40765842
"PPS","TOTAL","500-999","H53","D111","BG",2012,33537904
"PPS","TOTAL","500-999","H53","D1111","BG",2012,31417964
"PPS","TOTAL","500-999","I","D01","BG",2012,NA
"PPS","TOTAL","500-999","I","D111","BG",2012,NA
"PPS","TOTAL","500-999","I","D1111","BG",2012,NA
"PPS","TOTAL","500-999","I55","D01","BG",2012,9168814
"PPS","TOTAL","500-999","I55","D111","BG",2012,7160776
"PPS","TOTAL","500-999","I55","D1111","BG",2012,6436987
"PPS","TOTAL","500-999","I56","D01","BG",2012,NA
"PPS","TOTAL","500-999","I56","D111","BG",2012,NA
"PPS","TOTAL","500-999","I56","D1111","BG",2012,NA
"PPS","TOTAL","500-999","J","D01","BG",2012,95090313
"PPS","TOTAL","500-999","J","D111","BG",2012,79645784
"PPS","TOTAL","500-999","J","D1111","BG",2012,66441079
"PPS","TOTAL","500-999","J58","D01","BG",2012,NA
"PPS","TOTAL","500-999","J58","D111","BG",2012,NA
"PPS","TOTAL","500-999","J58","D1111","BG",2012,NA
"PPS","TOTAL","500-999","J59","D01","BG",2012,NA
"PPS","TOTAL","500-999","J59","D111","BG",2012,NA
"PPS","TOTAL","500-999","J59","D1111","BG",2012,NA
"PPS","TOTAL","500-999","J60","D01","BG",2012,NA
"PPS","TOTAL","500-999","J60","D111","BG",2012,NA
"PPS","TOTAL","500-999","J60","D1111","BG",2012,NA
"PPS","TOTAL","500-999","J61","D01","BG",2012,NA
"PPS","TOTAL","500-999","J61","D111","BG",2012,NA
"PPS","TOTAL","500-999","J61","D1111","BG",2012,NA
"PPS","TOTAL","500-999","J62","D01","BG",2012,NA
"PPS","TOTAL","500-999","J62","D111","BG",2012,NA
"PPS","TOTAL","500-999","J62","D1111","BG",2012,NA
"PPS","TOTAL","500-999","J63","D01","BG",2012,NA
"PPS","TOTAL","500-999","J63","D111","BG",2012,NA
"PPS","TOTAL","500-999","J63","D1111","BG",2012,NA
"PPS","TOTAL","500-999","K","D01","BG",2012,194004678
"PPS","TOTAL","500-999","K","D111","BG",2012,157303935
"PPS","TOTAL","500-999","K","D1111","BG",2012,145020187
"PPS","TOTAL","500-999","K-N","D01","BG",2012,364565264
"PPS","TOTAL","500-999","K-N","D111","BG",2012,295623338
"PPS","TOTAL","500-999","K-N","D1111","BG",2012,272341713
"PPS","TOTAL","500-999","K64","D01","BG",2012,150839723
"PPS","TOTAL","500-999","K64","D111","BG",2012,121444021
"PPS","TOTAL","500-999","K64","D1111","BG",2012,111489224
"PPS","TOTAL","500-999","K65","D01","BG",2012,43164955
"PPS","TOTAL","500-999","K65","D111","BG",2012,35859914
"PPS","TOTAL","500-999","K65","D1111","BG",2012,33530963
"PPS","TOTAL","500-999","K66","D01","BG",2012,NA
"PPS","TOTAL","500-999","K66","D111","BG",2012,NA
"PPS","TOTAL","500-999","K66","D1111","BG",2012,NA
"PPS","TOTAL","500-999","L","D01","BG",2012,NA
"PPS","TOTAL","500-999","L","D111","BG",2012,NA
"PPS","TOTAL","500-999","L","D1111","BG",2012,NA
"PPS","TOTAL","500-999","L68","D01","BG",2012,NA
"PPS","TOTAL","500-999","L68","D111","BG",2012,NA
"PPS","TOTAL","500-999","L68","D1111","BG",2012,NA
"PPS","TOTAL","500-999","M","D01","BG",2012,31014065
"PPS","TOTAL","500-999","M","D111","BG",2012,24796416
"PPS","TOTAL","500-999","M","D1111","BG",2012,21862484
"PPS","TOTAL","500-999","M69","D01","BG",2012,NA
"PPS","TOTAL","500-999","M69","D111","BG",2012,NA
"PPS","TOTAL","500-999","M69","D1111","BG",2012,NA
"PPS","TOTAL","500-999","M70","D01","BG",2012,NA
"PPS","TOTAL","500-999","M70","D111","BG",2012,NA
"PPS","TOTAL","500-999","M70","D1111","BG",2012,NA
"PPS","TOTAL","500-999","M71","D01","BG",2012,NA
"PPS","TOTAL","500-999","M71","D111","BG",2012,NA
"PPS","TOTAL","500-999","M71","D1111","BG",2012,NA
"PPS","TOTAL","500-999","M72","D01","BG",2012,NA
"PPS","TOTAL","500-999","M72","D111","BG",2012,NA
"PPS","TOTAL","500-999","M72","D1111","BG",2012,NA
"PPS","TOTAL","500-999","M73","D01","BG",2012,NA
"PPS","TOTAL","500-999","M73","D111","BG",2012,NA
"PPS","TOTAL","500-999","M73","D1111","BG",2012,NA
"PPS","TOTAL","500-999","M74","D01","BG",2012,NA
"PPS","TOTAL","500-999","M74","D111","BG",2012,NA
"PPS","TOTAL","500-999","M74","D1111","BG",2012,NA
"PPS","TOTAL","500-999","M75","D01","BG",2012,NA
"PPS","TOTAL","500-999","M75","D111","BG",2012,NA
"PPS","TOTAL","500-999","M75","D1111","BG",2012,NA
"PPS","TOTAL","500-999","N","D01","BG",2012,139546520
"PPS","TOTAL","500-999","N","D111","BG",2012,113522987
"PPS","TOTAL","500-999","N","D1111","BG",2012,105459043
"PPS","TOTAL","500-999","N77","D01","BG",2012,NA
"PPS","TOTAL","500-999","N77","D111","BG",2012,NA
"PPS","TOTAL","500-999","N77","D1111","BG",2012,NA
"PPS","TOTAL","500-999","N78","D01","BG",2012,NA
"PPS","TOTAL","500-999","N78","D111","BG",2012,NA
"PPS","TOTAL","500-999","N78","D1111","BG",2012,NA
"PPS","TOTAL","500-999","N79","D01","BG",2012,NA
"PPS","TOTAL","500-999","N79","D111","BG",2012,NA
"PPS","TOTAL","500-999","N79","D1111","BG",2012,NA
"PPS","TOTAL","500-999","N80","D01","BG",2012,61530462
"PPS","TOTAL","500-999","N80","D111","BG",2012,49678196
"PPS","TOTAL","500-999","N80","D1111","BG",2012,46343026
"PPS","TOTAL","500-999","N81","D01","BG",2012,11061876
"PPS","TOTAL","500-999","N81","D111","BG",2012,8813851
"PPS","TOTAL","500-999","N81","D1111","BG",2012,8171019
"PPS","TOTAL","500-999","N82","D01","BG",2012,60271428
"PPS","TOTAL","500-999","N82","D111","BG",2012,49643193
"PPS","TOTAL","500-999","N82","D1111","BG",2012,46136472
"PPS","TOTAL","500-999","O","D01","BG",2012,170731151
"PPS","TOTAL","500-999","O","D111","BG",2012,129834848
"PPS","TOTAL","500-999","O","D1111","BG",2012,117901109
"PPS","TOTAL","500-999","O-S","D01","BG",2012,599987332
"PPS","TOTAL","500-999","O-S","D111","BG",2012,474854032
"PPS","TOTAL","500-999","O-S","D1111","BG",2012,416972019
"PPS","TOTAL","500-999","O84","D01","BG",2012,170731151
"PPS","TOTAL","500-999","O84","D111","BG",2012,129834848
"PPS","TOTAL","500-999","O84","D1111","BG",2012,117901109
"PPS","TOTAL","500-999","P","D01","BG",2012,177337789
"PPS","TOTAL","500-999","P","D111","BG",2012,142403897
"PPS","TOTAL","500-999","P","D1111","BG",2012,120070272
"PPS","TOTAL","500-999","P-S","D01","BG",2012,429256181
"PPS","TOTAL","500-999","P-S","D111","BG",2012,345019184
"PPS","TOTAL","500-999","P-S","D1111","BG",2012,299070910
"PPS","TOTAL","500-999","P85","D01","BG",2012,177337789
"PPS","TOTAL","500-999","P85","D111","BG",2012,142403897
"PPS","TOTAL","500-999","P85","D1111","BG",2012,120070272
"PPS","TOTAL","500-999","Q","D01","BG",2012,251918392
"PPS","TOTAL","500-999","Q","D111","BG",2012,202615287
"PPS","TOTAL","500-999","Q","D1111","BG",2012,179000637
"PPS","TOTAL","500-999","Q86","D01","BG",2012,243615705
"PPS","TOTAL","500-999","Q86","D111","BG",2012,195933003
"PPS","TOTAL","500-999","Q86","D1111","BG",2012,173003710
"PPS","TOTAL","500-999","Q87","D01","BG",2012,NA
"PPS","TOTAL","500-999","Q87","D111","BG",2012,NA
"PPS","TOTAL","500-999","Q87","D1111","BG",2012,NA
"PPS","TOTAL","500-999","Q88","D01","BG",2012,NA
"PPS","TOTAL","500-999","Q88","D111","BG",2012,NA
"PPS","TOTAL","500-999","Q88","D1111","BG",2012,NA
"PPS","TOTAL","500-999","R","D01","BG",2012,NA
"PPS","TOTAL","500-999","R","D111","BG",2012,NA
"PPS","TOTAL","500-999","R","D1111","BG",2012,NA
"PPS","TOTAL","500-999","R90","D01","BG",2012,NA
"PPS","TOTAL","500-999","R90","D111","BG",2012,NA
"PPS","TOTAL","500-999","R90","D1111","BG",2012,NA
"PPS","TOTAL","500-999","R91","D01","BG",2012,NA
"PPS","TOTAL","500-999","R91","D111","BG",2012,NA
"PPS","TOTAL","500-999","R91","D1111","BG",2012,NA
"PPS","TOTAL","500-999","R92","D01","BG",2012,NA
"PPS","TOTAL","500-999","R92","D111","BG",2012,NA
"PPS","TOTAL","500-999","R92","D1111","BG",2012,NA
"PPS","TOTAL","500-999","R93","D01","BG",2012,NA
"PPS","TOTAL","500-999","R93","D111","BG",2012,NA
"PPS","TOTAL","500-999","R93","D1111","BG",2012,NA
"PPS","TOTAL","500-999","S","D01","BG",2012,NA
"PPS","TOTAL","500-999","S","D111","BG",2012,NA
"PPS","TOTAL","500-999","S","D1111","BG",2012,NA
"PPS","TOTAL","500-999","S94","D01","BG",2012,NA
"PPS","TOTAL","500-999","S94","D111","BG",2012,NA
"PPS","TOTAL","500-999","S94","D1111","BG",2012,NA
"PPS","TOTAL","500-999","S95","D01","BG",2012,NA
"PPS","TOTAL","500-999","S95","D111","BG",2012,NA
"PPS","TOTAL","500-999","S95","D1111","BG",2012,NA
"PPS","TOTAL","500-999","S96","D01","BG",2012,NA
"PPS","TOTAL","500-999","S96","D111","BG",2012,NA
"PPS","TOTAL","500-999","S96","D1111","BG",2012,NA
"PPS","TOTAL","GE10","B","D01","BG",2012,569848204
"PPS","TOTAL","GE10","B","D111","BG",2012,416270592
"PPS","TOTAL","GE10","B","D1111","BG",2012,351753619
"PPS","TOTAL","GE10","B-E","D01","BG",2012,6635684008
"PPS","TOTAL","GE10","B-E","D111","BG",2012,5229846764
"PPS","TOTAL","GE10","B-E","D1111","BG",2012,4568040391
"PPS","TOTAL","GE10","B-F","D01","BG",2012,7825006267
"PPS","TOTAL","GE10","B-F","D111","BG",2012,6191411114
"PPS","TOTAL","GE10","B-F","D1111","BG",2012,5455309513
"PPS","TOTAL","GE10","B-N","D01","BG",2012,17219645625
"PPS","TOTAL","GE10","B-N","D111","BG",2012,13961308718
"PPS","TOTAL","GE10","B-N","D1111","BG",2012,12461790115
"PPS","TOTAL","GE10","B-S","D01","BG",2012,22785942582
"PPS","TOTAL","GE10","B-S","D111","BG",2012,18322918119
"PPS","TOTAL","GE10","B-S","D1111","BG",2012,16233843332
"PPS","TOTAL","GE10","B-S_X_O","D01","BG",2012,21032035209
"PPS","TOTAL","GE10","B-S_X_O","D111","BG",2012,17002285934
"PPS","TOTAL","GE10","B-S_X_O","D1111","BG",2012,15075378124
"PPS","TOTAL","GE10","B05","D01","BG",2012,331357958
"PPS","TOTAL","GE10","B05","D111","BG",2012,234145341
"PPS","TOTAL","GE10","B05","D1111","BG",2012,190673910
"PPS","TOTAL","GE10","B06","D01","BG",2012,NA
"PPS","TOTAL","GE10","B06","D111","BG",2012,NA
"PPS","TOTAL","GE10","B06","D1111","BG",2012,NA
"PPS","TOTAL","GE10","B07","D01","BG",2012,179352730
"PPS","TOTAL","GE10","B07","D111","BG",2012,135653195
"PPS","TOTAL","GE10","B07","D1111","BG",2012,119308145
"PPS","TOTAL","GE10","B08","D01","BG",2012,48475185
"PPS","TOTAL","GE10","B08","D111","BG",2012,37802260
"PPS","TOTAL","GE10","B08","D1111","BG",2012,33749195
"PPS","TOTAL","GE10","B09","D01","BG",2012,NA
"PPS","TOTAL","GE10","B09","D111","BG",2012,NA
"PPS","TOTAL","GE10","B09","D1111","BG",2012,NA
"PPS","TOTAL","GE10","C","D01","BG",2012,4741214988
"PPS","TOTAL","GE10","C","D111","BG",2012,3779526992
"PPS","TOTAL","GE10","C","D1111","BG",2012,3389931992
"PPS","TOTAL","GE10","C10","D01","BG",2012,619190242
"PPS","TOTAL","GE10","C10","D111","BG",2012,498955709
"PPS","TOTAL","GE10","C10","D1111","BG",2012,457419329
"PPS","TOTAL","GE10","C11","D01","BG",2012,175767793
"PPS","TOTAL","GE10","C11","D111","BG",2012,141960992
"PPS","TOTAL","GE10","C11","D1111","BG",2012,125957124
"PPS","TOTAL","GE10","C12","D01","BG",2012,88463688
"PPS","TOTAL","GE10","C12","D111","BG",2012,67881748
"PPS","TOTAL","GE10","C12","D1111","BG",2012,57752784
"PPS","TOTAL","GE10","C13","D01","BG",2012,91487301
"PPS","TOTAL","GE10","C13","D111","BG",2012,72883866
"PPS","TOTAL","GE10","C13","D1111","BG",2012,66100003
"PPS","TOTAL","GE10","C14","D01","BG",2012,639373457
"PPS","TOTAL","GE10","C14","D111","BG",2012,507477717
"PPS","TOTAL","GE10","C14","D1111","BG",2012,458673230
"PPS","TOTAL","GE10","C15","D01","BG",2012,93941648
"PPS","TOTAL","GE10","C15","D111","BG",2012,75466003
"PPS","TOTAL","GE10","C15","D1111","BG",2012,68343531
"PPS","TOTAL","GE10","C16","D01","BG",2012,85441007
"PPS","TOTAL","GE10","C16","D111","BG",2012,68624861
"PPS","TOTAL","GE10","C16","D1111","BG",2012,61661297
"PPS","TOTAL","GE10","C17","D01","BG",2012,79986971
"PPS","TOTAL","GE10","C17","D111","BG",2012,63838402
"PPS","TOTAL","GE10","C17","D1111","BG",2012,56575223
"PPS","TOTAL","GE10","C18","D01","BG",2012,75867280
"PPS","TOTAL","GE10","C18","D111","BG",2012,61339092
"PPS","TOTAL","GE10","C18","D1111","BG",2012,55884038
"PPS","TOTAL","GE10","C19","D01","BG",2012,91544804
"PPS","TOTAL","GE10","C19","D111","BG",2012,70373022
"PPS","TOTAL","GE10","C19","D1111","BG",2012,62752539
"PPS","TOTAL","GE10","C20","D01","BG",2012,178133827
"PPS","TOTAL","GE10","C20","D111","BG",2012,141785924
"PPS","TOTAL","GE10","C20","D1111","BG",2012,127561651
"PPS","TOTAL","GE10","C21","D01","BG",2012,114679592
"PPS","TOTAL","GE10","C21","D111","BG",2012,91693254
"PPS","TOTAL","GE10","C21","D1111","BG",2012,81346006
"PPS","TOTAL","GE10","C22","D01","BG",2012,183030469
"PPS","TOTAL","GE10","C22","D111","BG",2012,147427123
"PPS","TOTAL","GE10","C22","D1111","BG",2012,134752072
"PPS","TOTAL","GE10","C23","D01","BG",2012,234228881
"PPS","TOTAL","GE10","C23","D111","BG",2012,185500258
"PPS","TOTAL","GE10","C23","D1111","BG",2012,164767400
"PPS","TOTAL","GE10","C24","D01","BG",2012,206670679
"PPS","TOTAL","GE10","C24","D111","BG",2012,156931471
"PPS","TOTAL","GE10","C24","D1111","BG",2012,138656001
"PPS","TOTAL","GE10","C25","D01","BG",2012,450134572
"PPS","TOTAL","GE10","C25","D111","BG",2012,359154354
"PPS","TOTAL","GE10","C25","D1111","BG",2012,319342231
"PPS","TOTAL","GE10","C26","D01","BG",2012,112346468
"PPS","TOTAL","GE10","C26","D111","BG",2012,92081964
"PPS","TOTAL","GE10","C26","D1111","BG",2012,82014077
"PPS","TOTAL","GE10","C27","D01","BG",2012,257080272
"PPS","TOTAL","GE10","C27","D111","BG",2012,205091427
"PPS","TOTAL","GE10","C27","D1111","BG",2012,184061991
"PPS","TOTAL","GE10","C28","D01","BG",2012,384214011
"PPS","TOTAL","GE10","C28","D111","BG",2012,307144228
"PPS","TOTAL","GE10","C28","D1111","BG",2012,272956555
"PPS","TOTAL","GE10","C29","D01","BG",2012,139410782
"PPS","TOTAL","GE10","C29","D111","BG",2012,112848406
"PPS","TOTAL","GE10","C29","D1111","BG",2012,97956062
"PPS","TOTAL","GE10","C30","D01","BG",2012,56253638
"PPS","TOTAL","GE10","C30","D111","BG",2012,45034999
"PPS","TOTAL","GE10","C30","D1111","BG",2012,41153987
"PPS","TOTAL","GE10","C31","D01","BG",2012,118091680
"PPS","TOTAL","GE10","C31","D111","BG",2012,94669052
"PPS","TOTAL","GE10","C31","D1111","BG",2012,86578651
"PPS","TOTAL","GE10","C32","D01","BG",2012,62674451
"PPS","TOTAL","GE10","C32","D111","BG",2012,50652902
"PPS","TOTAL","GE10","C32","D1111","BG",2012,45698171
"PPS","TOTAL","GE10","C33","D01","BG",2012,203201475
"PPS","TOTAL","GE10","C33","D111","BG",2012,160710220
"PPS","TOTAL","GE10","C33","D1111","BG",2012,141968042
"PPS","TOTAL","GE10","D","D01","BG",2012,927788146
"PPS","TOTAL","GE10","D","D111","BG",2012,716540384
"PPS","TOTAL","GE10","D","D1111","BG",2012,553222764
"PPS","TOTAL","GE10","D35","D01","BG",2012,927788146
"PPS","TOTAL","GE10","D35","D111","BG",2012,716540384
"PPS","TOTAL","GE10","D35","D1111","BG",2012,553222764
"PPS","TOTAL","GE10","E","D01","BG",2012,396832670
"PPS","TOTAL","GE10","E","D111","BG",2012,317508796
"PPS","TOTAL","GE10","E","D1111","BG",2012,273132016
"PPS","TOTAL","GE10","E36","D01","BG",2012,218276001
"PPS","TOTAL","GE10","E36","D111","BG",2012,173286952
"PPS","TOTAL","GE10","E36","D1111","BG",2012,142242203
"PPS","TOTAL","GE10","E37","D01","BG",2012,4504144
"PPS","TOTAL","GE10","E37","D111","BG",2012,3606163
"PPS","TOTAL","GE10","E37","D1111","BG",2012,3288810
"PPS","TOTAL","GE10","E38","D01","BG",2012,166277032
"PPS","TOTAL","GE10","E38","D111","BG",2012,134324358
"PPS","TOTAL","GE10","E38","D1111","BG",2012,122091701
"PPS","TOTAL","GE10","E39","D01","BG",2012,7775494
"PPS","TOTAL","GE10","E39","D111","BG",2012,6291323
"PPS","TOTAL","GE10","E39","D1111","BG",2012,5509303
"PPS","TOTAL","GE10","F","D01","BG",2012,1189322259
"PPS","TOTAL","GE10","F","D111","BG",2012,961564350
"PPS","TOTAL","GE10","F","D1111","BG",2012,887269122
"PPS","TOTAL","GE10","F41","D01","BG",2012,433744471
"PPS","TOTAL","GE10","F41","D111","BG",2012,351341221
"PPS","TOTAL","GE10","F41","D1111","BG",2012,325468145
"PPS","TOTAL","GE10","F42","D01","BG",2012,465654159
"PPS","TOTAL","GE10","F42","D111","BG",2012,375442750
"PPS","TOTAL","GE10","F42","D1111","BG",2012,344234387
"PPS","TOTAL","GE10","F43","D01","BG",2012,289923629
"PPS","TOTAL","GE10","F43","D111","BG",2012,234780379
"PPS","TOTAL","GE10","F43","D1111","BG",2012,217566590
"PPS","TOTAL","GE10","G","D01","BG",2012,2700080526
"PPS","TOTAL","GE10","G","D111","BG",2012,2208632200
"PPS","TOTAL","GE10","G","D1111","BG",2012,2039231605
"PPS","TOTAL","GE10","G-J","D01","BG",2012,6472984529
"PPS","TOTAL","GE10","G-J","D111","BG",2012,5349567987
"PPS","TOTAL","GE10","G-J","D1111","BG",2012,4808091640
"PPS","TOTAL","GE10","G-N","D01","BG",2012,9394639358
"PPS","TOTAL","GE10","G-N","D111","BG",2012,7769897604
"PPS","TOTAL","GE10","G-N","D1111","BG",2012,7006480602
"PPS","TOTAL","GE10","G-S_X_O","D01","BG",2012,13207028942
"PPS","TOTAL","GE10","G-S_X_O","D111","BG",2012,10810874821
"PPS","TOTAL","GE10","G-S_X_O","D1111","BG",2012,9620068611
"PPS","TOTAL","GE10","G45","D01","BG",2012,261359114
"PPS","TOTAL","GE10","G45","D111","BG",2012,213639993
"PPS","TOTAL","GE10","G45","D1111","BG",2012,196232607
"PPS","TOTAL","GE10","G46","D01","BG",2012,1394388826
"PPS","TOTAL","GE10","G46","D111","BG",2012,1151801792
"PPS","TOTAL","GE10","G46","D1111","BG",2012,1065194182
"PPS","TOTAL","GE10","G47","D01","BG",2012,1044332586
"PPS","TOTAL","GE10","G47","D111","BG",2012,843190415
"PPS","TOTAL","GE10","G47","D1111","BG",2012,777804816
"PPS","TOTAL","GE10","H","D01","BG",2012,1514085234
"PPS","TOTAL","GE10","H","D111","BG",2012,1275368816
"PPS","TOTAL","GE10","H","D1111","BG",2012,1056031188
"PPS","TOTAL","GE10","H49","D01","BG",2012,692810175
"PPS","TOTAL","GE10","H49","D111","BG",2012,533937937
"PPS","TOTAL","GE10","H49","D1111","BG",2012,447434580
"PPS","TOTAL","GE10","H50","D01","BG",2012,71231029
"PPS","TOTAL","GE10","H50","D111","BG",2012,62730002
"PPS","TOTAL","GE10","H50","D1111","BG",2012,52524749
"PPS","TOTAL","GE10","H51","D01","BG",2012,71645105
"PPS","TOTAL","GE10","H51","D111","BG",2012,57416396
"PPS","TOTAL","GE10","H51","D1111","BG",2012,50786650
"PPS","TOTAL","GE10","H52","D01","BG",2012,494048749
"PPS","TOTAL","GE10","H52","D111","BG",2012,474332795
"PPS","TOTAL","GE10","H52","D1111","BG",2012,379111414
"PPS","TOTAL","GE10","H53","D01","BG",2012,184350177
"PPS","TOTAL","GE10","H53","D111","BG",2012,146951686
"PPS","TOTAL","GE10","H53","D1111","BG",2012,126173795
"PPS","TOTAL","GE10","I","D01","BG",2012,622895482
"PPS","TOTAL","GE10","I","D111","BG",2012,499533196
"PPS","TOTAL","GE10","I","D1111","BG",2012,466245820
"PPS","TOTAL","GE10","I55","D01","BG",2012,321606385
"PPS","TOTAL","GE10","I55","D111","BG",2012,258523862
"PPS","TOTAL","GE10","I55","D1111","BG",2012,240149492
"PPS","TOTAL","GE10","I56","D01","BG",2012,301289097
"PPS","TOTAL","GE10","I56","D111","BG",2012,241009333
"PPS","TOTAL","GE10","I56","D1111","BG",2012,226096328
"PPS","TOTAL","GE10","J","D01","BG",2012,1635923287
"PPS","TOTAL","GE10","J","D111","BG",2012,1366033776
"PPS","TOTAL","GE10","J","D1111","BG",2012,1246583027
"PPS","TOTAL","GE10","J58","D01","BG",2012,93293541
"PPS","TOTAL","GE10","J58","D111","BG",2012,77286537
"PPS","TOTAL","GE10","J58","D1111","BG",2012,70080308
"PPS","TOTAL","GE10","J59","D01","BG",2012,32636453
"PPS","TOTAL","GE10","J59","D111","BG",2012,27693385
"PPS","TOTAL","GE10","J59","D1111","BG",2012,25686659
"PPS","TOTAL","GE10","J60","D01","BG",2012,113227843
"PPS","TOTAL","GE10","J60","D111","BG",2012,93685564
"PPS","TOTAL","GE10","J60","D1111","BG",2012,84614791
"PPS","TOTAL","GE10","J61","D01","BG",2012,447185927
"PPS","TOTAL","GE10","J61","D111","BG",2012,366432341
"PPS","TOTAL","GE10","J61","D1111","BG",2012,332981746
"PPS","TOTAL","GE10","J62","D01","BG",2012,847898197
"PPS","TOTAL","GE10","J62","D111","BG",2012,716207755
"PPS","TOTAL","GE10","J62","D1111","BG",2012,655883164
"PPS","TOTAL","GE10","J63","D01","BG",2012,101681325
"PPS","TOTAL","GE10","J63","D111","BG",2012,84728195
"PPS","TOTAL","GE10","J63","D1111","BG",2012,77336358
"PPS","TOTAL","GE10","K","D01","BG",2012,1209585946
"PPS","TOTAL","GE10","K","D111","BG",2012,993776049
"PPS","TOTAL","GE10","K","D1111","BG",2012,890472681
"PPS","TOTAL","GE10","K-N","D01","BG",2012,2921654829
"PPS","TOTAL","GE10","K-N","D111","BG",2012,2420329617
"PPS","TOTAL","GE10","K-N","D1111","BG",2012,2198388962
"PPS","TOTAL","GE10","K64","D01","BG",2012,986306215
"PPS","TOTAL","GE10","K64","D111","BG",2012,807293007
"PPS","TOTAL","GE10","K64","D1111","BG",2012,718157433
"PPS","TOTAL","GE10","K65","D01","BG",2012,149625284
"PPS","TOTAL","GE10","K65","D111","BG",2012,125035028
"PPS","TOTAL","GE10","K65","D1111","BG",2012,115239642
"PPS","TOTAL","GE10","K66","D01","BG",2012,73654447
"PPS","TOTAL","GE10","K66","D111","BG",2012,61448014
"PPS","TOTAL","GE10","K66","D1111","BG",2012,57075607
"PPS","TOTAL","GE10","L","D01","BG",2012,161305022
"PPS","TOTAL","GE10","L","D111","BG",2012,132246458
"PPS","TOTAL","GE10","L","D1111","BG",2012,120568893
"PPS","TOTAL","GE10","L68","D01","BG",2012,161305022
"PPS","TOTAL","GE10","L68","D111","BG",2012,132246458
"PPS","TOTAL","GE10","L68","D1111","BG",2012,120568893
"PPS","TOTAL","GE10","M","D01","BG",2012,770907808
"PPS","TOTAL","GE10","M","D111","BG",2012,642115736
"PPS","TOTAL","GE10","M","D1111","BG",2012,586118965
"PPS","TOTAL","GE10","M69","D01","BG",2012,103188187
"PPS","TOTAL","GE10","M69","D111","BG",2012,86819776
"PPS","TOTAL","GE10","M69","D1111","BG",2012,79601908
"PPS","TOTAL","GE10","M70","D01","BG",2012,141374627
"PPS","TOTAL","GE10","M70","D111","BG",2012,119489202
"PPS","TOTAL","GE10","M70","D1111","BG",2012,109123247
"PPS","TOTAL","GE10","M71","D01","BG",2012,169231810
"PPS","TOTAL","GE10","M71","D111","BG",2012,139916488
"PPS","TOTAL","GE10","M71","D1111","BG",2012,128513615
"PPS","TOTAL","GE10","M72","D01","BG",2012,128706255
"PPS","TOTAL","GE10","M72","D111","BG",2012,104097574
"PPS","TOTAL","GE10","M72","D1111","BG",2012,91389990
"PPS","TOTAL","GE10","M73","D01","BG",2012,113669335
"PPS","TOTAL","GE10","M73","D111","BG",2012,95782645
"PPS","TOTAL","GE10","M73","D1111","BG",2012,89225035
"PPS","TOTAL","GE10","M74","D01","BG",2012,113522039
"PPS","TOTAL","GE10","M74","D111","BG",2012,95017898
"PPS","TOTAL","GE10","M74","D1111","BG",2012,87346984
"PPS","TOTAL","GE10","M75","D01","BG",2012,1215555
"PPS","TOTAL","GE10","M75","D111","BG",2012,992154
"PPS","TOTAL","GE10","M75","D1111","BG",2012,918187
"PPS","TOTAL","GE10","N","D01","BG",2012,779856054
"PPS","TOTAL","GE10","N","D111","BG",2012,652191373
"PPS","TOTAL","GE10","N","D1111","BG",2012,601228422
"PPS","TOTAL","GE10","N77","D01","BG",2012,18608741
"PPS","TOTAL","GE10","N77","D111","BG",2012,15151607
"PPS","TOTAL","GE10","N77","D1111","BG",2012,14051790
"PPS","TOTAL","GE10","N78","D01","BG",2012,105470181
"PPS","TOTAL","GE10","N78","D111","BG",2012,85283670
"PPS","TOTAL","GE10","N78","D1111","BG",2012,78282872
"PPS","TOTAL","GE10","N79","D01","BG",2012,30053746
"PPS","TOTAL","GE10","N79","D111","BG",2012,24577851
"PPS","TOTAL","GE10","N79","D1111","BG",2012,23098744
"PPS","TOTAL","GE10","N80","D01","BG",2012,344209379
"PPS","TOTAL","GE10","N80","D111","BG",2012,278910547
"PPS","TOTAL","GE10","N80","D1111","BG",2012,257260576
"PPS","TOTAL","GE10","N81","D01","BG",2012,158444073
"PPS","TOTAL","GE10","N81","D111","BG",2012,147317263
"PPS","TOTAL","GE10","N81","D1111","BG",2012,135387066
"PPS","TOTAL","GE10","N82","D01","BG",2012,123069934
"PPS","TOTAL","GE10","N82","D111","BG",2012,100950435
"PPS","TOTAL","GE10","N82","D1111","BG",2012,93147374
"PPS","TOTAL","GE10","O","D01","BG",2012,1753907373
"PPS","TOTAL","GE10","O","D111","BG",2012,1320632185
"PPS","TOTAL","GE10","O","D1111","BG",2012,1158465208
"PPS","TOTAL","GE10","O-S","D01","BG",2012,5566296957
"PPS","TOTAL","GE10","O-S","D111","BG",2012,4361609401
"PPS","TOTAL","GE10","O-S","D1111","BG",2012,3772053217
"PPS","TOTAL","GE10","O84","D01","BG",2012,1753907373
"PPS","TOTAL","GE10","O84","D111","BG",2012,1320632185
"PPS","TOTAL","GE10","O84","D1111","BG",2012,1158465208
"PPS","TOTAL","GE10","P","D01","BG",2012,1908630183
"PPS","TOTAL","GE10","P","D111","BG",2012,1498543188
"PPS","TOTAL","GE10","P","D1111","BG",2012,1236909692
"PPS","TOTAL","GE10","P-S","D01","BG",2012,3812389584
"PPS","TOTAL","GE10","P-S","D111","BG",2012,3040977216
"PPS","TOTAL","GE10","P-S","D1111","BG",2012,2613588009
"PPS","TOTAL","GE10","P85","D01","BG",2012,1908630183
"PPS","TOTAL","GE10","P85","D111","BG",2012,1498543188
"PPS","TOTAL","GE10","P85","D1111","BG",2012,1236909692
"PPS","TOTAL","GE10","Q","D01","BG",2012,1495105557
"PPS","TOTAL","GE10","Q","D111","BG",2012,1206107134
"PPS","TOTAL","GE10","Q","D1111","BG",2012,1070884456
"PPS","TOTAL","GE10","Q86","D01","BG",2012,1295503220
"PPS","TOTAL","GE10","Q86","D111","BG",2012,1046776512
"PPS","TOTAL","GE10","Q86","D1111","BG",2012,932261068
"PPS","TOTAL","GE10","Q87","D01","BG",2012,96127196
"PPS","TOTAL","GE10","Q87","D111","BG",2012,76255247
"PPS","TOTAL","GE10","Q87","D1111","BG",2012,66128567
"PPS","TOTAL","GE10","Q88","D01","BG",2012,103475140
"PPS","TOTAL","GE10","Q88","D111","BG",2012,83075375
"PPS","TOTAL","GE10","Q88","D1111","BG",2012,72494821
"PPS","TOTAL","GE10","R","D01","BG",2012,273496357
"PPS","TOTAL","GE10","R","D111","BG",2012,224419738
"PPS","TOTAL","GE10","R","D1111","BG",2012,204338518
"PPS","TOTAL","GE10","R90","D01","BG",2012,55710943
"PPS","TOTAL","GE10","R90","D111","BG",2012,44088356
"PPS","TOTAL","GE10","R90","D1111","BG",2012,38463213
"PPS","TOTAL","GE10","R91","D01","BG",2012,34244846
"PPS","TOTAL","GE10","R91","D111","BG",2012,27134054
"PPS","TOTAL","GE10","R91","D1111","BG",2012,23473917
"PPS","TOTAL","GE10","R92","D01","BG",2012,78026533
"PPS","TOTAL","GE10","R92","D111","BG",2012,62619497
"PPS","TOTAL","GE10","R92","D1111","BG",2012,57535265
"PPS","TOTAL","GE10","R93","D01","BG",2012,105514035
"PPS","TOTAL","GE10","R93","D111","BG",2012,90577831
"PPS","TOTAL","GE10","R93","D1111","BG",2012,84866123
"PPS","TOTAL","GE10","S","D01","BG",2012,135157488
"PPS","TOTAL","GE10","S","D111","BG",2012,111907157
"PPS","TOTAL","GE10","S","D1111","BG",2012,101455342
"PPS","TOTAL","GE10","S94","D01","BG",2012,100342226
"PPS","TOTAL","GE10","S94","D111","BG",2012,84012067
"PPS","TOTAL","GE10","S94","D1111","BG",2012,75907283
"PPS","TOTAL","GE10","S95","D01","BG",2012,7423981
"PPS","TOTAL","GE10","S95","D111","BG",2012,6006958
"PPS","TOTAL","GE10","S95","D1111","BG",2012,5492403
"PPS","TOTAL","GE10","S96","D01","BG",2012,27391281
"PPS","TOTAL","GE10","S96","D111","BG",2012,21888132
"PPS","TOTAL","GE10","S96","D1111","BG",2012,20055656
"PPS","TOTAL","GE1000","B","D01","BG",2012,440931863
"PPS","TOTAL","GE1000","B","D111","BG",2012,319051481
"PPS","TOTAL","GE1000","B","D1111","BG",2012,264736471
"PPS","TOTAL","GE1000","B-E","D01","BG",2012,1945532332
"PPS","TOTAL","GE1000","B-E","D111","BG",2012,1485032695
"PPS","TOTAL","GE1000","B-E","D1111","BG",2012,1210139110
"PPS","TOTAL","GE1000","B-F","D01","BG",2012,1948334338
"PPS","TOTAL","GE1000","B-F","D111","BG",2012,1486910357
"PPS","TOTAL","GE1000","B-F","D1111","BG",2012,1211490145
"PPS","TOTAL","GE1000","B-N","D01","BG",2012,4279717018
"PPS","TOTAL","GE1000","B-N","D111","BG",2012,3448218559
"PPS","TOTAL","GE1000","B-N","D1111","BG",2012,2882841646
"PPS","TOTAL","GE1000","B-S","D01","BG",2012,4984531067
"PPS","TOTAL","GE1000","B-S","D111","BG",2012,3994654166
"PPS","TOTAL","GE1000","B-S","D1111","BG",2012,3366014041
"PPS","TOTAL","GE1000","B-S_X_O","D01","BG",2012,4685864706
"PPS","TOTAL","GE1000","B-S_X_O","D111","BG",2012,3775471322
"PPS","TOTAL","GE1000","B-S_X_O","D1111","BG",2012,3169612582
"PPS","TOTAL","GE1000","B05","D01","BG",2012,300207400
"PPS","TOTAL","GE1000","B05","D111","BG",2012,211399377
"PPS","TOTAL","GE1000","B05","D1111","BG",2012,170418533
"PPS","TOTAL","GE1000","B06","D01","BG",2012,NA
"PPS","TOTAL","GE1000","B06","D111","BG",2012,NA
"PPS","TOTAL","GE1000","B06","D1111","BG",2012,NA
"PPS","TOTAL","GE1000","B07","D01","BG",2012,140724463
"PPS","TOTAL","GE1000","B07","D111","BG",2012,107652104
"PPS","TOTAL","GE1000","B07","D1111","BG",2012,94317938
"PPS","TOTAL","GE1000","B08","D01","BG",2012,NA
"PPS","TOTAL","GE1000","B08","D111","BG",2012,NA
"PPS","TOTAL","GE1000","B08","D1111","BG",2012,NA
"PPS","TOTAL","GE1000","B09","D01","BG",2012,NA
"PPS","TOTAL","GE1000","B09","D111","BG",2012,NA
"PPS","TOTAL","GE1000","B09","D1111","BG",2012,NA
"PPS","TOTAL","GE1000","C","D01","BG",2012,698820990
"PPS","TOTAL","GE1000","C","D111","BG",2012,546194516
"PPS","TOTAL","GE1000","C","D1111","BG",2012,476523222
"PPS","TOTAL","GE1000","C10","D01","BG",2012,NA
"PPS","TOTAL","GE1000","C10","D111","BG",2012,NA
"PPS","TOTAL","GE1000","C10","D1111","BG",2012,NA
"PPS","TOTAL","GE1000","C11","D01","BG",2012,NA
"PPS","TOTAL","GE1000","C11","D111","BG",2012,NA
"PPS","TOTAL","GE1000","C11","D1111","BG",2012,NA
"PPS","TOTAL","GE1000","C12","D01","BG",2012,NA
"PPS","TOTAL","GE1000","C12","D111","BG",2012,NA
"PPS","TOTAL","GE1000","C12","D1111","BG",2012,NA
"PPS","TOTAL","GE1000","C13","D01","BG",2012,32781312
"PPS","TOTAL","GE1000","C13","D111","BG",2012,26434222
"PPS","TOTAL","GE1000","C13","D1111","BG",2012,24192418
"PPS","TOTAL","GE1000","C14","D01","BG",2012,67646457
"PPS","TOTAL","GE1000","C14","D111","BG",2012,48975827
"PPS","TOTAL","GE1000","C14","D1111","BG",2012,43942656
"PPS","TOTAL","GE1000","C15","D01","BG",2012,NA
"PPS","TOTAL","GE1000","C15","D111","BG",2012,NA
"PPS","TOTAL","GE1000","C15","D1111","BG",2012,NA
"PPS","TOTAL","GE1000","C16","D01","BG",2012,NA
"PPS","TOTAL","GE1000","C16","D111","BG",2012,NA
"PPS","TOTAL","GE1000","C16","D1111","BG",2012,NA
"PPS","TOTAL","GE1000","C17","D01","BG",2012,NA
"PPS","TOTAL","GE1000","C17","D111","BG",2012,NA
"PPS","TOTAL","GE1000","C17","D1111","BG",2012,NA
"PPS","TOTAL","GE1000","C18","D01","BG",2012,NA
"PPS","TOTAL","GE1000","C18","D111","BG",2012,NA
"PPS","TOTAL","GE1000","C18","D1111","BG",2012,NA
"PPS","TOTAL","GE1000","C19","D01","BG",2012,NA
"PPS","TOTAL","GE1000","C19","D111","BG",2012,NA
"PPS","TOTAL","GE1000","C19","D1111","BG",2012,NA
"PPS","TOTAL","GE1000","C20","D01","BG",2012,NA
"PPS","TOTAL","GE1000","C20","D111","BG",2012,NA
"PPS","TOTAL","GE1000","C20","D1111","BG",2012,NA
"PPS","TOTAL","GE1000","C21","D01","BG",2012,49829860
"PPS","TOTAL","GE1000","C21","D111","BG",2012,39445218
"PPS","TOTAL","GE1000","C21","D1111","BG",2012,34066680
"PPS","TOTAL","GE1000","C22","D01","BG",2012,NA
"PPS","TOTAL","GE1000","C22","D111","BG",2012,NA
"PPS","TOTAL","GE1000","C22","D1111","BG",2012,NA
"PPS","TOTAL","GE1000","C23","D01","BG",2012,NA
"PPS","TOTAL","GE1000","C23","D111","BG",2012,NA
"PPS","TOTAL","GE1000","C23","D1111","BG",2012,NA
"PPS","TOTAL","GE1000","C24","D01","BG",2012,NA
"PPS","TOTAL","GE1000","C24","D111","BG",2012,NA
"PPS","TOTAL","GE1000","C24","D1111","BG",2012,NA
"PPS","TOTAL","GE1000","C25","D01","BG",2012,93550276
"PPS","TOTAL","GE1000","C25","D111","BG",2012,72946342
"PPS","TOTAL","GE1000","C25","D1111","BG",2012,62142981
"PPS","TOTAL","GE1000","C26","D01","BG",2012,NA
"PPS","TOTAL","GE1000","C26","D111","BG",2012,NA
"PPS","TOTAL","GE1000","C26","D1111","BG",2012,NA
"PPS","TOTAL","GE1000","C27","D01","BG",2012,NA
"PPS","TOTAL","GE1000","C27","D111","BG",2012,NA
"PPS","TOTAL","GE1000","C27","D1111","BG",2012,NA
"PPS","TOTAL","GE1000","C28","D01","BG",2012,106308681
"PPS","TOTAL","GE1000","C28","D111","BG",2012,84239664
"PPS","TOTAL","GE1000","C28","D1111","BG",2012,71136734
"PPS","TOTAL","GE1000","C29","D01","BG",2012,86940869
"PPS","TOTAL","GE1000","C29","D111","BG",2012,70638290
"PPS","TOTAL","GE1000","C29","D1111","BG",2012,60542069
"PPS","TOTAL","GE1000","C30","D01","BG",2012,NA
"PPS","TOTAL","GE1000","C30","D111","BG",2012,NA
"PPS","TOTAL","GE1000","C30","D1111","BG",2012,NA
"PPS","TOTAL","GE1000","C31","D01","BG",2012,NA
"PPS","TOTAL","GE1000","C31","D111","BG",2012,NA
"PPS","TOTAL","GE1000","C31","D1111","BG",2012,NA
"PPS","TOTAL","GE1000","C32","D01","BG",2012,NA
"PPS","TOTAL","GE1000","C32","D111","BG",2012,NA
"PPS","TOTAL","GE1000","C32","D1111","BG",2012,NA
"PPS","TOTAL","GE1000","C33","D01","BG",2012,NA
"PPS","TOTAL","GE1000","C33","D111","BG",2012,NA
"PPS","TOTAL","GE1000","C33","D1111","BG",2012,NA
"PPS","TOTAL","GE1000","D","D01","BG",2012,726522285
"PPS","TOTAL","GE1000","D","D111","BG",2012,557019220
"PPS","TOTAL","GE1000","D","D1111","BG",2012,416110258
"PPS","TOTAL","GE1000","D35","D01","BG",2012,726522285
"PPS","TOTAL","GE1000","D35","D111","BG",2012,557019220
"PPS","TOTAL","GE1000","D35","D1111","BG",2012,416110258
"PPS","TOTAL","GE1000","E","D01","BG",2012,79257195
"PPS","TOTAL","GE1000","E","D111","BG",2012,62767478
"PPS","TOTAL","GE1000","E","D1111","BG",2012,52769159
"PPS","TOTAL","GE1000","E36","D01","BG",2012,79257195
"PPS","TOTAL","GE1000","E36","D111","BG",2012,62767478
"PPS","TOTAL","GE1000","E36","D1111","BG",2012,52769159
"PPS","TOTAL","GE1000","E37","D01","BG",2012,NA
"PPS","TOTAL","GE1000","E37","D111","BG",2012,NA
"PPS","TOTAL","GE1000","E37","D1111","BG",2012,NA
"PPS","TOTAL","GE1000","E38","D01","BG",2012,NA
"PPS","TOTAL","GE1000","E38","D111","BG",2012,NA
"PPS","TOTAL","GE1000","E38","D1111","BG",2012,NA
"PPS","TOTAL","GE1000","E39","D01","BG",2012,NA
"PPS","TOTAL","GE1000","E39","D111","BG",2012,NA
"PPS","TOTAL","GE1000","E39","D1111","BG",2012,NA
"PPS","TOTAL","GE1000","F","D01","BG",2012,NA
"PPS","TOTAL","GE1000","F","D111","BG",2012,NA
"PPS","TOTAL","GE1000","F","D1111","BG",2012,NA
"PPS","TOTAL","GE1000","F41","D01","BG",2012,NA
"PPS","TOTAL","GE1000","F41","D111","BG",2012,NA
"PPS","TOTAL","GE1000","F41","D1111","BG",2012,NA
"PPS","TOTAL","GE1000","F42","D01","BG",2012,NA
"PPS","TOTAL","GE1000","F42","D111","BG",2012,NA
"PPS","TOTAL","GE1000","F42","D1111","BG",2012,NA
"PPS","TOTAL","GE1000","F43","D01","BG",2012,NA
"PPS","TOTAL","GE1000","F43","D111","BG",2012,NA
"PPS","TOTAL","GE1000","F43","D1111","BG",2012,NA
"PPS","TOTAL","GE1000","G","D01","BG",2012,277178456
"PPS","TOTAL","GE1000","G","D111","BG",2012,226368940
"PPS","TOTAL","GE1000","G","D1111","BG",2012,205601842
"PPS","TOTAL","GE1000","G-J","D01","BG",2012,1589460180
"PPS","TOTAL","GE1000","G-J","D111","BG",2012,1357295867
"PPS","TOTAL","GE1000","G-J","D1111","BG",2012,1137491522
"PPS","TOTAL","GE1000","G-N","D01","BG",2012,2331382679
"PPS","TOTAL","GE1000","G-N","D111","BG",2012,1961308203
"PPS","TOTAL","GE1000","G-N","D1111","BG",2012,1671351501
"PPS","TOTAL","GE1000","G-S_X_O","D01","BG",2012,2737530368
"PPS","TOTAL","GE1000","G-S_X_O","D111","BG",2012,2288560965
"PPS","TOTAL","GE1000","G-S_X_O","D1111","BG",2012,1958122438
"PPS","TOTAL","GE1000","G45","D01","BG",2012,NA
"PPS","TOTAL","GE1000","G45","D111","BG",2012,NA
"PPS","TOTAL","GE1000","G45","D1111","BG",2012,NA
"PPS","TOTAL","GE1000","G46","D01","BG",2012,NA
"PPS","TOTAL","GE1000","G46","D111","BG",2012,NA
"PPS","TOTAL","GE1000","G46","D1111","BG",2012,NA
"PPS","TOTAL","GE1000","G47","D01","BG",2012,183847850
"PPS","TOTAL","GE1000","G47","D111","BG",2012,149632551
"PPS","TOTAL","GE1000","G47","D1111","BG",2012,134601055
"PPS","TOTAL","GE1000","H","D01","BG",2012,779791216
"PPS","TOTAL","GE1000","H","D111","BG",2012,695949339
"PPS","TOTAL","GE1000","H","D1111","BG",2012,535160664
"PPS","TOTAL","GE1000","H49","D01","BG",2012,290063227
"PPS","TOTAL","GE1000","H49","D111","BG",2012,223426012
"PPS","TOTAL","GE1000","H49","D1111","BG",2012,167117540
"PPS","TOTAL","GE1000","H50","D01","BG",2012,NA
"PPS","TOTAL","GE1000","H50","D111","BG",2012,NA
"PPS","TOTAL","GE1000","H50","D1111","BG",2012,NA
"PPS","TOTAL","GE1000","H51","D01","BG",2012,NA
"PPS","TOTAL","GE1000","H51","D111","BG",2012,NA
"PPS","TOTAL","GE1000","H51","D1111","BG",2012,NA
"PPS","TOTAL","GE1000","H52","D01","BG",2012,333730897
"PPS","TOTAL","GE1000","H52","D111","BG",2012,342691909
"PPS","TOTAL","GE1000","H52","D1111","BG",2012,262204217
"PPS","TOTAL","GE1000","H53","D01","BG",2012,96947851
"PPS","TOTAL","GE1000","H53","D111","BG",2012,75762305
"PPS","TOTAL","GE1000","H53","D1111","BG",2012,61022440
"PPS","TOTAL","GE1000","I","D01","BG",2012,NA
"PPS","TOTAL","GE1000","I","D111","BG",2012,NA
"PPS","TOTAL","GE1000","I","D1111","BG",2012,NA
"PPS","TOTAL","GE1000","I55","D01","BG",2012,NA
"PPS","TOTAL","GE1000","I55","D111","BG",2012,NA
"PPS","TOTAL","GE1000","I55","D1111","BG",2012,NA
"PPS","TOTAL","GE1000","I56","D01","BG",2012,NA
"PPS","TOTAL","GE1000","I56","D111","BG",2012,NA
"PPS","TOTAL","GE1000","I56","D1111","BG",2012,NA
"PPS","TOTAL","GE1000","J","D01","BG",2012,504604079
"PPS","TOTAL","GE1000","J","D111","BG",2012,412654361
"PPS","TOTAL","GE1000","J","D1111","BG",2012,376077862
"PPS","TOTAL","GE1000","J58","D01","BG",2012,NA
"PPS","TOTAL","GE1000","J58","D111","BG",2012,NA
"PPS","TOTAL","GE1000","J58","D1111","BG",2012,NA
"PPS","TOTAL","GE1000","J59","D01","BG",2012,NA
"PPS","TOTAL","GE1000","J59","D111","BG",2012,NA
"PPS","TOTAL","GE1000","J59","D1111","BG",2012,NA
"PPS","TOTAL","GE1000","J60","D01","BG",2012,41149795
"PPS","TOTAL","GE1000","J60","D111","BG",2012,33695216
"PPS","TOTAL","GE1000","J60","D1111","BG",2012,29736691
"PPS","TOTAL","GE1000","J61","D01","BG",2012,319009098
"PPS","TOTAL","GE1000","J61","D111","BG",2012,262106479
"PPS","TOTAL","GE1000","J61","D1111","BG",2012,237190028
"PPS","TOTAL","GE1000","J62","D01","BG",2012,NA
"PPS","TOTAL","GE1000","J62","D111","BG",2012,NA
"PPS","TOTAL","GE1000","J62","D1111","BG",2012,NA
"PPS","TOTAL","GE1000","J63","D01","BG",2012,NA
"PPS","TOTAL","GE1000","J63","D111","BG",2012,NA
"PPS","TOTAL","GE1000","J63","D1111","BG",2012,NA
"PPS","TOTAL","GE1000","K","D01","BG",2012,592735033
"PPS","TOTAL","GE1000","K","D111","BG",2012,483485285
"PPS","TOTAL","GE1000","K","D1111","BG",2012,425697419
"PPS","TOTAL","GE1000","K-N","D01","BG",2012,741922499
"PPS","TOTAL","GE1000","K-N","D111","BG",2012,604012336
"PPS","TOTAL","GE1000","K-N","D1111","BG",2012,533859979
"PPS","TOTAL","GE1000","K64","D01","BG",2012,592735033
"PPS","TOTAL","GE1000","K64","D111","BG",2012,483485285
"PPS","TOTAL","GE1000","K64","D1111","BG",2012,425697419
"PPS","TOTAL","GE1000","K65","D01","BG",2012,NA
"PPS","TOTAL","GE1000","K65","D111","BG",2012,NA
"PPS","TOTAL","GE1000","K65","D1111","BG",2012,NA
"PPS","TOTAL","GE1000","K66","D01","BG",2012,NA
"PPS","TOTAL","GE1000","K66","D111","BG",2012,NA
"PPS","TOTAL","GE1000","K66","D1111","BG",2012,NA
"PPS","TOTAL","GE1000","L","D01","BG",2012,NA
"PPS","TOTAL","GE1000","L","D111","BG",2012,NA
"PPS","TOTAL","GE1000","L","D1111","BG",2012,NA
"PPS","TOTAL","GE1000","L68","D01","BG",2012,NA
"PPS","TOTAL","GE1000","L68","D111","BG",2012,NA
"PPS","TOTAL","GE1000","L68","D1111","BG",2012,NA
"PPS","TOTAL","GE1000","M","D01","BG",2012,3300650
"PPS","TOTAL","GE1000","M","D111","BG",2012,2372701
"PPS","TOTAL","GE1000","M","D1111","BG",2012,1992173
"PPS","TOTAL","GE1000","M69","D01","BG",2012,NA
"PPS","TOTAL","GE1000","M69","D111","BG",2012,NA
"PPS","TOTAL","GE1000","M69","D1111","BG",2012,NA
"PPS","TOTAL","GE1000","M70","D01","BG",2012,NA
"PPS","TOTAL","GE1000","M70","D111","BG",2012,NA
"PPS","TOTAL","GE1000","M70","D1111","BG",2012,NA
"PPS","TOTAL","GE1000","M71","D01","BG",2012,NA
"PPS","TOTAL","GE1000","M71","D111","BG",2012,NA
"PPS","TOTAL","GE1000","M71","D1111","BG",2012,NA
"PPS","TOTAL","GE1000","M72","D01","BG",2012,NA
"PPS","TOTAL","GE1000","M72","D111","BG",2012,NA
"PPS","TOTAL","GE1000","M72","D1111","BG",2012,NA
"PPS","TOTAL","GE1000","M73","D01","BG",2012,NA
"PPS","TOTAL","GE1000","M73","D111","BG",2012,NA
"PPS","TOTAL","GE1000","M73","D1111","BG",2012,NA
"PPS","TOTAL","GE1000","M74","D01","BG",2012,NA
"PPS","TOTAL","GE1000","M74","D111","BG",2012,NA
"PPS","TOTAL","GE1000","M74","D1111","BG",2012,NA
"PPS","TOTAL","GE1000","M75","D01","BG",2012,NA
"PPS","TOTAL","GE1000","M75","D111","BG",2012,NA
"PPS","TOTAL","GE1000","M75","D1111","BG",2012,NA
"PPS","TOTAL","GE1000","N","D01","BG",2012,145886816
"PPS","TOTAL","GE1000","N","D111","BG",2012,118154350
"PPS","TOTAL","GE1000","N","D1111","BG",2012,106170387
"PPS","TOTAL","GE1000","N77","D01","BG",2012,NA
"PPS","TOTAL","GE1000","N77","D111","BG",2012,NA
"PPS","TOTAL","GE1000","N77","D1111","BG",2012,NA
"PPS","TOTAL","GE1000","N78","D01","BG",2012,NA
"PPS","TOTAL","GE1000","N78","D111","BG",2012,NA
"PPS","TOTAL","GE1000","N78","D1111","BG",2012,NA
"PPS","TOTAL","GE1000","N79","D01","BG",2012,NA
"PPS","TOTAL","GE1000","N79","D111","BG",2012,NA
"PPS","TOTAL","GE1000","N79","D1111","BG",2012,NA
"PPS","TOTAL","GE1000","N80","D01","BG",2012,98939349
"PPS","TOTAL","GE1000","N80","D111","BG",2012,80098073
"PPS","TOTAL","GE1000","N80","D1111","BG",2012,71731937
"PPS","TOTAL","GE1000","N81","D01","BG",2012,NA
"PPS","TOTAL","GE1000","N81","D111","BG",2012,NA
"PPS","TOTAL","GE1000","N81","D1111","BG",2012,NA
"PPS","TOTAL","GE1000","N82","D01","BG",2012,NA
"PPS","TOTAL","GE1000","N82","D111","BG",2012,NA
"PPS","TOTAL","GE1000","N82","D1111","BG",2012,NA
"PPS","TOTAL","GE1000","O","D01","BG",2012,298666360
"PPS","TOTAL","GE1000","O","D111","BG",2012,219182844
"PPS","TOTAL","GE1000","O","D1111","BG",2012,196401459
"PPS","TOTAL","GE1000","O-S","D01","BG",2012,704814049
"PPS","TOTAL","GE1000","O-S","D111","BG",2012,546435607
"PPS","TOTAL","GE1000","O-S","D1111","BG",2012,483172395
"PPS","TOTAL","GE1000","O84","D01","BG",2012,298666360
"PPS","TOTAL","GE1000","O84","D111","BG",2012,219182844
"PPS","TOTAL","GE1000","O84","D1111","BG",2012,196401459
"PPS","TOTAL","GE1000","P","D01","BG",2012,105484675
"PPS","TOTAL","GE1000","P","D111","BG",2012,85563917
"PPS","TOTAL","GE1000","P","D1111","BG",2012,74099424
"PPS","TOTAL","GE1000","P-S","D01","BG",2012,406147688
"PPS","TOTAL","GE1000","P-S","D111","BG",2012,327252763
"PPS","TOTAL","GE1000","P-S","D1111","BG",2012,286770936
"PPS","TOTAL","GE1000","P85","D01","BG",2012,105484675
"PPS","TOTAL","GE1000","P85","D111","BG",2012,85563917
"PPS","TOTAL","GE1000","P85","D1111","BG",2012,74099424
"PPS","TOTAL","GE1000","Q","D01","BG",2012,281881023
"PPS","TOTAL","GE1000","Q","D111","BG",2012,226788587
"PPS","TOTAL","GE1000","Q","D1111","BG",2012,199272066
"PPS","TOTAL","GE1000","Q86","D01","BG",2012,281881023
"PPS","TOTAL","GE1000","Q86","D111","BG",2012,226788587
"PPS","TOTAL","GE1000","Q86","D1111","BG",2012,199272066
"PPS","TOTAL","GE1000","Q87","D01","BG",2012,NA
"PPS","TOTAL","GE1000","Q87","D111","BG",2012,NA
"PPS","TOTAL","GE1000","Q87","D1111","BG",2012,NA
"PPS","TOTAL","GE1000","Q88","D01","BG",2012,NA
"PPS","TOTAL","GE1000","Q88","D111","BG",2012,NA
"PPS","TOTAL","GE1000","Q88","D1111","BG",2012,NA
"PPS","TOTAL","GE1000","R","D01","BG",2012,18781990
"PPS","TOTAL","GE1000","R","D111","BG",2012,14900259
"PPS","TOTAL","GE1000","R","D1111","BG",2012,13399446
"PPS","TOTAL","GE1000","R90","D01","BG",2012,NA
"PPS","TOTAL","GE1000","R90","D111","BG",2012,NA
"PPS","TOTAL","GE1000","R90","D1111","BG",2012,NA
"PPS","TOTAL","GE1000","R91","D01","BG",2012,NA
"PPS","TOTAL","GE1000","R91","D111","BG",2012,NA
"PPS","TOTAL","GE1000","R91","D1111","BG",2012,NA
"PPS","TOTAL","GE1000","R92","D01","BG",2012,18781990
"PPS","TOTAL","GE1000","R92","D111","BG",2012,14900259
"PPS","TOTAL","GE1000","R92","D1111","BG",2012,13399446
"PPS","TOTAL","GE1000","R93","D01","BG",2012,NA
"PPS","TOTAL","GE1000","R93","D111","BG",2012,NA
"PPS","TOTAL","GE1000","R93","D1111","BG",2012,NA
"PPS","TOTAL","GE1000","S","D01","BG",2012,NA
"PPS","TOTAL","GE1000","S","D111","BG",2012,NA
"PPS","TOTAL","GE1000","S","D1111","BG",2012,NA
"PPS","TOTAL","GE1000","S94","D01","BG",2012,NA
"PPS","TOTAL","GE1000","S94","D111","BG",2012,NA
"PPS","TOTAL","GE1000","S94","D1111","BG",2012,NA
"PPS","TOTAL","GE1000","S95","D01","BG",2012,NA
"PPS","TOTAL","GE1000","S95","D111","BG",2012,NA
"PPS","TOTAL","GE1000","S95","D1111","BG",2012,NA
"PPS","TOTAL","GE1000","S96","D01","BG",2012,NA
"PPS","TOTAL","GE1000","S96","D111","BG",2012,NA
"PPS","TOTAL","GE1000","S96","D1111","BG",2012,NA
"PPS","TOTAL","LT10","B","D01","BG",2012,5902200
"PPS","TOTAL","LT10","B","D111","BG",2012,4783004
"PPS","TOTAL","LT10","B","D1111","BG",2012,4504767
"PPS","TOTAL","LT10","B-E","D01","BG",2012,296070115
"PPS","TOTAL","LT10","B-E","D111","BG",2012,237782772
"PPS","TOTAL","LT10","B-E","D1111","BG",2012,224136000
"PPS","TOTAL","LT10","B-F","D01","BG",2012,478141510
"PPS","TOTAL","LT10","B-F","D111","BG",2012,384560596
"PPS","TOTAL","LT10","B-F","D1111","BG",2012,362555088
"PPS","TOTAL","LT10","B-N","D01","BG",2012,2707292018
"PPS","TOTAL","LT10","B-N","D111","BG",2012,2192030626
"PPS","TOTAL","LT10","B-N","D1111","BG",2012,2068954065
"PPS","TOTAL","LT10","B-S","D01","BG",2012,3055317870
"PPS","TOTAL","LT10","B-S","D111","BG",2012,2473209681
"PPS","TOTAL","LT10","B-S","D1111","BG",2012,2329952991
"PPS","TOTAL","LT10","B-S_X_O","D01","BG",2012,3042901334
"PPS","TOTAL","LT10","B-S_X_O","D111","BG",2012,2463788462
"PPS","TOTAL","LT10","B-S_X_O","D1111","BG",2012,2321881781
"PPS","TOTAL","LT10","B05","D01","BG",2012,421558
"PPS","TOTAL","LT10","B05","D111","BG",2012,324563
"PPS","TOTAL","LT10","B05","D1111","BG",2012,311047
"PPS","TOTAL","LT10","B06","D01","BG",2012,NA
"PPS","TOTAL","LT10","B06","D111","BG",2012,NA
"PPS","TOTAL","LT10","B06","D1111","BG",2012,NA
"PPS","TOTAL","LT10","B07","D01","BG",2012,190151
"PPS","TOTAL","LT10","B07","D111","BG",2012,154443
"PPS","TOTAL","LT10","B07","D1111","BG",2012,149049
"PPS","TOTAL","LT10","B08","D01","BG",2012,3582222
"PPS","TOTAL","LT10","B08","D111","BG",2012,2846183
"PPS","TOTAL","LT10","B08","D1111","BG",2012,2659704
"PPS","TOTAL","LT10","B09","D01","BG",2012,1615339
"PPS","TOTAL","LT10","B09","D111","BG",2012,1372801
"PPS","TOTAL","LT10","B09","D1111","BG",2012,1299954
"PPS","TOTAL","LT10","C","D01","BG",2012,264141056
"PPS","TOTAL","LT10","C","D111","BG",2012,211363703
"PPS","TOTAL","LT10","C","D1111","BG",2012,199241260
"PPS","TOTAL","LT10","C10","D01","BG",2012,48118228
"PPS","TOTAL","LT10","C10","D111","BG",2012,38364616
"PPS","TOTAL","LT10","C10","D1111","BG",2012,36507233
"PPS","TOTAL","LT10","C11","D01","BG",2012,NA
"PPS","TOTAL","LT10","C11","D111","BG",2012,NA
"PPS","TOTAL","LT10","C11","D1111","BG",2012,NA
"PPS","TOTAL","LT10","C12","D01","BG",2012,544225
"PPS","TOTAL","LT10","C12","D111","BG",2012,428461
"PPS","TOTAL","LT10","C12","D1111","BG",2012,384194
"PPS","TOTAL","LT10","C13","D01","BG",2012,NA
"PPS","TOTAL","LT10","C13","D111","BG",2012,NA
"PPS","TOTAL","LT10","C13","D1111","BG",2012,NA
"PPS","TOTAL","LT10","C14","D01","BG",2012,34694115
"PPS","TOTAL","LT10","C14","D111","BG",2012,27758791
"PPS","TOTAL","LT10","C14","D1111","BG",2012,26401487
"PPS","TOTAL","LT10","C15","D01","BG",2012,NA
"PPS","TOTAL","LT10","C15","D111","BG",2012,NA
"PPS","TOTAL","LT10","C15","D1111","BG",2012,NA
"PPS","TOTAL","LT10","C16","D01","BG",2012,14968453
"PPS","TOTAL","LT10","C16","D111","BG",2012,11871678
"PPS","TOTAL","LT10","C16","D1111","BG",2012,11171088
"PPS","TOTAL","LT10","C17","D01","BG",2012,NA
"PPS","TOTAL","LT10","C17","D111","BG",2012,NA
"PPS","TOTAL","LT10","C17","D1111","BG",2012,NA
"PPS","TOTAL","LT10","C18","D01","BG",2012,8970552
"PPS","TOTAL","LT10","C18","D111","BG",2012,7188916
"PPS","TOTAL","LT10","C18","D1111","BG",2012,6715384
"PPS","TOTAL","LT10","C19","D01","BG",2012,NA
"PPS","TOTAL","LT10","C19","D111","BG",2012,NA
"PPS","TOTAL","LT10","C19","D1111","BG",2012,NA
"PPS","TOTAL","LT10","C20","D01","BG",2012,6369662
"PPS","TOTAL","LT10","C20","D111","BG",2012,5138076
"PPS","TOTAL","LT10","C20","D1111","BG",2012,4806916
"PPS","TOTAL","LT10","C21","D01","BG",2012,NA
"PPS","TOTAL","LT10","C21","D111","BG",2012,NA
"PPS","TOTAL","LT10","C21","D1111","BG",2012,NA
"PPS","TOTAL","LT10","C22","D01","BG",2012,15419102
"PPS","TOTAL","LT10","C22","D111","BG",2012,12277590
"PPS","TOTAL","LT10","C22","D1111","BG",2012,11513744
"PPS","TOTAL","LT10","C23","D01","BG",2012,13761626
"PPS","TOTAL","LT10","C23","D111","BG",2012,10958011
"PPS","TOTAL","LT10","C23","D1111","BG",2012,10321500
"PPS","TOTAL","LT10","C24","D01","BG",2012,NA
"PPS","TOTAL","LT10","C24","D111","BG",2012,NA
"PPS","TOTAL","LT10","C24","D1111","BG",2012,NA
"PPS","TOTAL","LT10","C25","D01","BG",2012,33323166
"PPS","TOTAL","LT10","C25","D111","BG",2012,26632732
"PPS","TOTAL","LT10","C25","D1111","BG",2012,24995090
"PPS","TOTAL","LT10","C26","D01","BG",2012,4562239
"PPS","TOTAL","LT10","C26","D111","BG",2012,3700647
"PPS","TOTAL","LT10","C26","D1111","BG",2012,3471973
"PPS","TOTAL","LT10","C27","D01","BG",2012,NA
"PPS","TOTAL","LT10","C27","D111","BG",2012,NA
"PPS","TOTAL","LT10","C27","D1111","BG",2012,NA
"PPS","TOTAL","LT10","C28","D01","BG",2012,10298112
"PPS","TOTAL","LT10","C28","D111","BG",2012,8214191
"PPS","TOTAL","LT10","C28","D1111","BG",2012,7666973
"PPS","TOTAL","LT10","C29","D01","BG",2012,968027
"PPS","TOTAL","LT10","C29","D111","BG",2012,774399
"PPS","TOTAL","LT10","C29","D1111","BG",2012,720768
"PPS","TOTAL","LT10","C30","D01","BG",2012,663643
"PPS","TOTAL","LT10","C30","D111","BG",2012,536522
"PPS","TOTAL","LT10","C30","D1111","BG",2012,512682
"PPS","TOTAL","LT10","C31","D01","BG",2012,17711297
"PPS","TOTAL","LT10","C31","D111","BG",2012,14192202
"PPS","TOTAL","LT10","C31","D1111","BG",2012,13359013
"PPS","TOTAL","LT10","C32","D01","BG",2012,8839757
"PPS","TOTAL","LT10","C32","D111","BG",2012,7078781
"PPS","TOTAL","LT10","C32","D1111","BG",2012,6621027
"PPS","TOTAL","LT10","C33","D01","BG",2012,19856074
"PPS","TOTAL","LT10","C33","D111","BG",2012,16157844
"PPS","TOTAL","LT10","C33","D1111","BG",2012,15224666
"PPS","TOTAL","LT10","D","D01","BG",2012,16738889
"PPS","TOTAL","LT10","D","D111","BG",2012,14036891
"PPS","TOTAL","LT10","D","D1111","BG",2012,13271387
"PPS","TOTAL","LT10","D35","D01","BG",2012,16738889
"PPS","TOTAL","LT10","D35","D111","BG",2012,14036891
"PPS","TOTAL","LT10","D35","D1111","BG",2012,13271387
"PPS","TOTAL","LT10","E","D01","BG",2012,9287970
"PPS","TOTAL","LT10","E","D111","BG",2012,7599174
"PPS","TOTAL","LT10","E","D1111","BG",2012,7118587
"PPS","TOTAL","LT10","E36","D01","BG",2012,448368
"PPS","TOTAL","LT10","E36","D111","BG",2012,363631
"PPS","TOTAL","LT10","E36","D1111","BG",2012,330763
"PPS","TOTAL","LT10","E37","D01","BG",2012,558663
"PPS","TOTAL","LT10","E37","D111","BG",2012,450878
"PPS","TOTAL","LT10","E37","D1111","BG",2012,432877
"PPS","TOTAL","LT10","E38","D01","BG",2012,7343523
"PPS","TOTAL","LT10","E38","D111","BG",2012,6005235
"PPS","TOTAL","LT10","E38","D1111","BG",2012,5631268
"PPS","TOTAL","LT10","E39","D01","BG",2012,937415
"PPS","TOTAL","LT10","E39","D111","BG",2012,779430
"PPS","TOTAL","LT10","E39","D1111","BG",2012,723678
"PPS","TOTAL","LT10","F","D01","BG",2012,182071395
"PPS","TOTAL","LT10","F","D111","BG",2012,146777824
"PPS","TOTAL","LT10","F","D1111","BG",2012,138419088
"PPS","TOTAL","LT10","F41","D01","BG",2012,66204378
"PPS","TOTAL","LT10","F41","D111","BG",2012,53239153
"PPS","TOTAL","LT10","F41","D1111","BG",2012,50174817
"PPS","TOTAL","LT10","F42","D01","BG",2012,22436189
"PPS","TOTAL","LT10","F42","D111","BG",2012,18377667
"PPS","TOTAL","LT10","F42","D1111","BG",2012,17247029
"PPS","TOTAL","LT10","F43","D01","BG",2012,93430827
"PPS","TOTAL","LT10","F43","D111","BG",2012,75161004
"PPS","TOTAL","LT10","F43","D1111","BG",2012,70997242
"PPS","TOTAL","LT10","G","D01","BG",2012,1079390640
"PPS","TOTAL","LT10","G","D111","BG",2012,869567542
"PPS","TOTAL","LT10","G","D1111","BG",2012,820743073
"PPS","TOTAL","LT10","G-J","D01","BG",2012,1618592226
"PPS","TOTAL","LT10","G-J","D111","BG",2012,1303990423
"PPS","TOTAL","LT10","G-J","D1111","BG",2012,1232807180
"PPS","TOTAL","LT10","G-N","D01","BG",2012,2229150508
"PPS","TOTAL","LT10","G-N","D111","BG",2012,1807470030
"PPS","TOTAL","LT10","G-N","D1111","BG",2012,1706398977
"PPS","TOTAL","LT10","G-S_X_O","D01","BG",2012,2564759824
"PPS","TOTAL","LT10","G-S_X_O","D111","BG",2012,2079227866
"PPS","TOTAL","LT10","G-S_X_O","D1111","BG",2012,1959326693
"PPS","TOTAL","LT10","G45","D01","BG",2012,104440123
"PPS","TOTAL","LT10","G45","D111","BG",2012,83841892
"PPS","TOTAL","LT10","G45","D1111","BG",2012,78828395
"PPS","TOTAL","LT10","G46","D01","BG",2012,373049800
"PPS","TOTAL","LT10","G46","D111","BG",2012,304885084
"PPS","TOTAL","LT10","G46","D1111","BG",2012,286075129
"PPS","TOTAL","LT10","G47","D01","BG",2012,601900717
"PPS","TOTAL","LT10","G47","D111","BG",2012,480840566
"PPS","TOTAL","LT10","G47","D1111","BG",2012,455839549
"PPS","TOTAL","LT10","H","D01","BG",2012,172095156
"PPS","TOTAL","LT10","H","D111","BG",2012,135246395
"PPS","TOTAL","LT10","H","D1111","BG",2012,127621862
"PPS","TOTAL","LT10","H49","D01","BG",2012,132713621
"PPS","TOTAL","LT10","H49","D111","BG",2012,102847345
"PPS","TOTAL","LT10","H49","D1111","BG",2012,97168136
"PPS","TOTAL","LT10","H50","D01","BG",2012,1452552
"PPS","TOTAL","LT10","H50","D111","BG",2012,1188717
"PPS","TOTAL","LT10","H50","D1111","BG",2012,1148114
"PPS","TOTAL","LT10","H51","D01","BG",2012,NA
"PPS","TOTAL","LT10","H51","D111","BG",2012,NA
"PPS","TOTAL","LT10","H51","D1111","BG",2012,NA
"PPS","TOTAL","LT10","H52","D01","BG",2012,32071996
"PPS","TOTAL","LT10","H52","D111","BG",2012,26441959
"PPS","TOTAL","LT10","H52","D1111","BG",2012,24844891
"PPS","TOTAL","LT10","H53","D01","BG",2012,4168522
"PPS","TOTAL","LT10","H53","D111","BG",2012,3356232
"PPS","TOTAL","LT10","H53","D1111","BG",2012,3165943
"PPS","TOTAL","LT10","I","D01","BG",2012,217970852
"PPS","TOTAL","LT10","I","D111","BG",2012,174025331
"PPS","TOTAL","LT10","I","D1111","BG",2012,166895147
"PPS","TOTAL","LT10","I55","D01","BG",2012,29899273
"PPS","TOTAL","LT10","I55","D111","BG",2012,23832859
"PPS","TOTAL","LT10","I55","D1111","BG",2012,22647913
"PPS","TOTAL","LT10","I56","D01","BG",2012,188071578
"PPS","TOTAL","LT10","I56","D111","BG",2012,150192472
"PPS","TOTAL","LT10","I56","D1111","BG",2012,144247234
"PPS","TOTAL","LT10","J","D01","BG",2012,149135579
"PPS","TOTAL","LT10","J","D111","BG",2012,125151156
"PPS","TOTAL","LT10","J","D1111","BG",2012,117547098
"PPS","TOTAL","LT10","J58","D01","BG",2012,NA
"PPS","TOTAL","LT10","J58","D111","BG",2012,NA
"PPS","TOTAL","LT10","J58","D1111","BG",2012,NA
"PPS","TOTAL","LT10","J59","D01","BG",2012,8017172
"PPS","TOTAL","LT10","J59","D111","BG",2012,6650326
"PPS","TOTAL","LT10","J59","D1111","BG",2012,6304217
"PPS","TOTAL","LT10","J60","D01","BG",2012,3714830
"PPS","TOTAL","LT10","J60","D111","BG",2012,2989346
"PPS","TOTAL","LT10","J60","D1111","BG",2012,2794585
"PPS","TOTAL","LT10","J61","D01","BG",2012,NA
"PPS","TOTAL","LT10","J61","D111","BG",2012,NA
"PPS","TOTAL","LT10","J61","D1111","BG",2012,NA
"PPS","TOTAL","LT10","J62","D01","BG",2012,98779374
"PPS","TOTAL","LT10","J62","D111","BG",2012,83773975
"PPS","TOTAL","LT10","J62","D1111","BG",2012,78665395
"PPS","TOTAL","LT10","J63","D01","BG",2012,15321861
"PPS","TOTAL","LT10","J63","D111","BG",2012,12773454
"PPS","TOTAL","LT10","J63","D1111","BG",2012,12025959
"PPS","TOTAL","LT10","K","D01","BG",2012,63690874
"PPS","TOTAL","LT10","K","D111","BG",2012,53362284
"PPS","TOTAL","LT10","K","D1111","BG",2012,50466267
"PPS","TOTAL","LT10","K-N","D01","BG",2012,610558282
"PPS","TOTAL","LT10","K-N","D111","BG",2012,503479607
"PPS","TOTAL","LT10","K-N","D1111","BG",2012,473591797
"PPS","TOTAL","LT10","K64","D01","BG",2012,37045183
"PPS","TOTAL","LT10","K64","D111","BG",2012,31116201
"PPS","TOTAL","LT10","K64","D1111","BG",2012,29418923
"PPS","TOTAL","LT10","K65","D01","BG",2012,2174504
"PPS","TOTAL","LT10","K65","D111","BG",2012,1887824
"PPS","TOTAL","LT10","K65","D1111","BG",2012,1709491
"PPS","TOTAL","LT10","K66","D01","BG",2012,24471187
"PPS","TOTAL","LT10","K66","D111","BG",2012,20358259
"PPS","TOTAL","LT10","K66","D1111","BG",2012,19337853
"PPS","TOTAL","LT10","L","D01","BG",2012,116320750
"PPS","TOTAL","LT10","L","D111","BG",2012,95779324
"PPS","TOTAL","LT10","L","D1111","BG",2012,89914534
"PPS","TOTAL","LT10","L68","D01","BG",2012,116320750
"PPS","TOTAL","LT10","L68","D111","BG",2012,95779324
"PPS","TOTAL","LT10","L68","D1111","BG",2012,89914534
"PPS","TOTAL","LT10","M","D01","BG",2012,355978377
"PPS","TOTAL","LT10","M","D111","BG",2012,293812739
"PPS","TOTAL","LT10","M","D1111","BG",2012,276341456
"PPS","TOTAL","LT10","M69","D01","BG",2012,104922588
"PPS","TOTAL","LT10","M69","D111","BG",2012,85370578
"PPS","TOTAL","LT10","M69","D1111","BG",2012,80060279
"PPS","TOTAL","LT10","M70","D01","BG",2012,57511989
"PPS","TOTAL","LT10","M70","D111","BG",2012,48881356
"PPS","TOTAL","LT10","M70","D1111","BG",2012,46431475
"PPS","TOTAL","LT10","M71","D01","BG",2012,87708868
"PPS","TOTAL","LT10","M71","D111","BG",2012,71908227
"PPS","TOTAL","LT10","M71","D1111","BG",2012,67398870
"PPS","TOTAL","LT10","M72","D01","BG",2012,NA
"PPS","TOTAL","LT10","M72","D111","BG",2012,NA
"PPS","TOTAL","LT10","M72","D1111","BG",2012,NA
"PPS","TOTAL","LT10","M73","D01","BG",2012,39849810
"PPS","TOTAL","LT10","M73","D111","BG",2012,32925023
"PPS","TOTAL","LT10","M73","D1111","BG",2012,30968027
"PPS","TOTAL","LT10","M74","D01","BG",2012,56611925
"PPS","TOTAL","LT10","M74","D111","BG",2012,46892426
"PPS","TOTAL","LT10","M74","D1111","BG",2012,44186267
"PPS","TOTAL","LT10","M75","D01","BG",2012,2436249
"PPS","TOTAL","LT10","M75","D111","BG",2012,1958986
"PPS","TOTAL","LT10","M75","D1111","BG",2012,1862854
"PPS","TOTAL","LT10","N","D01","BG",2012,74568281
"PPS","TOTAL","LT10","N","D111","BG",2012,60525260
"PPS","TOTAL","LT10","N","D1111","BG",2012,56869540
"PPS","TOTAL","LT10","N77","D01","BG",2012,10469894
"PPS","TOTAL","LT10","N77","D111","BG",2012,8509985
"PPS","TOTAL","LT10","N77","D1111","BG",2012,8025642
"PPS","TOTAL","LT10","N78","D01","BG",2012,6718406
"PPS","TOTAL","LT10","N78","D111","BG",2012,5473299
"PPS","TOTAL","LT10","N78","D1111","BG",2012,5154691
"PPS","TOTAL","LT10","N79","D01","BG",2012,20486636
"PPS","TOTAL","LT10","N79","D111","BG",2012,16705113
"PPS","TOTAL","LT10","N79","D1111","BG",2012,15739653
"PPS","TOTAL","LT10","N80","D01","BG",2012,10128000
"PPS","TOTAL","LT10","N80","D111","BG",2012,8217274
"PPS","TOTAL","LT10","N80","D1111","BG",2012,7748800
"PPS","TOTAL","LT10","N81","D01","BG",2012,12998166
"PPS","TOTAL","LT10","N81","D111","BG",2012,10411189
"PPS","TOTAL","LT10","N81","D1111","BG",2012,9729360
"PPS","TOTAL","LT10","N82","D01","BG",2012,13767179
"PPS","TOTAL","LT10","N82","D111","BG",2012,11208401
"PPS","TOTAL","LT10","N82","D1111","BG",2012,10471394
"PPS","TOTAL","LT10","O","D01","BG",2012,12416536
"PPS","TOTAL","LT10","O","D111","BG",2012,9421219
"PPS","TOTAL","LT10","O","D1111","BG",2012,8071210
"PPS","TOTAL","LT10","O-S","D01","BG",2012,348025852
"PPS","TOTAL","LT10","O-S","D111","BG",2012,281179055
"PPS","TOTAL","LT10","O-S","D1111","BG",2012,260998926
"PPS","TOTAL","LT10","O84","D01","BG",2012,12416536
"PPS","TOTAL","LT10","O84","D111","BG",2012,9421219
"PPS","TOTAL","LT10","O84","D1111","BG",2012,8071210
"PPS","TOTAL","LT10","P","D01","BG",2012,55901795
"PPS","TOTAL","LT10","P","D111","BG",2012,43956369
"PPS","TOTAL","LT10","P","D1111","BG",2012,38506868
"PPS","TOTAL","LT10","P-S","D01","BG",2012,335609316
"PPS","TOTAL","LT10","P-S","D111","BG",2012,271757836
"PPS","TOTAL","LT10","P-S","D1111","BG",2012,252927716
"PPS","TOTAL","LT10","P85","D01","BG",2012,55901795
"PPS","TOTAL","LT10","P85","D111","BG",2012,43956369
"PPS","TOTAL","LT10","P85","D1111","BG",2012,38506868
"PPS","TOTAL","LT10","Q","D01","BG",2012,100706540
"PPS","TOTAL","LT10","Q","D111","BG",2012,81299400
"PPS","TOTAL","LT10","Q","D1111","BG",2012,77344542
"PPS","TOTAL","LT10","Q86","D01","BG",2012,92419460
"PPS","TOTAL","LT10","Q86","D111","BG",2012,74674064
"PPS","TOTAL","LT10","Q86","D1111","BG",2012,71355525
"PPS","TOTAL","LT10","Q87","D01","BG",2012,NA
"PPS","TOTAL","LT10","Q87","D111","BG",2012,NA
"PPS","TOTAL","LT10","Q87","D1111","BG",2012,NA
"PPS","TOTAL","LT10","Q88","D01","BG",2012,NA
"PPS","TOTAL","LT10","Q88","D111","BG",2012,NA
"PPS","TOTAL","LT10","Q88","D1111","BG",2012,NA
"PPS","TOTAL","LT10","R","D01","BG",2012,39084852
"PPS","TOTAL","LT10","R","D111","BG",2012,31468240
"PPS","TOTAL","LT10","R","D1111","BG",2012,29633999
"PPS","TOTAL","LT10","R90","D01","BG",2012,4033185
"PPS","TOTAL","LT10","R90","D111","BG",2012,3252042
"PPS","TOTAL","LT10","R90","D1111","BG",2012,3025482
"PPS","TOTAL","LT10","R91","D01","BG",2012,NA
"PPS","TOTAL","LT10","R91","D111","BG",2012,NA
"PPS","TOTAL","LT10","R91","D1111","BG",2012,NA
"PPS","TOTAL","LT10","R92","D01","BG",2012,8440697
"PPS","TOTAL","LT10","R92","D111","BG",2012,6764971
"PPS","TOTAL","LT10","R92","D1111","BG",2012,6404463
"PPS","TOTAL","LT10","R93","D01","BG",2012,22958049
"PPS","TOTAL","LT10","R93","D111","BG",2012,18544517
"PPS","TOTAL","LT10","R93","D1111","BG",2012,17566728
"PPS","TOTAL","LT10","S","D01","BG",2012,139916129
"PPS","TOTAL","LT10","S","D111","BG",2012,115033827
"PPS","TOTAL","LT10","S","D1111","BG",2012,107442307
"PPS","TOTAL","LT10","S94","D01","BG",2012,78630151
"PPS","TOTAL","LT10","S94","D111","BG",2012,65888894
"PPS","TOTAL","LT10","S94","D1111","BG",2012,60827161
"PPS","TOTAL","LT10","S95","D01","BG",2012,10649863
"PPS","TOTAL","LT10","S95","D111","BG",2012,8554186
"PPS","TOTAL","LT10","S95","D1111","BG",2012,8124750
"PPS","TOTAL","LT10","S96","D01","BG",2012,50636115
"PPS","TOTAL","LT10","S96","D111","BG",2012,40590747
"PPS","TOTAL","LT10","S96","D1111","BG",2012,38490396
"PPS","TOTAL","TOTAL","B","D01","BG",2012,575750404
"PPS","TOTAL","TOTAL","B","D111","BG",2012,421053595
"PPS","TOTAL","TOTAL","B","D1111","BG",2012,356258385
"PPS","TOTAL","TOTAL","B-E","D01","BG",2012,6931754123
"PPS","TOTAL","TOTAL","B-E","D111","BG",2012,5467629536
"PPS","TOTAL","TOTAL","B-E","D1111","BG",2012,4792176391
"PPS","TOTAL","TOTAL","B-F","D01","BG",2012,8303147777
"PPS","TOTAL","TOTAL","B-F","D111","BG",2012,6575971709
"PPS","TOTAL","TOTAL","B-F","D1111","BG",2012,5817864601
"PPS","TOTAL","TOTAL","B-N","D01","BG",2012,19926937643
"PPS","TOTAL","TOTAL","B-N","D111","BG",2012,16153339344
"PPS","TOTAL","TOTAL","B-N","D1111","BG",2012,14530744180
"PPS","TOTAL","TOTAL","B-S","D01","BG",2012,25841260453
"PPS","TOTAL","TOTAL","B-S","D111","BG",2012,20796127800
"PPS","TOTAL","TOTAL","B-S","D1111","BG",2012,18563796322
"PPS","TOTAL","TOTAL","B-S_X_O","D01","BG",2012,24074936543
"PPS","TOTAL","TOTAL","B-S_X_O","D111","BG",2012,19466074396
"PPS","TOTAL","TOTAL","B-S_X_O","D1111","BG",2012,17397259905
"PPS","TOTAL","TOTAL","B05","D01","BG",2012,331779516
"PPS","TOTAL","TOTAL","B05","D111","BG",2012,234469904
"PPS","TOTAL","TOTAL","B05","D1111","BG",2012,190984957
"PPS","TOTAL","TOTAL","B06","D01","BG",2012,8630013
"PPS","TOTAL","TOTAL","B06","D111","BG",2012,7073277
"PPS","TOTAL","TOTAL","B06","D1111","BG",2012,6517920
"PPS","TOTAL","TOTAL","B07","D01","BG",2012,179542882
"PPS","TOTAL","TOTAL","B07","D111","BG",2012,135807638
"PPS","TOTAL","TOTAL","B07","D1111","BG",2012,119457194
"PPS","TOTAL","TOTAL","B08","D01","BG",2012,52057406
"PPS","TOTAL","TOTAL","B08","D111","BG",2012,40648443
"PPS","TOTAL","TOTAL","B08","D1111","BG",2012,36408898
"PPS","TOTAL","TOTAL","B09","D01","BG",2012,3740587
"PPS","TOTAL","TOTAL","B09","D111","BG",2012,3054333
"PPS","TOTAL","TOTAL","B09","D1111","BG",2012,2889415
"PPS","TOTAL","TOTAL","C","D01","BG",2012,5005356045
"PPS","TOTAL","TOTAL","C","D111","BG",2012,3990890695
"PPS","TOTAL","TOTAL","C","D1111","BG",2012,3589173252
"PPS","TOTAL","TOTAL","C10","D01","BG",2012,667308470
"PPS","TOTAL","TOTAL","C10","D111","BG",2012,537320324
"PPS","TOTAL","TOTAL","C10","D1111","BG",2012,493926562
"PPS","TOTAL","TOTAL","C11","D01","BG",2012,179447129
"PPS","TOTAL","TOTAL","C11","D111","BG",2012,144906487
"PPS","TOTAL","TOTAL","C11","D1111","BG",2012,128733100
"PPS","TOTAL","TOTAL","C12","D01","BG",2012,89007913
"PPS","TOTAL","TOTAL","C12","D111","BG",2012,68310209
"PPS","TOTAL","TOTAL","C12","D1111","BG",2012,58136978
"PPS","TOTAL","TOTAL","C13","D01","BG",2012,96813483
"PPS","TOTAL","TOTAL","C13","D111","BG",2012,77126877
"PPS","TOTAL","TOTAL","C13","D1111","BG",2012,70052494
"PPS","TOTAL","TOTAL","C14","D01","BG",2012,674067572
"PPS","TOTAL","TOTAL","C14","D111","BG",2012,535236508
"PPS","TOTAL","TOTAL","C14","D1111","BG",2012,485074717
"PPS","TOTAL","TOTAL","C15","D01","BG",2012,96951164
"PPS","TOTAL","TOTAL","C15","D111","BG",2012,77867557
"PPS","TOTAL","TOTAL","C15","D1111","BG",2012,70620361
"PPS","TOTAL","TOTAL","C16","D01","BG",2012,100409459
"PPS","TOTAL","TOTAL","C16","D111","BG",2012,80496538
"PPS","TOTAL","TOTAL","C16","D1111","BG",2012,72832385
"PPS","TOTAL","TOTAL","C17","D01","BG",2012,84640711
"PPS","TOTAL","TOTAL","C17","D111","BG",2012,67550489
"PPS","TOTAL","TOTAL","C17","D1111","BG",2012,60059123
"PPS","TOTAL","TOTAL","C18","D01","BG",2012,84837832
"PPS","TOTAL","TOTAL","C18","D111","BG",2012,68528008
"PPS","TOTAL","TOTAL","C18","D1111","BG",2012,62599421
"PPS","TOTAL","TOTAL","C19","D01","BG",2012,91573951
"PPS","TOTAL","TOTAL","C19","D111","BG",2012,70396457
"PPS","TOTAL","TOTAL","C19","D1111","BG",2012,62775974
"PPS","TOTAL","TOTAL","C20","D01","BG",2012,184503489
"PPS","TOTAL","TOTAL","C20","D111","BG",2012,146924000
"PPS","TOTAL","TOTAL","C20","D1111","BG",2012,132368566
"PPS","TOTAL","TOTAL","C21","D01","BG",2012,116026406
"PPS","TOTAL","TOTAL","C21","D111","BG",2012,92854441
"PPS","TOTAL","TOTAL","C21","D1111","BG",2012,82454951
"PPS","TOTAL","TOTAL","C22","D01","BG",2012,198449571
"PPS","TOTAL","TOTAL","C22","D111","BG",2012,159704713
"PPS","TOTAL","TOTAL","C22","D1111","BG",2012,146265816
"PPS","TOTAL","TOTAL","C23","D01","BG",2012,247990507
"PPS","TOTAL","TOTAL","C23","D111","BG",2012,196458269
"PPS","TOTAL","TOTAL","C23","D1111","BG",2012,175088899
"PPS","TOTAL","TOTAL","C24","D01","BG",2012,208792446
"PPS","TOTAL","TOTAL","C24","D111","BG",2012,158610009
"PPS","TOTAL","TOTAL","C24","D1111","BG",2012,140220382
"PPS","TOTAL","TOTAL","C25","D01","BG",2012,483457739
"PPS","TOTAL","TOTAL","C25","D111","BG",2012,385787086
"PPS","TOTAL","TOTAL","C25","D1111","BG",2012,344337321
"PPS","TOTAL","TOTAL","C26","D01","BG",2012,116908706
"PPS","TOTAL","TOTAL","C26","D111","BG",2012,95782611
"PPS","TOTAL","TOTAL","C26","D1111","BG",2012,85486050
"PPS","TOTAL","TOTAL","C27","D01","BG",2012,261986549
"PPS","TOTAL","TOTAL","C27","D111","BG",2012,209016366
"PPS","TOTAL","TOTAL","C27","D1111","BG",2012,187723556
"PPS","TOTAL","TOTAL","C28","D01","BG",2012,394512122
"PPS","TOTAL","TOTAL","C28","D111","BG",2012,315358419
"PPS","TOTAL","TOTAL","C28","D1111","BG",2012,280623527
"PPS","TOTAL","TOTAL","C29","D01","BG",2012,140378809
"PPS","TOTAL","TOTAL","C29","D111","BG",2012,113622805
"PPS","TOTAL","TOTAL","C29","D1111","BG",2012,98676830
"PPS","TOTAL","TOTAL","C30","D01","BG",2012,56917280
"PPS","TOTAL","TOTAL","C30","D111","BG",2012,45571521
"PPS","TOTAL","TOTAL","C30","D1111","BG",2012,41666668
"PPS","TOTAL","TOTAL","C31","D01","BG",2012,135802977
"PPS","TOTAL","TOTAL","C31","D111","BG",2012,108861254
"PPS","TOTAL","TOTAL","C31","D1111","BG",2012,99937663
"PPS","TOTAL","TOTAL","C32","D01","BG",2012,71514208
"PPS","TOTAL","TOTAL","C32","D111","BG",2012,57731683
"PPS","TOTAL","TOTAL","C32","D1111","BG",2012,52319198
"PPS","TOTAL","TOTAL","C33","D01","BG",2012,223057549
"PPS","TOTAL","TOTAL","C33","D111","BG",2012,176868064
"PPS","TOTAL","TOTAL","C33","D1111","BG",2012,157192708
"PPS","TOTAL","TOTAL","D","D01","BG",2012,944527035
"PPS","TOTAL","TOTAL","D","D111","BG",2012,730577275
"PPS","TOTAL","TOTAL","D","D1111","BG",2012,566494150
"PPS","TOTAL","TOTAL","D35","D01","BG",2012,944527035
"PPS","TOTAL","TOTAL","D35","D111","BG",2012,730577275
"PPS","TOTAL","TOTAL","D35","D1111","BG",2012,566494150
"PPS","TOTAL","TOTAL","E","D01","BG",2012,406120640
"PPS","TOTAL","TOTAL","E","D111","BG",2012,325107970
"PPS","TOTAL","TOTAL","E","D1111","BG",2012,280250603
"PPS","TOTAL","TOTAL","E36","D01","BG",2012,218724369
"PPS","TOTAL","TOTAL","E36","D111","BG",2012,173650584
"PPS","TOTAL","TOTAL","E36","D1111","BG",2012,142572966
"PPS","TOTAL","TOTAL","E37","D01","BG",2012,5062807
"PPS","TOTAL","TOTAL","E37","D111","BG",2012,4057041
"PPS","TOTAL","TOTAL","E37","D1111","BG",2012,3721687
"PPS","TOTAL","TOTAL","E38","D01","BG",2012,173620555
"PPS","TOTAL","TOTAL","E38","D111","BG",2012,140329593
"PPS","TOTAL","TOTAL","E38","D1111","BG",2012,127722969
"PPS","TOTAL","TOTAL","E39","D01","BG",2012,8712909
"PPS","TOTAL","TOTAL","E39","D111","BG",2012,7070753
"PPS","TOTAL","TOTAL","E39","D1111","BG",2012,6232981
"PPS","TOTAL","TOTAL","F","D01","BG",2012,1371393654
"PPS","TOTAL","TOTAL","F","D111","BG",2012,1108342173
"PPS","TOTAL","TOTAL","F","D1111","BG",2012,1025688211
"PPS","TOTAL","TOTAL","F41","D01","BG",2012,499948849
"PPS","TOTAL","TOTAL","F41","D111","BG",2012,404580373
"PPS","TOTAL","TOTAL","F41","D1111","BG",2012,375642962
"PPS","TOTAL","TOTAL","F42","D01","BG",2012,488090348
"PPS","TOTAL","TOTAL","F42","D111","BG",2012,393820416
"PPS","TOTAL","TOTAL","F42","D1111","BG",2012,361481416
"PPS","TOTAL","TOTAL","F43","D01","BG",2012,383354456
"PPS","TOTAL","TOTAL","F43","D111","BG",2012,309941384
"PPS","TOTAL","TOTAL","F43","D1111","BG",2012,288563832
"PPS","TOTAL","TOTAL","G","D01","BG",2012,3779471166
"PPS","TOTAL","TOTAL","G","D111","BG",2012,3078199742
"PPS","TOTAL","TOTAL","G","D1111","BG",2012,2859974678
"PPS","TOTAL","TOTAL","G-J","D01","BG",2012,8091576755
"PPS","TOTAL","TOTAL","G-J","D111","BG",2012,6653558411
"PPS","TOTAL","TOTAL","G-J","D1111","BG",2012,6040898820
"PPS","TOTAL","TOTAL","G-N","D01","BG",2012,11623789867
"PPS","TOTAL","TOTAL","G-N","D111","BG",2012,9577367634
"PPS","TOTAL","TOTAL","G-N","D1111","BG",2012,8712879579
"PPS","TOTAL","TOTAL","G-S_X_O","D01","BG",2012,15771788766
"PPS","TOTAL","TOTAL","G-S_X_O","D111","BG",2012,12890102687
"PPS","TOTAL","TOTAL","G-S_X_O","D1111","BG",2012,11579395303
"PPS","TOTAL","TOTAL","G45","D01","BG",2012,365799237
"PPS","TOTAL","TOTAL","G45","D111","BG",2012,297481885
"PPS","TOTAL","TOTAL","G45","D1111","BG",2012,275061001
"PPS","TOTAL","TOTAL","G46","D01","BG",2012,1767438626
"PPS","TOTAL","TOTAL","G46","D111","BG",2012,1456686875
"PPS","TOTAL","TOTAL","G46","D1111","BG",2012,1351269312
"PPS","TOTAL","TOTAL","G47","D01","BG",2012,1646233303
"PPS","TOTAL","TOTAL","G47","D111","BG",2012,1324030981
"PPS","TOTAL","TOTAL","G47","D1111","BG",2012,1233644365
"PPS","TOTAL","TOTAL","H","D01","BG",2012,1686180391
"PPS","TOTAL","TOTAL","H","D111","BG",2012,1410615211
"PPS","TOTAL","TOTAL","H","D1111","BG",2012,1183653050
"PPS","TOTAL","TOTAL","H49","D01","BG",2012,825523797
"PPS","TOTAL","TOTAL","H49","D111","BG",2012,636785282
"PPS","TOTAL","TOTAL","H49","D1111","BG",2012,544602716
"PPS","TOTAL","TOTAL","H50","D01","BG",2012,72683580
"PPS","TOTAL","TOTAL","H50","D111","BG",2012,63918719
"PPS","TOTAL","TOTAL","H50","D1111","BG",2012,53672863
"PPS","TOTAL","TOTAL","H51","D01","BG",2012,73333569
"PPS","TOTAL","TOTAL","H51","D111","BG",2012,58828539
"PPS","TOTAL","TOTAL","H51","D1111","BG",2012,52081428
"PPS","TOTAL","TOTAL","H52","D01","BG",2012,526120745
"PPS","TOTAL","TOTAL","H52","D111","BG",2012,500774754
"PPS","TOTAL","TOTAL","H52","D1111","BG",2012,403956306
"PPS","TOTAL","TOTAL","H53","D01","BG",2012,188518699
"PPS","TOTAL","TOTAL","H53","D111","BG",2012,150307918
"PPS","TOTAL","TOTAL","H53","D1111","BG",2012,129339737
"PPS","TOTAL","TOTAL","I","D01","BG",2012,840866334
"PPS","TOTAL","TOTAL","I","D111","BG",2012,673558526
"PPS","TOTAL","TOTAL","I","D1111","BG",2012,633140967
"PPS","TOTAL","TOTAL","I55","D01","BG",2012,351505658
"PPS","TOTAL","TOTAL","I55","D111","BG",2012,282356721
"PPS","TOTAL","TOTAL","I55","D1111","BG",2012,262797405
"PPS","TOTAL","TOTAL","I56","D01","BG",2012,489360676
"PPS","TOTAL","TOTAL","I56","D111","BG",2012,391201805
"PPS","TOTAL","TOTAL","I56","D1111","BG",2012,370343562
"PPS","TOTAL","TOTAL","J","D01","BG",2012,1785058865
"PPS","TOTAL","TOTAL","J","D111","BG",2012,1491184932
"PPS","TOTAL","TOTAL","J","D1111","BG",2012,1364130125
"PPS","TOTAL","TOTAL","J58","D01","BG",2012,106350727
"PPS","TOTAL","TOTAL","J58","D111","BG",2012,87845572
"PPS","TOTAL","TOTAL","J58","D1111","BG",2012,79930816
"PPS","TOTAL","TOTAL","J59","D01","BG",2012,40653625
"PPS","TOTAL","TOTAL","J59","D111","BG",2012,34343711
"PPS","TOTAL","TOTAL","J59","D1111","BG",2012,31990876
"PPS","TOTAL","TOTAL","J60","D01","BG",2012,116942673
"PPS","TOTAL","TOTAL","J60","D111","BG",2012,96674909
"PPS","TOTAL","TOTAL","J60","D1111","BG",2012,87409376
"PPS","TOTAL","TOTAL","J61","D01","BG",2012,457431083
"PPS","TOTAL","TOTAL","J61","D111","BG",2012,374837361
"PPS","TOTAL","TOTAL","J61","D1111","BG",2012,340888181
"PPS","TOTAL","TOTAL","J62","D01","BG",2012,946677571
"PPS","TOTAL","TOTAL","J62","D111","BG",2012,799981730
"PPS","TOTAL","TOTAL","J62","D1111","BG",2012,734548559
"PPS","TOTAL","TOTAL","J63","D01","BG",2012,117003186
"PPS","TOTAL","TOTAL","J63","D111","BG",2012,97501649
"PPS","TOTAL","TOTAL","J63","D1111","BG",2012,89362318
"PPS","TOTAL","TOTAL","K","D01","BG",2012,1273276820
"PPS","TOTAL","TOTAL","K","D111","BG",2012,1047138333
"PPS","TOTAL","TOTAL","K","D1111","BG",2012,940938949
"PPS","TOTAL","TOTAL","K-N","D01","BG",2012,3532213111
"PPS","TOTAL","TOTAL","K-N","D111","BG",2012,2923809224
"PPS","TOTAL","TOTAL","K-N","D1111","BG",2012,2671980758
"PPS","TOTAL","TOTAL","K64","D01","BG",2012,1023351398
"PPS","TOTAL","TOTAL","K64","D111","BG",2012,838409207
"PPS","TOTAL","TOTAL","K64","D1111","BG",2012,747576356
"PPS","TOTAL","TOTAL","K65","D01","BG",2012,151799787
"PPS","TOTAL","TOTAL","K65","D111","BG",2012,126922852
"PPS","TOTAL","TOTAL","K65","D1111","BG",2012,116949133
"PPS","TOTAL","TOTAL","K66","D01","BG",2012,98125634
"PPS","TOTAL","TOTAL","K66","D111","BG",2012,81806273
"PPS","TOTAL","TOTAL","K66","D1111","BG",2012,76413459
"PPS","TOTAL","TOTAL","L","D01","BG",2012,277625772
"PPS","TOTAL","TOTAL","L","D111","BG",2012,228025783
"PPS","TOTAL","TOTAL","L","D1111","BG",2012,210483427
"PPS","TOTAL","TOTAL","L68","D01","BG",2012,277625772
"PPS","TOTAL","TOTAL","L68","D111","BG",2012,228025783
"PPS","TOTAL","TOTAL","L68","D1111","BG",2012,210483427
"PPS","TOTAL","TOTAL","M","D01","BG",2012,1126886184
"PPS","TOTAL","TOTAL","M","D111","BG",2012,935928475
"PPS","TOTAL","TOTAL","M","D1111","BG",2012,862460421
"PPS","TOTAL","TOTAL","M69","D01","BG",2012,208110775
"PPS","TOTAL","TOTAL","M69","D111","BG",2012,172190354
"PPS","TOTAL","TOTAL","M69","D1111","BG",2012,159662188
"PPS","TOTAL","TOTAL","M70","D01","BG",2012,198886615
"PPS","TOTAL","TOTAL","M70","D111","BG",2012,168370558
"PPS","TOTAL","TOTAL","M70","D1111","BG",2012,155554722
"PPS","TOTAL","TOTAL","M71","D01","BG",2012,256940678
"PPS","TOTAL","TOTAL","M71","D111","BG",2012,211824715
"PPS","TOTAL","TOTAL","M71","D1111","BG",2012,195912485
"PPS","TOTAL","TOTAL","M72","D01","BG",2012,135643203
"PPS","TOTAL","TOTAL","M72","D111","BG",2012,109973716
"PPS","TOTAL","TOTAL","M72","D1111","BG",2012,96823673
"PPS","TOTAL","TOTAL","M73","D01","BG",2012,153519145
"PPS","TOTAL","TOTAL","M73","D111","BG",2012,128707668
"PPS","TOTAL","TOTAL","M73","D1111","BG",2012,120193062
"PPS","TOTAL","TOTAL","M74","D01","BG",2012,170133963
"PPS","TOTAL","TOTAL","M74","D111","BG",2012,141910324
"PPS","TOTAL","TOTAL","M74","D1111","BG",2012,131533251
"PPS","TOTAL","TOTAL","M75","D01","BG",2012,3651805
"PPS","TOTAL","TOTAL","M75","D111","BG",2012,2951140
"PPS","TOTAL","TOTAL","M75","D1111","BG",2012,2781041
"PPS","TOTAL","TOTAL","N","D01","BG",2012,854424335
"PPS","TOTAL","TOTAL","N","D111","BG",2012,712716633
"PPS","TOTAL","TOTAL","N","D1111","BG",2012,658097962
"PPS","TOTAL","TOTAL","N77","D01","BG",2012,29078635
"PPS","TOTAL","TOTAL","N77","D111","BG",2012,23661592
"PPS","TOTAL","TOTAL","N77","D1111","BG",2012,22077432
"PPS","TOTAL","TOTAL","N78","D01","BG",2012,112188587
"PPS","TOTAL","TOTAL","N78","D111","BG",2012,90756969
"PPS","TOTAL","TOTAL","N78","D1111","BG",2012,83437563
"PPS","TOTAL","TOTAL","N79","D01","BG",2012,50540381
"PPS","TOTAL","TOTAL","N79","D111","BG",2012,41282964
"PPS","TOTAL","TOTAL","N79","D1111","BG",2012,38838396
"PPS","TOTAL","TOTAL","N80","D01","BG",2012,354337379
"PPS","TOTAL","TOTAL","N80","D111","BG",2012,287127821
"PPS","TOTAL","TOTAL","N80","D1111","BG",2012,265009376
"PPS","TOTAL","TOTAL","N81","D01","BG",2012,171442239
"PPS","TOTAL","TOTAL","N81","D111","BG",2012,157728451
"PPS","TOTAL","TOTAL","N81","D1111","BG",2012,145116427
"PPS","TOTAL","TOTAL","N82","D01","BG",2012,136837113
"PPS","TOTAL","TOTAL","N82","D111","BG",2012,112158836
"PPS","TOTAL","TOTAL","N82","D1111","BG",2012,103618768
"PPS","TOTAL","TOTAL","O","D01","BG",2012,1766323909
"PPS","TOTAL","TOTAL","O","D111","BG",2012,1330053404
"PPS","TOTAL","TOTAL","O","D1111","BG",2012,1166536418
"PPS","TOTAL","TOTAL","O-S","D01","BG",2012,5914322809
"PPS","TOTAL","TOTAL","O-S","D111","BG",2012,4642788456
"PPS","TOTAL","TOTAL","O-S","D1111","BG",2012,4033052142
"PPS","TOTAL","TOTAL","O84","D01","BG",2012,1766323909
"PPS","TOTAL","TOTAL","O84","D111","BG",2012,1330053404
"PPS","TOTAL","TOTAL","O84","D1111","BG",2012,1166536418
"PPS","TOTAL","TOTAL","P","D01","BG",2012,1964531977
"PPS","TOTAL","TOTAL","P","D111","BG",2012,1542499556
"PPS","TOTAL","TOTAL","P","D1111","BG",2012,1275416560
"PPS","TOTAL","TOTAL","P-S","D01","BG",2012,4147998900
"PPS","TOTAL","TOTAL","P-S","D111","BG",2012,3312735053
"PPS","TOTAL","TOTAL","P-S","D1111","BG",2012,2866515724
"PPS","TOTAL","TOTAL","P85","D01","BG",2012,1964531977
"PPS","TOTAL","TOTAL","P85","D111","BG",2012,1542499556
"PPS","TOTAL","TOTAL","P85","D1111","BG",2012,1275416560
"PPS","TOTAL","TOTAL","Q","D01","BG",2012,1595812097
"PPS","TOTAL","TOTAL","Q","D111","BG",2012,1287406534
"PPS","TOTAL","TOTAL","Q","D1111","BG",2012,1148228998
"PPS","TOTAL","TOTAL","Q86","D01","BG",2012,1387922681
"PPS","TOTAL","TOTAL","Q86","D111","BG",2012,1121450576
"PPS","TOTAL","TOTAL","Q86","D1111","BG",2012,1003616593
"PPS","TOTAL","TOTAL","Q87","D01","BG",2012,98709123
"PPS","TOTAL","TOTAL","Q87","D111","BG",2012,78313320
"PPS","TOTAL","TOTAL","Q87","D1111","BG",2012,68012287
"PPS","TOTAL","TOTAL","Q88","D01","BG",2012,109180293
"PPS","TOTAL","TOTAL","Q88","D111","BG",2012,87642637
"PPS","TOTAL","TOTAL","Q88","D1111","BG",2012,76600118
"PPS","TOTAL","TOTAL","R","D01","BG",2012,312581209
"PPS","TOTAL","TOTAL","R","D111","BG",2012,255887978
"PPS","TOTAL","TOTAL","R","D1111","BG",2012,233972517
"PPS","TOTAL","TOTAL","R90","D01","BG",2012,59744129
"PPS","TOTAL","TOTAL","R90","D111","BG",2012,47340398
"PPS","TOTAL","TOTAL","R90","D1111","BG",2012,41488695
"PPS","TOTAL","TOTAL","R91","D01","BG",2012,37897767
"PPS","TOTAL","TOTAL","R91","D111","BG",2012,30040765
"PPS","TOTAL","TOTAL","R91","D1111","BG",2012,26111243
"PPS","TOTAL","TOTAL","R92","D01","BG",2012,86467230
"PPS","TOTAL","TOTAL","R92","D111","BG",2012,69384468
"PPS","TOTAL","TOTAL","R92","D1111","BG",2012,63939728
"PPS","TOTAL","TOTAL","R93","D01","BG",2012,128472083
"PPS","TOTAL","TOTAL","R93","D111","BG",2012,109122347
"PPS","TOTAL","TOTAL","R93","D1111","BG",2012,102432851
"PPS","TOTAL","TOTAL","S","D01","BG",2012,275073617
"PPS","TOTAL","TOTAL","S","D111","BG",2012,226940985
"PPS","TOTAL","TOTAL","S","D1111","BG",2012,208897649
"PPS","TOTAL","TOTAL","S94","D01","BG",2012,178972377
"PPS","TOTAL","TOTAL","S94","D111","BG",2012,149900962
"PPS","TOTAL","TOTAL","S94","D1111","BG",2012,136734445
"PPS","TOTAL","TOTAL","S95","D01","BG",2012,18073844
"PPS","TOTAL","TOTAL","S95","D111","BG",2012,14561144
"PPS","TOTAL","TOTAL","S95","D1111","BG",2012,13617152
"PPS","TOTAL","TOTAL","S96","D01","BG",2012,78027396
"PPS","TOTAL","TOTAL","S96","D111","BG",2012,62478879
"PPS","TOTAL","TOTAL","S96","D1111","BG",2012,58546052
"EUR","P_SAL_H","10-49","B","D01","BG",2008,2.53
"EUR","P_SAL_H","10-49","B","D111","BG",2008,2.03
"EUR","P_SAL_H","10-49","B","D1111","BG",2008,1.85
"EUR","P_SAL_H","10-49","B-E","D01","BG",2008,1.52
"EUR","P_SAL_H","10-49","B-E","D111","BG",2008,1.24
"EUR","P_SAL_H","10-49","B-E","D1111","BG",2008,1.14
"EUR","P_SAL_H","10-49","B-F","D01","BG",2008,1.56
"EUR","P_SAL_H","10-49","B-F","D111","BG",2008,1.28
"EUR","P_SAL_H","10-49","B-F","D1111","BG",2008,1.19
"EUR","P_SAL_H","10-49","B-N","D01","BG",2008,1.82
"EUR","P_SAL_H","10-49","B-N","D111","BG",2008,1.52
"EUR","P_SAL_H","10-49","B-N","D1111","BG",2008,1.41
"EUR","P_SAL_H","10-49","B-S","D01","BG",2008,1.97
"EUR","P_SAL_H","10-49","B-S","D111","BG",2008,1.62
"EUR","P_SAL_H","10-49","B-S","D1111","BG",2008,1.48
"EUR","P_SAL_H","10-49","B-S_X_O","D01","BG",2008,1.9
"EUR","P_SAL_H","10-49","B-S_X_O","D111","BG",2008,1.57
"EUR","P_SAL_H","10-49","B-S_X_O","D1111","BG",2008,1.43
"EUR","P_SAL_H","10-49","B05","D01","BG",2008,2.43
"EUR","P_SAL_H","10-49","B05","D111","BG",2008,1.92
"EUR","P_SAL_H","10-49","B05","D1111","BG",2008,1.8
"EUR","P_SAL_H","10-49","B06","D01","BG",2008,NA
"EUR","P_SAL_H","10-49","B06","D111","BG",2008,NA
"EUR","P_SAL_H","10-49","B06","D1111","BG",2008,NA
"EUR","P_SAL_H","10-49","B07","D01","BG",2008,3.01
"EUR","P_SAL_H","10-49","B07","D111","BG",2008,2.29
"EUR","P_SAL_H","10-49","B07","D1111","BG",2008,1.96
"EUR","P_SAL_H","10-49","B08","D01","BG",2008,2.37
"EUR","P_SAL_H","10-49","B08","D111","BG",2008,1.89
"EUR","P_SAL_H","10-49","B08","D1111","BG",2008,1.72
"EUR","P_SAL_H","10-49","B09","D01","BG",2008,NA
"EUR","P_SAL_H","10-49","B09","D111","BG",2008,NA
"EUR","P_SAL_H","10-49","B09","D1111","BG",2008,NA
"EUR","P_SAL_H","10-49","C","D01","BG",2008,1.4
"EUR","P_SAL_H","10-49","C","D111","BG",2008,1.15
"EUR","P_SAL_H","10-49","C","D1111","BG",2008,1.07
"EUR","P_SAL_H","10-49","C10","D01","BG",2008,1.26
"EUR","P_SAL_H","10-49","C10","D111","BG",2008,1.03
"EUR","P_SAL_H","10-49","C10","D1111","BG",2008,0.96
"EUR","P_SAL_H","10-49","C11","D01","BG",2008,NA
"EUR","P_SAL_H","10-49","C11","D111","BG",2008,NA
"EUR","P_SAL_H","10-49","C11","D1111","BG",2008,NA
"EUR","P_SAL_H","10-49","C12","D01","BG",2008,2.01
"EUR","P_SAL_H","10-49","C12","D111","BG",2008,1.64
"EUR","P_SAL_H","10-49","C12","D1111","BG",2008,1.52
"EUR","P_SAL_H","10-49","C13","D01","BG",2008,1.35
"EUR","P_SAL_H","10-49","C13","D111","BG",2008,1.09
"EUR","P_SAL_H","10-49","C13","D1111","BG",2008,1.01
"EUR","P_SAL_H","10-49","C14","D01","BG",2008,1.09
"EUR","P_SAL_H","10-49","C14","D111","BG",2008,0.9
"EUR","P_SAL_H","10-49","C14","D1111","BG",2008,0.83
"EUR","P_SAL_H","10-49","C15","D01","BG",2008,1.06
"EUR","P_SAL_H","10-49","C15","D111","BG",2008,0.87
"EUR","P_SAL_H","10-49","C15","D1111","BG",2008,0.81
"EUR","P_SAL_H","10-49","C16","D01","BG",2008,1.14
"EUR","P_SAL_H","10-49","C16","D111","BG",2008,0.93
"EUR","P_SAL_H","10-49","C16","D1111","BG",2008,0.87
"EUR","P_SAL_H","10-49","C17","D01","BG",2008,1.38
"EUR","P_SAL_H","10-49","C17","D111","BG",2008,1.13
"EUR","P_SAL_H","10-49","C17","D1111","BG",2008,1.04
"EUR","P_SAL_H","10-49","C18","D01","BG",2008,1.54
"EUR","P_SAL_H","10-49","C18","D111","BG",2008,1.27
"EUR","P_SAL_H","10-49","C18","D1111","BG",2008,1.18
"EUR","P_SAL_H","10-49","C19","D01","BG",2008,NA
"EUR","P_SAL_H","10-49","C19","D111","BG",2008,NA
"EUR","P_SAL_H","10-49","C19","D1111","BG",2008,NA
"EUR","P_SAL_H","10-49","C20","D01","BG",2008,1.72
"EUR","P_SAL_H","10-49","C20","D111","BG",2008,1.4
"EUR","P_SAL_H","10-49","C20","D1111","BG",2008,1.29
"EUR","P_SAL_H","10-49","C21","D01","BG",2008,NA
"EUR","P_SAL_H","10-49","C21","D111","BG",2008,NA
"EUR","P_SAL_H","10-49","C21","D1111","BG",2008,NA
"EUR","P_SAL_H","10-49","C22","D01","BG",2008,1.4
"EUR","P_SAL_H","10-49","C22","D111","BG",2008,1.15
"EUR","P_SAL_H","10-49","C22","D1111","BG",2008,1.07
"EUR","P_SAL_H","10-49","C23","D01","BG",2008,1.69
"EUR","P_SAL_H","10-49","C23","D111","BG",2008,1.37
"EUR","P_SAL_H","10-49","C23","D1111","BG",2008,1.28
"EUR","P_SAL_H","10-49","C24","D01","BG",2008,NA
"EUR","P_SAL_H","10-49","C24","D111","BG",2008,NA
"EUR","P_SAL_H","10-49","C24","D1111","BG",2008,NA
"EUR","P_SAL_H","10-49","C25","D01","BG",2008,1.54
"EUR","P_SAL_H","10-49","C25","D111","BG",2008,1.27
"EUR","P_SAL_H","10-49","C25","D1111","BG",2008,1.17
"EUR","P_SAL_H","10-49","C26","D01","BG",2008,2.32
"EUR","P_SAL_H","10-49","C26","D111","BG",2008,1.93
"EUR","P_SAL_H","10-49","C26","D1111","BG",2008,1.79
"EUR","P_SAL_H","10-49","C27","D01","BG",2008,1.82
"EUR","P_SAL_H","10-49","C27","D111","BG",2008,1.5
"EUR","P_SAL_H","10-49","C27","D1111","BG",2008,1.38
"EUR","P_SAL_H","10-49","C28","D01","BG",2008,1.91
"EUR","P_SAL_H","10-49","C28","D111","BG",2008,1.57
"EUR","P_SAL_H","10-49","C28","D1111","BG",2008,1.45
"EUR","P_SAL_H","10-49","C29","D01","BG",2008,NA
"EUR","P_SAL_H","10-49","C29","D111","BG",2008,NA
"EUR","P_SAL_H","10-49","C29","D1111","BG",2008,NA
"EUR","P_SAL_H","10-49","C30","D01","BG",2008,2.3
"EUR","P_SAL_H","10-49","C30","D111","BG",2008,1.93
"EUR","P_SAL_H","10-49","C30","D1111","BG",2008,1.82
"EUR","P_SAL_H","10-49","C31","D01","BG",2008,1.11
"EUR","P_SAL_H","10-49","C31","D111","BG",2008,0.91
"EUR","P_SAL_H","10-49","C31","D1111","BG",2008,0.85
"EUR","P_SAL_H","10-49","C32","D01","BG",2008,1.42
"EUR","P_SAL_H","10-49","C32","D111","BG",2008,1.16
"EUR","P_SAL_H","10-49","C32","D1111","BG",2008,1.07
"EUR","P_SAL_H","10-49","C33","D01","BG",2008,2.12
"EUR","P_SAL_H","10-49","C33","D111","BG",2008,1.74
"EUR","P_SAL_H","10-49","C33","D1111","BG",2008,1.63
"EUR","P_SAL_H","10-49","D","D01","BG",2008,4.86
"EUR","P_SAL_H","10-49","D","D111","BG",2008,3.97
"EUR","P_SAL_H","10-49","D","D1111","BG",2008,3.22
"EUR","P_SAL_H","10-49","D35","D01","BG",2008,4.86
"EUR","P_SAL_H","10-49","D35","D111","BG",2008,3.97
"EUR","P_SAL_H","10-49","D35","D1111","BG",2008,3.22
"EUR","P_SAL_H","10-49","E","D01","BG",2008,2.55
"EUR","P_SAL_H","10-49","E","D111","BG",2008,2.09
"EUR","P_SAL_H","10-49","E","D1111","BG",2008,1.73
"EUR","P_SAL_H","10-49","E36","D01","BG",2008,2.75
"EUR","P_SAL_H","10-49","E36","D111","BG",2008,2.23
"EUR","P_SAL_H","10-49","E36","D1111","BG",2008,1.72
"EUR","P_SAL_H","10-49","E37","D01","BG",2008,5.94
"EUR","P_SAL_H","10-49","E37","D111","BG",2008,5.37
"EUR","P_SAL_H","10-49","E37","D1111","BG",2008,5.22
"EUR","P_SAL_H","10-49","E38","D01","BG",2008,2.04
"EUR","P_SAL_H","10-49","E38","D111","BG",2008,1.69
"EUR","P_SAL_H","10-49","E38","D1111","BG",2008,1.57
"EUR","P_SAL_H","10-49","E39","D01","BG",2008,2.45
"EUR","P_SAL_H","10-49","E39","D111","BG",2008,1.97
"EUR","P_SAL_H","10-49","E39","D1111","BG",2008,1.8
"EUR","P_SAL_H","10-49","F","D01","BG",2008,1.64
"EUR","P_SAL_H","10-49","F","D111","BG",2008,1.35
"EUR","P_SAL_H","10-49","F","D1111","BG",2008,1.27
"EUR","P_SAL_H","10-49","F41","D01","BG",2008,1.51
"EUR","P_SAL_H","10-49","F41","D111","BG",2008,1.25
"EUR","P_SAL_H","10-49","F41","D1111","BG",2008,1.18
"EUR","P_SAL_H","10-49","F42","D01","BG",2008,1.97
"EUR","P_SAL_H","10-49","F42","D111","BG",2008,1.61
"EUR","P_SAL_H","10-49","F42","D1111","BG",2008,1.5
"EUR","P_SAL_H","10-49","F43","D01","BG",2008,1.75
"EUR","P_SAL_H","10-49","F43","D111","BG",2008,1.45
"EUR","P_SAL_H","10-49","F43","D1111","BG",2008,1.36
"EUR","P_SAL_H","10-49","G","D01","BG",2008,1.73
"EUR","P_SAL_H","10-49","G","D111","BG",2008,1.45
"EUR","P_SAL_H","10-49","G","D1111","BG",2008,1.35
"EUR","P_SAL_H","10-49","G-J","D01","BG",2008,1.81
"EUR","P_SAL_H","10-49","G-J","D111","BG",2008,1.51
"EUR","P_SAL_H","10-49","G-J","D1111","BG",2008,1.4
"EUR","P_SAL_H","10-49","G-N","D01","BG",2008,2.05
"EUR","P_SAL_H","10-49","G-N","D111","BG",2008,1.72
"EUR","P_SAL_H","10-49","G-N","D1111","BG",2008,1.6
"EUR","P_SAL_H","10-49","G-S_X_O","D01","BG",2008,2.1
"EUR","P_SAL_H","10-49","G-S_X_O","D111","BG",2008,1.75
"EUR","P_SAL_H","10-49","G-S_X_O","D1111","BG",2008,1.59
"EUR","P_SAL_H","10-49","G45","D01","BG",2008,1.8
"EUR","P_SAL_H","10-49","G45","D111","BG",2008,1.5
"EUR","P_SAL_H","10-49","G45","D1111","BG",2008,1.41
"EUR","P_SAL_H","10-49","G46","D01","BG",2008,2.07
"EUR","P_SAL_H","10-49","G46","D111","BG",2008,1.74
"EUR","P_SAL_H","10-49","G46","D1111","BG",2008,1.63
"EUR","P_SAL_H","10-49","G47","D01","BG",2008,1.35
"EUR","P_SAL_H","10-49","G47","D111","BG",2008,1.11
"EUR","P_SAL_H","10-49","G47","D1111","BG",2008,1.04
"EUR","P_SAL_H","10-49","H","D01","BG",2008,1.93
"EUR","P_SAL_H","10-49","H","D111","BG",2008,1.61
"EUR","P_SAL_H","10-49","H","D1111","BG",2008,1.43
"EUR","P_SAL_H","10-49","H49","D01","BG",2008,1.43
"EUR","P_SAL_H","10-49","H49","D111","BG",2008,1.14
"EUR","P_SAL_H","10-49","H49","D1111","BG",2008,1.06
"EUR","P_SAL_H","10-49","H50","D01","BG",2008,2.11
"EUR","P_SAL_H","10-49","H50","D111","BG",2008,1.65
"EUR","P_SAL_H","10-49","H50","D1111","BG",2008,1.57
"EUR","P_SAL_H","10-49","H51","D01","BG",2008,4.56
"EUR","P_SAL_H","10-49","H51","D111","BG",2008,3.65
"EUR","P_SAL_H","10-49","H51","D1111","BG",2008,3.43
"EUR","P_SAL_H","10-49","H52","D01","BG",2008,3.14
"EUR","P_SAL_H","10-49","H52","D111","BG",2008,2.77
"EUR","P_SAL_H","10-49","H52","D1111","BG",2008,2.46
"EUR","P_SAL_H","10-49","H53","D01","BG",2008,2.12
"EUR","P_SAL_H","10-49","H53","D111","BG",2008,1.74
"EUR","P_SAL_H","10-49","H53","D1111","BG",2008,1.29
"EUR","P_SAL_H","10-49","I","D01","BG",2008,1.23
"EUR","P_SAL_H","10-49","I","D111","BG",2008,1.01
"EUR","P_SAL_H","10-49","I","D1111","BG",2008,0.95
"EUR","P_SAL_H","10-49","I55","D01","BG",2008,1.47
"EUR","P_SAL_H","10-49","I55","D111","BG",2008,1.21
"EUR","P_SAL_H","10-49","I55","D1111","BG",2008,1.13
"EUR","P_SAL_H","10-49","I56","D01","BG",2008,1.13
"EUR","P_SAL_H","10-49","I56","D111","BG",2008,0.93
"EUR","P_SAL_H","10-49","I56","D1111","BG",2008,0.88
"EUR","P_SAL_H","10-49","J","D01","BG",2008,3.65
"EUR","P_SAL_H","10-49","J","D111","BG",2008,3.11
"EUR","P_SAL_H","10-49","J","D1111","BG",2008,2.9
"EUR","P_SAL_H","10-49","J58","D01","BG",2008,2.51
"EUR","P_SAL_H","10-49","J58","D111","BG",2008,2.12
"EUR","P_SAL_H","10-49","J58","D1111","BG",2008,1.98
"EUR","P_SAL_H","10-49","J59","D01","BG",2008,2.87
"EUR","P_SAL_H","10-49","J59","D111","BG",2008,2.4
"EUR","P_SAL_H","10-49","J59","D1111","BG",2008,2.24
"EUR","P_SAL_H","10-49","J60","D01","BG",2008,2.4
"EUR","P_SAL_H","10-49","J60","D111","BG",2008,2.02
"EUR","P_SAL_H","10-49","J60","D1111","BG",2008,1.87
"EUR","P_SAL_H","10-49","J61","D01","BG",2008,2.62
"EUR","P_SAL_H","10-49","J61","D111","BG",2008,2.14
"EUR","P_SAL_H","10-49","J61","D1111","BG",2008,1.98
"EUR","P_SAL_H","10-49","J62","D01","BG",2008,4.94
"EUR","P_SAL_H","10-49","J62","D111","BG",2008,4.25
"EUR","P_SAL_H","10-49","J62","D1111","BG",2008,3.99
"EUR","P_SAL_H","10-49","J63","D01","BG",2008,4.24
"EUR","P_SAL_H","10-49","J63","D111","BG",2008,3.66
"EUR","P_SAL_H","10-49","J63","D1111","BG",2008,3.41
"EUR","P_SAL_H","10-49","K","D01","BG",2008,4.4
"EUR","P_SAL_H","10-49","K","D111","BG",2008,3.74
"EUR","P_SAL_H","10-49","K","D1111","BG",2008,3.43
"EUR","P_SAL_H","10-49","K-N","D01","BG",2008,3.02
"EUR","P_SAL_H","10-49","K-N","D111","BG",2008,2.57
"EUR","P_SAL_H","10-49","K-N","D1111","BG",2008,2.38
"EUR","P_SAL_H","10-49","K64","D01","BG",2008,4.34
"EUR","P_SAL_H","10-49","K64","D111","BG",2008,3.68
"EUR","P_SAL_H","10-49","K64","D1111","BG",2008,3.35
"EUR","P_SAL_H","10-49","K65","D01","BG",2008,5.33
"EUR","P_SAL_H","10-49","K65","D111","BG",2008,4.53
"EUR","P_SAL_H","10-49","K65","D1111","BG",2008,4.19
"EUR","P_SAL_H","10-49","K66","D01","BG",2008,4.07
"EUR","P_SAL_H","10-49","K66","D111","BG",2008,3.5
"EUR","P_SAL_H","10-49","K66","D1111","BG",2008,3.32
"EUR","P_SAL_H","10-49","L","D01","BG",2008,2.59
"EUR","P_SAL_H","10-49","L","D111","BG",2008,2.17
"EUR","P_SAL_H","10-49","L","D1111","BG",2008,2
"EUR","P_SAL_H","10-49","L68","D01","BG",2008,2.59
"EUR","P_SAL_H","10-49","L68","D111","BG",2008,2.17
"EUR","P_SAL_H","10-49","L68","D1111","BG",2008,2
"EUR","P_SAL_H","10-49","M","D01","BG",2008,3.76
"EUR","P_SAL_H","10-49","M","D111","BG",2008,3.23
"EUR","P_SAL_H","10-49","M","D1111","BG",2008,3.01
"EUR","P_SAL_H","10-49","M69","D01","BG",2008,2.93
"EUR","P_SAL_H","10-49","M69","D111","BG",2008,2.48
"EUR","P_SAL_H","10-49","M69","D1111","BG",2008,2.32
"EUR","P_SAL_H","10-49","M70","D01","BG",2008,6.9
"EUR","P_SAL_H","10-49","M70","D111","BG",2008,6.15
"EUR","P_SAL_H","10-49","M70","D1111","BG",2008,5.78
"EUR","P_SAL_H","10-49","M71","D01","BG",2008,3.63
"EUR","P_SAL_H","10-49","M71","D111","BG",2008,3.08
"EUR","P_SAL_H","10-49","M71","D1111","BG",2008,2.83
"EUR","P_SAL_H","10-49","M72","D01","BG",2008,2.96
"EUR","P_SAL_H","10-49","M72","D111","BG",2008,2.43
"EUR","P_SAL_H","10-49","M72","D1111","BG",2008,2.18
"EUR","P_SAL_H","10-49","M73","D01","BG",2008,2.9
"EUR","P_SAL_H","10-49","M73","D111","BG",2008,2.46
"EUR","P_SAL_H","10-49","M73","D1111","BG",2008,2.3
"EUR","P_SAL_H","10-49","M74","D01","BG",2008,4.2
"EUR","P_SAL_H","10-49","M74","D111","BG",2008,3.72
"EUR","P_SAL_H","10-49","M74","D1111","BG",2008,3.54
"EUR","P_SAL_H","10-49","M75","D01","BG",2008,NA
"EUR","P_SAL_H","10-49","M75","D111","BG",2008,NA
"EUR","P_SAL_H","10-49","M75","D1111","BG",2008,NA
"EUR","P_SAL_H","10-49","N","D01","BG",2008,1.56
"EUR","P_SAL_H","10-49","N","D111","BG",2008,1.31
"EUR","P_SAL_H","10-49","N","D1111","BG",2008,1.23
"EUR","P_SAL_H","10-49","N77","D01","BG",2008,3.08
"EUR","P_SAL_H","10-49","N77","D111","BG",2008,2.6
"EUR","P_SAL_H","10-49","N77","D1111","BG",2008,2.42
"EUR","P_SAL_H","10-49","N78","D01","BG",2008,2.39
"EUR","P_SAL_H","10-49","N78","D111","BG",2008,1.98
"EUR","P_SAL_H","10-49","N78","D1111","BG",2008,1.82
"EUR","P_SAL_H","10-49","N79","D01","BG",2008,2.23
"EUR","P_SAL_H","10-49","N79","D111","BG",2008,1.89
"EUR","P_SAL_H","10-49","N79","D1111","BG",2008,1.78
"EUR","P_SAL_H","10-49","N80","D01","BG",2008,1.15
"EUR","P_SAL_H","10-49","N80","D111","BG",2008,0.97
"EUR","P_SAL_H","10-49","N80","D1111","BG",2008,0.92
"EUR","P_SAL_H","10-49","N81","D01","BG",2008,1.22
"EUR","P_SAL_H","10-49","N81","D111","BG",2008,1.02
"EUR","P_SAL_H","10-49","N81","D1111","BG",2008,0.95
"EUR","P_SAL_H","10-49","N82","D01","BG",2008,2.38
"EUR","P_SAL_H","10-49","N82","D111","BG",2008,1.97
"EUR","P_SAL_H","10-49","N82","D1111","BG",2008,1.84
"EUR","P_SAL_H","10-49","O","D01","BG",2008,3.75
"EUR","P_SAL_H","10-49","O","D111","BG",2008,2.93
"EUR","P_SAL_H","10-49","O","D1111","BG",2008,2.6
"EUR","P_SAL_H","10-49","O-S","D01","BG",2008,2.54
"EUR","P_SAL_H","10-49","O-S","D111","BG",2008,2.03
"EUR","P_SAL_H","10-49","O-S","D1111","BG",2008,1.76
"EUR","P_SAL_H","10-49","O84","D01","BG",2008,3.75
"EUR","P_SAL_H","10-49","O84","D111","BG",2008,2.93
"EUR","P_SAL_H","10-49","O84","D1111","BG",2008,2.6
"EUR","P_SAL_H","10-49","P","D01","BG",2008,2.52
"EUR","P_SAL_H","10-49","P","D111","BG",2008,2
"EUR","P_SAL_H","10-49","P","D1111","BG",2008,1.66
"EUR","P_SAL_H","10-49","P-S","D01","BG",2008,2.25
"EUR","P_SAL_H","10-49","P-S","D111","BG",2008,1.82
"EUR","P_SAL_H","10-49","P-S","D1111","BG",2008,1.56
"EUR","P_SAL_H","10-49","P85","D01","BG",2008,2.52
"EUR","P_SAL_H","10-49","P85","D111","BG",2008,2
"EUR","P_SAL_H","10-49","P85","D1111","BG",2008,1.66
"EUR","P_SAL_H","10-49","Q","D01","BG",2008,2.07
"EUR","P_SAL_H","10-49","Q","D111","BG",2008,1.71
"EUR","P_SAL_H","10-49","Q","D1111","BG",2008,1.56
"EUR","P_SAL_H","10-49","Q86","D01","BG",2008,2.32
"EUR","P_SAL_H","10-49","Q86","D111","BG",2008,1.93
"EUR","P_SAL_H","10-49","Q86","D1111","BG",2008,1.77
"EUR","P_SAL_H","10-49","Q87","D01","BG",2008,NA
"EUR","P_SAL_H","10-49","Q87","D111","BG",2008,NA
"EUR","P_SAL_H","10-49","Q87","D1111","BG",2008,NA
"EUR","P_SAL_H","10-49","Q88","D01","BG",2008,NA
"EUR","P_SAL_H","10-49","Q88","D111","BG",2008,NA
"EUR","P_SAL_H","10-49","Q88","D1111","BG",2008,NA
"EUR","P_SAL_H","10-49","R","D01","BG",2008,1.56
"EUR","P_SAL_H","10-49","R","D111","BG",2008,1.29
"EUR","P_SAL_H","10-49","R","D1111","BG",2008,1.18
"EUR","P_SAL_H","10-49","R90","D01","BG",2008,1.92
"EUR","P_SAL_H","10-49","R90","D111","BG",2008,1.57
"EUR","P_SAL_H","10-49","R90","D1111","BG",2008,1.41
"EUR","P_SAL_H","10-49","R91","D01","BG",2008,1.88
"EUR","P_SAL_H","10-49","R91","D111","BG",2008,1.54
"EUR","P_SAL_H","10-49","R91","D1111","BG",2008,1.36
"EUR","P_SAL_H","10-49","R92","D01","BG",2008,1.2
"EUR","P_SAL_H","10-49","R92","D111","BG",2008,0.99
"EUR","P_SAL_H","10-49","R92","D1111","BG",2008,0.93
"EUR","P_SAL_H","10-49","R93","D01","BG",2008,1.63
"EUR","P_SAL_H","10-49","R93","D111","BG",2008,1.35
"EUR","P_SAL_H","10-49","R93","D1111","BG",2008,1.26
"EUR","P_SAL_H","10-49","S","D01","BG",2008,1.65
"EUR","P_SAL_H","10-49","S","D111","BG",2008,1.42
"EUR","P_SAL_H","10-49","S","D1111","BG",2008,1.3
"EUR","P_SAL_H","10-49","S94","D01","BG",2008,1.76
"EUR","P_SAL_H","10-49","S94","D111","BG",2008,1.56
"EUR","P_SAL_H","10-49","S94","D1111","BG",2008,1.42
"EUR","P_SAL_H","10-49","S95","D01","BG",2008,2.29
"EUR","P_SAL_H","10-49","S95","D111","BG",2008,1.91
"EUR","P_SAL_H","10-49","S95","D1111","BG",2008,1.78
"EUR","P_SAL_H","10-49","S96","D01","BG",2008,1.34
"EUR","P_SAL_H","10-49","S96","D111","BG",2008,1.1
"EUR","P_SAL_H","10-49","S96","D1111","BG",2008,1.02
"EUR","P_SAL_H","250-499","B","D01","BG",2008,3.22
"EUR","P_SAL_H","250-499","B","D111","BG",2008,2.32
"EUR","P_SAL_H","250-499","B","D1111","BG",2008,2.03
"EUR","P_SAL_H","250-499","B-E","D01","BG",2008,2.77
"EUR","P_SAL_H","250-499","B-E","D111","BG",2008,2.22
"EUR","P_SAL_H","250-499","B-E","D1111","BG",2008,1.92
"EUR","P_SAL_H","250-499","B-F","D01","BG",2008,2.7
"EUR","P_SAL_H","250-499","B-F","D111","BG",2008,2.18
"EUR","P_SAL_H","250-499","B-F","D1111","BG",2008,1.91
"EUR","P_SAL_H","250-499","B-N","D01","BG",2008,2.89
"EUR","P_SAL_H","250-499","B-N","D111","BG",2008,2.36
"EUR","P_SAL_H","250-499","B-N","D1111","BG",2008,2.09
"EUR","P_SAL_H","250-499","B-S","D01","BG",2008,2.96
"EUR","P_SAL_H","250-499","B-S","D111","BG",2008,2.41
"EUR","P_SAL_H","250-499","B-S","D1111","BG",2008,2.13
"EUR","P_SAL_H","250-499","B-S_X_O","D01","BG",2008,2.88
"EUR","P_SAL_H","250-499","B-S_X_O","D111","BG",2008,2.36
"EUR","P_SAL_H","250-499","B-S_X_O","D1111","BG",2008,2.08
"EUR","P_SAL_H","250-499","B05","D01","BG",2008,2.98
"EUR","P_SAL_H","250-499","B05","D111","BG",2008,2.03
"EUR","P_SAL_H","250-499","B05","D1111","BG",2008,1.74
"EUR","P_SAL_H","250-499","B06","D01","BG",2008,NA
"EUR","P_SAL_H","250-499","B06","D111","BG",2008,NA
"EUR","P_SAL_H","250-499","B06","D1111","BG",2008,NA
"EUR","P_SAL_H","250-499","B07","D01","BG",2008,3.6
"EUR","P_SAL_H","250-499","B07","D111","BG",2008,2.64
"EUR","P_SAL_H","250-499","B07","D1111","BG",2008,2.36
"EUR","P_SAL_H","250-499","B08","D01","BG",2008,NA
"EUR","P_SAL_H","250-499","B08","D111","BG",2008,NA
"EUR","P_SAL_H","250-499","B08","D1111","BG",2008,NA
"EUR","P_SAL_H","250-499","C","D01","BG",2008,2.51
"EUR","P_SAL_H","250-499","C","D111","BG",2008,2.05
"EUR","P_SAL_H","250-499","C","D1111","BG",2008,1.82
"EUR","P_SAL_H","250-499","C10","D01","BG",2008,2.14
"EUR","P_SAL_H","250-499","C10","D111","BG",2008,1.74
"EUR","P_SAL_H","250-499","C10","D1111","BG",2008,1.62
"EUR","P_SAL_H","250-499","C11","D01","BG",2008,3.57
"EUR","P_SAL_H","250-499","C11","D111","BG",2008,3.01
"EUR","P_SAL_H","250-499","C11","D1111","BG",2008,2.8
"EUR","P_SAL_H","250-499","C12","D01","BG",2008,6.06
"EUR","P_SAL_H","250-499","C12","D111","BG",2008,4.9
"EUR","P_SAL_H","250-499","C12","D1111","BG",2008,4.12
"EUR","P_SAL_H","250-499","C13","D01","BG",2008,NA
"EUR","P_SAL_H","250-499","C13","D111","BG",2008,NA
"EUR","P_SAL_H","250-499","C13","D1111","BG",2008,NA
"EUR","P_SAL_H","250-499","C14","D01","BG",2008,1.57
"EUR","P_SAL_H","250-499","C14","D111","BG",2008,1.3
"EUR","P_SAL_H","250-499","C14","D1111","BG",2008,1.15
"EUR","P_SAL_H","250-499","C15","D01","BG",2008,1.46
"EUR","P_SAL_H","250-499","C15","D111","BG",2008,1.18
"EUR","P_SAL_H","250-499","C15","D1111","BG",2008,1.08
"EUR","P_SAL_H","250-499","C16","D01","BG",2008,NA
"EUR","P_SAL_H","250-499","C16","D111","BG",2008,NA
"EUR","P_SAL_H","250-499","C16","D1111","BG",2008,NA
"EUR","P_SAL_H","250-499","C17","D01","BG",2008,2.23
"EUR","P_SAL_H","250-499","C17","D111","BG",2008,1.78
"EUR","P_SAL_H","250-499","C17","D1111","BG",2008,1.62
"EUR","P_SAL_H","250-499","C18","D01","BG",2008,4.45
"EUR","P_SAL_H","250-499","C18","D111","BG",2008,3.66
"EUR","P_SAL_H","250-499","C18","D1111","BG",2008,3.23
"EUR","P_SAL_H","250-499","C19","D01","BG",2008,NA
"EUR","P_SAL_H","250-499","C19","D111","BG",2008,NA
"EUR","P_SAL_H","250-499","C19","D1111","BG",2008,NA
"EUR","P_SAL_H","250-499","C20","D01","BG",2008,NA
"EUR","P_SAL_H","250-499","C20","D111","BG",2008,NA
"EUR","P_SAL_H","250-499","C20","D1111","BG",2008,NA
"EUR","P_SAL_H","250-499","C21","D01","BG",2008,3.5
"EUR","P_SAL_H","250-499","C21","D111","BG",2008,2.78
"EUR","P_SAL_H","250-499","C21","D1111","BG",2008,2.43
"EUR","P_SAL_H","250-499","C22","D01","BG",2008,1.71
"EUR","P_SAL_H","250-499","C22","D111","BG",2008,1.38
"EUR","P_SAL_H","250-499","C22","D1111","BG",2008,1.24
"EUR","P_SAL_H","250-499","C23","D01","BG",2008,NA
"EUR","P_SAL_H","250-499","C23","D111","BG",2008,NA
"EUR","P_SAL_H","250-499","C23","D1111","BG",2008,NA
"EUR","P_SAL_H","250-499","C24","D01","BG",2008,NA
"EUR","P_SAL_H","250-499","C24","D111","BG",2008,NA
"EUR","P_SAL_H","250-499","C24","D1111","BG",2008,NA
"EUR","P_SAL_H","250-499","C25","D01","BG",2008,2.69
"EUR","P_SAL_H","250-499","C25","D111","BG",2008,2.22
"EUR","P_SAL_H","250-499","C25","D1111","BG",2008,1.94
"EUR","P_SAL_H","250-499","C26","D01","BG",2008,3.1
"EUR","P_SAL_H","250-499","C26","D111","BG",2008,2.56
"EUR","P_SAL_H","250-499","C26","D1111","BG",2008,2.23
"EUR","P_SAL_H","250-499","C27","D01","BG",2008,2.77
"EUR","P_SAL_H","250-499","C27","D111","BG",2008,2.27
"EUR","P_SAL_H","250-499","C27","D1111","BG",2008,1.98
"EUR","P_SAL_H","250-499","C28","D01","BG",2008,2.68
"EUR","P_SAL_H","250-499","C28","D111","BG",2008,2.19
"EUR","P_SAL_H","250-499","C28","D1111","BG",2008,1.96
"EUR","P_SAL_H","250-499","C29","D01","BG",2008,NA
"EUR","P_SAL_H","250-499","C29","D111","BG",2008,NA
"EUR","P_SAL_H","250-499","C29","D1111","BG",2008,NA
"EUR","P_SAL_H","250-499","C30","D01","BG",2008,NA
"EUR","P_SAL_H","250-499","C30","D111","BG",2008,NA
"EUR","P_SAL_H","250-499","C30","D1111","BG",2008,NA
"EUR","P_SAL_H","250-499","C31","D01","BG",2008,1.57
"EUR","P_SAL_H","250-499","C31","D111","BG",2008,1.28
"EUR","P_SAL_H","250-499","C31","D1111","BG",2008,1.17
"EUR","P_SAL_H","250-499","C32","D01","BG",2008,NA
"EUR","P_SAL_H","250-499","C32","D111","BG",2008,NA
"EUR","P_SAL_H","250-499","C32","D1111","BG",2008,NA
"EUR","P_SAL_H","250-499","C33","D01","BG",2008,NA
"EUR","P_SAL_H","250-499","C33","D111","BG",2008,NA
"EUR","P_SAL_H","250-499","C33","D1111","BG",2008,NA
"EUR","P_SAL_H","250-499","D","D01","BG",2008,7.15
"EUR","P_SAL_H","250-499","D","D111","BG",2008,5.4
"EUR","P_SAL_H","250-499","D","D1111","BG",2008,3.86
"EUR","P_SAL_H","250-499","D35","D01","BG",2008,7.15
"EUR","P_SAL_H","250-499","D35","D111","BG",2008,5.4
"EUR","P_SAL_H","250-499","D35","D1111","BG",2008,3.86
"EUR","P_SAL_H","250-499","E","D01","BG",2008,NA
"EUR","P_SAL_H","250-499","E","D111","BG",2008,NA
"EUR","P_SAL_H","250-499","E","D1111","BG",2008,NA
"EUR","P_SAL_H","250-499","E36","D01","BG",2008,NA
"EUR","P_SAL_H","250-499","E36","D111","BG",2008,NA
"EUR","P_SAL_H","250-499","E36","D1111","BG",2008,NA
"EUR","P_SAL_H","250-499","E37","D01","BG",2008,NA
"EUR","P_SAL_H","250-499","E37","D111","BG",2008,NA
"EUR","P_SAL_H","250-499","E37","D1111","BG",2008,NA
"EUR","P_SAL_H","250-499","E38","D01","BG",2008,3.05
"EUR","P_SAL_H","250-499","E38","D111","BG",2008,2.47
"EUR","P_SAL_H","250-499","E38","D1111","BG",2008,2.18
"EUR","P_SAL_H","250-499","F","D01","BG",2008,2.49
"EUR","P_SAL_H","250-499","F","D111","BG",2008,2.03
"EUR","P_SAL_H","250-499","F","D1111","BG",2008,1.87
"EUR","P_SAL_H","250-499","F41","D01","BG",2008,2.03
"EUR","P_SAL_H","250-499","F41","D111","BG",2008,1.68
"EUR","P_SAL_H","250-499","F41","D1111","BG",2008,1.55
"EUR","P_SAL_H","250-499","F42","D01","BG",2008,NA
"EUR","P_SAL_H","250-499","F42","D111","BG",2008,NA
"EUR","P_SAL_H","250-499","F42","D1111","BG",2008,NA
"EUR","P_SAL_H","250-499","F43","D01","BG",2008,NA
"EUR","P_SAL_H","250-499","F43","D111","BG",2008,NA
"EUR","P_SAL_H","250-499","F43","D1111","BG",2008,NA
"EUR","P_SAL_H","250-499","G","D01","BG",2008,2.72
"EUR","P_SAL_H","250-499","G","D111","BG",2008,2.28
"EUR","P_SAL_H","250-499","G","D1111","BG",2008,2.14
"EUR","P_SAL_H","250-499","G-J","D01","BG",2008,3.4
"EUR","P_SAL_H","250-499","G-J","D111","BG",2008,2.81
"EUR","P_SAL_H","250-499","G-J","D1111","BG",2008,2.48
"EUR","P_SAL_H","250-499","G-N","D01","BG",2008,3.16
"EUR","P_SAL_H","250-499","G-N","D111","BG",2008,2.64
"EUR","P_SAL_H","250-499","G-N","D1111","BG",2008,2.36
"EUR","P_SAL_H","250-499","G-S_X_O","D01","BG",2008,3.08
"EUR","P_SAL_H","250-499","G-S_X_O","D111","BG",2008,2.56
"EUR","P_SAL_H","250-499","G-S_X_O","D1111","BG",2008,2.27
"EUR","P_SAL_H","250-499","G45","D01","BG",2008,NA
"EUR","P_SAL_H","250-499","G45","D111","BG",2008,NA
"EUR","P_SAL_H","250-499","G45","D1111","BG",2008,NA
"EUR","P_SAL_H","250-499","G46","D01","BG",2008,4.01
"EUR","P_SAL_H","250-499","G46","D111","BG",2008,3.41
"EUR","P_SAL_H","250-499","G46","D1111","BG",2008,3.2
"EUR","P_SAL_H","250-499","G47","D01","BG",2008,1.94
"EUR","P_SAL_H","250-499","G47","D111","BG",2008,1.59
"EUR","P_SAL_H","250-499","G47","D1111","BG",2008,1.5
"EUR","P_SAL_H","250-499","H","D01","BG",2008,3.23
"EUR","P_SAL_H","250-499","H","D111","BG",2008,2.63
"EUR","P_SAL_H","250-499","H","D1111","BG",2008,2.17
"EUR","P_SAL_H","250-499","H49","D01","BG",2008,3.02
"EUR","P_SAL_H","250-499","H49","D111","BG",2008,2.43
"EUR","P_SAL_H","250-499","H49","D1111","BG",2008,2.01
"EUR","P_SAL_H","250-499","H50","D01","BG",2008,NA
"EUR","P_SAL_H","250-499","H50","D111","BG",2008,NA
"EUR","P_SAL_H","250-499","H50","D1111","BG",2008,NA
"EUR","P_SAL_H","250-499","H51","D01","BG",2008,NA
"EUR","P_SAL_H","250-499","H51","D111","BG",2008,NA
"EUR","P_SAL_H","250-499","H51","D1111","BG",2008,NA
"EUR","P_SAL_H","250-499","H52","D01","BG",2008,2.95
"EUR","P_SAL_H","250-499","H52","D111","BG",2008,2.56
"EUR","P_SAL_H","250-499","H52","D1111","BG",2008,2.03
"EUR","P_SAL_H","250-499","H53","D01","BG",2008,2.88
"EUR","P_SAL_H","250-499","H53","D111","BG",2008,2.39
"EUR","P_SAL_H","250-499","H53","D1111","BG",2008,1.96
"EUR","P_SAL_H","250-499","I","D01","BG",2008,1.96
"EUR","P_SAL_H","250-499","I","D111","BG",2008,1.6
"EUR","P_SAL_H","250-499","I","D1111","BG",2008,1.48
"EUR","P_SAL_H","250-499","I55","D01","BG",2008,NA
"EUR","P_SAL_H","250-499","I55","D111","BG",2008,NA
"EUR","P_SAL_H","250-499","I55","D1111","BG",2008,NA
"EUR","P_SAL_H","250-499","I56","D01","BG",2008,NA
"EUR","P_SAL_H","250-499","I56","D111","BG",2008,NA
"EUR","P_SAL_H","250-499","I56","D1111","BG",2008,NA
"EUR","P_SAL_H","250-499","J","D01","BG",2008,6.79
"EUR","P_SAL_H","250-499","J","D111","BG",2008,5.65
"EUR","P_SAL_H","250-499","J","D1111","BG",2008,4.99
"EUR","P_SAL_H","250-499","J58","D01","BG",2008,NA
"EUR","P_SAL_H","250-499","J58","D111","BG",2008,NA
"EUR","P_SAL_H","250-499","J58","D1111","BG",2008,NA
"EUR","P_SAL_H","250-499","J60","D01","BG",2008,NA
"EUR","P_SAL_H","250-499","J60","D111","BG",2008,NA
"EUR","P_SAL_H","250-499","J60","D1111","BG",2008,NA
"EUR","P_SAL_H","250-499","J61","D01","BG",2008,3.68
"EUR","P_SAL_H","250-499","J61","D111","BG",2008,2.98
"EUR","P_SAL_H","250-499","J61","D1111","BG",2008,2.76
"EUR","P_SAL_H","250-499","J62","D01","BG",2008,NA
"EUR","P_SAL_H","250-499","J62","D111","BG",2008,NA
"EUR","P_SAL_H","250-499","J62","D1111","BG",2008,NA
"EUR","P_SAL_H","250-499","J63","D01","BG",2008,5.51
"EUR","P_SAL_H","250-499","J63","D111","BG",2008,4.73
"EUR","P_SAL_H","250-499","J63","D1111","BG",2008,4.35
"EUR","P_SAL_H","250-499","K","D01","BG",2008,5
"EUR","P_SAL_H","250-499","K","D111","BG",2008,4.22
"EUR","P_SAL_H","250-499","K","D1111","BG",2008,3.87
"EUR","P_SAL_H","250-499","K-N","D01","BG",2008,2.84
"EUR","P_SAL_H","250-499","K-N","D111","BG",2008,2.39
"EUR","P_SAL_H","250-499","K-N","D1111","BG",2008,2.2
"EUR","P_SAL_H","250-499","K64","D01","BG",2008,4.96
"EUR","P_SAL_H","250-499","K64","D111","BG",2008,4.15
"EUR","P_SAL_H","250-499","K64","D1111","BG",2008,3.77
"EUR","P_SAL_H","250-499","K65","D01","BG",2008,5.08
"EUR","P_SAL_H","250-499","K65","D111","BG",2008,4.34
"EUR","P_SAL_H","250-499","K65","D1111","BG",2008,4.04
"EUR","P_SAL_H","250-499","K66","D01","BG",2008,NA
"EUR","P_SAL_H","250-499","K66","D111","BG",2008,NA
"EUR","P_SAL_H","250-499","K66","D1111","BG",2008,NA
"EUR","P_SAL_H","250-499","L","D01","BG",2008,NA
"EUR","P_SAL_H","250-499","L","D111","BG",2008,NA
"EUR","P_SAL_H","250-499","L","D1111","BG",2008,NA
"EUR","P_SAL_H","250-499","L68","D01","BG",2008,NA
"EUR","P_SAL_H","250-499","L68","D111","BG",2008,NA
"EUR","P_SAL_H","250-499","L68","D1111","BG",2008,NA
"EUR","P_SAL_H","250-499","M","D01","BG",2008,NA
"EUR","P_SAL_H","250-499","M","D111","BG",2008,NA
"EUR","P_SAL_H","250-499","M","D1111","BG",2008,NA
"EUR","P_SAL_H","250-499","M69","D01","BG",2008,NA
"EUR","P_SAL_H","250-499","M69","D111","BG",2008,NA
"EUR","P_SAL_H","250-499","M69","D1111","BG",2008,NA
"EUR","P_SAL_H","250-499","M70","D01","BG",2008,NA
"EUR","P_SAL_H","250-499","M70","D111","BG",2008,NA
"EUR","P_SAL_H","250-499","M70","D1111","BG",2008,NA
"EUR","P_SAL_H","250-499","M71","D01","BG",2008,4.12
"EUR","P_SAL_H","250-499","M71","D111","BG",2008,3.31
"EUR","P_SAL_H","250-499","M71","D1111","BG",2008,2.86
"EUR","P_SAL_H","250-499","M72","D01","BG",2008,2.67
"EUR","P_SAL_H","250-499","M72","D111","BG",2008,2.18
"EUR","P_SAL_H","250-499","M72","D1111","BG",2008,1.89
"EUR","P_SAL_H","250-499","M73","D01","BG",2008,NA
"EUR","P_SAL_H","250-499","M73","D111","BG",2008,NA
"EUR","P_SAL_H","250-499","M73","D1111","BG",2008,NA
"EUR","P_SAL_H","250-499","M74","D01","BG",2008,NA
"EUR","P_SAL_H","250-499","M74","D111","BG",2008,NA
"EUR","P_SAL_H","250-499","M74","D1111","BG",2008,NA
"EUR","P_SAL_H","250-499","N","D01","BG",2008,1.51
"EUR","P_SAL_H","250-499","N","D111","BG",2008,1.29
"EUR","P_SAL_H","250-499","N","D1111","BG",2008,1.21
"EUR","P_SAL_H","250-499","N78","D01","BG",2008,NA
"EUR","P_SAL_H","250-499","N78","D111","BG",2008,NA
"EUR","P_SAL_H","250-499","N78","D1111","BG",2008,NA
"EUR","P_SAL_H","250-499","N80","D01","BG",2008,1.42
"EUR","P_SAL_H","250-499","N80","D111","BG",2008,1.17
"EUR","P_SAL_H","250-499","N80","D1111","BG",2008,1.09
"EUR","P_SAL_H","250-499","N81","D01","BG",2008,NA
"EUR","P_SAL_H","250-499","N81","D111","BG",2008,NA
"EUR","P_SAL_H","250-499","N81","D1111","BG",2008,NA
"EUR","P_SAL_H","250-499","N82","D01","BG",2008,NA
"EUR","P_SAL_H","250-499","N82","D111","BG",2008,NA
"EUR","P_SAL_H","250-499","N82","D1111","BG",2008,NA
"EUR","P_SAL_H","250-499","O","D01","BG",2008,3.71
"EUR","P_SAL_H","250-499","O","D111","BG",2008,2.92
"EUR","P_SAL_H","250-499","O","D1111","BG",2008,2.63
"EUR","P_SAL_H","250-499","O-S","D01","BG",2008,3.24
"EUR","P_SAL_H","250-499","O-S","D111","BG",2008,2.59
"EUR","P_SAL_H","250-499","O-S","D1111","BG",2008,2.3
"EUR","P_SAL_H","250-499","O84","D01","BG",2008,3.71
"EUR","P_SAL_H","250-499","O84","D111","BG",2008,2.92
"EUR","P_SAL_H","250-499","O84","D1111","BG",2008,2.63
"EUR","P_SAL_H","250-499","P","D01","BG",2008,3.09
"EUR","P_SAL_H","250-499","P","D111","BG",2008,2.53
"EUR","P_SAL_H","250-499","P","D1111","BG",2008,2.14
"EUR","P_SAL_H","250-499","P-S","D01","BG",2008,2.87
"EUR","P_SAL_H","250-499","P-S","D111","BG",2008,2.34
"EUR","P_SAL_H","250-499","P-S","D1111","BG",2008,2.04
"EUR","P_SAL_H","250-499","P85","D01","BG",2008,3.09
"EUR","P_SAL_H","250-499","P85","D111","BG",2008,2.53
"EUR","P_SAL_H","250-499","P85","D1111","BG",2008,2.14
"EUR","P_SAL_H","250-499","Q","D01","BG",2008,2.92
"EUR","P_SAL_H","250-499","Q","D111","BG",2008,2.38
"EUR","P_SAL_H","250-499","Q","D1111","BG",2008,2.12
"EUR","P_SAL_H","250-499","Q86","D01","BG",2008,3.13
"EUR","P_SAL_H","250-499","Q86","D111","BG",2008,2.56
"EUR","P_SAL_H","250-499","Q86","D1111","BG",2008,2.29
"EUR","P_SAL_H","250-499","Q87","D01","BG",2008,NA
"EUR","P_SAL_H","250-499","Q87","D111","BG",2008,NA
"EUR","P_SAL_H","250-499","Q87","D1111","BG",2008,NA
"EUR","P_SAL_H","250-499","Q88","D01","BG",2008,NA
"EUR","P_SAL_H","250-499","Q88","D111","BG",2008,NA
"EUR","P_SAL_H","250-499","Q88","D1111","BG",2008,NA
"EUR","P_SAL_H","250-499","R","D01","BG",2008,2.05
"EUR","P_SAL_H","250-499","R","D111","BG",2008,1.67
"EUR","P_SAL_H","250-499","R","D1111","BG",2008,1.47
"EUR","P_SAL_H","250-499","R90","D01","BG",2008,2.93
"EUR","P_SAL_H","250-499","R90","D111","BG",2008,2.37
"EUR","P_SAL_H","250-499","R90","D1111","BG",2008,2.01
"EUR","P_SAL_H","250-499","R91","D01","BG",2008,NA
"EUR","P_SAL_H","250-499","R91","D111","BG",2008,NA
"EUR","P_SAL_H","250-499","R91","D1111","BG",2008,NA
"EUR","P_SAL_H","250-499","R92","D01","BG",2008,1.57
"EUR","P_SAL_H","250-499","R92","D111","BG",2008,1.28
"EUR","P_SAL_H","250-499","R92","D1111","BG",2008,1.19
"EUR","P_SAL_H","250-499","R93","D01","BG",2008,NA
"EUR","P_SAL_H","250-499","R93","D111","BG",2008,NA
"EUR","P_SAL_H","250-499","R93","D1111","BG",2008,NA
"EUR","P_SAL_H","250-499","S","D01","BG",2008,NA
"EUR","P_SAL_H","250-499","S","D111","BG",2008,NA
"EUR","P_SAL_H","250-499","S","D1111","BG",2008,NA
"EUR","P_SAL_H","250-499","S94","D01","BG",2008,NA
"EUR","P_SAL_H","250-499","S94","D111","BG",2008,NA
"EUR","P_SAL_H","250-499","S94","D1111","BG",2008,NA
"EUR","P_SAL_H","50-249","B","D01","BG",2008,2.85
"EUR","P_SAL_H","50-249","B","D111","BG",2008,2.19
"EUR","P_SAL_H","50-249","B","D1111","BG",2008,1.96
"EUR","P_SAL_H","50-249","B-E","D01","BG",2008,2.04
"EUR","P_SAL_H","50-249","B-E","D111","BG",2008,1.65
"EUR","P_SAL_H","50-249","B-E","D1111","BG",2008,1.47
"EUR","P_SAL_H","50-249","B-F","D01","BG",2008,2.05
"EUR","P_SAL_H","50-249","B-F","D111","BG",2008,1.66
"EUR","P_SAL_H","50-249","B-F","D1111","BG",2008,1.5
"EUR","P_SAL_H","50-249","B-N","D01","BG",2008,2.34
"EUR","P_SAL_H","50-249","B-N","D111","BG",2008,1.93
"EUR","P_SAL_H","50-249","B-N","D1111","BG",2008,1.75
"EUR","P_SAL_H","50-249","B-S","D01","BG",2008,2.45
"EUR","P_SAL_H","50-249","B-S","D111","BG",2008,2.01
"EUR","P_SAL_H","50-249","B-S","D1111","BG",2008,1.8
"EUR","P_SAL_H","50-249","B-S_X_O","D01","BG",2008,2.4
"EUR","P_SAL_H","50-249","B-S_X_O","D111","BG",2008,1.97
"EUR","P_SAL_H","50-249","B-S_X_O","D1111","BG",2008,1.77
"EUR","P_SAL_H","50-249","B05","D01","BG",2008,1.92
"EUR","P_SAL_H","50-249","B05","D111","BG",2008,1.4
"EUR","P_SAL_H","50-249","B05","D1111","BG",2008,1.3
"EUR","P_SAL_H","50-249","B07","D01","BG",2008,NA
"EUR","P_SAL_H","50-249","B07","D111","BG",2008,NA
"EUR","P_SAL_H","50-249","B07","D1111","BG",2008,NA
"EUR","P_SAL_H","50-249","B08","D01","BG",2008,2.95
"EUR","P_SAL_H","50-249","B08","D111","BG",2008,2.3
"EUR","P_SAL_H","50-249","B08","D1111","BG",2008,2.05
"EUR","P_SAL_H","50-249","B09","D01","BG",2008,NA
"EUR","P_SAL_H","50-249","B09","D111","BG",2008,NA
"EUR","P_SAL_H","50-249","B09","D1111","BG",2008,NA
"EUR","P_SAL_H","50-249","C","D01","BG",2008,1.9
"EUR","P_SAL_H","50-249","C","D111","BG",2008,1.54
"EUR","P_SAL_H","50-249","C","D1111","BG",2008,1.4
"EUR","P_SAL_H","50-249","C10","D01","BG",2008,1.76
"EUR","P_SAL_H","50-249","C10","D111","BG",2008,1.45
"EUR","P_SAL_H","50-249","C10","D1111","BG",2008,1.34
"EUR","P_SAL_H","50-249","C11","D01","BG",2008,2
"EUR","P_SAL_H","50-249","C11","D111","BG",2008,1.63
"EUR","P_SAL_H","50-249","C11","D1111","BG",2008,1.45
"EUR","P_SAL_H","50-249","C12","D01","BG",2008,6.42
"EUR","P_SAL_H","50-249","C12","D111","BG",2008,2.46
"EUR","P_SAL_H","50-249","C12","D1111","BG",2008,2.06
"EUR","P_SAL_H","50-249","C13","D01","BG",2008,1.86
"EUR","P_SAL_H","50-249","C13","D111","BG",2008,1.49
"EUR","P_SAL_H","50-249","C13","D1111","BG",2008,1.36
"EUR","P_SAL_H","50-249","C14","D01","BG",2008,1.35
"EUR","P_SAL_H","50-249","C14","D111","BG",2008,1.11
"EUR","P_SAL_H","50-249","C14","D1111","BG",2008,1
"EUR","P_SAL_H","50-249","C15","D01","BG",2008,1.32
"EUR","P_SAL_H","50-249","C15","D111","BG",2008,1.08
"EUR","P_SAL_H","50-249","C15","D1111","BG",2008,0.98
"EUR","P_SAL_H","50-249","C16","D01","BG",2008,1.85
"EUR","P_SAL_H","50-249","C16","D111","BG",2008,1.51
"EUR","P_SAL_H","50-249","C16","D1111","BG",2008,1.38
"EUR","P_SAL_H","50-249","C17","D01","BG",2008,1.77
"EUR","P_SAL_H","50-249","C17","D111","BG",2008,1.45
"EUR","P_SAL_H","50-249","C17","D1111","BG",2008,1.27
"EUR","P_SAL_H","50-249","C18","D01","BG",2008,2.51
"EUR","P_SAL_H","50-249","C18","D111","BG",2008,2.1
"EUR","P_SAL_H","50-249","C18","D1111","BG",2008,1.92
"EUR","P_SAL_H","50-249","C19","D01","BG",2008,2.66
"EUR","P_SAL_H","50-249","C19","D111","BG",2008,2.17
"EUR","P_SAL_H","50-249","C19","D1111","BG",2008,2
"EUR","P_SAL_H","50-249","C20","D01","BG",2008,2.46
"EUR","P_SAL_H","50-249","C20","D111","BG",2008,2.01
"EUR","P_SAL_H","50-249","C20","D1111","BG",2008,1.79
"EUR","P_SAL_H","50-249","C21","D01","BG",2008,2.76
"EUR","P_SAL_H","50-249","C21","D111","BG",2008,2.27
"EUR","P_SAL_H","50-249","C21","D1111","BG",2008,2.06
"EUR","P_SAL_H","50-249","C22","D01","BG",2008,1.83
"EUR","P_SAL_H","50-249","C22","D111","BG",2008,1.51
"EUR","P_SAL_H","50-249","C22","D1111","BG",2008,1.39
"EUR","P_SAL_H","50-249","C23","D01","BG",2008,2.63
"EUR","P_SAL_H","50-249","C23","D111","BG",2008,2.13
"EUR","P_SAL_H","50-249","C23","D1111","BG",2008,1.93
"EUR","P_SAL_H","50-249","C24","D01","BG",2008,2.69
"EUR","P_SAL_H","50-249","C24","D111","BG",2008,2.11
"EUR","P_SAL_H","50-249","C24","D1111","BG",2008,1.87
"EUR","P_SAL_H","50-249","C25","D01","BG",2008,2.12
"EUR","P_SAL_H","50-249","C25","D111","BG",2008,1.72
"EUR","P_SAL_H","50-249","C25","D1111","BG",2008,1.56
"EUR","P_SAL_H","50-249","C26","D01","BG",2008,2.88
"EUR","P_SAL_H","50-249","C26","D111","BG",2008,2.37
"EUR","P_SAL_H","50-249","C26","D1111","BG",2008,2.07
"EUR","P_SAL_H","50-249","C27","D01","BG",2008,2.21
"EUR","P_SAL_H","50-249","C27","D111","BG",2008,1.81
"EUR","P_SAL_H","50-249","C27","D1111","BG",2008,1.63
"EUR","P_SAL_H","50-249","C28","D01","BG",2008,2.42
"EUR","P_SAL_H","50-249","C28","D111","BG",2008,1.98
"EUR","P_SAL_H","50-249","C28","D1111","BG",2008,1.78
"EUR","P_SAL_H","50-249","C29","D01","BG",2008,2.24
"EUR","P_SAL_H","50-249","C29","D111","BG",2008,1.84
"EUR","P_SAL_H","50-249","C29","D1111","BG",2008,1.62
"EUR","P_SAL_H","50-249","C30","D01","BG",2008,2.68
"EUR","P_SAL_H","50-249","C30","D111","BG",2008,2.17
"EUR","P_SAL_H","50-249","C30","D1111","BG",2008,1.93
"EUR","P_SAL_H","50-249","C31","D01","BG",2008,1.46
"EUR","P_SAL_H","50-249","C31","D111","BG",2008,1.19
"EUR","P_SAL_H","50-249","C31","D1111","BG",2008,1.09
"EUR","P_SAL_H","50-249","C32","D01","BG",2008,2.3
"EUR","P_SAL_H","50-249","C32","D111","BG",2008,1.92
"EUR","P_SAL_H","50-249","C32","D1111","BG",2008,1.72
"EUR","P_SAL_H","50-249","C33","D01","BG",2008,2.91
"EUR","P_SAL_H","50-249","C33","D111","BG",2008,2.38
"EUR","P_SAL_H","50-249","C33","D1111","BG",2008,2.15
"EUR","P_SAL_H","50-249","D","D01","BG",2008,5.48
"EUR","P_SAL_H","50-249","D","D111","BG",2008,4.28
"EUR","P_SAL_H","50-249","D","D1111","BG",2008,3.31
"EUR","P_SAL_H","50-249","D35","D01","BG",2008,5.48
"EUR","P_SAL_H","50-249","D35","D111","BG",2008,4.28
"EUR","P_SAL_H","50-249","D35","D1111","BG",2008,3.31
"EUR","P_SAL_H","50-249","E","D01","BG",2008,2.34
"EUR","P_SAL_H","50-249","E","D111","BG",2008,1.9
"EUR","P_SAL_H","50-249","E","D1111","BG",2008,1.57
"EUR","P_SAL_H","50-249","E36","D01","BG",2008,2.86
"EUR","P_SAL_H","50-249","E36","D111","BG",2008,2.31
"EUR","P_SAL_H","50-249","E36","D1111","BG",2008,1.78
"EUR","P_SAL_H","50-249","E37","D01","BG",2008,NA
"EUR","P_SAL_H","50-249","E37","D111","BG",2008,NA
"EUR","P_SAL_H","50-249","E37","D1111","BG",2008,NA
"EUR","P_SAL_H","50-249","E38","D01","BG",2008,1.76
"EUR","P_SAL_H","50-249","E38","D111","BG",2008,1.43
"EUR","P_SAL_H","50-249","E38","D1111","BG",2008,1.32
"EUR","P_SAL_H","50-249","E39","D01","BG",2008,2.73
"EUR","P_SAL_H","50-249","E39","D111","BG",2008,2.24
"EUR","P_SAL_H","50-249","E39","D1111","BG",2008,1.99
"EUR","P_SAL_H","50-249","F","D01","BG",2008,2.1
"EUR","P_SAL_H","50-249","F","D111","BG",2008,1.71
"EUR","P_SAL_H","50-249","F","D1111","BG",2008,1.59
"EUR","P_SAL_H","50-249","F41","D01","BG",2008,1.82
"EUR","P_SAL_H","50-249","F41","D111","BG",2008,1.49
"EUR","P_SAL_H","50-249","F41","D1111","BG",2008,1.39
"EUR","P_SAL_H","50-249","F42","D01","BG",2008,2.54
"EUR","P_SAL_H","50-249","F42","D111","BG",2008,2.04
"EUR","P_SAL_H","50-249","F42","D1111","BG",2008,1.88
"EUR","P_SAL_H","50-249","F43","D01","BG",2008,2.5
"EUR","P_SAL_H","50-249","F43","D111","BG",2008,2.06
"EUR","P_SAL_H","50-249","F43","D1111","BG",2008,1.92
"EUR","P_SAL_H","50-249","G","D01","BG",2008,2.61
"EUR","P_SAL_H","50-249","G","D111","BG",2008,2.2
"EUR","P_SAL_H","50-249","G","D1111","BG",2008,2.04
"EUR","P_SAL_H","50-249","G-J","D01","BG",2008,2.79
"EUR","P_SAL_H","50-249","G-J","D111","BG",2008,2.33
"EUR","P_SAL_H","50-249","G-J","D1111","BG",2008,2.13
"EUR","P_SAL_H","50-249","G-N","D01","BG",2008,2.76
"EUR","P_SAL_H","50-249","G-N","D111","BG",2008,2.32
"EUR","P_SAL_H","50-249","G-N","D1111","BG",2008,2.11
"EUR","P_SAL_H","50-249","G-S_X_O","D01","BG",2008,2.72
"EUR","P_SAL_H","50-249","G-S_X_O","D111","BG",2008,2.26
"EUR","P_SAL_H","50-249","G-S_X_O","D1111","BG",2008,2.02
"EUR","P_SAL_H","50-249","G45","D01","BG",2008,3.71
"EUR","P_SAL_H","50-249","G45","D111","BG",2008,3.15
"EUR","P_SAL_H","50-249","G45","D1111","BG",2008,2.92
"EUR","P_SAL_H","50-249","G46","D01","BG",2008,2.8
"EUR","P_SAL_H","50-249","G46","D111","BG",2008,2.37
"EUR","P_SAL_H","50-249","G46","D1111","BG",2008,2.21
"EUR","P_SAL_H","50-249","G47","D01","BG",2008,1.97
"EUR","P_SAL_H","50-249","G47","D111","BG",2008,1.64
"EUR","P_SAL_H","50-249","G47","D1111","BG",2008,1.53
"EUR","P_SAL_H","50-249","H","D01","BG",2008,2.86
"EUR","P_SAL_H","50-249","H","D111","BG",2008,2.36
"EUR","P_SAL_H","50-249","H","D1111","BG",2008,2.03
"EUR","P_SAL_H","50-249","H49","D01","BG",2008,2.16
"EUR","P_SAL_H","50-249","H49","D111","BG",2008,1.72
"EUR","P_SAL_H","50-249","H49","D1111","BG",2008,1.54
"EUR","P_SAL_H","50-249","H50","D01","BG",2008,4.2
"EUR","P_SAL_H","50-249","H50","D111","BG",2008,3.38
"EUR","P_SAL_H","50-249","H50","D1111","BG",2008,2.81
"EUR","P_SAL_H","50-249","H51","D01","BG",2008,7.27
"EUR","P_SAL_H","50-249","H51","D111","BG",2008,5.89
"EUR","P_SAL_H","50-249","H51","D1111","BG",2008,5.37
"EUR","P_SAL_H","50-249","H52","D01","BG",2008,4
"EUR","P_SAL_H","50-249","H52","D111","BG",2008,3.46
"EUR","P_SAL_H","50-249","H52","D1111","BG",2008,2.9
"EUR","P_SAL_H","50-249","H53","D01","BG",2008,2.42
"EUR","P_SAL_H","50-249","H53","D111","BG",2008,1.98
"EUR","P_SAL_H","50-249","H53","D1111","BG",2008,1.58
"EUR","P_SAL_H","50-249","I","D01","BG",2008,1.71
"EUR","P_SAL_H","50-249","I","D111","BG",2008,1.4
"EUR","P_SAL_H","50-249","I","D1111","BG",2008,1.3
"EUR","P_SAL_H","50-249","I55","D01","BG",2008,1.93
"EUR","P_SAL_H","50-249","I55","D111","BG",2008,1.57
"EUR","P_SAL_H","50-249","I55","D1111","BG",2008,1.46
"EUR","P_SAL_H","50-249","I56","D01","BG",2008,1.35
"EUR","P_SAL_H","50-249","I56","D111","BG",2008,1.11
"EUR","P_SAL_H","50-249","I56","D1111","BG",2008,1.03
"EUR","P_SAL_H","50-249","J","D01","BG",2008,5.19
"EUR","P_SAL_H","50-249","J","D111","BG",2008,4.41
"EUR","P_SAL_H","50-249","J","D1111","BG",2008,4.08
"EUR","P_SAL_H","50-249","J58","D01","BG",2008,3.41
"EUR","P_SAL_H","50-249","J58","D111","BG",2008,2.9
"EUR","P_SAL_H","50-249","J58","D1111","BG",2008,2.69
"EUR","P_SAL_H","50-249","J59","D01","BG",2008,3.93
"EUR","P_SAL_H","50-249","J59","D111","BG",2008,3.26
"EUR","P_SAL_H","50-249","J59","D1111","BG",2008,3.05
"EUR","P_SAL_H","50-249","J60","D01","BG",2008,3.23
"EUR","P_SAL_H","50-249","J60","D111","BG",2008,2.71
"EUR","P_SAL_H","50-249","J60","D1111","BG",2008,2.55
"EUR","P_SAL_H","50-249","J61","D01","BG",2008,4.5
"EUR","P_SAL_H","50-249","J61","D111","BG",2008,3.68
"EUR","P_SAL_H","50-249","J61","D1111","BG",2008,3.42
"EUR","P_SAL_H","50-249","J62","D01","BG",2008,7.7
"EUR","P_SAL_H","50-249","J62","D111","BG",2008,6.7
"EUR","P_SAL_H","50-249","J62","D1111","BG",2008,6.21
"EUR","P_SAL_H","50-249","J63","D01","BG",2008,4.55
"EUR","P_SAL_H","50-249","J63","D111","BG",2008,3.82
"EUR","P_SAL_H","50-249","J63","D1111","BG",2008,3.4
"EUR","P_SAL_H","50-249","K","D01","BG",2008,5.51
"EUR","P_SAL_H","50-249","K","D111","BG",2008,4.64
"EUR","P_SAL_H","50-249","K","D1111","BG",2008,4.17
"EUR","P_SAL_H","50-249","K-N","D01","BG",2008,2.7
"EUR","P_SAL_H","50-249","K-N","D111","BG",2008,2.3
"EUR","P_SAL_H","50-249","K-N","D1111","BG",2008,2.08
"EUR","P_SAL_H","50-249","K64","D01","BG",2008,5.36
"EUR","P_SAL_H","50-249","K64","D111","BG",2008,4.53
"EUR","P_SAL_H","50-249","K64","D1111","BG",2008,4.03
"EUR","P_SAL_H","50-249","K65","D01","BG",2008,6.52
"EUR","P_SAL_H","50-249","K65","D111","BG",2008,5.47
"EUR","P_SAL_H","50-249","K65","D1111","BG",2008,5.13
"EUR","P_SAL_H","50-249","K66","D01","BG",2008,5.59
"EUR","P_SAL_H","50-249","K66","D111","BG",2008,4.55
"EUR","P_SAL_H","50-249","K66","D1111","BG",2008,4.11
"EUR","P_SAL_H","50-249","L","D01","BG",2008,NA
"EUR","P_SAL_H","50-249","L","D111","BG",2008,NA
"EUR","P_SAL_H","50-249","L","D1111","BG",2008,NA
"EUR","P_SAL_H","50-249","L68","D01","BG",2008,NA
"EUR","P_SAL_H","50-249","L68","D111","BG",2008,NA
"EUR","P_SAL_H","50-249","L68","D1111","BG",2008,NA
"EUR","P_SAL_H","50-249","M","D01","BG",2008,4.33
"EUR","P_SAL_H","50-249","M","D111","BG",2008,3.64
"EUR","P_SAL_H","50-249","M","D1111","BG",2008,3.26
"EUR","P_SAL_H","50-249","M69","D01","BG",2008,NA
"EUR","P_SAL_H","50-249","M69","D111","BG",2008,NA
"EUR","P_SAL_H","50-249","M69","D1111","BG",2008,NA
"EUR","P_SAL_H","50-249","M70","D01","BG",2008,NA
"EUR","P_SAL_H","50-249","M70","D111","BG",2008,NA
"EUR","P_SAL_H","50-249","M70","D1111","BG",2008,NA
"EUR","P_SAL_H","50-249","M71","D01","BG",2008,5.02
"EUR","P_SAL_H","50-249","M71","D111","BG",2008,4.21
"EUR","P_SAL_H","50-249","M71","D1111","BG",2008,3.68
"EUR","P_SAL_H","50-249","M72","D01","BG",2008,2.74
"EUR","P_SAL_H","50-249","M72","D111","BG",2008,2.25
"EUR","P_SAL_H","50-249","M72","D1111","BG",2008,1.96
"EUR","P_SAL_H","50-249","M73","D01","BG",2008,NA
"EUR","P_SAL_H","50-249","M73","D111","BG",2008,NA
"EUR","P_SAL_H","50-249","M73","D1111","BG",2008,NA
"EUR","P_SAL_H","50-249","M74","D01","BG",2008,NA
"EUR","P_SAL_H","50-249","M74","D111","BG",2008,NA
"EUR","P_SAL_H","50-249","M74","D1111","BG",2008,NA
"EUR","P_SAL_H","50-249","N","D01","BG",2008,1.18
"EUR","P_SAL_H","50-249","N","D111","BG",2008,1.04
"EUR","P_SAL_H","50-249","N","D1111","BG",2008,0.97
"EUR","P_SAL_H","50-249","N77","D01","BG",2008,3.89
"EUR","P_SAL_H","50-249","N77","D111","BG",2008,3.27
"EUR","P_SAL_H","50-249","N77","D1111","BG",2008,2.95
"EUR","P_SAL_H","50-249","N78","D01","BG",2008,3.49
"EUR","P_SAL_H","50-249","N78","D111","BG",2008,2.9
"EUR","P_SAL_H","50-249","N78","D1111","BG",2008,2.66
"EUR","P_SAL_H","50-249","N79","D01","BG",2008,2.01
"EUR","P_SAL_H","50-249","N79","D111","BG",2008,1.67
"EUR","P_SAL_H","50-249","N79","D1111","BG",2008,1.59
"EUR","P_SAL_H","50-249","N80","D01","BG",2008,1.13
"EUR","P_SAL_H","50-249","N80","D111","BG",2008,0.93
"EUR","P_SAL_H","50-249","N80","D1111","BG",2008,0.88
"EUR","P_SAL_H","50-249","N81","D01","BG",2008,0.91
"EUR","P_SAL_H","50-249","N81","D111","BG",2008,0.88
"EUR","P_SAL_H","50-249","N81","D1111","BG",2008,0.81
"EUR","P_SAL_H","50-249","N82","D01","BG",2008,3.09
"EUR","P_SAL_H","50-249","N82","D111","BG",2008,2.54
"EUR","P_SAL_H","50-249","N82","D1111","BG",2008,2.38
"EUR","P_SAL_H","50-249","O","D01","BG",2008,3.02
"EUR","P_SAL_H","50-249","O","D111","BG",2008,2.39
"EUR","P_SAL_H","50-249","O","D1111","BG",2008,2.15
"EUR","P_SAL_H","50-249","O-S","D01","BG",2008,2.78
"EUR","P_SAL_H","50-249","O-S","D111","BG",2008,2.23
"EUR","P_SAL_H","50-249","O-S","D1111","BG",2008,1.95
"EUR","P_SAL_H","50-249","O84","D01","BG",2008,3.02
"EUR","P_SAL_H","50-249","O84","D111","BG",2008,2.39
"EUR","P_SAL_H","50-249","O84","D1111","BG",2008,2.15
"EUR","P_SAL_H","50-249","P","D01","BG",2008,2.88
"EUR","P_SAL_H","50-249","P","D111","BG",2008,2.29
"EUR","P_SAL_H","50-249","P","D1111","BG",2008,1.9
"EUR","P_SAL_H","50-249","P-S","D01","BG",2008,2.66
"EUR","P_SAL_H","50-249","P-S","D111","BG",2008,2.15
"EUR","P_SAL_H","50-249","P-S","D1111","BG",2008,1.85
"EUR","P_SAL_H","50-249","P85","D01","BG",2008,2.88
"EUR","P_SAL_H","50-249","P85","D111","BG",2008,2.29
"EUR","P_SAL_H","50-249","P85","D1111","BG",2008,1.9
"EUR","P_SAL_H","50-249","Q","D01","BG",2008,2.45
"EUR","P_SAL_H","50-249","Q","D111","BG",2008,2.01
"EUR","P_SAL_H","50-249","Q","D1111","BG",2008,1.8
"EUR","P_SAL_H","50-249","Q86","D01","BG",2008,2.82
"EUR","P_SAL_H","50-249","Q86","D111","BG",2008,2.31
"EUR","P_SAL_H","50-249","Q86","D1111","BG",2008,2.08
"EUR","P_SAL_H","50-249","Q87","D01","BG",2008,1.96
"EUR","P_SAL_H","50-249","Q87","D111","BG",2008,1.62
"EUR","P_SAL_H","50-249","Q87","D1111","BG",2008,1.41
"EUR","P_SAL_H","50-249","Q88","D01","BG",2008,1.63
"EUR","P_SAL_H","50-249","Q88","D111","BG",2008,1.34
"EUR","P_SAL_H","50-249","Q88","D1111","BG",2008,1.19
"EUR","P_SAL_H","50-249","R","D01","BG",2008,2.38
"EUR","P_SAL_H","50-249","R","D111","BG",2008,1.99
"EUR","P_SAL_H","50-249","R","D1111","BG",2008,1.8
"EUR","P_SAL_H","50-249","R90","D01","BG",2008,2.13
"EUR","P_SAL_H","50-249","R90","D111","BG",2008,1.72
"EUR","P_SAL_H","50-249","R90","D1111","BG",2008,1.5
"EUR","P_SAL_H","50-249","R91","D01","BG",2008,NA
"EUR","P_SAL_H","50-249","R91","D111","BG",2008,NA
"EUR","P_SAL_H","50-249","R91","D1111","BG",2008,NA
"EUR","P_SAL_H","50-249","R92","D01","BG",2008,2.08
"EUR","P_SAL_H","50-249","R92","D111","BG",2008,1.72
"EUR","P_SAL_H","50-249","R92","D1111","BG",2008,1.59
"EUR","P_SAL_H","50-249","R93","D01","BG",2008,NA
"EUR","P_SAL_H","50-249","R93","D111","BG",2008,NA
"EUR","P_SAL_H","50-249","R93","D1111","BG",2008,NA
"EUR","P_SAL_H","50-249","S","D01","BG",2008,NA
"EUR","P_SAL_H","50-249","S","D111","BG",2008,NA
"EUR","P_SAL_H","50-249","S","D1111","BG",2008,NA
"EUR","P_SAL_H","50-249","S94","D01","BG",2008,NA
"EUR","P_SAL_H","50-249","S94","D111","BG",2008,NA
"EUR","P_SAL_H","50-249","S94","D1111","BG",2008,NA
"EUR","P_SAL_H","50-249","S95","D01","BG",2008,NA
"EUR","P_SAL_H","50-249","S95","D111","BG",2008,NA
"EUR","P_SAL_H","50-249","S95","D1111","BG",2008,NA
"EUR","P_SAL_H","50-249","S96","D01","BG",2008,2.14
"EUR","P_SAL_H","50-249","S96","D111","BG",2008,1.77
"EUR","P_SAL_H","50-249","S96","D1111","BG",2008,1.55
"EUR","P_SAL_H","500-999","B","D01","BG",2008,5.1
"EUR","P_SAL_H","500-999","B","D111","BG",2008,3.79
"EUR","P_SAL_H","500-999","B","D1111","BG",2008,3.22
"EUR","P_SAL_H","500-999","B-E","D01","BG",2008,3.31
"EUR","P_SAL_H","500-999","B-E","D111","BG",2008,2.6
"EUR","P_SAL_H","500-999","B-E","D1111","BG",2008,2.26
"EUR","P_SAL_H","500-999","B-F","D01","BG",2008,3.27
"EUR","P_SAL_H","500-999","B-F","D111","BG",2008,2.58
"EUR","P_SAL_H","500-999","B-F","D1111","BG",2008,2.26
"EUR","P_SAL_H","500-999","B-N","D01","BG",2008,3.55
"EUR","P_SAL_H","500-999","B-N","D111","BG",2008,2.86
"EUR","P_SAL_H","500-999","B-N","D1111","BG",2008,2.47
"EUR","P_SAL_H","500-999","B-S","D01","BG",2008,3.55
"EUR","P_SAL_H","500-999","B-S","D111","BG",2008,2.86
"EUR","P_SAL_H","500-999","B-S","D1111","BG",2008,2.49
"EUR","P_SAL_H","500-999","B-S_X_O","D01","BG",2008,3.49
"EUR","P_SAL_H","500-999","B-S_X_O","D111","BG",2008,2.82
"EUR","P_SAL_H","500-999","B-S_X_O","D1111","BG",2008,2.45
"EUR","P_SAL_H","500-999","B05","D01","BG",2008,NA
"EUR","P_SAL_H","500-999","B05","D111","BG",2008,NA
"EUR","P_SAL_H","500-999","B05","D1111","BG",2008,NA
"EUR","P_SAL_H","500-999","B06","D01","BG",2008,NA
"EUR","P_SAL_H","500-999","B06","D111","BG",2008,NA
"EUR","P_SAL_H","500-999","B06","D1111","BG",2008,NA
"EUR","P_SAL_H","500-999","B07","D01","BG",2008,6.03
"EUR","P_SAL_H","500-999","B07","D111","BG",2008,4.52
"EUR","P_SAL_H","500-999","B07","D1111","BG",2008,3.78
"EUR","P_SAL_H","500-999","B08","D01","BG",2008,NA
"EUR","P_SAL_H","500-999","B08","D111","BG",2008,NA
"EUR","P_SAL_H","500-999","B08","D1111","BG",2008,NA
"EUR","P_SAL_H","500-999","C","D01","BG",2008,3.04
"EUR","P_SAL_H","500-999","C","D111","BG",2008,2.42
"EUR","P_SAL_H","500-999","C","D1111","BG",2008,2.14
"EUR","P_SAL_H","500-999","C10","D01","BG",2008,NA
"EUR","P_SAL_H","500-999","C10","D111","BG",2008,NA
"EUR","P_SAL_H","500-999","C10","D1111","BG",2008,NA
"EUR","P_SAL_H","500-999","C11","D01","BG",2008,3.1
"EUR","P_SAL_H","500-999","C11","D111","BG",2008,2.59
"EUR","P_SAL_H","500-999","C11","D1111","BG",2008,2.28
"EUR","P_SAL_H","500-999","C12","D01","BG",2008,NA
"EUR","P_SAL_H","500-999","C12","D111","BG",2008,NA
"EUR","P_SAL_H","500-999","C12","D1111","BG",2008,NA
"EUR","P_SAL_H","500-999","C13","D01","BG",2008,2.11
"EUR","P_SAL_H","500-999","C13","D111","BG",2008,1.7
"EUR","P_SAL_H","500-999","C13","D1111","BG",2008,1.54
"EUR","P_SAL_H","500-999","C14","D01","BG",2008,1.89
"EUR","P_SAL_H","500-999","C14","D111","BG",2008,1.54
"EUR","P_SAL_H","500-999","C14","D1111","BG",2008,1.4
"EUR","P_SAL_H","500-999","C15","D01","BG",2008,1.24
"EUR","P_SAL_H","500-999","C15","D111","BG",2008,1.01
"EUR","P_SAL_H","500-999","C15","D1111","BG",2008,0.93
"EUR","P_SAL_H","500-999","C16","D01","BG",2008,NA
"EUR","P_SAL_H","500-999","C16","D111","BG",2008,NA
"EUR","P_SAL_H","500-999","C16","D1111","BG",2008,NA
"EUR","P_SAL_H","500-999","C17","D01","BG",2008,3.74
"EUR","P_SAL_H","500-999","C17","D111","BG",2008,3.01
"EUR","P_SAL_H","500-999","C17","D1111","BG",2008,2.6
"EUR","P_SAL_H","500-999","C20","D01","BG",2008,5.34
"EUR","P_SAL_H","500-999","C20","D111","BG",2008,3.56
"EUR","P_SAL_H","500-999","C20","D1111","BG",2008,2.87
"EUR","P_SAL_H","500-999","C21","D01","BG",2008,3.27
"EUR","P_SAL_H","500-999","C21","D111","BG",2008,2.52
"EUR","P_SAL_H","500-999","C21","D1111","BG",2008,2.25
"EUR","P_SAL_H","500-999","C22","D01","BG",2008,NA
"EUR","P_SAL_H","500-999","C22","D111","BG",2008,NA
"EUR","P_SAL_H","500-999","C22","D1111","BG",2008,NA
"EUR","P_SAL_H","500-999","C23","D01","BG",2008,3.47
"EUR","P_SAL_H","500-999","C23","D111","BG",2008,2.73
"EUR","P_SAL_H","500-999","C23","D1111","BG",2008,2.42
"EUR","P_SAL_H","500-999","C24","D01","BG",2008,4.77
"EUR","P_SAL_H","500-999","C24","D111","BG",2008,3.72
"EUR","P_SAL_H","500-999","C24","D1111","BG",2008,3.24
"EUR","P_SAL_H","500-999","C25","D01","BG",2008,2.72
"EUR","P_SAL_H","500-999","C25","D111","BG",2008,2.2
"EUR","P_SAL_H","500-999","C25","D1111","BG",2008,1.99
"EUR","P_SAL_H","500-999","C27","D01","BG",2008,NA
"EUR","P_SAL_H","500-999","C27","D111","BG",2008,NA
"EUR","P_SAL_H","500-999","C27","D1111","BG",2008,NA
"EUR","P_SAL_H","500-999","C28","D01","BG",2008,2.75
"EUR","P_SAL_H","500-999","C28","D111","BG",2008,2.22
"EUR","P_SAL_H","500-999","C28","D1111","BG",2008,1.97
"EUR","P_SAL_H","500-999","C29","D01","BG",2008,1.67
"EUR","P_SAL_H","500-999","C29","D111","BG",2008,1.36
"EUR","P_SAL_H","500-999","C29","D1111","BG",2008,1.18
"EUR","P_SAL_H","500-999","C30","D01","BG",2008,NA
"EUR","P_SAL_H","500-999","C30","D111","BG",2008,NA
"EUR","P_SAL_H","500-999","C30","D1111","BG",2008,NA
"EUR","P_SAL_H","500-999","C31","D01","BG",2008,1.91
"EUR","P_SAL_H","500-999","C31","D111","BG",2008,1.53
"EUR","P_SAL_H","500-999","C31","D1111","BG",2008,1.42
"EUR","P_SAL_H","500-999","C32","D01","BG",2008,NA
"EUR","P_SAL_H","500-999","C32","D111","BG",2008,NA
"EUR","P_SAL_H","500-999","C32","D1111","BG",2008,NA
"EUR","P_SAL_H","500-999","C33","D01","BG",2008,4.49
"EUR","P_SAL_H","500-999","C33","D111","BG",2008,3.59
"EUR","P_SAL_H","500-999","C33","D1111","BG",2008,3.11
"EUR","P_SAL_H","500-999","D","D01","BG",2008,5.55
"EUR","P_SAL_H","500-999","D","D111","BG",2008,4.08
"EUR","P_SAL_H","500-999","D","D1111","BG",2008,3.18
"EUR","P_SAL_H","500-999","D35","D01","BG",2008,5.55
"EUR","P_SAL_H","500-999","D35","D111","BG",2008,4.08
"EUR","P_SAL_H","500-999","D35","D1111","BG",2008,3.18
"EUR","P_SAL_H","500-999","E","D01","BG",2008,2.75
"EUR","P_SAL_H","500-999","E","D111","BG",2008,2.26
"EUR","P_SAL_H","500-999","E","D1111","BG",2008,1.95
"EUR","P_SAL_H","500-999","E36","D01","BG",2008,3.22
"EUR","P_SAL_H","500-999","E36","D111","BG",2008,2.62
"EUR","P_SAL_H","500-999","E36","D1111","BG",2008,1.99
"EUR","P_SAL_H","500-999","E38","D01","BG",2008,2.55
"EUR","P_SAL_H","500-999","E38","D111","BG",2008,2.11
"EUR","P_SAL_H","500-999","E38","D1111","BG",2008,1.93
"EUR","P_SAL_H","500-999","F","D01","BG",2008,3.01
"EUR","P_SAL_H","500-999","F","D111","BG",2008,2.47
"EUR","P_SAL_H","500-999","F","D1111","BG",2008,2.31
"EUR","P_SAL_H","500-999","F41","D01","BG",2008,2.62
"EUR","P_SAL_H","500-999","F41","D111","BG",2008,2.19
"EUR","P_SAL_H","500-999","F41","D1111","BG",2008,2.08
"EUR","P_SAL_H","500-999","F42","D01","BG",2008,NA
"EUR","P_SAL_H","500-999","F42","D111","BG",2008,NA
"EUR","P_SAL_H","500-999","F42","D1111","BG",2008,NA
"EUR","P_SAL_H","500-999","F43","D01","BG",2008,NA
"EUR","P_SAL_H","500-999","F43","D111","BG",2008,NA
"EUR","P_SAL_H","500-999","F43","D1111","BG",2008,NA
"EUR","P_SAL_H","500-999","G","D01","BG",2008,3.71
"EUR","P_SAL_H","500-999","G","D111","BG",2008,3.08
"EUR","P_SAL_H","500-999","G","D1111","BG",2008,2.85
"EUR","P_SAL_H","500-999","G-J","D01","BG",2008,4.17
"EUR","P_SAL_H","500-999","G-J","D111","BG",2008,3.42
"EUR","P_SAL_H","500-999","G-J","D1111","BG",2008,2.86
"EUR","P_SAL_H","500-999","G-N","D01","BG",2008,4.05
"EUR","P_SAL_H","500-999","G-N","D111","BG",2008,3.34
"EUR","P_SAL_H","500-999","G-N","D1111","BG",2008,2.84
"EUR","P_SAL_H","500-999","G-S_X_O","D01","BG",2008,3.73
"EUR","P_SAL_H","500-999","G-S_X_O","D111","BG",2008,3.07
"EUR","P_SAL_H","500-999","G-S_X_O","D1111","BG",2008,2.65
"EUR","P_SAL_H","500-999","G45","D01","BG",2008,5.41
"EUR","P_SAL_H","500-999","G45","D111","BG",2008,4.58
"EUR","P_SAL_H","500-999","G45","D1111","BG",2008,4.17
"EUR","P_SAL_H","500-999","G46","D01","BG",2008,4.04
"EUR","P_SAL_H","500-999","G46","D111","BG",2008,3.38
"EUR","P_SAL_H","500-999","G46","D1111","BG",2008,3.13
"EUR","P_SAL_H","500-999","G47","D01","BG",2008,2.96
"EUR","P_SAL_H","500-999","G47","D111","BG",2008,2.42
"EUR","P_SAL_H","500-999","G47","D1111","BG",2008,2.26
"EUR","P_SAL_H","500-999","H","D01","BG",2008,4.55
"EUR","P_SAL_H","500-999","H","D111","BG",2008,3.69
"EUR","P_SAL_H","500-999","H","D1111","BG",2008,2.85
"EUR","P_SAL_H","500-999","H49","D01","BG",2008,3.14
"EUR","P_SAL_H","500-999","H49","D111","BG",2008,2.46
"EUR","P_SAL_H","500-999","H49","D1111","BG",2008,1.88
"EUR","P_SAL_H","500-999","H50","D01","BG",2008,NA
"EUR","P_SAL_H","500-999","H50","D111","BG",2008,NA
"EUR","P_SAL_H","500-999","H50","D1111","BG",2008,NA
"EUR","P_SAL_H","500-999","H51","D01","BG",2008,NA
"EUR","P_SAL_H","500-999","H51","D111","BG",2008,NA
"EUR","P_SAL_H","500-999","H51","D1111","BG",2008,NA
"EUR","P_SAL_H","500-999","H52","D01","BG",2008,6.76
"EUR","P_SAL_H","500-999","H52","D111","BG",2008,5.55
"EUR","P_SAL_H","500-999","H52","D1111","BG",2008,4.21
"EUR","P_SAL_H","500-999","H53","D01","BG",2008,NA
"EUR","P_SAL_H","500-999","H53","D111","BG",2008,NA
"EUR","P_SAL_H","500-999","H53","D1111","BG",2008,NA
"EUR","P_SAL_H","500-999","I","D01","BG",2008,NA
"EUR","P_SAL_H","500-999","I","D111","BG",2008,NA
"EUR","P_SAL_H","500-999","I","D1111","BG",2008,NA
"EUR","P_SAL_H","500-999","I55","D01","BG",2008,NA
"EUR","P_SAL_H","500-999","I55","D111","BG",2008,NA
"EUR","P_SAL_H","500-999","I55","D1111","BG",2008,NA
"EUR","P_SAL_H","500-999","I56","D01","BG",2008,NA
"EUR","P_SAL_H","500-999","I56","D111","BG",2008,NA
"EUR","P_SAL_H","500-999","I56","D1111","BG",2008,NA
"EUR","P_SAL_H","500-999","J","D01","BG",2008,4.85
"EUR","P_SAL_H","500-999","J","D111","BG",2008,4.12
"EUR","P_SAL_H","500-999","J","D1111","BG",2008,3.75
"EUR","P_SAL_H","500-999","J58","D01","BG",2008,NA
"EUR","P_SAL_H","500-999","J58","D111","BG",2008,NA
"EUR","P_SAL_H","500-999","J58","D1111","BG",2008,NA
"EUR","P_SAL_H","500-999","J60","D01","BG",2008,NA
"EUR","P_SAL_H","500-999","J60","D111","BG",2008,NA
"EUR","P_SAL_H","500-999","J60","D1111","BG",2008,NA
"EUR","P_SAL_H","500-999","J61","D01","BG",2008,NA
"EUR","P_SAL_H","500-999","J61","D111","BG",2008,NA
"EUR","P_SAL_H","500-999","J61","D1111","BG",2008,NA
"EUR","P_SAL_H","500-999","J62","D01","BG",2008,NA
"EUR","P_SAL_H","500-999","J62","D111","BG",2008,NA
"EUR","P_SAL_H","500-999","J62","D1111","BG",2008,NA
"EUR","P_SAL_H","500-999","K","D01","BG",2008,6.16
"EUR","P_SAL_H","500-999","K","D111","BG",2008,5.21
"EUR","P_SAL_H","500-999","K","D1111","BG",2008,4.53
"EUR","P_SAL_H","500-999","K-N","D01","BG",2008,3.84
"EUR","P_SAL_H","500-999","K-N","D111","BG",2008,3.2
"EUR","P_SAL_H","500-999","K-N","D1111","BG",2008,2.78
"EUR","P_SAL_H","500-999","K64","D01","BG",2008,6.16
"EUR","P_SAL_H","500-999","K64","D111","BG",2008,5.21
"EUR","P_SAL_H","500-999","K64","D1111","BG",2008,4.53
"EUR","P_SAL_H","500-999","K65","D01","BG",2008,NA
"EUR","P_SAL_H","500-999","K65","D111","BG",2008,NA
"EUR","P_SAL_H","500-999","K65","D1111","BG",2008,NA
"EUR","P_SAL_H","500-999","M","D01","BG",2008,NA
"EUR","P_SAL_H","500-999","M","D111","BG",2008,NA
"EUR","P_SAL_H","500-999","M","D1111","BG",2008,NA
"EUR","P_SAL_H","500-999","M70","D01","BG",2008,NA
"EUR","P_SAL_H","500-999","M70","D111","BG",2008,NA
"EUR","P_SAL_H","500-999","M70","D1111","BG",2008,NA
"EUR","P_SAL_H","500-999","M73","D01","BG",2008,NA
"EUR","P_SAL_H","500-999","M73","D111","BG",2008,NA
"EUR","P_SAL_H","500-999","M73","D1111","BG",2008,NA
"EUR","P_SAL_H","500-999","N","D01","BG",2008,1.41
"EUR","P_SAL_H","500-999","N","D111","BG",2008,1.15
"EUR","P_SAL_H","500-999","N","D1111","BG",2008,1.06
"EUR","P_SAL_H","500-999","N78","D01","BG",2008,NA
"EUR","P_SAL_H","500-999","N78","D111","BG",2008,NA
"EUR","P_SAL_H","500-999","N78","D1111","BG",2008,NA
"EUR","P_SAL_H","500-999","N80","D01","BG",2008,1.08
"EUR","P_SAL_H","500-999","N80","D111","BG",2008,0.88
"EUR","P_SAL_H","500-999","N80","D1111","BG",2008,0.83
"EUR","P_SAL_H","500-999","N81","D01","BG",2008,NA
"EUR","P_SAL_H","500-999","N81","D111","BG",2008,NA
"EUR","P_SAL_H","500-999","N81","D1111","BG",2008,NA
"EUR","P_SAL_H","500-999","N82","D01","BG",2008,NA
"EUR","P_SAL_H","500-999","N82","D111","BG",2008,NA
"EUR","P_SAL_H","500-999","N82","D1111","BG",2008,NA
"EUR","P_SAL_H","500-999","O","D01","BG",2008,4.68
"EUR","P_SAL_H","500-999","O","D111","BG",2008,3.7
"EUR","P_SAL_H","500-999","O","D1111","BG",2008,3.42
"EUR","P_SAL_H","500-999","O-S","D01","BG",2008,3.53
"EUR","P_SAL_H","500-999","O-S","D111","BG",2008,2.87
"EUR","P_SAL_H","500-999","O-S","D1111","BG",2008,2.57
"EUR","P_SAL_H","500-999","O84","D01","BG",2008,4.68
"EUR","P_SAL_H","500-999","O84","D111","BG",2008,3.7
"EUR","P_SAL_H","500-999","O84","D1111","BG",2008,3.42
"EUR","P_SAL_H","500-999","P","D01","BG",2008,3.57
"EUR","P_SAL_H","500-999","P","D111","BG",2008,2.94
"EUR","P_SAL_H","500-999","P","D1111","BG",2008,2.51
"EUR","P_SAL_H","500-999","P-S","D01","BG",2008,3.22
"EUR","P_SAL_H","500-999","P-S","D111","BG",2008,2.65
"EUR","P_SAL_H","500-999","P-S","D1111","BG",2008,2.34
"EUR","P_SAL_H","500-999","P85","D01","BG",2008,3.57
"EUR","P_SAL_H","500-999","P85","D111","BG",2008,2.94
"EUR","P_SAL_H","500-999","P85","D1111","BG",2008,2.51
"EUR","P_SAL_H","500-999","Q","D01","BG",2008,3.05
"EUR","P_SAL_H","500-999","Q","D111","BG",2008,2.51
"EUR","P_SAL_H","500-999","Q","D1111","BG",2008,2.26
"EUR","P_SAL_H","500-999","Q86","D01","BG",2008,3.05
"EUR","P_SAL_H","500-999","Q86","D111","BG",2008,2.51
"EUR","P_SAL_H","500-999","Q86","D1111","BG",2008,2.26
"EUR","P_SAL_H","500-999","Q87","D01","BG",2008,NA
"EUR","P_SAL_H","500-999","Q87","D111","BG",2008,NA
"EUR","P_SAL_H","500-999","Q87","D1111","BG",2008,NA
"EUR","P_SAL_H","500-999","Q88","D01","BG",2008,NA
"EUR","P_SAL_H","500-999","Q88","D111","BG",2008,NA
"EUR","P_SAL_H","500-999","Q88","D1111","BG",2008,NA
"EUR","P_SAL_H","GE10","B","D01","BG",2008,4.49
"EUR","P_SAL_H","GE10","B","D111","BG",2008,3.29
"EUR","P_SAL_H","GE10","B","D1111","BG",2008,2.79
"EUR","P_SAL_H","GE10","B-E","D01","BG",2008,2.53
"EUR","P_SAL_H","GE10","B-E","D111","BG",2008,2.02
"EUR","P_SAL_H","GE10","B-E","D1111","BG",2008,1.76
"EUR","P_SAL_H","GE10","B-F","D01","BG",2008,2.4
"EUR","P_SAL_H","GE10","B-F","D111","BG",2008,1.93
"EUR","P_SAL_H","GE10","B-F","D1111","BG",2008,1.7
"EUR","P_SAL_H","GE10","B-N","D01","BG",2008,2.54
"EUR","P_SAL_H","GE10","B-N","D111","BG",2008,2.08
"EUR","P_SAL_H","GE10","B-N","D1111","BG",2008,1.86
"EUR","P_SAL_H","GE10","B-S","D01","BG",2008,2.62
"EUR","P_SAL_H","GE10","B-S","D111","BG",2008,2.13
"EUR","P_SAL_H","GE10","B-S","D1111","BG",2008,1.9
"EUR","P_SAL_H","GE10","B-S_X_O","D01","BG",2008,2.56
"EUR","P_SAL_H","GE10","B-S_X_O","D111","BG",2008,2.09
"EUR","P_SAL_H","GE10","B-S_X_O","D1111","BG",2008,1.86
"EUR","P_SAL_H","GE10","B05","D01","BG",2008,4.95
"EUR","P_SAL_H","GE10","B05","D111","BG",2008,3.49
"EUR","P_SAL_H","GE10","B05","D1111","BG",2008,2.82
"EUR","P_SAL_H","GE10","B06","D01","BG",2008,NA
"EUR","P_SAL_H","GE10","B06","D111","BG",2008,NA
"EUR","P_SAL_H","GE10","B06","D1111","BG",2008,NA
"EUR","P_SAL_H","GE10","B07","D01","BG",2008,5.64
"EUR","P_SAL_H","GE10","B07","D111","BG",2008,4.25
"EUR","P_SAL_H","GE10","B07","D1111","BG",2008,3.74
"EUR","P_SAL_H","GE10","B08","D01","BG",2008,2.92
"EUR","P_SAL_H","GE10","B08","D111","BG",2008,2.26
"EUR","P_SAL_H","GE10","B08","D1111","BG",2008,2.03
"EUR","P_SAL_H","GE10","B09","D01","BG",2008,NA
"EUR","P_SAL_H","GE10","B09","D111","BG",2008,NA
"EUR","P_SAL_H","GE10","B09","D1111","BG",2008,NA
"EUR","P_SAL_H","GE10","C","D01","BG",2008,2.21
"EUR","P_SAL_H","GE10","C","D111","BG",2008,1.78
"EUR","P_SAL_H","GE10","C","D1111","BG",2008,1.6
"EUR","P_SAL_H","GE10","C10","D01","BG",2008,1.77
"EUR","P_SAL_H","GE10","C10","D111","BG",2008,1.45
"EUR","P_SAL_H","GE10","C10","D1111","BG",2008,1.34
"EUR","P_SAL_H","GE10","C11","D01","BG",2008,2.88
"EUR","P_SAL_H","GE10","C11","D111","BG",2008,2.4
"EUR","P_SAL_H","GE10","C11","D1111","BG",2008,2.12
"EUR","P_SAL_H","GE10","C12","D01","BG",2008,NA
"EUR","P_SAL_H","GE10","C12","D111","BG",2008,NA
"EUR","P_SAL_H","GE10","C12","D1111","BG",2008,NA
"EUR","P_SAL_H","GE10","C13","D01","BG",2008,2
"EUR","P_SAL_H","GE10","C13","D111","BG",2008,1.61
"EUR","P_SAL_H","GE10","C13","D1111","BG",2008,1.47
"EUR","P_SAL_H","GE10","C14","D01","BG",2008,1.39
"EUR","P_SAL_H","GE10","C14","D111","BG",2008,1.14
"EUR","P_SAL_H","GE10","C14","D1111","BG",2008,1.04
"EUR","P_SAL_H","GE10","C15","D01","BG",2008,1.26
"EUR","P_SAL_H","GE10","C15","D111","BG",2008,1.03
"EUR","P_SAL_H","GE10","C15","D1111","BG",2008,0.95
"EUR","P_SAL_H","GE10","C16","D01","BG",2008,1.68
"EUR","P_SAL_H","GE10","C16","D111","BG",2008,1.37
"EUR","P_SAL_H","GE10","C16","D1111","BG",2008,1.25
"EUR","P_SAL_H","GE10","C17","D01","BG",2008,2.11
"EUR","P_SAL_H","GE10","C17","D111","BG",2008,1.71
"EUR","P_SAL_H","GE10","C17","D1111","BG",2008,1.52
"EUR","P_SAL_H","GE10","C18","D01","BG",2008,2.46
"EUR","P_SAL_H","GE10","C18","D111","BG",2008,2.04
"EUR","P_SAL_H","GE10","C18","D1111","BG",2008,1.85
"EUR","P_SAL_H","GE10","C19","D01","BG",2008,NA
"EUR","P_SAL_H","GE10","C19","D111","BG",2008,NA
"EUR","P_SAL_H","GE10","C19","D1111","BG",2008,NA
"EUR","P_SAL_H","GE10","C20","D01","BG",2008,3.3
"EUR","P_SAL_H","GE10","C20","D111","BG",2008,2.57
"EUR","P_SAL_H","GE10","C20","D1111","BG",2008,2.26
"EUR","P_SAL_H","GE10","C21","D01","BG",2008,3.42
"EUR","P_SAL_H","GE10","C21","D111","BG",2008,2.71
"EUR","P_SAL_H","GE10","C21","D1111","BG",2008,2.39
"EUR","P_SAL_H","GE10","C22","D01","BG",2008,1.66
"EUR","P_SAL_H","GE10","C22","D111","BG",2008,1.36
"EUR","P_SAL_H","GE10","C22","D1111","BG",2008,1.25
"EUR","P_SAL_H","GE10","C23","D01","BG",2008,2.69
"EUR","P_SAL_H","GE10","C23","D111","BG",2008,2.16
"EUR","P_SAL_H","GE10","C23","D1111","BG",2008,1.94
"EUR","P_SAL_H","GE10","C24","D01","BG",2008,4.72
"EUR","P_SAL_H","GE10","C24","D111","BG",2008,3.65
"EUR","P_SAL_H","GE10","C24","D1111","BG",2008,3.19
"EUR","P_SAL_H","GE10","C25","D01","BG",2008,2.12
"EUR","P_SAL_H","GE10","C25","D111","BG",2008,1.72
"EUR","P_SAL_H","GE10","C25","D1111","BG",2008,1.56
"EUR","P_SAL_H","GE10","C26","D01","BG",2008,2.83
"EUR","P_SAL_H","GE10","C26","D111","BG",2008,2.34
"EUR","P_SAL_H","GE10","C26","D1111","BG",2008,2.06
"EUR","P_SAL_H","GE10","C27","D01","BG",2008,2.72
"EUR","P_SAL_H","GE10","C27","D111","BG",2008,2.21
"EUR","P_SAL_H","GE10","C27","D1111","BG",2008,1.97
"EUR","P_SAL_H","GE10","C28","D01","BG",2008,2.65
"EUR","P_SAL_H","GE10","C28","D111","BG",2008,2.15
"EUR","P_SAL_H","GE10","C28","D1111","BG",2008,1.9
"EUR","P_SAL_H","GE10","C29","D01","BG",2008,2.08
"EUR","P_SAL_H","GE10","C29","D111","BG",2008,1.69
"EUR","P_SAL_H","GE10","C29","D1111","BG",2008,1.53
"EUR","P_SAL_H","GE10","C30","D01","BG",2008,3.3
"EUR","P_SAL_H","GE10","C30","D111","BG",2008,2.63
"EUR","P_SAL_H","GE10","C30","D1111","BG",2008,2.35
"EUR","P_SAL_H","GE10","C31","D01","BG",2008,1.37
"EUR","P_SAL_H","GE10","C31","D111","BG",2008,1.12
"EUR","P_SAL_H","GE10","C31","D1111","BG",2008,1.03
"EUR","P_SAL_H","GE10","C32","D01","BG",2008,1.82
"EUR","P_SAL_H","GE10","C32","D111","BG",2008,1.5
"EUR","P_SAL_H","GE10","C32","D1111","BG",2008,1.36
"EUR","P_SAL_H","GE10","C33","D01","BG",2008,3.51
"EUR","P_SAL_H","GE10","C33","D111","BG",2008,2.82
"EUR","P_SAL_H","GE10","C33","D1111","BG",2008,2.5
"EUR","P_SAL_H","GE10","D","D01","BG",2008,6.12
"EUR","P_SAL_H","GE10","D","D111","BG",2008,4.69
"EUR","P_SAL_H","GE10","D","D1111","BG",2008,3.49
"EUR","P_SAL_H","GE10","D35","D01","BG",2008,6.12
"EUR","P_SAL_H","GE10","D35","D111","BG",2008,4.69
"EUR","P_SAL_H","GE10","D35","D1111","BG",2008,3.49
"EUR","P_SAL_H","GE10","E","D01","BG",2008,2.64
"EUR","P_SAL_H","GE10","E","D111","BG",2008,2.15
"EUR","P_SAL_H","GE10","E","D1111","BG",2008,1.79
"EUR","P_SAL_H","GE10","E36","D01","BG",2008,2.97
"EUR","P_SAL_H","GE10","E36","D111","BG",2008,2.41
"EUR","P_SAL_H","GE10","E36","D1111","BG",2008,1.89
"EUR","P_SAL_H","GE10","E37","D01","BG",2008,2.89
"EUR","P_SAL_H","GE10","E37","D111","BG",2008,2.51
"EUR","P_SAL_H","GE10","E37","D1111","BG",2008,2.37
"EUR","P_SAL_H","GE10","E38","D01","BG",2008,2.21
"EUR","P_SAL_H","GE10","E38","D111","BG",2008,1.81
"EUR","P_SAL_H","GE10","E38","D1111","BG",2008,1.65
"EUR","P_SAL_H","GE10","E39","D01","BG",2008,2.62
"EUR","P_SAL_H","GE10","E39","D111","BG",2008,2.13
"EUR","P_SAL_H","GE10","E39","D1111","BG",2008,1.91
"EUR","P_SAL_H","GE10","F","D01","BG",2008,2.01
"EUR","P_SAL_H","GE10","F","D111","BG",2008,1.65
"EUR","P_SAL_H","GE10","F","D1111","BG",2008,1.54
"EUR","P_SAL_H","GE10","F41","D01","BG",2008,1.78
"EUR","P_SAL_H","GE10","F41","D111","BG",2008,1.47
"EUR","P_SAL_H","GE10","F41","D1111","BG",2008,1.37
"EUR","P_SAL_H","GE10","F42","D01","BG",2008,2.63
"EUR","P_SAL_H","GE10","F42","D111","BG",2008,2.12
"EUR","P_SAL_H","GE10","F42","D1111","BG",2008,1.95
"EUR","P_SAL_H","GE10","F43","D01","BG",2008,2.09
"EUR","P_SAL_H","GE10","F43","D111","BG",2008,1.72
"EUR","P_SAL_H","GE10","F43","D1111","BG",2008,1.62
"EUR","P_SAL_H","GE10","G","D01","BG",2008,2.2
"EUR","P_SAL_H","GE10","G","D111","BG",2008,1.84
"EUR","P_SAL_H","GE10","G","D1111","BG",2008,1.71
"EUR","P_SAL_H","GE10","G-J","D01","BG",2008,2.63
"EUR","P_SAL_H","GE10","G-J","D111","BG",2008,2.18
"EUR","P_SAL_H","GE10","G-J","D1111","BG",2008,1.96
"EUR","P_SAL_H","GE10","G-N","D01","BG",2008,2.71
"EUR","P_SAL_H","GE10","G-N","D111","BG",2008,2.27
"EUR","P_SAL_H","GE10","G-N","D1111","BG",2008,2.04
"EUR","P_SAL_H","GE10","G-S_X_O","D01","BG",2008,2.7
"EUR","P_SAL_H","GE10","G-S_X_O","D111","BG",2008,2.23
"EUR","P_SAL_H","GE10","G-S_X_O","D1111","BG",2008,1.99
"EUR","P_SAL_H","GE10","G45","D01","BG",2008,2.83
"EUR","P_SAL_H","GE10","G45","D111","BG",2008,2.38
"EUR","P_SAL_H","GE10","G45","D1111","BG",2008,2.21
"EUR","P_SAL_H","GE10","G46","D01","BG",2008,2.49
"EUR","P_SAL_H","GE10","G46","D111","BG",2008,2.1
"EUR","P_SAL_H","GE10","G46","D1111","BG",2008,1.95
"EUR","P_SAL_H","GE10","G47","D01","BG",2008,1.75
"EUR","P_SAL_H","GE10","G47","D111","BG",2008,1.44
"EUR","P_SAL_H","GE10","G47","D1111","BG",2008,1.34
"EUR","P_SAL_H","GE10","H","D01","BG",2008,3.09
"EUR","P_SAL_H","GE10","H","D111","BG",2008,2.51
"EUR","P_SAL_H","GE10","H","D1111","BG",2008,2.07
"EUR","P_SAL_H","GE10","H49","D01","BG",2008,2.38
"EUR","P_SAL_H","GE10","H49","D111","BG",2008,1.88
"EUR","P_SAL_H","GE10","H49","D1111","BG",2008,1.6
"EUR","P_SAL_H","GE10","H50","D01","BG",2008,4.75
"EUR","P_SAL_H","GE10","H50","D111","BG",2008,3.55
"EUR","P_SAL_H","GE10","H50","D1111","BG",2008,2.91
"EUR","P_SAL_H","GE10","H51","D01","BG",2008,7.3
"EUR","P_SAL_H","GE10","H51","D111","BG",2008,5.98
"EUR","P_SAL_H","GE10","H51","D1111","BG",2008,5.34
"EUR","P_SAL_H","GE10","H52","D01","BG",2008,4.3
"EUR","P_SAL_H","GE10","H52","D111","BG",2008,3.67
"EUR","P_SAL_H","GE10","H52","D1111","BG",2008,2.91
"EUR","P_SAL_H","GE10","H53","D01","BG",2008,2.45
"EUR","P_SAL_H","GE10","H53","D111","BG",2008,2.01
"EUR","P_SAL_H","GE10","H53","D1111","BG",2008,1.57
"EUR","P_SAL_H","GE10","I","D01","BG",2008,1.55
"EUR","P_SAL_H","GE10","I","D111","BG",2008,1.27
"EUR","P_SAL_H","GE10","I","D1111","BG",2008,1.19
"EUR","P_SAL_H","GE10","I55","D01","BG",2008,1.81
"EUR","P_SAL_H","GE10","I55","D111","BG",2008,1.48
"EUR","P_SAL_H","GE10","I55","D1111","BG",2008,1.38
"EUR","P_SAL_H","GE10","I56","D01","BG",2008,1.34
"EUR","P_SAL_H","GE10","I56","D111","BG",2008,1.1
"EUR","P_SAL_H","GE10","I56","D1111","BG",2008,1.04
"EUR","P_SAL_H","GE10","J","D01","BG",2008,5.16
"EUR","P_SAL_H","GE10","J","D111","BG",2008,4.37
"EUR","P_SAL_H","GE10","J","D1111","BG",2008,4
"EUR","P_SAL_H","GE10","J58","D01","BG",2008,3.04
"EUR","P_SAL_H","GE10","J58","D111","BG",2008,2.57
"EUR","P_SAL_H","GE10","J58","D1111","BG",2008,2.39
"EUR","P_SAL_H","GE10","J59","D01","BG",2008,3.42
"EUR","P_SAL_H","GE10","J59","D111","BG",2008,2.85
"EUR","P_SAL_H","GE10","J59","D1111","BG",2008,2.66
"EUR","P_SAL_H","GE10","J60","D01","BG",2008,3.51
"EUR","P_SAL_H","GE10","J60","D111","BG",2008,2.92
"EUR","P_SAL_H","GE10","J60","D1111","BG",2008,2.69
"EUR","P_SAL_H","GE10","J61","D01","BG",2008,5.21
"EUR","P_SAL_H","GE10","J61","D111","BG",2008,4.37
"EUR","P_SAL_H","GE10","J61","D1111","BG",2008,4
"EUR","P_SAL_H","GE10","J62","D01","BG",2008,7.02
"EUR","P_SAL_H","GE10","J62","D111","BG",2008,6.01
"EUR","P_SAL_H","GE10","J62","D1111","BG",2008,5.48
"EUR","P_SAL_H","GE10","J63","D01","BG",2008,4.68
"EUR","P_SAL_H","GE10","J63","D111","BG",2008,3.99
"EUR","P_SAL_H","GE10","J63","D1111","BG",2008,3.63
"EUR","P_SAL_H","GE10","K","D01","BG",2008,5.32
"EUR","P_SAL_H","GE10","K","D111","BG",2008,4.48
"EUR","P_SAL_H","GE10","K","D1111","BG",2008,4.07
"EUR","P_SAL_H","GE10","K-N","D01","BG",2008,2.93
"EUR","P_SAL_H","GE10","K-N","D111","BG",2008,2.48
"EUR","P_SAL_H","GE10","K-N","D1111","BG",2008,2.26
"EUR","P_SAL_H","GE10","K64","D01","BG",2008,5.34
"EUR","P_SAL_H","GE10","K64","D111","BG",2008,4.49
"EUR","P_SAL_H","GE10","K64","D1111","BG",2008,4.05
"EUR","P_SAL_H","GE10","K65","D01","BG",2008,5.49
"EUR","P_SAL_H","GE10","K65","D111","BG",2008,4.66
"EUR","P_SAL_H","GE10","K65","D1111","BG",2008,4.34
"EUR","P_SAL_H","GE10","K66","D01","BG",2008,4.67
"EUR","P_SAL_H","GE10","K66","D111","BG",2008,3.91
"EUR","P_SAL_H","GE10","K66","D1111","BG",2008,3.63
"EUR","P_SAL_H","GE10","L","D01","BG",2008,2.62
"EUR","P_SAL_H","GE10","L","D111","BG",2008,2.19
"EUR","P_SAL_H","GE10","L","D1111","BG",2008,2
"EUR","P_SAL_H","GE10","L68","D01","BG",2008,2.62
"EUR","P_SAL_H","GE10","L68","D111","BG",2008,2.19
"EUR","P_SAL_H","GE10","L68","D1111","BG",2008,2
"EUR","P_SAL_H","GE10","M","D01","BG",2008,4.04
"EUR","P_SAL_H","GE10","M","D111","BG",2008,3.42
"EUR","P_SAL_H","GE10","M","D1111","BG",2008,3.1
"EUR","P_SAL_H","GE10","M69","D01","BG",2008,5.66
"EUR","P_SAL_H","GE10","M69","D111","BG",2008,4.86
"EUR","P_SAL_H","GE10","M69","D1111","BG",2008,4.49
"EUR","P_SAL_H","GE10","M70","D01","BG",2008,5.83
"EUR","P_SAL_H","GE10","M70","D111","BG",2008,4.99
"EUR","P_SAL_H","GE10","M70","D1111","BG",2008,4.46
"EUR","P_SAL_H","GE10","M71","D01","BG",2008,4.08
"EUR","P_SAL_H","GE10","M71","D111","BG",2008,3.42
"EUR","P_SAL_H","GE10","M71","D1111","BG",2008,3.08
"EUR","P_SAL_H","GE10","M72","D01","BG",2008,2.76
"EUR","P_SAL_H","GE10","M72","D111","BG",2008,2.27
"EUR","P_SAL_H","GE10","M72","D1111","BG",2008,1.99
"EUR","P_SAL_H","GE10","M73","D01","BG",2008,3.97
"EUR","P_SAL_H","GE10","M73","D111","BG",2008,3.39
"EUR","P_SAL_H","GE10","M73","D1111","BG",2008,3.14
"EUR","P_SAL_H","GE10","M74","D01","BG",2008,4.34
"EUR","P_SAL_H","GE10","M74","D111","BG",2008,3.78
"EUR","P_SAL_H","GE10","M74","D1111","BG",2008,3.56
"EUR","P_SAL_H","GE10","M75","D01","BG",2008,NA
"EUR","P_SAL_H","GE10","M75","D111","BG",2008,NA
"EUR","P_SAL_H","GE10","M75","D1111","BG",2008,NA
"EUR","P_SAL_H","GE10","N","D01","BG",2008,1.34
"EUR","P_SAL_H","GE10","N","D111","BG",2008,1.14
"EUR","P_SAL_H","GE10","N","D1111","BG",2008,1.06
"EUR","P_SAL_H","GE10","N77","D01","BG",2008,3.31
"EUR","P_SAL_H","GE10","N77","D111","BG",2008,2.79
"EUR","P_SAL_H","GE10","N77","D1111","BG",2008,2.57
"EUR","P_SAL_H","GE10","N78","D01","BG",2008,2.51
"EUR","P_SAL_H","GE10","N78","D111","BG",2008,2.07
"EUR","P_SAL_H","GE10","N78","D1111","BG",2008,1.91
"EUR","P_SAL_H","GE10","N79","D01","BG",2008,2.12
"EUR","P_SAL_H","GE10","N79","D111","BG",2008,1.78
"EUR","P_SAL_H","GE10","N79","D1111","BG",2008,1.69
"EUR","P_SAL_H","GE10","N80","D01","BG",2008,1.22
"EUR","P_SAL_H","GE10","N80","D111","BG",2008,1
"EUR","P_SAL_H","GE10","N80","D1111","BG",2008,0.94
"EUR","P_SAL_H","GE10","N81","D01","BG",2008,0.97
"EUR","P_SAL_H","GE10","N81","D111","BG",2008,0.91
"EUR","P_SAL_H","GE10","N81","D1111","BG",2008,0.84
"EUR","P_SAL_H","GE10","N82","D01","BG",2008,3.11
"EUR","P_SAL_H","GE10","N82","D111","BG",2008,2.57
"EUR","P_SAL_H","GE10","N82","D1111","BG",2008,2.39
"EUR","P_SAL_H","GE10","O","D01","BG",2008,3.44
"EUR","P_SAL_H","GE10","O","D111","BG",2008,2.71
"EUR","P_SAL_H","GE10","O","D1111","BG",2008,2.44
"EUR","P_SAL_H","GE10","O-S","D01","BG",2008,2.89
"EUR","P_SAL_H","GE10","O-S","D111","BG",2008,2.32
"EUR","P_SAL_H","GE10","O-S","D1111","BG",2008,2.03
"EUR","P_SAL_H","GE10","O84","D01","BG",2008,3.44
"EUR","P_SAL_H","GE10","O84","D111","BG",2008,2.71
"EUR","P_SAL_H","GE10","O84","D1111","BG",2008,2.44
"EUR","P_SAL_H","GE10","P","D01","BG",2008,2.82
"EUR","P_SAL_H","GE10","P","D111","BG",2008,2.25
"EUR","P_SAL_H","GE10","P","D1111","BG",2008,1.88
"EUR","P_SAL_H","GE10","P-S","D01","BG",2008,2.66
"EUR","P_SAL_H","GE10","P-S","D111","BG",2008,2.15
"EUR","P_SAL_H","GE10","P-S","D1111","BG",2008,1.86
"EUR","P_SAL_H","GE10","P85","D01","BG",2008,2.82
"EUR","P_SAL_H","GE10","P85","D111","BG",2008,2.25
"EUR","P_SAL_H","GE10","P85","D1111","BG",2008,1.88
"EUR","P_SAL_H","GE10","Q","D01","BG",2008,2.68
"EUR","P_SAL_H","GE10","Q","D111","BG",2008,2.2
"EUR","P_SAL_H","GE10","Q","D1111","BG",2008,1.97
"EUR","P_SAL_H","GE10","Q86","D01","BG",2008,2.96
"EUR","P_SAL_H","GE10","Q86","D111","BG",2008,2.43
"EUR","P_SAL_H","GE10","Q86","D1111","BG",2008,2.18
"EUR","P_SAL_H","GE10","Q87","D01","BG",2008,1.91
"EUR","P_SAL_H","GE10","Q87","D111","BG",2008,1.56
"EUR","P_SAL_H","GE10","Q87","D1111","BG",2008,1.37
"EUR","P_SAL_H","GE10","Q88","D01","BG",2008,1.62
"EUR","P_SAL_H","GE10","Q88","D111","BG",2008,1.32
"EUR","P_SAL_H","GE10","Q88","D1111","BG",2008,1.17
"EUR","P_SAL_H","GE10","R","D01","BG",2008,2.05
"EUR","P_SAL_H","GE10","R","D111","BG",2008,1.7
"EUR","P_SAL_H","GE10","R","D1111","BG",2008,1.54
"EUR","P_SAL_H","GE10","R90","D01","BG",2008,2.21
"EUR","P_SAL_H","GE10","R90","D111","BG",2008,1.79
"EUR","P_SAL_H","GE10","R90","D1111","BG",2008,1.56
"EUR","P_SAL_H","GE10","R91","D01","BG",2008,1.97
"EUR","P_SAL_H","GE10","R91","D111","BG",2008,1.6
"EUR","P_SAL_H","GE10","R91","D1111","BG",2008,1.41
"EUR","P_SAL_H","GE10","R92","D01","BG",2008,1.7
"EUR","P_SAL_H","GE10","R92","D111","BG",2008,1.4
"EUR","P_SAL_H","GE10","R92","D1111","BG",2008,1.3
"EUR","P_SAL_H","GE10","R93","D01","BG",2008,2.52
"EUR","P_SAL_H","GE10","R93","D111","BG",2008,2.17
"EUR","P_SAL_H","GE10","R93","D1111","BG",2008,2.03
"EUR","P_SAL_H","GE10","S","D01","BG",2008,1.8
"EUR","P_SAL_H","GE10","S","D111","BG",2008,1.53
"EUR","P_SAL_H","GE10","S","D1111","BG",2008,1.4
"EUR","P_SAL_H","GE10","S94","D01","BG",2008,1.9
"EUR","P_SAL_H","GE10","S94","D111","BG",2008,1.65
"EUR","P_SAL_H","GE10","S94","D1111","BG",2008,1.5
"EUR","P_SAL_H","GE10","S95","D01","BG",2008,2.26
"EUR","P_SAL_H","GE10","S95","D111","BG",2008,1.89
"EUR","P_SAL_H","GE10","S95","D1111","BG",2008,1.76
"EUR","P_SAL_H","GE10","S96","D01","BG",2008,1.52
"EUR","P_SAL_H","GE10","S96","D111","BG",2008,1.25
"EUR","P_SAL_H","GE10","S96","D1111","BG",2008,1.14
"EUR","P_SAL_H","GE1000","B","D01","BG",2008,5.92
"EUR","P_SAL_H","GE1000","B","D111","BG",2008,4.24
"EUR","P_SAL_H","GE1000","B","D1111","BG",2008,3.49
"EUR","P_SAL_H","GE1000","B-E","D01","BG",2008,4.78
"EUR","P_SAL_H","GE1000","B-E","D111","BG",2008,3.69
"EUR","P_SAL_H","GE1000","B-E","D1111","BG",2008,3.05
"EUR","P_SAL_H","GE1000","B-F","D01","BG",2008,4.63
"EUR","P_SAL_H","GE1000","B-F","D111","BG",2008,3.58
"EUR","P_SAL_H","GE1000","B-F","D1111","BG",2008,2.97
"EUR","P_SAL_H","GE1000","B-N","D01","BG",2008,4.15
"EUR","P_SAL_H","GE1000","B-N","D111","BG",2008,3.29
"EUR","P_SAL_H","GE1000","B-N","D1111","BG",2008,2.79
"EUR","P_SAL_H","GE1000","B-S","D01","BG",2008,4.09
"EUR","P_SAL_H","GE1000","B-S","D111","BG",2008,3.25
"EUR","P_SAL_H","GE1000","B-S","D1111","BG",2008,2.77
"EUR","P_SAL_H","GE1000","B-S_X_O","D01","BG",2008,4.1
"EUR","P_SAL_H","GE1000","B-S_X_O","D111","BG",2008,3.25
"EUR","P_SAL_H","GE1000","B-S_X_O","D1111","BG",2008,2.76
"EUR","P_SAL_H","GE1000","B05","D01","BG",2008,NA
"EUR","P_SAL_H","GE1000","B05","D111","BG",2008,NA
"EUR","P_SAL_H","GE1000","B05","D1111","BG",2008,NA
"EUR","P_SAL_H","GE1000","B07","D01","BG",2008,NA
"EUR","P_SAL_H","GE1000","B07","D111","BG",2008,NA
"EUR","P_SAL_H","GE1000","B07","D1111","BG",2008,NA
"EUR","P_SAL_H","GE1000","C","D01","BG",2008,4.11
"EUR","P_SAL_H","GE1000","C","D111","BG",2008,3.23
"EUR","P_SAL_H","GE1000","C","D1111","BG",2008,2.82
"EUR","P_SAL_H","GE1000","C10","D01","BG",2008,NA
"EUR","P_SAL_H","GE1000","C10","D111","BG",2008,NA
"EUR","P_SAL_H","GE1000","C10","D1111","BG",2008,NA
"EUR","P_SAL_H","GE1000","C11","D01","BG",2008,NA
"EUR","P_SAL_H","GE1000","C11","D111","BG",2008,NA
"EUR","P_SAL_H","GE1000","C11","D1111","BG",2008,NA
"EUR","P_SAL_H","GE1000","C12","D01","BG",2008,NA
"EUR","P_SAL_H","GE1000","C12","D111","BG",2008,NA
"EUR","P_SAL_H","GE1000","C12","D1111","BG",2008,NA
"EUR","P_SAL_H","GE1000","C13","D01","BG",2008,NA
"EUR","P_SAL_H","GE1000","C13","D111","BG",2008,NA
"EUR","P_SAL_H","GE1000","C13","D1111","BG",2008,NA
"EUR","P_SAL_H","GE1000","C14","D01","BG",2008,2.13
"EUR","P_SAL_H","GE1000","C14","D111","BG",2008,1.73
"EUR","P_SAL_H","GE1000","C14","D1111","BG",2008,1.59
"EUR","P_SAL_H","GE1000","C19","D01","BG",2008,NA
"EUR","P_SAL_H","GE1000","C19","D111","BG",2008,NA
"EUR","P_SAL_H","GE1000","C19","D1111","BG",2008,NA
"EUR","P_SAL_H","GE1000","C20","D01","BG",2008,NA
"EUR","P_SAL_H","GE1000","C20","D111","BG",2008,NA
"EUR","P_SAL_H","GE1000","C20","D1111","BG",2008,NA
"EUR","P_SAL_H","GE1000","C21","D01","BG",2008,NA
"EUR","P_SAL_H","GE1000","C21","D111","BG",2008,NA
"EUR","P_SAL_H","GE1000","C21","D1111","BG",2008,NA
"EUR","P_SAL_H","GE1000","C22","D01","BG",2008,NA
"EUR","P_SAL_H","GE1000","C22","D111","BG",2008,NA
"EUR","P_SAL_H","GE1000","C22","D1111","BG",2008,NA
"EUR","P_SAL_H","GE1000","C23","D01","BG",2008,NA
"EUR","P_SAL_H","GE1000","C23","D111","BG",2008,NA
"EUR","P_SAL_H","GE1000","C23","D1111","BG",2008,NA
"EUR","P_SAL_H","GE1000","C24","D01","BG",2008,6.4
"EUR","P_SAL_H","GE1000","C24","D111","BG",2008,4.86
"EUR","P_SAL_H","GE1000","C24","D1111","BG",2008,4.18
"EUR","P_SAL_H","GE1000","C25","D01","BG",2008,2.59
"EUR","P_SAL_H","GE1000","C25","D111","BG",2008,2.03
"EUR","P_SAL_H","GE1000","C25","D1111","BG",2008,1.85
"EUR","P_SAL_H","GE1000","C27","D01","BG",2008,NA
"EUR","P_SAL_H","GE1000","C27","D111","BG",2008,NA
"EUR","P_SAL_H","GE1000","C27","D1111","BG",2008,NA
"EUR","P_SAL_H","GE1000","C28","D01","BG",2008,3.93
"EUR","P_SAL_H","GE1000","C28","D111","BG",2008,3.15
"EUR","P_SAL_H","GE1000","C28","D1111","BG",2008,2.62
"EUR","P_SAL_H","GE1000","C29","D01","BG",2008,2.2
"EUR","P_SAL_H","GE1000","C29","D111","BG",2008,1.79
"EUR","P_SAL_H","GE1000","C29","D1111","BG",2008,1.64
"EUR","P_SAL_H","GE1000","C30","D01","BG",2008,NA
"EUR","P_SAL_H","GE1000","C30","D111","BG",2008,NA
"EUR","P_SAL_H","GE1000","C30","D1111","BG",2008,NA
"EUR","P_SAL_H","GE1000","C33","D01","BG",2008,NA
"EUR","P_SAL_H","GE1000","C33","D111","BG",2008,NA
"EUR","P_SAL_H","GE1000","C33","D1111","BG",2008,NA
"EUR","P_SAL_H","GE1000","D","D01","BG",2008,6.52
"EUR","P_SAL_H","GE1000","D","D111","BG",2008,5.02
"EUR","P_SAL_H","GE1000","D","D1111","BG",2008,3.63
"EUR","P_SAL_H","GE1000","D35","D01","BG",2008,6.52
"EUR","P_SAL_H","GE1000","D35","D111","BG",2008,5.02
"EUR","P_SAL_H","GE1000","D35","D1111","BG",2008,3.63
"EUR","P_SAL_H","GE1000","E","D01","BG",2008,NA
"EUR","P_SAL_H","GE1000","E","D111","BG",2008,NA
"EUR","P_SAL_H","GE1000","E","D1111","BG",2008,NA
"EUR","P_SAL_H","GE1000","E36","D01","BG",2008,NA
"EUR","P_SAL_H","GE1000","E36","D111","BG",2008,NA
"EUR","P_SAL_H","GE1000","E36","D1111","BG",2008,NA
"EUR","P_SAL_H","GE1000","F","D01","BG",2008,2.04
"EUR","P_SAL_H","GE1000","F","D111","BG",2008,1.69
"EUR","P_SAL_H","GE1000","F","D1111","BG",2008,1.56
"EUR","P_SAL_H","GE1000","F41","D01","BG",2008,2.04
"EUR","P_SAL_H","GE1000","F41","D111","BG",2008,1.69
"EUR","P_SAL_H","GE1000","F41","D1111","BG",2008,1.56
"EUR","P_SAL_H","GE1000","G","D01","BG",2008,2.67
"EUR","P_SAL_H","GE1000","G","D111","BG",2008,2.18
"EUR","P_SAL_H","GE1000","G","D1111","BG",2008,1.99
"EUR","P_SAL_H","GE1000","G-J","D01","BG",2008,3.93
"EUR","P_SAL_H","GE1000","G-J","D111","BG",2008,3.2
"EUR","P_SAL_H","GE1000","G-J","D1111","BG",2008,2.73
"EUR","P_SAL_H","GE1000","G-N","D01","BG",2008,3.6
"EUR","P_SAL_H","GE1000","G-N","D111","BG",2008,2.94
"EUR","P_SAL_H","GE1000","G-N","D1111","BG",2008,2.58
"EUR","P_SAL_H","GE1000","G-S_X_O","D01","BG",2008,3.59
"EUR","P_SAL_H","GE1000","G-S_X_O","D111","BG",2008,2.94
"EUR","P_SAL_H","GE1000","G-S_X_O","D1111","BG",2008,2.57
"EUR","P_SAL_H","GE1000","G46","D01","BG",2008,2.61
"EUR","P_SAL_H","GE1000","G46","D111","BG",2008,2.18
"EUR","P_SAL_H","GE1000","G46","D1111","BG",2008,1.98
"EUR","P_SAL_H","GE1000","G47","D01","BG",2008,2.73
"EUR","P_SAL_H","GE1000","G47","D111","BG",2008,2.18
"EUR","P_SAL_H","GE1000","G47","D1111","BG",2008,2
"EUR","P_SAL_H","GE1000","H","D01","BG",2008,3.95
"EUR","P_SAL_H","GE1000","H","D111","BG",2008,3.12
"EUR","P_SAL_H","GE1000","H","D1111","BG",2008,2.39
"EUR","P_SAL_H","GE1000","H49","D01","BG",2008,3.76
"EUR","P_SAL_H","GE1000","H49","D111","BG",2008,2.88
"EUR","P_SAL_H","GE1000","H49","D1111","BG",2008,2.31
"EUR","P_SAL_H","GE1000","H50","D01","BG",2008,NA
"EUR","P_SAL_H","GE1000","H50","D111","BG",2008,NA
"EUR","P_SAL_H","GE1000","H50","D1111","BG",2008,NA
"EUR","P_SAL_H","GE1000","H52","D01","BG",2008,4.35
"EUR","P_SAL_H","GE1000","H52","D111","BG",2008,3.71
"EUR","P_SAL_H","GE1000","H52","D1111","BG",2008,2.52
"EUR","P_SAL_H","GE1000","H53","D01","BG",2008,NA
"EUR","P_SAL_H","GE1000","H53","D111","BG",2008,NA
"EUR","P_SAL_H","GE1000","H53","D1111","BG",2008,NA
"EUR","P_SAL_H","GE1000","I","D01","BG",2008,NA
"EUR","P_SAL_H","GE1000","I","D111","BG",2008,NA
"EUR","P_SAL_H","GE1000","I","D1111","BG",2008,NA
"EUR","P_SAL_H","GE1000","I56","D01","BG",2008,NA
"EUR","P_SAL_H","GE1000","I56","D111","BG",2008,NA
"EUR","P_SAL_H","GE1000","I56","D1111","BG",2008,NA
"EUR","P_SAL_H","GE1000","J","D01","BG",2008,6.32
"EUR","P_SAL_H","GE1000","J","D111","BG",2008,5.35
"EUR","P_SAL_H","GE1000","J","D1111","BG",2008,4.86
"EUR","P_SAL_H","GE1000","J60","D01","BG",2008,NA
"EUR","P_SAL_H","GE1000","J60","D111","BG",2008,NA
"EUR","P_SAL_H","GE1000","J60","D1111","BG",2008,NA
"EUR","P_SAL_H","GE1000","J61","D01","BG",2008,NA
"EUR","P_SAL_H","GE1000","J61","D111","BG",2008,NA
"EUR","P_SAL_H","GE1000","J61","D1111","BG",2008,NA
"EUR","P_SAL_H","GE1000","J62","D01","BG",2008,NA
"EUR","P_SAL_H","GE1000","J62","D111","BG",2008,NA
"EUR","P_SAL_H","GE1000","J62","D1111","BG",2008,NA
"EUR","P_SAL_H","GE1000","K","D01","BG",2008,5.67
"EUR","P_SAL_H","GE1000","K","D111","BG",2008,4.71
"EUR","P_SAL_H","GE1000","K","D1111","BG",2008,4.44
"EUR","P_SAL_H","GE1000","K-N","D01","BG",2008,2.84
"EUR","P_SAL_H","GE1000","K-N","D111","BG",2008,2.34
"EUR","P_SAL_H","GE1000","K-N","D1111","BG",2008,2.21
"EUR","P_SAL_H","GE1000","K64","D01","BG",2008,5.67
"EUR","P_SAL_H","GE1000","K64","D111","BG",2008,4.71
"EUR","P_SAL_H","GE1000","K64","D1111","BG",2008,4.44
"EUR","P_SAL_H","GE1000","M","D01","BG",2008,NA
"EUR","P_SAL_H","GE1000","M","D111","BG",2008,NA
"EUR","P_SAL_H","GE1000","M","D1111","BG",2008,NA
"EUR","P_SAL_H","GE1000","M71","D01","BG",2008,NA
"EUR","P_SAL_H","GE1000","M71","D111","BG",2008,NA
"EUR","P_SAL_H","GE1000","M71","D1111","BG",2008,NA
"EUR","P_SAL_H","GE1000","M72","D01","BG",2008,NA
"EUR","P_SAL_H","GE1000","M72","D111","BG",2008,NA
"EUR","P_SAL_H","GE1000","M72","D1111","BG",2008,NA
"EUR","P_SAL_H","GE1000","N","D01","BG",2008,1.29
"EUR","P_SAL_H","GE1000","N","D111","BG",2008,1.05
"EUR","P_SAL_H","GE1000","N","D1111","BG",2008,0.98
"EUR","P_SAL_H","GE1000","N78","D01","BG",2008,NA
"EUR","P_SAL_H","GE1000","N78","D111","BG",2008,NA
"EUR","P_SAL_H","GE1000","N78","D1111","BG",2008,NA
"EUR","P_SAL_H","GE1000","N80","D01","BG",2008,1.29
"EUR","P_SAL_H","GE1000","N80","D111","BG",2008,1.05
"EUR","P_SAL_H","GE1000","N80","D1111","BG",2008,0.98
"EUR","P_SAL_H","GE1000","O","D01","BG",2008,3.96
"EUR","P_SAL_H","GE1000","O","D111","BG",2008,3.14
"EUR","P_SAL_H","GE1000","O","D1111","BG",2008,2.88
"EUR","P_SAL_H","GE1000","O-S","D01","BG",2008,3.67
"EUR","P_SAL_H","GE1000","O-S","D111","BG",2008,2.97
"EUR","P_SAL_H","GE1000","O-S","D1111","BG",2008,2.63
"EUR","P_SAL_H","GE1000","O84","D01","BG",2008,3.96
"EUR","P_SAL_H","GE1000","O84","D111","BG",2008,3.14
"EUR","P_SAL_H","GE1000","O84","D1111","BG",2008,2.88
"EUR","P_SAL_H","GE1000","P","D01","BG",2008,3.46
"EUR","P_SAL_H","GE1000","P","D111","BG",2008,2.81
"EUR","P_SAL_H","GE1000","P","D1111","BG",2008,2.45
"EUR","P_SAL_H","GE1000","P-S","D01","BG",2008,3.56
"EUR","P_SAL_H","GE1000","P-S","D111","BG",2008,2.91
"EUR","P_SAL_H","GE1000","P-S","D1111","BG",2008,2.54
"EUR","P_SAL_H","GE1000","P85","D01","BG",2008,3.46
"EUR","P_SAL_H","GE1000","P85","D111","BG",2008,2.81
"EUR","P_SAL_H","GE1000","P85","D1111","BG",2008,2.45
"EUR","P_SAL_H","GE1000","Q","D01","BG",2008,3.61
"EUR","P_SAL_H","GE1000","Q","D111","BG",2008,2.96
"EUR","P_SAL_H","GE1000","Q","D1111","BG",2008,2.58
"EUR","P_SAL_H","GE1000","Q86","D01","BG",2008,3.61
"EUR","P_SAL_H","GE1000","Q86","D111","BG",2008,2.96
"EUR","P_SAL_H","GE1000","Q86","D1111","BG",2008,2.58
"EUR","P_SAL_H","GE1000","R","D01","BG",2008,NA
"EUR","P_SAL_H","GE1000","R","D111","BG",2008,NA
"EUR","P_SAL_H","GE1000","R","D1111","BG",2008,NA
"EUR","P_SAL_H","GE1000","R92","D01","BG",2008,NA
"EUR","P_SAL_H","GE1000","R92","D111","BG",2008,NA
"EUR","P_SAL_H","GE1000","R92","D1111","BG",2008,NA
"EUR","P_SAL_H","LT10","B","D01","BG",2008,1.94
"EUR","P_SAL_H","LT10","B","D111","BG",2008,1.58
"EUR","P_SAL_H","LT10","B","D1111","BG",2008,1.5
"EUR","P_SAL_H","LT10","B-E","D01","BG",2008,1.24
"EUR","P_SAL_H","LT10","B-E","D111","BG",2008,1.02
"EUR","P_SAL_H","LT10","B-E","D1111","BG",2008,0.97
"EUR","P_SAL_H","LT10","B-F","D01","BG",2008,1.34
"EUR","P_SAL_H","LT10","B-F","D111","BG",2008,1.11
"EUR","P_SAL_H","LT10","B-F","D1111","BG",2008,1.05
"EUR","P_SAL_H","LT10","B-N","D01","BG",2008,1.42
"EUR","P_SAL_H","LT10","B-N","D111","BG",2008,1.18
"EUR","P_SAL_H","LT10","B-N","D1111","BG",2008,1.12
"EUR","P_SAL_H","LT10","B-S","D01","BG",2008,1.43
"EUR","P_SAL_H","LT10","B-S","D111","BG",2008,1.19
"EUR","P_SAL_H","LT10","B-S","D1111","BG",2008,1.12
"EUR","P_SAL_H","LT10","B-S_X_O","D01","BG",2008,1.42
"EUR","P_SAL_H","LT10","B-S_X_O","D111","BG",2008,1.18
"EUR","P_SAL_H","LT10","B-S_X_O","D1111","BG",2008,1.12
"EUR","P_SAL_H","LT10","B05","D01","BG",2008,NA
"EUR","P_SAL_H","LT10","B05","D111","BG",2008,NA
"EUR","P_SAL_H","LT10","B05","D1111","BG",2008,NA
"EUR","P_SAL_H","LT10","B06","D01","BG",2008,NA
"EUR","P_SAL_H","LT10","B06","D111","BG",2008,NA
"EUR","P_SAL_H","LT10","B06","D1111","BG",2008,NA
"EUR","P_SAL_H","LT10","B07","D01","BG",2008,2.19
"EUR","P_SAL_H","LT10","B07","D111","BG",2008,1.77
"EUR","P_SAL_H","LT10","B07","D1111","BG",2008,1.71
"EUR","P_SAL_H","LT10","B08","D01","BG",2008,1.91
"EUR","P_SAL_H","LT10","B08","D111","BG",2008,1.56
"EUR","P_SAL_H","LT10","B08","D1111","BG",2008,1.48
"EUR","P_SAL_H","LT10","B09","D01","BG",2008,1.89
"EUR","P_SAL_H","LT10","B09","D111","BG",2008,1.56
"EUR","P_SAL_H","LT10","B09","D1111","BG",2008,1.51
"EUR","P_SAL_H","LT10","C","D01","BG",2008,1.19
"EUR","P_SAL_H","LT10","C","D111","BG",2008,0.97
"EUR","P_SAL_H","LT10","C","D1111","BG",2008,0.93
"EUR","P_SAL_H","LT10","C10","D01","BG",2008,1.07
"EUR","P_SAL_H","LT10","C10","D111","BG",2008,0.88
"EUR","P_SAL_H","LT10","C10","D1111","BG",2008,0.85
"EUR","P_SAL_H","LT10","C11","D01","BG",2008,1.24
"EUR","P_SAL_H","LT10","C11","D111","BG",2008,1.02
"EUR","P_SAL_H","LT10","C11","D1111","BG",2008,0.98
"EUR","P_SAL_H","LT10","C12","D01","BG",2008,5.59
"EUR","P_SAL_H","LT10","C12","D111","BG",2008,2.56
"EUR","P_SAL_H","LT10","C12","D1111","BG",2008,2.1
"EUR","P_SAL_H","LT10","C13","D01","BG",2008,1.26
"EUR","P_SAL_H","LT10","C13","D111","BG",2008,1.04
"EUR","P_SAL_H","LT10","C13","D1111","BG",2008,0.98
"EUR","P_SAL_H","LT10","C14","D01","BG",2008,1.02
"EUR","P_SAL_H","LT10","C14","D111","BG",2008,0.84
"EUR","P_SAL_H","LT10","C14","D1111","BG",2008,0.81
"EUR","P_SAL_H","LT10","C15","D01","BG",2008,1.01
"EUR","P_SAL_H","LT10","C15","D111","BG",2008,0.83
"EUR","P_SAL_H","LT10","C15","D1111","BG",2008,0.79
"EUR","P_SAL_H","LT10","C16","D01","BG",2008,0.99
"EUR","P_SAL_H","LT10","C16","D111","BG",2008,0.81
"EUR","P_SAL_H","LT10","C16","D1111","BG",2008,0.77
"EUR","P_SAL_H","LT10","C17","D01","BG",2008,1.12
"EUR","P_SAL_H","LT10","C17","D111","BG",2008,0.92
"EUR","P_SAL_H","LT10","C17","D1111","BG",2008,0.86
"EUR","P_SAL_H","LT10","C18","D01","BG",2008,1.27
"EUR","P_SAL_H","LT10","C18","D111","BG",2008,1.05
"EUR","P_SAL_H","LT10","C18","D1111","BG",2008,0.98
"EUR","P_SAL_H","LT10","C19","D01","BG",2008,1.82
"EUR","P_SAL_H","LT10","C19","D111","BG",2008,1.49
"EUR","P_SAL_H","LT10","C19","D1111","BG",2008,1.36
"EUR","P_SAL_H","LT10","C20","D01","BG",2008,1.4
"EUR","P_SAL_H","LT10","C20","D111","BG",2008,1.15
"EUR","P_SAL_H","LT10","C20","D1111","BG",2008,1.08
"EUR","P_SAL_H","LT10","C21","D01","BG",2008,2.23
"EUR","P_SAL_H","LT10","C21","D111","BG",2008,1.84
"EUR","P_SAL_H","LT10","C21","D1111","BG",2008,1.73
"EUR","P_SAL_H","LT10","C22","D01","BG",2008,1.14
"EUR","P_SAL_H","LT10","C22","D111","BG",2008,0.94
"EUR","P_SAL_H","LT10","C22","D1111","BG",2008,0.88
"EUR","P_SAL_H","LT10","C23","D01","BG",2008,1.42
"EUR","P_SAL_H","LT10","C23","D111","BG",2008,1.16
"EUR","P_SAL_H","LT10","C23","D1111","BG",2008,1.1
"EUR","P_SAL_H","LT10","C24","D01","BG",2008,1.56
"EUR","P_SAL_H","LT10","C24","D111","BG",2008,1.27
"EUR","P_SAL_H","LT10","C24","D1111","BG",2008,1.18
"EUR","P_SAL_H","LT10","C25","D01","BG",2008,1.19
"EUR","P_SAL_H","LT10","C25","D111","BG",2008,0.98
"EUR","P_SAL_H","LT10","C25","D1111","BG",2008,0.93
"EUR","P_SAL_H","LT10","C26","D01","BG",2008,1.72
"EUR","P_SAL_H","LT10","C26","D111","BG",2008,1.41
"EUR","P_SAL_H","LT10","C26","D1111","BG",2008,1.3
"EUR","P_SAL_H","LT10","C27","D01","BG",2008,1.64
"EUR","P_SAL_H","LT10","C27","D111","BG",2008,1.37
"EUR","P_SAL_H","LT10","C27","D1111","BG",2008,1.29
"EUR","P_SAL_H","LT10","C28","D01","BG",2008,1.75
"EUR","P_SAL_H","LT10","C28","D111","BG",2008,1.46
"EUR","P_SAL_H","LT10","C28","D1111","BG",2008,1.38
"EUR","P_SAL_H","LT10","C29","D01","BG",2008,1.85
"EUR","P_SAL_H","LT10","C29","D111","BG",2008,1.54
"EUR","P_SAL_H","LT10","C29","D1111","BG",2008,1.45
"EUR","P_SAL_H","LT10","C30","D01","BG",2008,1.93
"EUR","P_SAL_H","LT10","C30","D111","BG",2008,1.59
"EUR","P_SAL_H","LT10","C30","D1111","BG",2008,1.5
"EUR","P_SAL_H","LT10","C31","D01","BG",2008,1
"EUR","P_SAL_H","LT10","C31","D111","BG",2008,0.82
"EUR","P_SAL_H","LT10","C31","D1111","BG",2008,0.79
"EUR","P_SAL_H","LT10","C32","D01","BG",2008,1.12
"EUR","P_SAL_H","LT10","C32","D111","BG",2008,0.92
"EUR","P_SAL_H","LT10","C32","D1111","BG",2008,0.87
"EUR","P_SAL_H","LT10","C33","D01","BG",2008,1.77
"EUR","P_SAL_H","LT10","C33","D111","BG",2008,1.45
"EUR","P_SAL_H","LT10","C33","D1111","BG",2008,1.38
"EUR","P_SAL_H","LT10","D","D01","BG",2008,4.17
"EUR","P_SAL_H","LT10","D","D111","BG",2008,3.58
"EUR","P_SAL_H","LT10","D","D1111","BG",2008,3.22
"EUR","P_SAL_H","LT10","D35","D01","BG",2008,4.17
"EUR","P_SAL_H","LT10","D35","D111","BG",2008,3.58
"EUR","P_SAL_H","LT10","D35","D1111","BG",2008,3.22
"EUR","P_SAL_H","LT10","E","D01","BG",2008,1.62
"EUR","P_SAL_H","LT10","E","D111","BG",2008,1.33
"EUR","P_SAL_H","LT10","E","D1111","BG",2008,1.23
"EUR","P_SAL_H","LT10","E36","D01","BG",2008,1.98
"EUR","P_SAL_H","LT10","E36","D111","BG",2008,1.63
"EUR","P_SAL_H","LT10","E36","D1111","BG",2008,1.33
"EUR","P_SAL_H","LT10","E37","D01","BG",2008,1.89
"EUR","P_SAL_H","LT10","E37","D111","BG",2008,1.57
"EUR","P_SAL_H","LT10","E37","D1111","BG",2008,1.49
"EUR","P_SAL_H","LT10","E38","D01","BG",2008,1.53
"EUR","P_SAL_H","LT10","E38","D111","BG",2008,1.26
"EUR","P_SAL_H","LT10","E38","D1111","BG",2008,1.2
"EUR","P_SAL_H","LT10","E39","D01","BG",2008,1.24
"EUR","P_SAL_H","LT10","E39","D111","BG",2008,1.01
"EUR","P_SAL_H","LT10","E39","D1111","BG",2008,0.95
"EUR","P_SAL_H","LT10","F","D01","BG",2008,1.5
"EUR","P_SAL_H","LT10","F","D111","BG",2008,1.24
"EUR","P_SAL_H","LT10","F","D1111","BG",2008,1.18
"EUR","P_SAL_H","LT10","F41","D01","BG",2008,1.54
"EUR","P_SAL_H","LT10","F41","D111","BG",2008,1.27
"EUR","P_SAL_H","LT10","F41","D1111","BG",2008,1.22
"EUR","P_SAL_H","LT10","F42","D01","BG",2008,2
"EUR","P_SAL_H","LT10","F42","D111","BG",2008,1.65
"EUR","P_SAL_H","LT10","F42","D1111","BG",2008,1.57
"EUR","P_SAL_H","LT10","F43","D01","BG",2008,1.42
"EUR","P_SAL_H","LT10","F43","D111","BG",2008,1.17
"EUR","P_SAL_H","LT10","F43","D1111","BG",2008,1.11
"EUR","P_SAL_H","LT10","G","D01","BG",2008,1.26
"EUR","P_SAL_H","LT10","G","D111","BG",2008,1.04
"EUR","P_SAL_H","LT10","G","D1111","BG",2008,1
"EUR","P_SAL_H","LT10","G-J","D01","BG",2008,1.28
"EUR","P_SAL_H","LT10","G-J","D111","BG",2008,1.06
"EUR","P_SAL_H","LT10","G-J","D1111","BG",2008,1.01
"EUR","P_SAL_H","LT10","G-N","D01","BG",2008,1.44
"EUR","P_SAL_H","LT10","G-N","D111","BG",2008,1.2
"EUR","P_SAL_H","LT10","G-N","D1111","BG",2008,1.14
"EUR","P_SAL_H","LT10","G-S_X_O","D01","BG",2008,1.44
"EUR","P_SAL_H","LT10","G-S_X_O","D111","BG",2008,1.2
"EUR","P_SAL_H","LT10","G-S_X_O","D1111","BG",2008,1.14
"EUR","P_SAL_H","LT10","G45","D01","BG",2008,1.22
"EUR","P_SAL_H","LT10","G45","D111","BG",2008,1
"EUR","P_SAL_H","LT10","G45","D1111","BG",2008,0.96
"EUR","P_SAL_H","LT10","G46","D01","BG",2008,1.73
"EUR","P_SAL_H","LT10","G46","D111","BG",2008,1.44
"EUR","P_SAL_H","LT10","G46","D1111","BG",2008,1.36
"EUR","P_SAL_H","LT10","G47","D01","BG",2008,1.09
"EUR","P_SAL_H","LT10","G47","D111","BG",2008,0.9
"EUR","P_SAL_H","LT10","G47","D1111","BG",2008,0.86
"EUR","P_SAL_H","LT10","H","D01","BG",2008,1.31
"EUR","P_SAL_H","LT10","H","D111","BG",2008,1.06
"EUR","P_SAL_H","LT10","H","D1111","BG",2008,1
"EUR","P_SAL_H","LT10","H49","D01","BG",2008,1.17
"EUR","P_SAL_H","LT10","H49","D111","BG",2008,0.94
"EUR","P_SAL_H","LT10","H49","D1111","BG",2008,0.9
"EUR","P_SAL_H","LT10","H50","D01","BG",2008,1.67
"EUR","P_SAL_H","LT10","H50","D111","BG",2008,1.34
"EUR","P_SAL_H","LT10","H50","D1111","BG",2008,1.27
"EUR","P_SAL_H","LT10","H51","D01","BG",2008,3.11
"EUR","P_SAL_H","LT10","H51","D111","BG",2008,2.48
"EUR","P_SAL_H","LT10","H51","D1111","BG",2008,2.32
"EUR","P_SAL_H","LT10","H52","D01","BG",2008,2.16
"EUR","P_SAL_H","LT10","H52","D111","BG",2008,1.83
"EUR","P_SAL_H","LT10","H52","D1111","BG",2008,1.7
"EUR","P_SAL_H","LT10","H53","D01","BG",2008,1.85
"EUR","P_SAL_H","LT10","H53","D111","BG",2008,1.53
"EUR","P_SAL_H","LT10","H53","D1111","BG",2008,1.26
"EUR","P_SAL_H","LT10","I","D01","BG",2008,1.03
"EUR","P_SAL_H","LT10","I","D111","BG",2008,0.85
"EUR","P_SAL_H","LT10","I","D1111","BG",2008,0.83
"EUR","P_SAL_H","LT10","I55","D01","BG",2008,1.22
"EUR","P_SAL_H","LT10","I55","D111","BG",2008,1
"EUR","P_SAL_H","LT10","I55","D1111","BG",2008,0.96
"EUR","P_SAL_H","LT10","I56","D01","BG",2008,1.01
"EUR","P_SAL_H","LT10","I56","D111","BG",2008,0.83
"EUR","P_SAL_H","LT10","I56","D1111","BG",2008,0.81
"EUR","P_SAL_H","LT10","J","D01","BG",2008,2.62
"EUR","P_SAL_H","LT10","J","D111","BG",2008,2.24
"EUR","P_SAL_H","LT10","J","D1111","BG",2008,2.12
"EUR","P_SAL_H","LT10","J58","D01","BG",2008,1.69
"EUR","P_SAL_H","LT10","J58","D111","BG",2008,1.4
"EUR","P_SAL_H","LT10","J58","D1111","BG",2008,1.32
"EUR","P_SAL_H","LT10","J59","D01","BG",2008,1.85
"EUR","P_SAL_H","LT10","J59","D111","BG",2008,1.56
"EUR","P_SAL_H","LT10","J59","D1111","BG",2008,1.47
"EUR","P_SAL_H","LT10","J60","D01","BG",2008,1.5
"EUR","P_SAL_H","LT10","J60","D111","BG",2008,1.22
"EUR","P_SAL_H","LT10","J60","D1111","BG",2008,1.14
"EUR","P_SAL_H","LT10","J61","D01","BG",2008,3.28
"EUR","P_SAL_H","LT10","J61","D111","BG",2008,2.96
"EUR","P_SAL_H","LT10","J61","D1111","BG",2008,2.87
"EUR","P_SAL_H","LT10","J62","D01","BG",2008,3.07
"EUR","P_SAL_H","LT10","J62","D111","BG",2008,2.61
"EUR","P_SAL_H","LT10","J62","D1111","BG",2008,2.45
"EUR","P_SAL_H","LT10","J63","D01","BG",2008,2.1
"EUR","P_SAL_H","LT10","J63","D111","BG",2008,1.75
"EUR","P_SAL_H","LT10","J63","D1111","BG",2008,1.64
"EUR","P_SAL_H","LT10","K","D01","BG",2008,3.15
"EUR","P_SAL_H","LT10","K","D111","BG",2008,2.65
"EUR","P_SAL_H","LT10","K","D1111","BG",2008,2.48
"EUR","P_SAL_H","LT10","K-N","D01","BG",2008,2.11
"EUR","P_SAL_H","LT10","K-N","D111","BG",2008,1.77
"EUR","P_SAL_H","LT10","K-N","D1111","BG",2008,1.67
"EUR","P_SAL_H","LT10","K64","D01","BG",2008,3.82
"EUR","P_SAL_H","LT10","K64","D111","BG",2008,3.22
"EUR","P_SAL_H","LT10","K64","D1111","BG",2008,2.99
"EUR","P_SAL_H","LT10","K65","D01","BG",2008,4.96
"EUR","P_SAL_H","LT10","K65","D111","BG",2008,4.23
"EUR","P_SAL_H","LT10","K65","D1111","BG",2008,3.97
"EUR","P_SAL_H","LT10","K66","D01","BG",2008,2.09
"EUR","P_SAL_H","LT10","K66","D111","BG",2008,1.75
"EUR","P_SAL_H","LT10","K66","D1111","BG",2008,1.67
"EUR","P_SAL_H","LT10","L","D01","BG",2008,2.18
"EUR","P_SAL_H","LT10","L","D111","BG",2008,1.84
"EUR","P_SAL_H","LT10","L","D1111","BG",2008,1.74
"EUR","P_SAL_H","LT10","L68","D01","BG",2008,2.18
"EUR","P_SAL_H","LT10","L68","D111","BG",2008,1.84
"EUR","P_SAL_H","LT10","L68","D1111","BG",2008,1.74
"EUR","P_SAL_H","LT10","M","D01","BG",2008,2.04
"EUR","P_SAL_H","LT10","M","D111","BG",2008,1.71
"EUR","P_SAL_H","LT10","M","D1111","BG",2008,1.61
"EUR","P_SAL_H","LT10","M69","D01","BG",2008,1.62
"EUR","P_SAL_H","LT10","M69","D111","BG",2008,1.33
"EUR","P_SAL_H","LT10","M69","D1111","BG",2008,1.26
"EUR","P_SAL_H","LT10","M70","D01","BG",2008,3.65
"EUR","P_SAL_H","LT10","M70","D111","BG",2008,3.16
"EUR","P_SAL_H","LT10","M70","D1111","BG",2008,2.98
"EUR","P_SAL_H","LT10","M71","D01","BG",2008,2.11
"EUR","P_SAL_H","LT10","M71","D111","BG",2008,1.76
"EUR","P_SAL_H","LT10","M71","D1111","BG",2008,1.66
"EUR","P_SAL_H","LT10","M72","D01","BG",2008,2.95
"EUR","P_SAL_H","LT10","M72","D111","BG",2008,2.5
"EUR","P_SAL_H","LT10","M72","D1111","BG",2008,2.34
"EUR","P_SAL_H","LT10","M73","D01","BG",2008,1.84
"EUR","P_SAL_H","LT10","M73","D111","BG",2008,1.55
"EUR","P_SAL_H","LT10","M73","D1111","BG",2008,1.46
"EUR","P_SAL_H","LT10","M74","D01","BG",2008,2.14
"EUR","P_SAL_H","LT10","M74","D111","BG",2008,1.8
"EUR","P_SAL_H","LT10","M74","D1111","BG",2008,1.7
"EUR","P_SAL_H","LT10","M75","D01","BG",2008,1.24
"EUR","P_SAL_H","LT10","M75","D111","BG",2008,1.02
"EUR","P_SAL_H","LT10","M75","D1111","BG",2008,0.99
"EUR","P_SAL_H","LT10","N","D01","BG",2008,1.63
"EUR","P_SAL_H","LT10","N","D111","BG",2008,1.36
"EUR","P_SAL_H","LT10","N","D1111","BG",2008,1.29
"EUR","P_SAL_H","LT10","N77","D01","BG",2008,1.92
"EUR","P_SAL_H","LT10","N77","D111","BG",2008,1.61
"EUR","P_SAL_H","LT10","N77","D1111","BG",2008,1.53
"EUR","P_SAL_H","LT10","N78","D01","BG",2008,2.77
"EUR","P_SAL_H","LT10","N78","D111","BG",2008,2.34
"EUR","P_SAL_H","LT10","N78","D1111","BG",2008,2.19
"EUR","P_SAL_H","LT10","N79","D01","BG",2008,1.67
"EUR","P_SAL_H","LT10","N79","D111","BG",2008,1.38
"EUR","P_SAL_H","LT10","N79","D1111","BG",2008,1.3
"EUR","P_SAL_H","LT10","N80","D01","BG",2008,1.09
"EUR","P_SAL_H","LT10","N80","D111","BG",2008,0.91
"EUR","P_SAL_H","LT10","N80","D1111","BG",2008,0.86
"EUR","P_SAL_H","LT10","N81","D01","BG",2008,1.21
"EUR","P_SAL_H","LT10","N81","D111","BG",2008,1.01
"EUR","P_SAL_H","LT10","N81","D1111","BG",2008,0.95
"EUR","P_SAL_H","LT10","N82","D01","BG",2008,1.91
"EUR","P_SAL_H","LT10","N82","D111","BG",2008,1.61
"EUR","P_SAL_H","LT10","N82","D1111","BG",2008,1.5
"EUR","P_SAL_H","LT10","O","D01","BG",2008,3.92
"EUR","P_SAL_H","LT10","O","D111","BG",2008,3.06
"EUR","P_SAL_H","LT10","O","D1111","BG",2008,2.76
"EUR","P_SAL_H","LT10","O-S","D01","BG",2008,1.52
"EUR","P_SAL_H","LT10","O-S","D111","BG",2008,1.27
"EUR","P_SAL_H","LT10","O-S","D1111","BG",2008,1.18
"EUR","P_SAL_H","LT10","O84","D01","BG",2008,3.92
"EUR","P_SAL_H","LT10","O84","D111","BG",2008,3.06
"EUR","P_SAL_H","LT10","O84","D1111","BG",2008,2.76
"EUR","P_SAL_H","LT10","P","D01","BG",2008,1.94
"EUR","P_SAL_H","LT10","P","D111","BG",2008,1.52
"EUR","P_SAL_H","LT10","P","D1111","BG",2008,1.33
"EUR","P_SAL_H","LT10","P-S","D01","BG",2008,1.42
"EUR","P_SAL_H","LT10","P-S","D111","BG",2008,1.2
"EUR","P_SAL_H","LT10","P-S","D1111","BG",2008,1.12
"EUR","P_SAL_H","LT10","P85","D01","BG",2008,1.94
"EUR","P_SAL_H","LT10","P85","D111","BG",2008,1.52
"EUR","P_SAL_H","LT10","P85","D1111","BG",2008,1.33
"EUR","P_SAL_H","LT10","Q","D01","BG",2008,1.31
"EUR","P_SAL_H","LT10","Q","D111","BG",2008,1.09
"EUR","P_SAL_H","LT10","Q","D1111","BG",2008,1.04
"EUR","P_SAL_H","LT10","Q86","D01","BG",2008,1.3
"EUR","P_SAL_H","LT10","Q86","D111","BG",2008,1.08
"EUR","P_SAL_H","LT10","Q86","D1111","BG",2008,1.04
"EUR","P_SAL_H","LT10","Q87","D01","BG",2008,1.31
"EUR","P_SAL_H","LT10","Q87","D111","BG",2008,1.11
"EUR","P_SAL_H","LT10","Q87","D1111","BG",2008,1.03
"EUR","P_SAL_H","LT10","Q88","D01","BG",2008,1.5
"EUR","P_SAL_H","LT10","Q88","D111","BG",2008,1.23
"EUR","P_SAL_H","LT10","Q88","D1111","BG",2008,1.11
"EUR","P_SAL_H","LT10","R","D01","BG",2008,1.26
"EUR","P_SAL_H","LT10","R","D111","BG",2008,1.04
"EUR","P_SAL_H","LT10","R","D1111","BG",2008,0.98
"EUR","P_SAL_H","LT10","R90","D01","BG",2008,1.52
"EUR","P_SAL_H","LT10","R90","D111","BG",2008,1.26
"EUR","P_SAL_H","LT10","R90","D1111","BG",2008,1.2
"EUR","P_SAL_H","LT10","R91","D01","BG",2008,1.81
"EUR","P_SAL_H","LT10","R91","D111","BG",2008,1.48
"EUR","P_SAL_H","LT10","R91","D1111","BG",2008,1.33
"EUR","P_SAL_H","LT10","R92","D01","BG",2008,1.06
"EUR","P_SAL_H","LT10","R92","D111","BG",2008,0.87
"EUR","P_SAL_H","LT10","R92","D1111","BG",2008,0.83
"EUR","P_SAL_H","LT10","R93","D01","BG",2008,1.33
"EUR","P_SAL_H","LT10","R93","D111","BG",2008,1.1
"EUR","P_SAL_H","LT10","R93","D1111","BG",2008,1.04
"EUR","P_SAL_H","LT10","S","D01","BG",2008,1.34
"EUR","P_SAL_H","LT10","S","D111","BG",2008,1.2
"EUR","P_SAL_H","LT10","S","D1111","BG",2008,1.13
"EUR","P_SAL_H","LT10","S94","D01","BG",2008,1.64
"EUR","P_SAL_H","LT10","S94","D111","BG",2008,1.54
"EUR","P_SAL_H","LT10","S94","D1111","BG",2008,1.43
"EUR","P_SAL_H","LT10","S95","D01","BG",2008,1.15
"EUR","P_SAL_H","LT10","S95","D111","BG",2008,0.95
"EUR","P_SAL_H","LT10","S95","D1111","BG",2008,0.91
"EUR","P_SAL_H","LT10","S96","D01","BG",2008,1.06
"EUR","P_SAL_H","LT10","S96","D111","BG",2008,0.88
"EUR","P_SAL_H","LT10","S96","D1111","BG",2008,0.84
"EUR","P_SAL_H","TOTAL","B","D01","BG",2008,4.45
"EUR","P_SAL_H","TOTAL","B","D111","BG",2008,3.27
"EUR","P_SAL_H","TOTAL","B","D1111","BG",2008,2.77
"EUR","P_SAL_H","TOTAL","B-E","D01","BG",2008,2.44
"EUR","P_SAL_H","TOTAL","B-E","D111","BG",2008,1.94
"EUR","P_SAL_H","TOTAL","B-E","D1111","BG",2008,1.7
"EUR","P_SAL_H","TOTAL","B-F","D01","BG",2008,2.31
"EUR","P_SAL_H","TOTAL","B-F","D111","BG",2008,1.85
"EUR","P_SAL_H","TOTAL","B-F","D1111","BG",2008,1.65
"EUR","P_SAL_H","TOTAL","B-N","D01","BG",2008,2.34
"EUR","P_SAL_H","TOTAL","B-N","D111","BG",2008,1.91
"EUR","P_SAL_H","TOTAL","B-N","D1111","BG",2008,1.72
"EUR","P_SAL_H","TOTAL","B-S","D01","BG",2008,2.42
"EUR","P_SAL_H","TOTAL","B-S","D111","BG",2008,1.97
"EUR","P_SAL_H","TOTAL","B-S","D1111","BG",2008,1.77
"EUR","P_SAL_H","TOTAL","B-S_X_O","D01","BG",2008,2.36
"EUR","P_SAL_H","TOTAL","B-S_X_O","D111","BG",2008,1.93
"EUR","P_SAL_H","TOTAL","B-S_X_O","D1111","BG",2008,1.73
"EUR","P_SAL_H","TOTAL","B05","D01","BG",2008,4.95
"EUR","P_SAL_H","TOTAL","B05","D111","BG",2008,3.49
"EUR","P_SAL_H","TOTAL","B05","D1111","BG",2008,2.82
"EUR","P_SAL_H","TOTAL","B06","D01","BG",2008,3.43
"EUR","P_SAL_H","TOTAL","B06","D111","BG",2008,2.84
"EUR","P_SAL_H","TOTAL","B06","D1111","BG",2008,2.53
"EUR","P_SAL_H","TOTAL","B07","D01","BG",2008,5.63
"EUR","P_SAL_H","TOTAL","B07","D111","BG",2008,4.25
"EUR","P_SAL_H","TOTAL","B07","D1111","BG",2008,3.73
"EUR","P_SAL_H","TOTAL","B08","D01","BG",2008,2.87
"EUR","P_SAL_H","TOTAL","B08","D111","BG",2008,2.23
"EUR","P_SAL_H","TOTAL","B08","D1111","BG",2008,2.01
"EUR","P_SAL_H","TOTAL","B09","D01","BG",2008,1.33
"EUR","P_SAL_H","TOTAL","B09","D111","BG",2008,1.12
"EUR","P_SAL_H","TOTAL","B09","D1111","BG",2008,1.09
"EUR","P_SAL_H","TOTAL","C","D01","BG",2008,2.13
"EUR","P_SAL_H","TOTAL","C","D111","BG",2008,1.72
"EUR","P_SAL_H","TOTAL","C","D1111","BG",2008,1.54
"EUR","P_SAL_H","TOTAL","C10","D01","BG",2008,1.7
"EUR","P_SAL_H","TOTAL","C10","D111","BG",2008,1.4
"EUR","P_SAL_H","TOTAL","C10","D1111","BG",2008,1.29
"EUR","P_SAL_H","TOTAL","C11","D01","BG",2008,2.81
"EUR","P_SAL_H","TOTAL","C11","D111","BG",2008,2.35
"EUR","P_SAL_H","TOTAL","C11","D1111","BG",2008,2.07
"EUR","P_SAL_H","TOTAL","C12","D01","BG",2008,6.16
"EUR","P_SAL_H","TOTAL","C12","D111","BG",2008,4.57
"EUR","P_SAL_H","TOTAL","C12","D1111","BG",2008,3.94
"EUR","P_SAL_H","TOTAL","C13","D01","BG",2008,1.96
"EUR","P_SAL_H","TOTAL","C13","D111","BG",2008,1.58
"EUR","P_SAL_H","TOTAL","C13","D1111","BG",2008,1.43
"EUR","P_SAL_H","TOTAL","C14","D01","BG",2008,1.37
"EUR","P_SAL_H","TOTAL","C14","D111","BG",2008,1.12
"EUR","P_SAL_H","TOTAL","C14","D1111","BG",2008,1.02
"EUR","P_SAL_H","TOTAL","C15","D01","BG",2008,1.25
"EUR","P_SAL_H","TOTAL","C15","D111","BG",2008,1.02
"EUR","P_SAL_H","TOTAL","C15","D1111","BG",2008,0.94
"EUR","P_SAL_H","TOTAL","C16","D01","BG",2008,1.54
"EUR","P_SAL_H","TOTAL","C16","D111","BG",2008,1.26
"EUR","P_SAL_H","TOTAL","C16","D1111","BG",2008,1.16
"EUR","P_SAL_H","TOTAL","C17","D01","BG",2008,2.02
"EUR","P_SAL_H","TOTAL","C17","D111","BG",2008,1.64
"EUR","P_SAL_H","TOTAL","C17","D1111","BG",2008,1.46
"EUR","P_SAL_H","TOTAL","C18","D01","BG",2008,2.27
"EUR","P_SAL_H","TOTAL","C18","D111","BG",2008,1.88
"EUR","P_SAL_H","TOTAL","C18","D1111","BG",2008,1.71
"EUR","P_SAL_H","TOTAL","C19","D01","BG",2008,9.04
"EUR","P_SAL_H","TOTAL","C19","D111","BG",2008,6.45
"EUR","P_SAL_H","TOTAL","C19","D1111","BG",2008,5.35
"EUR","P_SAL_H","TOTAL","C20","D01","BG",2008,3.2
"EUR","P_SAL_H","TOTAL","C20","D111","BG",2008,2.49
"EUR","P_SAL_H","TOTAL","C20","D1111","BG",2008,2.19
"EUR","P_SAL_H","TOTAL","C21","D01","BG",2008,3.41
"EUR","P_SAL_H","TOTAL","C21","D111","BG",2008,2.7
"EUR","P_SAL_H","TOTAL","C21","D1111","BG",2008,2.39
"EUR","P_SAL_H","TOTAL","C22","D01","BG",2008,1.59
"EUR","P_SAL_H","TOTAL","C22","D111","BG",2008,1.3
"EUR","P_SAL_H","TOTAL","C22","D1111","BG",2008,1.2
"EUR","P_SAL_H","TOTAL","C23","D01","BG",2008,2.6
"EUR","P_SAL_H","TOTAL","C23","D111","BG",2008,2.09
"EUR","P_SAL_H","TOTAL","C23","D1111","BG",2008,1.88
"EUR","P_SAL_H","TOTAL","C24","D01","BG",2008,4.65
"EUR","P_SAL_H","TOTAL","C24","D111","BG",2008,3.6
"EUR","P_SAL_H","TOTAL","C24","D1111","BG",2008,3.14
"EUR","P_SAL_H","TOTAL","C25","D01","BG",2008,2.02
"EUR","P_SAL_H","TOTAL","C25","D111","BG",2008,1.63
"EUR","P_SAL_H","TOTAL","C25","D1111","BG",2008,1.49
"EUR","P_SAL_H","TOTAL","C26","D01","BG",2008,2.77
"EUR","P_SAL_H","TOTAL","C26","D111","BG",2008,2.29
"EUR","P_SAL_H","TOTAL","C26","D1111","BG",2008,2.02
"EUR","P_SAL_H","TOTAL","C27","D01","BG",2008,2.68
"EUR","P_SAL_H","TOTAL","C27","D111","BG",2008,2.19
"EUR","P_SAL_H","TOTAL","C27","D1111","BG",2008,1.95
"EUR","P_SAL_H","TOTAL","C28","D01","BG",2008,2.61
"EUR","P_SAL_H","TOTAL","C28","D111","BG",2008,2.13
"EUR","P_SAL_H","TOTAL","C28","D1111","BG",2008,1.88
"EUR","P_SAL_H","TOTAL","C29","D01","BG",2008,2.07
"EUR","P_SAL_H","TOTAL","C29","D111","BG",2008,1.69
"EUR","P_SAL_H","TOTAL","C29","D1111","BG",2008,1.53
"EUR","P_SAL_H","TOTAL","C30","D01","BG",2008,3.28
"EUR","P_SAL_H","TOTAL","C30","D111","BG",2008,2.61
"EUR","P_SAL_H","TOTAL","C30","D1111","BG",2008,2.34
"EUR","P_SAL_H","TOTAL","C31","D01","BG",2008,1.31
"EUR","P_SAL_H","TOTAL","C31","D111","BG",2008,1.07
"EUR","P_SAL_H","TOTAL","C31","D1111","BG",2008,0.99
"EUR","P_SAL_H","TOTAL","C32","D01","BG",2008,1.66
"EUR","P_SAL_H","TOTAL","C32","D111","BG",2008,1.37
"EUR","P_SAL_H","TOTAL","C32","D1111","BG",2008,1.25
"EUR","P_SAL_H","TOTAL","C33","D01","BG",2008,3.3
"EUR","P_SAL_H","TOTAL","C33","D111","BG",2008,2.66
"EUR","P_SAL_H","TOTAL","C33","D1111","BG",2008,2.37
"EUR","P_SAL_H","TOTAL","D","D01","BG",2008,6.08
"EUR","P_SAL_H","TOTAL","D","D111","BG",2008,4.67
"EUR","P_SAL_H","TOTAL","D","D1111","BG",2008,3.49
"EUR","P_SAL_H","TOTAL","D35","D01","BG",2008,6.08
"EUR","P_SAL_H","TOTAL","D35","D111","BG",2008,4.67
"EUR","P_SAL_H","TOTAL","D35","D1111","BG",2008,3.49
"EUR","P_SAL_H","TOTAL","E","D01","BG",2008,2.61
"EUR","P_SAL_H","TOTAL","E","D111","BG",2008,2.13
"EUR","P_SAL_H","TOTAL","E","D1111","BG",2008,1.78
"EUR","P_SAL_H","TOTAL","E36","D01","BG",2008,2.96
"EUR","P_SAL_H","TOTAL","E36","D111","BG",2008,2.4
"EUR","P_SAL_H","TOTAL","E36","D1111","BG",2008,1.88
"EUR","P_SAL_H","TOTAL","E37","D01","BG",2008,2.76
"EUR","P_SAL_H","TOTAL","E37","D111","BG",2008,2.39
"EUR","P_SAL_H","TOTAL","E37","D1111","BG",2008,2.25
"EUR","P_SAL_H","TOTAL","E38","D01","BG",2008,2.18
"EUR","P_SAL_H","TOTAL","E38","D111","BG",2008,1.79
"EUR","P_SAL_H","TOTAL","E38","D1111","BG",2008,1.63
"EUR","P_SAL_H","TOTAL","E39","D01","BG",2008,2.53
"EUR","P_SAL_H","TOTAL","E39","D111","BG",2008,2.06
"EUR","P_SAL_H","TOTAL","E39","D1111","BG",2008,1.85
"EUR","P_SAL_H","TOTAL","F","D01","BG",2008,1.94
"EUR","P_SAL_H","TOTAL","F","D111","BG",2008,1.59
"EUR","P_SAL_H","TOTAL","F","D1111","BG",2008,1.49
"EUR","P_SAL_H","TOTAL","F41","D01","BG",2008,1.76
"EUR","P_SAL_H","TOTAL","F41","D111","BG",2008,1.45
"EUR","P_SAL_H","TOTAL","F41","D1111","BG",2008,1.36
"EUR","P_SAL_H","TOTAL","F42","D01","BG",2008,2.6
"EUR","P_SAL_H","TOTAL","F42","D111","BG",2008,2.1
"EUR","P_SAL_H","TOTAL","F42","D1111","BG",2008,1.93
"EUR","P_SAL_H","TOTAL","F43","D01","BG",2008,1.89
"EUR","P_SAL_H","TOTAL","F43","D111","BG",2008,1.56
"EUR","P_SAL_H","TOTAL","F43","D1111","BG",2008,1.47
"EUR","P_SAL_H","TOTAL","G","D01","BG",2008,1.84
"EUR","P_SAL_H","TOTAL","G","D111","BG",2008,1.54
"EUR","P_SAL_H","TOTAL","G","D1111","BG",2008,1.44
"EUR","P_SAL_H","TOTAL","G-J","D01","BG",2008,2.22
"EUR","P_SAL_H","TOTAL","G-J","D111","BG",2008,1.84
"EUR","P_SAL_H","TOTAL","G-J","D1111","BG",2008,1.67
"EUR","P_SAL_H","TOTAL","G-N","D01","BG",2008,2.36
"EUR","P_SAL_H","TOTAL","G-N","D111","BG",2008,1.97
"EUR","P_SAL_H","TOTAL","G-N","D1111","BG",2008,1.79
"EUR","P_SAL_H","TOTAL","G-S_X_O","D01","BG",2008,2.4
"EUR","P_SAL_H","TOTAL","G-S_X_O","D111","BG",2008,1.99
"EUR","P_SAL_H","TOTAL","G-S_X_O","D1111","BG",2008,1.79
"EUR","P_SAL_H","TOTAL","G45","D01","BG",2008,2.18
"EUR","P_SAL_H","TOTAL","G45","D111","BG",2008,1.83
"EUR","P_SAL_H","TOTAL","G45","D1111","BG",2008,1.71
"EUR","P_SAL_H","TOTAL","G46","D01","BG",2008,2.3
"EUR","P_SAL_H","TOTAL","G46","D111","BG",2008,1.94
"EUR","P_SAL_H","TOTAL","G46","D1111","BG",2008,1.81
"EUR","P_SAL_H","TOTAL","G47","D01","BG",2008,1.43
"EUR","P_SAL_H","TOTAL","G47","D111","BG",2008,1.18
"EUR","P_SAL_H","TOTAL","G47","D1111","BG",2008,1.11
"EUR","P_SAL_H","TOTAL","H","D01","BG",2008,2.81
"EUR","P_SAL_H","TOTAL","H","D111","BG",2008,2.29
"EUR","P_SAL_H","TOTAL","H","D1111","BG",2008,1.9
"EUR","P_SAL_H","TOTAL","H49","D01","BG",2008,2.1
"EUR","P_SAL_H","TOTAL","H49","D111","BG",2008,1.66
"EUR","P_SAL_H","TOTAL","H49","D1111","BG",2008,1.44
"EUR","P_SAL_H","TOTAL","H50","D01","BG",2008,4.72
"EUR","P_SAL_H","TOTAL","H50","D111","BG",2008,3.53
"EUR","P_SAL_H","TOTAL","H50","D1111","BG",2008,2.89
"EUR","P_SAL_H","TOTAL","H51","D01","BG",2008,7.24
"EUR","P_SAL_H","TOTAL","H51","D111","BG",2008,5.93
"EUR","P_SAL_H","TOTAL","H51","D1111","BG",2008,5.29
"EUR","P_SAL_H","TOTAL","H52","D01","BG",2008,4.13
"EUR","P_SAL_H","TOTAL","H52","D111","BG",2008,3.52
"EUR","P_SAL_H","TOTAL","H52","D1111","BG",2008,2.82
"EUR","P_SAL_H","TOTAL","H53","D01","BG",2008,2.44
"EUR","P_SAL_H","TOTAL","H53","D111","BG",2008,2
"EUR","P_SAL_H","TOTAL","H53","D1111","BG",2008,1.56
"EUR","P_SAL_H","TOTAL","I","D01","BG",2008,1.39
"EUR","P_SAL_H","TOTAL","I","D111","BG",2008,1.14
"EUR","P_SAL_H","TOTAL","I","D1111","BG",2008,1.08
"EUR","P_SAL_H","TOTAL","I55","D01","BG",2008,1.75
"EUR","P_SAL_H","TOTAL","I55","D111","BG",2008,1.44
"EUR","P_SAL_H","TOTAL","I55","D1111","BG",2008,1.33
"EUR","P_SAL_H","TOTAL","I56","D01","BG",2008,1.2
"EUR","P_SAL_H","TOTAL","I56","D111","BG",2008,0.99
"EUR","P_SAL_H","TOTAL","I56","D1111","BG",2008,0.95
"EUR","P_SAL_H","TOTAL","J","D01","BG",2008,4.81
"EUR","P_SAL_H","TOTAL","J","D111","BG",2008,4.08
"EUR","P_SAL_H","TOTAL","J","D1111","BG",2008,3.74
"EUR","P_SAL_H","TOTAL","J58","D01","BG",2008,2.79
"EUR","P_SAL_H","TOTAL","J58","D111","BG",2008,2.36
"EUR","P_SAL_H","TOTAL","J58","D1111","BG",2008,2.19
"EUR","P_SAL_H","TOTAL","J59","D01","BG",2008,2.92
"EUR","P_SAL_H","TOTAL","J59","D111","BG",2008,2.44
"EUR","P_SAL_H","TOTAL","J59","D1111","BG",2008,2.28
"EUR","P_SAL_H","TOTAL","J60","D01","BG",2008,3.37
"EUR","P_SAL_H","TOTAL","J60","D111","BG",2008,2.81
"EUR","P_SAL_H","TOTAL","J60","D1111","BG",2008,2.59
"EUR","P_SAL_H","TOTAL","J61","D01","BG",2008,5.07
"EUR","P_SAL_H","TOTAL","J61","D111","BG",2008,4.27
"EUR","P_SAL_H","TOTAL","J61","D1111","BG",2008,3.92
"EUR","P_SAL_H","TOTAL","J62","D01","BG",2008,6.25
"EUR","P_SAL_H","TOTAL","J62","D111","BG",2008,5.35
"EUR","P_SAL_H","TOTAL","J62","D1111","BG",2008,4.89
"EUR","P_SAL_H","TOTAL","J63","D01","BG",2008,4.23
"EUR","P_SAL_H","TOTAL","J63","D111","BG",2008,3.6
"EUR","P_SAL_H","TOTAL","J63","D1111","BG",2008,3.29
"EUR","P_SAL_H","TOTAL","K","D01","BG",2008,5.14
"EUR","P_SAL_H","TOTAL","K","D111","BG",2008,4.33
"EUR","P_SAL_H","TOTAL","K","D1111","BG",2008,3.93
"EUR","P_SAL_H","TOTAL","K-N","D01","BG",2008,2.76
"EUR","P_SAL_H","TOTAL","K-N","D111","BG",2008,2.33
"EUR","P_SAL_H","TOTAL","K-N","D1111","BG",2008,2.14
"EUR","P_SAL_H","TOTAL","K64","D01","BG",2008,5.25
"EUR","P_SAL_H","TOTAL","K64","D111","BG",2008,4.42
"EUR","P_SAL_H","TOTAL","K64","D1111","BG",2008,3.99
"EUR","P_SAL_H","TOTAL","K65","D01","BG",2008,5.47
"EUR","P_SAL_H","TOTAL","K65","D111","BG",2008,4.64
"EUR","P_SAL_H","TOTAL","K65","D1111","BG",2008,4.33
"EUR","P_SAL_H","TOTAL","K66","D01","BG",2008,3.54
"EUR","P_SAL_H","TOTAL","K66","D111","BG",2008,2.96
"EUR","P_SAL_H","TOTAL","K66","D1111","BG",2008,2.77
"EUR","P_SAL_H","TOTAL","L","D01","BG",2008,2.42
"EUR","P_SAL_H","TOTAL","L","D111","BG",2008,2.04
"EUR","P_SAL_H","TOTAL","L","D1111","BG",2008,1.89
"EUR","P_SAL_H","TOTAL","L68","D01","BG",2008,2.42
"EUR","P_SAL_H","TOTAL","L68","D111","BG",2008,2.04
"EUR","P_SAL_H","TOTAL","L68","D1111","BG",2008,1.89
"EUR","P_SAL_H","TOTAL","M","D01","BG",2008,3.22
"EUR","P_SAL_H","TOTAL","M","D111","BG",2008,2.72
"EUR","P_SAL_H","TOTAL","M","D1111","BG",2008,2.49
"EUR","P_SAL_H","TOTAL","M69","D01","BG",2008,2.8
"EUR","P_SAL_H","TOTAL","M69","D111","BG",2008,2.37
"EUR","P_SAL_H","TOTAL","M69","D1111","BG",2008,2.2
"EUR","P_SAL_H","TOTAL","M70","D01","BG",2008,5.08
"EUR","P_SAL_H","TOTAL","M70","D111","BG",2008,4.37
"EUR","P_SAL_H","TOTAL","M70","D1111","BG",2008,3.96
"EUR","P_SAL_H","TOTAL","M71","D01","BG",2008,3.23
"EUR","P_SAL_H","TOTAL","M71","D111","BG",2008,2.71
"EUR","P_SAL_H","TOTAL","M71","D1111","BG",2008,2.46
"EUR","P_SAL_H","TOTAL","M72","D01","BG",2008,2.77
"EUR","P_SAL_H","TOTAL","M72","D111","BG",2008,2.27
"EUR","P_SAL_H","TOTAL","M72","D1111","BG",2008,1.99
"EUR","P_SAL_H","TOTAL","M73","D01","BG",2008,3.05
"EUR","P_SAL_H","TOTAL","M73","D111","BG",2008,2.59
"EUR","P_SAL_H","TOTAL","M73","D1111","BG",2008,2.41
"EUR","P_SAL_H","TOTAL","M74","D01","BG",2008,3.27
"EUR","P_SAL_H","TOTAL","M74","D111","BG",2008,2.82
"EUR","P_SAL_H","TOTAL","M74","D1111","BG",2008,2.66
"EUR","P_SAL_H","TOTAL","M75","D01","BG",2008,1.24
"EUR","P_SAL_H","TOTAL","M75","D111","BG",2008,1.02
"EUR","P_SAL_H","TOTAL","M75","D1111","BG",2008,0.99
"EUR","P_SAL_H","TOTAL","N","D01","BG",2008,1.36
"EUR","P_SAL_H","TOTAL","N","D111","BG",2008,1.15
"EUR","P_SAL_H","TOTAL","N","D1111","BG",2008,1.08
"EUR","P_SAL_H","TOTAL","N77","D01","BG",2008,2.69
"EUR","P_SAL_H","TOTAL","N77","D111","BG",2008,2.26
"EUR","P_SAL_H","TOTAL","N77","D1111","BG",2008,2.1
"EUR","P_SAL_H","TOTAL","N78","D01","BG",2008,2.55
"EUR","P_SAL_H","TOTAL","N78","D111","BG",2008,2.1
"EUR","P_SAL_H","TOTAL","N78","D1111","BG",2008,1.95
"EUR","P_SAL_H","TOTAL","N79","D01","BG",2008,1.96
"EUR","P_SAL_H","TOTAL","N79","D111","BG",2008,1.63
"EUR","P_SAL_H","TOTAL","N79","D1111","BG",2008,1.55
"EUR","P_SAL_H","TOTAL","N80","D01","BG",2008,1.21
"EUR","P_SAL_H","TOTAL","N80","D111","BG",2008,1
"EUR","P_SAL_H","TOTAL","N80","D1111","BG",2008,0.94
"EUR","P_SAL_H","TOTAL","N81","D01","BG",2008,0.98
"EUR","P_SAL_H","TOTAL","N81","D111","BG",2008,0.91
"EUR","P_SAL_H","TOTAL","N81","D1111","BG",2008,0.84
"EUR","P_SAL_H","TOTAL","N82","D01","BG",2008,2.86
"EUR","P_SAL_H","TOTAL","N82","D111","BG",2008,2.37
"EUR","P_SAL_H","TOTAL","N82","D1111","BG",2008,2.2
"EUR","P_SAL_H","TOTAL","O","D01","BG",2008,3.45
"EUR","P_SAL_H","TOTAL","O","D111","BG",2008,2.72
"EUR","P_SAL_H","TOTAL","O","D1111","BG",2008,2.45
"EUR","P_SAL_H","TOTAL","O-S","D01","BG",2008,2.77
"EUR","P_SAL_H","TOTAL","O-S","D111","BG",2008,2.23
"EUR","P_SAL_H","TOTAL","O-S","D1111","BG",2008,1.96
"EUR","P_SAL_H","TOTAL","O84","D01","BG",2008,3.45
"EUR","P_SAL_H","TOTAL","O84","D111","BG",2008,2.72
"EUR","P_SAL_H","TOTAL","O84","D1111","BG",2008,2.45
"EUR","P_SAL_H","TOTAL","P","D01","BG",2008,2.79
"EUR","P_SAL_H","TOTAL","P","D111","BG",2008,2.23
"EUR","P_SAL_H","TOTAL","P","D1111","BG",2008,1.86
"EUR","P_SAL_H","TOTAL","P-S","D01","BG",2008,2.51
"EUR","P_SAL_H","TOTAL","P-S","D111","BG",2008,2.04
"EUR","P_SAL_H","TOTAL","P-S","D1111","BG",2008,1.78
"EUR","P_SAL_H","TOTAL","P85","D01","BG",2008,2.79
"EUR","P_SAL_H","TOTAL","P85","D111","BG",2008,2.23
"EUR","P_SAL_H","TOTAL","P85","D1111","BG",2008,1.86
"EUR","P_SAL_H","TOTAL","Q","D01","BG",2008,2.56
"EUR","P_SAL_H","TOTAL","Q","D111","BG",2008,2.1
"EUR","P_SAL_H","TOTAL","Q","D1111","BG",2008,1.89
"EUR","P_SAL_H","TOTAL","Q86","D01","BG",2008,2.77
"EUR","P_SAL_H","TOTAL","Q86","D111","BG",2008,2.28
"EUR","P_SAL_H","TOTAL","Q86","D1111","BG",2008,2.05
"EUR","P_SAL_H","TOTAL","Q87","D01","BG",2008,1.9
"EUR","P_SAL_H","TOTAL","Q87","D111","BG",2008,1.56
"EUR","P_SAL_H","TOTAL","Q87","D1111","BG",2008,1.37
"EUR","P_SAL_H","TOTAL","Q88","D01","BG",2008,1.61
"EUR","P_SAL_H","TOTAL","Q88","D111","BG",2008,1.32
"EUR","P_SAL_H","TOTAL","Q88","D1111","BG",2008,1.17
"EUR","P_SAL_H","TOTAL","R","D01","BG",2008,1.93
"EUR","P_SAL_H","TOTAL","R","D111","BG",2008,1.6
"EUR","P_SAL_H","TOTAL","R","D1111","BG",2008,1.46
"EUR","P_SAL_H","TOTAL","R90","D01","BG",2008,2.18
"EUR","P_SAL_H","TOTAL","R90","D111","BG",2008,1.77
"EUR","P_SAL_H","TOTAL","R90","D1111","BG",2008,1.55
"EUR","P_SAL_H","TOTAL","R91","D01","BG",2008,1.96
"EUR","P_SAL_H","TOTAL","R91","D111","BG",2008,1.6
"EUR","P_SAL_H","TOTAL","R91","D1111","BG",2008,1.4
"EUR","P_SAL_H","TOTAL","R92","D01","BG",2008,1.6
"EUR","P_SAL_H","TOTAL","R92","D111","BG",2008,1.32
"EUR","P_SAL_H","TOTAL","R92","D1111","BG",2008,1.23
"EUR","P_SAL_H","TOTAL","R93","D01","BG",2008,2.19
"EUR","P_SAL_H","TOTAL","R93","D111","BG",2008,1.87
"EUR","P_SAL_H","TOTAL","R93","D1111","BG",2008,1.76
"EUR","P_SAL_H","TOTAL","S","D01","BG",2008,1.55
"EUR","P_SAL_H","TOTAL","S","D111","BG",2008,1.35
"EUR","P_SAL_H","TOTAL","S","D1111","BG",2008,1.25
"EUR","P_SAL_H","TOTAL","S94","D01","BG",2008,1.78
"EUR","P_SAL_H","TOTAL","S94","D111","BG",2008,1.6
"EUR","P_SAL_H","TOTAL","S94","D1111","BG",2008,1.47
"EUR","P_SAL_H","TOTAL","S95","D01","BG",2008,1.44
"EUR","P_SAL_H","TOTAL","S95","D111","BG",2008,1.19
"EUR","P_SAL_H","TOTAL","S95","D1111","BG",2008,1.13
"EUR","P_SAL_H","TOTAL","S96","D01","BG",2008,1.24
"EUR","P_SAL_H","TOTAL","S96","D111","BG",2008,1.02
"EUR","P_SAL_H","TOTAL","S96","D1111","BG",2008,0.96
"EUR","P_SAL_M","10-49","B","D01","BG",2008,371
"EUR","P_SAL_M","10-49","B","D111","BG",2008,297
"EUR","P_SAL_M","10-49","B","D1111","BG",2008,271
"EUR","P_SAL_M","10-49","B-E","D01","BG",2008,223
"EUR","P_SAL_M","10-49","B-E","D111","BG",2008,183
"EUR","P_SAL_M","10-49","B-E","D1111","BG",2008,167
"EUR","P_SAL_M","10-49","B-F","D01","BG",2008,231
"EUR","P_SAL_M","10-49","B-F","D111","BG",2008,190
"EUR","P_SAL_M","10-49","B-F","D1111","BG",2008,176
"EUR","P_SAL_M","10-49","B-N","D01","BG",2008,272
"EUR","P_SAL_M","10-49","B-N","D111","BG",2008,227
"EUR","P_SAL_M","10-49","B-N","D1111","BG",2008,210
"EUR","P_SAL_M","10-49","B-S","D01","BG",2008,290
"EUR","P_SAL_M","10-49","B-S","D111","BG",2008,239
"EUR","P_SAL_M","10-49","B-S","D1111","BG",2008,218
"EUR","P_SAL_M","10-49","B-S_X_O","D01","BG",2008,279
"EUR","P_SAL_M","10-49","B-S_X_O","D111","BG",2008,231
"EUR","P_SAL_M","10-49","B-S_X_O","D1111","BG",2008,211
"EUR","P_SAL_M","10-49","B05","D01","BG",2008,354
"EUR","P_SAL_M","10-49","B05","D111","BG",2008,279
"EUR","P_SAL_M","10-49","B05","D1111","BG",2008,262
"EUR","P_SAL_M","10-49","B06","D01","BG",2008,NA
"EUR","P_SAL_M","10-49","B06","D111","BG",2008,NA
"EUR","P_SAL_M","10-49","B06","D1111","BG",2008,NA
"EUR","P_SAL_M","10-49","B07","D01","BG",2008,407
"EUR","P_SAL_M","10-49","B07","D111","BG",2008,310
"EUR","P_SAL_M","10-49","B07","D1111","BG",2008,265
"EUR","P_SAL_M","10-49","B08","D01","BG",2008,350
"EUR","P_SAL_M","10-49","B08","D111","BG",2008,278
"EUR","P_SAL_M","10-49","B08","D1111","BG",2008,254
"EUR","P_SAL_M","10-49","B09","D01","BG",2008,NA
"EUR","P_SAL_M","10-49","B09","D111","BG",2008,NA
"EUR","P_SAL_M","10-49","B09","D1111","BG",2008,NA
"EUR","P_SAL_M","10-49","C","D01","BG",2008,205
"EUR","P_SAL_M","10-49","C","D111","BG",2008,169
"EUR","P_SAL_M","10-49","C","D1111","BG",2008,157
"EUR","P_SAL_M","10-49","C10","D01","BG",2008,186
"EUR","P_SAL_M","10-49","C10","D111","BG",2008,153
"EUR","P_SAL_M","10-49","C10","D1111","BG",2008,143
"EUR","P_SAL_M","10-49","C11","D01","BG",2008,NA
"EUR","P_SAL_M","10-49","C11","D111","BG",2008,NA
"EUR","P_SAL_M","10-49","C11","D1111","BG",2008,NA
"EUR","P_SAL_M","10-49","C12","D01","BG",2008,288
"EUR","P_SAL_M","10-49","C12","D111","BG",2008,235
"EUR","P_SAL_M","10-49","C12","D1111","BG",2008,218
"EUR","P_SAL_M","10-49","C13","D01","BG",2008,197
"EUR","P_SAL_M","10-49","C13","D111","BG",2008,159
"EUR","P_SAL_M","10-49","C13","D1111","BG",2008,147
"EUR","P_SAL_M","10-49","C14","D01","BG",2008,156
"EUR","P_SAL_M","10-49","C14","D111","BG",2008,128
"EUR","P_SAL_M","10-49","C14","D1111","BG",2008,119
"EUR","P_SAL_M","10-49","C15","D01","BG",2008,150
"EUR","P_SAL_M","10-49","C15","D111","BG",2008,123
"EUR","P_SAL_M","10-49","C15","D1111","BG",2008,115
"EUR","P_SAL_M","10-49","C16","D01","BG",2008,167
"EUR","P_SAL_M","10-49","C16","D111","BG",2008,137
"EUR","P_SAL_M","10-49","C16","D1111","BG",2008,128
"EUR","P_SAL_M","10-49","C17","D01","BG",2008,195
"EUR","P_SAL_M","10-49","C17","D111","BG",2008,160
"EUR","P_SAL_M","10-49","C17","D1111","BG",2008,148
"EUR","P_SAL_M","10-49","C18","D01","BG",2008,230
"EUR","P_SAL_M","10-49","C18","D111","BG",2008,190
"EUR","P_SAL_M","10-49","C18","D1111","BG",2008,176
"EUR","P_SAL_M","10-49","C19","D01","BG",2008,NA
"EUR","P_SAL_M","10-49","C19","D111","BG",2008,NA
"EUR","P_SAL_M","10-49","C19","D1111","BG",2008,NA
"EUR","P_SAL_M","10-49","C20","D01","BG",2008,256
"EUR","P_SAL_M","10-49","C20","D111","BG",2008,208
"EUR","P_SAL_M","10-49","C20","D1111","BG",2008,192
"EUR","P_SAL_M","10-49","C21","D01","BG",2008,NA
"EUR","P_SAL_M","10-49","C21","D111","BG",2008,NA
"EUR","P_SAL_M","10-49","C21","D1111","BG",2008,NA
"EUR","P_SAL_M","10-49","C22","D01","BG",2008,206
"EUR","P_SAL_M","10-49","C22","D111","BG",2008,169
"EUR","P_SAL_M","10-49","C22","D1111","BG",2008,157
"EUR","P_SAL_M","10-49","C23","D01","BG",2008,249
"EUR","P_SAL_M","10-49","C23","D111","BG",2008,201
"EUR","P_SAL_M","10-49","C23","D1111","BG",2008,188
"EUR","P_SAL_M","10-49","C24","D01","BG",2008,NA
"EUR","P_SAL_M","10-49","C24","D111","BG",2008,NA
"EUR","P_SAL_M","10-49","C24","D1111","BG",2008,NA
"EUR","P_SAL_M","10-49","C25","D01","BG",2008,231
"EUR","P_SAL_M","10-49","C25","D111","BG",2008,190
"EUR","P_SAL_M","10-49","C25","D1111","BG",2008,176
"EUR","P_SAL_M","10-49","C26","D01","BG",2008,341
"EUR","P_SAL_M","10-49","C26","D111","BG",2008,283
"EUR","P_SAL_M","10-49","C26","D1111","BG",2008,262
"EUR","P_SAL_M","10-49","C27","D01","BG",2008,265
"EUR","P_SAL_M","10-49","C27","D111","BG",2008,219
"EUR","P_SAL_M","10-49","C27","D1111","BG",2008,200
"EUR","P_SAL_M","10-49","C28","D01","BG",2008,284
"EUR","P_SAL_M","10-49","C28","D111","BG",2008,234
"EUR","P_SAL_M","10-49","C28","D1111","BG",2008,215
"EUR","P_SAL_M","10-49","C29","D01","BG",2008,NA
"EUR","P_SAL_M","10-49","C29","D111","BG",2008,NA
"EUR","P_SAL_M","10-49","C29","D1111","BG",2008,NA
"EUR","P_SAL_M","10-49","C30","D01","BG",2008,351
"EUR","P_SAL_M","10-49","C30","D111","BG",2008,295
"EUR","P_SAL_M","10-49","C30","D1111","BG",2008,277
"EUR","P_SAL_M","10-49","C31","D01","BG",2008,165
"EUR","P_SAL_M","10-49","C31","D111","BG",2008,136
"EUR","P_SAL_M","10-49","C31","D1111","BG",2008,126
"EUR","P_SAL_M","10-49","C32","D01","BG",2008,209
"EUR","P_SAL_M","10-49","C32","D111","BG",2008,170
"EUR","P_SAL_M","10-49","C32","D1111","BG",2008,156
"EUR","P_SAL_M","10-49","C33","D01","BG",2008,309
"EUR","P_SAL_M","10-49","C33","D111","BG",2008,254
"EUR","P_SAL_M","10-49","C33","D1111","BG",2008,238
"EUR","P_SAL_M","10-49","D","D01","BG",2008,720
"EUR","P_SAL_M","10-49","D","D111","BG",2008,587
"EUR","P_SAL_M","10-49","D","D1111","BG",2008,477
"EUR","P_SAL_M","10-49","D35","D01","BG",2008,720
"EUR","P_SAL_M","10-49","D35","D111","BG",2008,587
"EUR","P_SAL_M","10-49","D35","D1111","BG",2008,477
"EUR","P_SAL_M","10-49","E","D01","BG",2008,383
"EUR","P_SAL_M","10-49","E","D111","BG",2008,314
"EUR","P_SAL_M","10-49","E","D1111","BG",2008,260
"EUR","P_SAL_M","10-49","E36","D01","BG",2008,409
"EUR","P_SAL_M","10-49","E36","D111","BG",2008,332
"EUR","P_SAL_M","10-49","E36","D1111","BG",2008,255
"EUR","P_SAL_M","10-49","E37","D01","BG",2008,895
"EUR","P_SAL_M","10-49","E37","D111","BG",2008,808
"EUR","P_SAL_M","10-49","E37","D1111","BG",2008,787
"EUR","P_SAL_M","10-49","E38","D01","BG",2008,313
"EUR","P_SAL_M","10-49","E38","D111","BG",2008,259
"EUR","P_SAL_M","10-49","E38","D1111","BG",2008,241
"EUR","P_SAL_M","10-49","E39","D01","BG",2008,381
"EUR","P_SAL_M","10-49","E39","D111","BG",2008,306
"EUR","P_SAL_M","10-49","E39","D1111","BG",2008,280
"EUR","P_SAL_M","10-49","F","D01","BG",2008,246
"EUR","P_SAL_M","10-49","F","D111","BG",2008,203
"EUR","P_SAL_M","10-49","F","D1111","BG",2008,191
"EUR","P_SAL_M","10-49","F41","D01","BG",2008,229
"EUR","P_SAL_M","10-49","F41","D111","BG",2008,189
"EUR","P_SAL_M","10-49","F41","D1111","BG",2008,178
"EUR","P_SAL_M","10-49","F42","D01","BG",2008,295
"EUR","P_SAL_M","10-49","F42","D111","BG",2008,241
"EUR","P_SAL_M","10-49","F42","D1111","BG",2008,225
"EUR","P_SAL_M","10-49","F43","D01","BG",2008,261
"EUR","P_SAL_M","10-49","F43","D111","BG",2008,215
"EUR","P_SAL_M","10-49","F43","D1111","BG",2008,203
"EUR","P_SAL_M","10-49","G","D01","BG",2008,261
"EUR","P_SAL_M","10-49","G","D111","BG",2008,218
"EUR","P_SAL_M","10-49","G","D1111","BG",2008,204
"EUR","P_SAL_M","10-49","G-J","D01","BG",2008,272
"EUR","P_SAL_M","10-49","G-J","D111","BG",2008,227
"EUR","P_SAL_M","10-49","G-J","D1111","BG",2008,211
"EUR","P_SAL_M","10-49","G-N","D01","BG",2008,308
"EUR","P_SAL_M","10-49","G-N","D111","BG",2008,259
"EUR","P_SAL_M","10-49","G-N","D1111","BG",2008,240
"EUR","P_SAL_M","10-49","G-S_X_O","D01","BG",2008,309
"EUR","P_SAL_M","10-49","G-S_X_O","D111","BG",2008,257
"EUR","P_SAL_M","10-49","G-S_X_O","D1111","BG",2008,233
"EUR","P_SAL_M","10-49","G45","D01","BG",2008,276
"EUR","P_SAL_M","10-49","G45","D111","BG",2008,230
"EUR","P_SAL_M","10-49","G45","D1111","BG",2008,216
"EUR","P_SAL_M","10-49","G46","D01","BG",2008,313
"EUR","P_SAL_M","10-49","G46","D111","BG",2008,263
"EUR","P_SAL_M","10-49","G46","D1111","BG",2008,246
"EUR","P_SAL_M","10-49","G47","D01","BG",2008,203
"EUR","P_SAL_M","10-49","G47","D111","BG",2008,168
"EUR","P_SAL_M","10-49","G47","D1111","BG",2008,157
"EUR","P_SAL_M","10-49","H","D01","BG",2008,290
"EUR","P_SAL_M","10-49","H","D111","BG",2008,241
"EUR","P_SAL_M","10-49","H","D1111","BG",2008,215
"EUR","P_SAL_M","10-49","H49","D01","BG",2008,218
"EUR","P_SAL_M","10-49","H49","D111","BG",2008,174
"EUR","P_SAL_M","10-49","H49","D1111","BG",2008,161
"EUR","P_SAL_M","10-49","H50","D01","BG",2008,325
"EUR","P_SAL_M","10-49","H50","D111","BG",2008,255
"EUR","P_SAL_M","10-49","H50","D1111","BG",2008,242
"EUR","P_SAL_M","10-49","H51","D01","BG",2008,716
"EUR","P_SAL_M","10-49","H51","D111","BG",2008,573
"EUR","P_SAL_M","10-49","H51","D1111","BG",2008,539
"EUR","P_SAL_M","10-49","H52","D01","BG",2008,462
"EUR","P_SAL_M","10-49","H52","D111","BG",2008,408
"EUR","P_SAL_M","10-49","H52","D1111","BG",2008,362
"EUR","P_SAL_M","10-49","H53","D01","BG",2008,303
"EUR","P_SAL_M","10-49","H53","D111","BG",2008,248
"EUR","P_SAL_M","10-49","H53","D1111","BG",2008,184
"EUR","P_SAL_M","10-49","I","D01","BG",2008,184
"EUR","P_SAL_M","10-49","I","D111","BG",2008,151
"EUR","P_SAL_M","10-49","I","D1111","BG",2008,143
"EUR","P_SAL_M","10-49","I55","D01","BG",2008,226
"EUR","P_SAL_M","10-49","I55","D111","BG",2008,185
"EUR","P_SAL_M","10-49","I55","D1111","BG",2008,173
"EUR","P_SAL_M","10-49","I56","D01","BG",2008,167
"EUR","P_SAL_M","10-49","I56","D111","BG",2008,138
"EUR","P_SAL_M","10-49","I56","D1111","BG",2008,131
"EUR","P_SAL_M","10-49","J","D01","BG",2008,551
"EUR","P_SAL_M","10-49","J","D111","BG",2008,469
"EUR","P_SAL_M","10-49","J","D1111","BG",2008,438
"EUR","P_SAL_M","10-49","J58","D01","BG",2008,383
"EUR","P_SAL_M","10-49","J58","D111","BG",2008,324
"EUR","P_SAL_M","10-49","J58","D1111","BG",2008,301
"EUR","P_SAL_M","10-49","J59","D01","BG",2008,452
"EUR","P_SAL_M","10-49","J59","D111","BG",2008,378
"EUR","P_SAL_M","10-49","J59","D1111","BG",2008,352
"EUR","P_SAL_M","10-49","J60","D01","BG",2008,357
"EUR","P_SAL_M","10-49","J60","D111","BG",2008,300
"EUR","P_SAL_M","10-49","J60","D1111","BG",2008,278
"EUR","P_SAL_M","10-49","J61","D01","BG",2008,392
"EUR","P_SAL_M","10-49","J61","D111","BG",2008,321
"EUR","P_SAL_M","10-49","J61","D1111","BG",2008,297
"EUR","P_SAL_M","10-49","J62","D01","BG",2008,741
"EUR","P_SAL_M","10-49","J62","D111","BG",2008,639
"EUR","P_SAL_M","10-49","J62","D1111","BG",2008,599
"EUR","P_SAL_M","10-49","J63","D01","BG",2008,656
"EUR","P_SAL_M","10-49","J63","D111","BG",2008,565
"EUR","P_SAL_M","10-49","J63","D1111","BG",2008,527
"EUR","P_SAL_M","10-49","K","D01","BG",2008,660
"EUR","P_SAL_M","10-49","K","D111","BG",2008,560
"EUR","P_SAL_M","10-49","K","D1111","BG",2008,514
"EUR","P_SAL_M","10-49","K-N","D01","BG",2008,449
"EUR","P_SAL_M","10-49","K-N","D111","BG",2008,382
"EUR","P_SAL_M","10-49","K-N","D1111","BG",2008,354
"EUR","P_SAL_M","10-49","K64","D01","BG",2008,650
"EUR","P_SAL_M","10-49","K64","D111","BG",2008,551
"EUR","P_SAL_M","10-49","K64","D1111","BG",2008,501
"EUR","P_SAL_M","10-49","K65","D01","BG",2008,787
"EUR","P_SAL_M","10-49","K65","D111","BG",2008,669
"EUR","P_SAL_M","10-49","K65","D1111","BG",2008,619
"EUR","P_SAL_M","10-49","K66","D01","BG",2008,622
"EUR","P_SAL_M","10-49","K66","D111","BG",2008,535
"EUR","P_SAL_M","10-49","K66","D1111","BG",2008,507
"EUR","P_SAL_M","10-49","L","D01","BG",2008,378
"EUR","P_SAL_M","10-49","L","D111","BG",2008,318
"EUR","P_SAL_M","10-49","L","D1111","BG",2008,292
"EUR","P_SAL_M","10-49","L68","D01","BG",2008,378
"EUR","P_SAL_M","10-49","L68","D111","BG",2008,318
"EUR","P_SAL_M","10-49","L68","D1111","BG",2008,292
"EUR","P_SAL_M","10-49","M","D01","BG",2008,553
"EUR","P_SAL_M","10-49","M","D111","BG",2008,476
"EUR","P_SAL_M","10-49","M","D1111","BG",2008,443
"EUR","P_SAL_M","10-49","M69","D01","BG",2008,430
"EUR","P_SAL_M","10-49","M69","D111","BG",2008,364
"EUR","P_SAL_M","10-49","M69","D1111","BG",2008,340
"EUR","P_SAL_M","10-49","M70","D01","BG",2008,1028
"EUR","P_SAL_M","10-49","M70","D111","BG",2008,916
"EUR","P_SAL_M","10-49","M70","D1111","BG",2008,862
"EUR","P_SAL_M","10-49","M71","D01","BG",2008,529
"EUR","P_SAL_M","10-49","M71","D111","BG",2008,448
"EUR","P_SAL_M","10-49","M71","D1111","BG",2008,412
"EUR","P_SAL_M","10-49","M72","D01","BG",2008,431
"EUR","P_SAL_M","10-49","M72","D111","BG",2008,353
"EUR","P_SAL_M","10-49","M72","D1111","BG",2008,318
"EUR","P_SAL_M","10-49","M73","D01","BG",2008,432
"EUR","P_SAL_M","10-49","M73","D111","BG",2008,367
"EUR","P_SAL_M","10-49","M73","D1111","BG",2008,343
"EUR","P_SAL_M","10-49","M74","D01","BG",2008,622
"EUR","P_SAL_M","10-49","M74","D111","BG",2008,552
"EUR","P_SAL_M","10-49","M74","D1111","BG",2008,524
"EUR","P_SAL_M","10-49","M75","D01","BG",2008,NA
"EUR","P_SAL_M","10-49","M75","D111","BG",2008,NA
"EUR","P_SAL_M","10-49","M75","D1111","BG",2008,NA
"EUR","P_SAL_M","10-49","N","D01","BG",2008,235
"EUR","P_SAL_M","10-49","N","D111","BG",2008,197
"EUR","P_SAL_M","10-49","N","D1111","BG",2008,185
"EUR","P_SAL_M","10-49","N77","D01","BG",2008,449
"EUR","P_SAL_M","10-49","N77","D111","BG",2008,379
"EUR","P_SAL_M","10-49","N77","D1111","BG",2008,353
"EUR","P_SAL_M","10-49","N78","D01","BG",2008,397
"EUR","P_SAL_M","10-49","N78","D111","BG",2008,330
"EUR","P_SAL_M","10-49","N78","D1111","BG",2008,303
"EUR","P_SAL_M","10-49","N79","D01","BG",2008,337
"EUR","P_SAL_M","10-49","N79","D111","BG",2008,285
"EUR","P_SAL_M","10-49","N79","D1111","BG",2008,269
"EUR","P_SAL_M","10-49","N80","D01","BG",2008,175
"EUR","P_SAL_M","10-49","N80","D111","BG",2008,147
"EUR","P_SAL_M","10-49","N80","D1111","BG",2008,140
"EUR","P_SAL_M","10-49","N81","D01","BG",2008,175
"EUR","P_SAL_M","10-49","N81","D111","BG",2008,148
"EUR","P_SAL_M","10-49","N81","D1111","BG",2008,136
"EUR","P_SAL_M","10-49","N82","D01","BG",2008,360
"EUR","P_SAL_M","10-49","N82","D111","BG",2008,298
"EUR","P_SAL_M","10-49","N82","D1111","BG",2008,279
"EUR","P_SAL_M","10-49","O","D01","BG",2008,544
"EUR","P_SAL_M","10-49","O","D111","BG",2008,425
"EUR","P_SAL_M","10-49","O","D1111","BG",2008,377
"EUR","P_SAL_M","10-49","O-S","D01","BG",2008,356
"EUR","P_SAL_M","10-49","O-S","D111","BG",2008,284
"EUR","P_SAL_M","10-49","O-S","D1111","BG",2008,246
"EUR","P_SAL_M","10-49","O84","D01","BG",2008,544
"EUR","P_SAL_M","10-49","O84","D111","BG",2008,425
"EUR","P_SAL_M","10-49","O84","D1111","BG",2008,377
"EUR","P_SAL_M","10-49","P","D01","BG",2008,341
"EUR","P_SAL_M","10-49","P","D111","BG",2008,270
"EUR","P_SAL_M","10-49","P","D1111","BG",2008,225
"EUR","P_SAL_M","10-49","P-S","D01","BG",2008,313
"EUR","P_SAL_M","10-49","P-S","D111","BG",2008,252
"EUR","P_SAL_M","10-49","P-S","D1111","BG",2008,217
"EUR","P_SAL_M","10-49","P85","D01","BG",2008,341
"EUR","P_SAL_M","10-49","P85","D111","BG",2008,270
"EUR","P_SAL_M","10-49","P85","D1111","BG",2008,225
"EUR","P_SAL_M","10-49","Q","D01","BG",2008,293
"EUR","P_SAL_M","10-49","Q","D111","BG",2008,243
"EUR","P_SAL_M","10-49","Q","D1111","BG",2008,221
"EUR","P_SAL_M","10-49","Q86","D01","BG",2008,329
"EUR","P_SAL_M","10-49","Q86","D111","BG",2008,274
"EUR","P_SAL_M","10-49","Q86","D1111","BG",2008,252
"EUR","P_SAL_M","10-49","Q87","D01","BG",2008,NA
"EUR","P_SAL_M","10-49","Q87","D111","BG",2008,NA
"EUR","P_SAL_M","10-49","Q87","D1111","BG",2008,NA
"EUR","P_SAL_M","10-49","Q88","D01","BG",2008,NA
"EUR","P_SAL_M","10-49","Q88","D111","BG",2008,NA
"EUR","P_SAL_M","10-49","Q88","D1111","BG",2008,NA
"EUR","P_SAL_M","10-49","R","D01","BG",2008,232
"EUR","P_SAL_M","10-49","R","D111","BG",2008,191
"EUR","P_SAL_M","10-49","R","D1111","BG",2008,175
"EUR","P_SAL_M","10-49","R90","D01","BG",2008,277
"EUR","P_SAL_M","10-49","R90","D111","BG",2008,228
"EUR","P_SAL_M","10-49","R90","D1111","BG",2008,204
"EUR","P_SAL_M","10-49","R91","D01","BG",2008,266
"EUR","P_SAL_M","10-49","R91","D111","BG",2008,219
"EUR","P_SAL_M","10-49","R91","D1111","BG",2008,193
"EUR","P_SAL_M","10-49","R92","D01","BG",2008,184
"EUR","P_SAL_M","10-49","R92","D111","BG",2008,152
"EUR","P_SAL_M","10-49","R92","D1111","BG",2008,142
"EUR","P_SAL_M","10-49","R93","D01","BG",2008,244
"EUR","P_SAL_M","10-49","R93","D111","BG",2008,202
"EUR","P_SAL_M","10-49","R93","D1111","BG",2008,189
"EUR","P_SAL_M","10-49","S","D01","BG",2008,244
"EUR","P_SAL_M","10-49","S","D111","BG",2008,211
"EUR","P_SAL_M","10-49","S","D1111","BG",2008,193
"EUR","P_SAL_M","10-49","S94","D01","BG",2008,264
"EUR","P_SAL_M","10-49","S94","D111","BG",2008,234
"EUR","P_SAL_M","10-49","S94","D1111","BG",2008,213
"EUR","P_SAL_M","10-49","S95","D01","BG",2008,352
"EUR","P_SAL_M","10-49","S95","D111","BG",2008,294
"EUR","P_SAL_M","10-49","S95","D1111","BG",2008,274
"EUR","P_SAL_M","10-49","S96","D01","BG",2008,193
"EUR","P_SAL_M","10-49","S96","D111","BG",2008,159
"EUR","P_SAL_M","10-49","S96","D1111","BG",2008,147
"EUR","P_SAL_M","250-499","B","D01","BG",2008,455
"EUR","P_SAL_M","250-499","B","D111","BG",2008,328
"EUR","P_SAL_M","250-499","B","D1111","BG",2008,288
"EUR","P_SAL_M","250-499","B-E","D01","BG",2008,402
"EUR","P_SAL_M","250-499","B-E","D111","BG",2008,322
"EUR","P_SAL_M","250-499","B-E","D1111","BG",2008,279
"EUR","P_SAL_M","250-499","B-F","D01","BG",2008,394
"EUR","P_SAL_M","250-499","B-F","D111","BG",2008,317
"EUR","P_SAL_M","250-499","B-F","D1111","BG",2008,279
"EUR","P_SAL_M","250-499","B-N","D01","BG",2008,422
"EUR","P_SAL_M","250-499","B-N","D111","BG",2008,345
"EUR","P_SAL_M","250-499","B-N","D1111","BG",2008,306
"EUR","P_SAL_M","250-499","B-S","D01","BG",2008,431
"EUR","P_SAL_M","250-499","B-S","D111","BG",2008,351
"EUR","P_SAL_M","250-499","B-S","D1111","BG",2008,310
"EUR","P_SAL_M","250-499","B-S_X_O","D01","BG",2008,420
"EUR","P_SAL_M","250-499","B-S_X_O","D111","BG",2008,343
"EUR","P_SAL_M","250-499","B-S_X_O","D1111","BG",2008,303
"EUR","P_SAL_M","250-499","B05","D01","BG",2008,424
"EUR","P_SAL_M","250-499","B05","D111","BG",2008,290
"EUR","P_SAL_M","250-499","B05","D1111","BG",2008,248
"EUR","P_SAL_M","250-499","B06","D01","BG",2008,NA
"EUR","P_SAL_M","250-499","B06","D111","BG",2008,NA
"EUR","P_SAL_M","250-499","B06","D1111","BG",2008,NA
"EUR","P_SAL_M","250-499","B07","D01","BG",2008,481
"EUR","P_SAL_M","250-499","B07","D111","BG",2008,352
"EUR","P_SAL_M","250-499","B07","D1111","BG",2008,315
"EUR","P_SAL_M","250-499","B08","D01","BG",2008,NA
"EUR","P_SAL_M","250-499","B08","D111","BG",2008,NA
"EUR","P_SAL_M","250-499","B08","D1111","BG",2008,NA
"EUR","P_SAL_M","250-499","C","D01","BG",2008,364
"EUR","P_SAL_M","250-499","C","D111","BG",2008,296
"EUR","P_SAL_M","250-499","C","D1111","BG",2008,264
"EUR","P_SAL_M","250-499","C10","D01","BG",2008,321
"EUR","P_SAL_M","250-499","C10","D111","BG",2008,261
"EUR","P_SAL_M","250-499","C10","D1111","BG",2008,242
"EUR","P_SAL_M","250-499","C11","D01","BG",2008,524
"EUR","P_SAL_M","250-499","C11","D111","BG",2008,443
"EUR","P_SAL_M","250-499","C11","D1111","BG",2008,411
"EUR","P_SAL_M","250-499","C12","D01","BG",2008,891
"EUR","P_SAL_M","250-499","C12","D111","BG",2008,721
"EUR","P_SAL_M","250-499","C12","D1111","BG",2008,606
"EUR","P_SAL_M","250-499","C13","D01","BG",2008,NA
"EUR","P_SAL_M","250-499","C13","D111","BG",2008,NA
"EUR","P_SAL_M","250-499","C13","D1111","BG",2008,NA
"EUR","P_SAL_M","250-499","C14","D01","BG",2008,224
"EUR","P_SAL_M","250-499","C14","D111","BG",2008,185
"EUR","P_SAL_M","250-499","C14","D1111","BG",2008,164
"EUR","P_SAL_M","250-499","C15","D01","BG",2008,211
"EUR","P_SAL_M","250-499","C15","D111","BG",2008,170
"EUR","P_SAL_M","250-499","C15","D1111","BG",2008,155
"EUR","P_SAL_M","250-499","C16","D01","BG",2008,NA
"EUR","P_SAL_M","250-499","C16","D111","BG",2008,NA
"EUR","P_SAL_M","250-499","C16","D1111","BG",2008,NA
"EUR","P_SAL_M","250-499","C17","D01","BG",2008,343
"EUR","P_SAL_M","250-499","C17","D111","BG",2008,274
"EUR","P_SAL_M","250-499","C17","D1111","BG",2008,249
"EUR","P_SAL_M","250-499","C18","D01","BG",2008,629
"EUR","P_SAL_M","250-499","C18","D111","BG",2008,518
"EUR","P_SAL_M","250-499","C18","D1111","BG",2008,458
"EUR","P_SAL_M","250-499","C19","D01","BG",2008,NA
"EUR","P_SAL_M","250-499","C19","D111","BG",2008,NA
"EUR","P_SAL_M","250-499","C19","D1111","BG",2008,NA
"EUR","P_SAL_M","250-499","C20","D01","BG",2008,NA
"EUR","P_SAL_M","250-499","C20","D111","BG",2008,NA
"EUR","P_SAL_M","250-499","C20","D1111","BG",2008,NA
"EUR","P_SAL_M","250-499","C21","D01","BG",2008,495
"EUR","P_SAL_M","250-499","C21","D111","BG",2008,393
"EUR","P_SAL_M","250-499","C21","D1111","BG",2008,343
"EUR","P_SAL_M","250-499","C22","D01","BG",2008,236
"EUR","P_SAL_M","250-499","C22","D111","BG",2008,191
"EUR","P_SAL_M","250-499","C22","D1111","BG",2008,172
"EUR","P_SAL_M","250-499","C23","D01","BG",2008,NA
"EUR","P_SAL_M","250-499","C23","D111","BG",2008,NA
"EUR","P_SAL_M","250-499","C23","D1111","BG",2008,NA
"EUR","P_SAL_M","250-499","C24","D01","BG",2008,NA
"EUR","P_SAL_M","250-499","C24","D111","BG",2008,NA
"EUR","P_SAL_M","250-499","C24","D1111","BG",2008,NA
"EUR","P_SAL_M","250-499","C25","D01","BG",2008,379
"EUR","P_SAL_M","250-499","C25","D111","BG",2008,313
"EUR","P_SAL_M","250-499","C25","D1111","BG",2008,273
"EUR","P_SAL_M","250-499","C26","D01","BG",2008,435
"EUR","P_SAL_M","250-499","C26","D111","BG",2008,359
"EUR","P_SAL_M","250-499","C26","D1111","BG",2008,313
"EUR","P_SAL_M","250-499","C27","D01","BG",2008,395
"EUR","P_SAL_M","250-499","C27","D111","BG",2008,323
"EUR","P_SAL_M","250-499","C27","D1111","BG",2008,282
"EUR","P_SAL_M","250-499","C28","D01","BG",2008,399
"EUR","P_SAL_M","250-499","C28","D111","BG",2008,325
"EUR","P_SAL_M","250-499","C28","D1111","BG",2008,292
"EUR","P_SAL_M","250-499","C29","D01","BG",2008,NA
"EUR","P_SAL_M","250-499","C29","D111","BG",2008,NA
"EUR","P_SAL_M","250-499","C29","D1111","BG",2008,NA
"EUR","P_SAL_M","250-499","C30","D01","BG",2008,NA
"EUR","P_SAL_M","250-499","C30","D111","BG",2008,NA
"EUR","P_SAL_M","250-499","C30","D1111","BG",2008,NA
"EUR","P_SAL_M","250-499","C31","D01","BG",2008,231
"EUR","P_SAL_M","250-499","C31","D111","BG",2008,189
"EUR","P_SAL_M","250-499","C31","D1111","BG",2008,172
"EUR","P_SAL_M","250-499","C32","D01","BG",2008,NA
"EUR","P_SAL_M","250-499","C32","D111","BG",2008,NA
"EUR","P_SAL_M","250-499","C32","D1111","BG",2008,NA
"EUR","P_SAL_M","250-499","C33","D01","BG",2008,NA
"EUR","P_SAL_M","250-499","C33","D111","BG",2008,NA
"EUR","P_SAL_M","250-499","C33","D1111","BG",2008,NA
"EUR","P_SAL_M","250-499","D","D01","BG",2008,1061
"EUR","P_SAL_M","250-499","D","D111","BG",2008,801
"EUR","P_SAL_M","250-499","D","D1111","BG",2008,573
"EUR","P_SAL_M","250-499","D35","D01","BG",2008,1061
"EUR","P_SAL_M","250-499","D35","D111","BG",2008,801
"EUR","P_SAL_M","250-499","D35","D1111","BG",2008,573
"EUR","P_SAL_M","250-499","E","D01","BG",2008,NA
"EUR","P_SAL_M","250-499","E","D111","BG",2008,NA
"EUR","P_SAL_M","250-499","E","D1111","BG",2008,NA
"EUR","P_SAL_M","250-499","E36","D01","BG",2008,NA
"EUR","P_SAL_M","250-499","E36","D111","BG",2008,NA
"EUR","P_SAL_M","250-499","E36","D1111","BG",2008,NA
"EUR","P_SAL_M","250-499","E37","D01","BG",2008,NA
"EUR","P_SAL_M","250-499","E37","D111","BG",2008,NA
"EUR","P_SAL_M","250-499","E37","D1111","BG",2008,NA
"EUR","P_SAL_M","250-499","E38","D01","BG",2008,426
"EUR","P_SAL_M","250-499","E38","D111","BG",2008,345
"EUR","P_SAL_M","250-499","E38","D1111","BG",2008,305
"EUR","P_SAL_M","250-499","F","D01","BG",2008,369
"EUR","P_SAL_M","250-499","F","D111","BG",2008,302
"EUR","P_SAL_M","250-499","F","D1111","BG",2008,278
"EUR","P_SAL_M","250-499","F41","D01","BG",2008,298
"EUR","P_SAL_M","250-499","F41","D111","BG",2008,247
"EUR","P_SAL_M","250-499","F41","D1111","BG",2008,227
"EUR","P_SAL_M","250-499","F42","D01","BG",2008,NA
"EUR","P_SAL_M","250-499","F42","D111","BG",2008,NA
"EUR","P_SAL_M","250-499","F42","D1111","BG",2008,NA
"EUR","P_SAL_M","250-499","F43","D01","BG",2008,NA
"EUR","P_SAL_M","250-499","F43","D111","BG",2008,NA
"EUR","P_SAL_M","250-499","F43","D1111","BG",2008,NA
"EUR","P_SAL_M","250-499","G","D01","BG",2008,407
"EUR","P_SAL_M","250-499","G","D111","BG",2008,341
"EUR","P_SAL_M","250-499","G","D1111","BG",2008,320
"EUR","P_SAL_M","250-499","G-J","D01","BG",2008,501
"EUR","P_SAL_M","250-499","G-J","D111","BG",2008,414
"EUR","P_SAL_M","250-499","G-J","D1111","BG",2008,365
"EUR","P_SAL_M","250-499","G-N","D01","BG",2008,464
"EUR","P_SAL_M","250-499","G-N","D111","BG",2008,387
"EUR","P_SAL_M","250-499","G-N","D1111","BG",2008,346
"EUR","P_SAL_M","250-499","G-S_X_O","D01","BG",2008,448
"EUR","P_SAL_M","250-499","G-S_X_O","D111","BG",2008,371
"EUR","P_SAL_M","250-499","G-S_X_O","D1111","BG",2008,330
"EUR","P_SAL_M","250-499","G45","D01","BG",2008,NA
"EUR","P_SAL_M","250-499","G45","D111","BG",2008,NA
"EUR","P_SAL_M","250-499","G45","D1111","BG",2008,NA
"EUR","P_SAL_M","250-499","G46","D01","BG",2008,602
"EUR","P_SAL_M","250-499","G46","D111","BG",2008,511
"EUR","P_SAL_M","250-499","G46","D1111","BG",2008,480
"EUR","P_SAL_M","250-499","G47","D01","BG",2008,289
"EUR","P_SAL_M","250-499","G47","D111","BG",2008,238
"EUR","P_SAL_M","250-499","G47","D1111","BG",2008,223
"EUR","P_SAL_M","250-499","H","D01","BG",2008,470
"EUR","P_SAL_M","250-499","H","D111","BG",2008,384
"EUR","P_SAL_M","250-499","H","D1111","BG",2008,316
"EUR","P_SAL_M","250-499","H49","D01","BG",2008,446
"EUR","P_SAL_M","250-499","H49","D111","BG",2008,359
"EUR","P_SAL_M","250-499","H49","D1111","BG",2008,298
"EUR","P_SAL_M","250-499","H50","D01","BG",2008,NA
"EUR","P_SAL_M","250-499","H50","D111","BG",2008,NA
"EUR","P_SAL_M","250-499","H50","D1111","BG",2008,NA
"EUR","P_SAL_M","250-499","H51","D01","BG",2008,NA
"EUR","P_SAL_M","250-499","H51","D111","BG",2008,NA
"EUR","P_SAL_M","250-499","H51","D1111","BG",2008,NA
"EUR","P_SAL_M","250-499","H52","D01","BG",2008,413
"EUR","P_SAL_M","250-499","H52","D111","BG",2008,358
"EUR","P_SAL_M","250-499","H52","D1111","BG",2008,284
"EUR","P_SAL_M","250-499","H53","D01","BG",2008,429
"EUR","P_SAL_M","250-499","H53","D111","BG",2008,356
"EUR","P_SAL_M","250-499","H53","D1111","BG",2008,291
"EUR","P_SAL_M","250-499","I","D01","BG",2008,294
"EUR","P_SAL_M","250-499","I","D111","BG",2008,241
"EUR","P_SAL_M","250-499","I","D1111","BG",2008,222
"EUR","P_SAL_M","250-499","I55","D01","BG",2008,NA
"EUR","P_SAL_M","250-499","I55","D111","BG",2008,NA
"EUR","P_SAL_M","250-499","I55","D1111","BG",2008,NA
"EUR","P_SAL_M","250-499","I56","D01","BG",2008,NA
"EUR","P_SAL_M","250-499","I56","D111","BG",2008,NA
"EUR","P_SAL_M","250-499","I56","D1111","BG",2008,NA
"EUR","P_SAL_M","250-499","J","D01","BG",2008,976
"EUR","P_SAL_M","250-499","J","D111","BG",2008,813
"EUR","P_SAL_M","250-499","J","D1111","BG",2008,718
"EUR","P_SAL_M","250-499","J58","D01","BG",2008,NA
"EUR","P_SAL_M","250-499","J58","D111","BG",2008,NA
"EUR","P_SAL_M","250-499","J58","D1111","BG",2008,NA
"EUR","P_SAL_M","250-499","J60","D01","BG",2008,NA
"EUR","P_SAL_M","250-499","J60","D111","BG",2008,NA
"EUR","P_SAL_M","250-499","J60","D1111","BG",2008,NA
"EUR","P_SAL_M","250-499","J61","D01","BG",2008,533
"EUR","P_SAL_M","250-499","J61","D111","BG",2008,432
"EUR","P_SAL_M","250-499","J61","D1111","BG",2008,400
"EUR","P_SAL_M","250-499","J62","D01","BG",2008,NA
"EUR","P_SAL_M","250-499","J62","D111","BG",2008,NA
"EUR","P_SAL_M","250-499","J62","D1111","BG",2008,NA
"EUR","P_SAL_M","250-499","J63","D01","BG",2008,733
"EUR","P_SAL_M","250-499","J63","D111","BG",2008,630
"EUR","P_SAL_M","250-499","J63","D1111","BG",2008,579
"EUR","P_SAL_M","250-499","K","D01","BG",2008,733
"EUR","P_SAL_M","250-499","K","D111","BG",2008,619
"EUR","P_SAL_M","250-499","K","D1111","BG",2008,566
"EUR","P_SAL_M","250-499","K-N","D01","BG",2008,414
"EUR","P_SAL_M","250-499","K-N","D111","BG",2008,349
"EUR","P_SAL_M","250-499","K-N","D1111","BG",2008,321
"EUR","P_SAL_M","250-499","K64","D01","BG",2008,721
"EUR","P_SAL_M","250-499","K64","D111","BG",2008,604
"EUR","P_SAL_M","250-499","K64","D1111","BG",2008,548
"EUR","P_SAL_M","250-499","K65","D01","BG",2008,754
"EUR","P_SAL_M","250-499","K65","D111","BG",2008,645
"EUR","P_SAL_M","250-499","K65","D1111","BG",2008,600
"EUR","P_SAL_M","250-499","K66","D01","BG",2008,NA
"EUR","P_SAL_M","250-499","K66","D111","BG",2008,NA
"EUR","P_SAL_M","250-499","K66","D1111","BG",2008,NA
"EUR","P_SAL_M","250-499","L","D01","BG",2008,NA
"EUR","P_SAL_M","250-499","L","D111","BG",2008,NA
"EUR","P_SAL_M","250-499","L","D1111","BG",2008,NA
"EUR","P_SAL_M","250-499","L68","D01","BG",2008,NA
"EUR","P_SAL_M","250-499","L68","D111","BG",2008,NA
"EUR","P_SAL_M","250-499","L68","D1111","BG",2008,NA
"EUR","P_SAL_M","250-499","M","D01","BG",2008,NA
"EUR","P_SAL_M","250-499","M","D111","BG",2008,NA
"EUR","P_SAL_M","250-499","M","D1111","BG",2008,NA
"EUR","P_SAL_M","250-499","M69","D01","BG",2008,NA
"EUR","P_SAL_M","250-499","M69","D111","BG",2008,NA
"EUR","P_SAL_M","250-499","M69","D1111","BG",2008,NA
"EUR","P_SAL_M","250-499","M70","D01","BG",2008,NA
"EUR","P_SAL_M","250-499","M70","D111","BG",2008,NA
"EUR","P_SAL_M","250-499","M70","D1111","BG",2008,NA
"EUR","P_SAL_M","250-499","M71","D01","BG",2008,617
"EUR","P_SAL_M","250-499","M71","D111","BG",2008,495
"EUR","P_SAL_M","250-499","M71","D1111","BG",2008,429
"EUR","P_SAL_M","250-499","M72","D01","BG",2008,398
"EUR","P_SAL_M","250-499","M72","D111","BG",2008,324
"EUR","P_SAL_M","250-499","M72","D1111","BG",2008,281
"EUR","P_SAL_M","250-499","M73","D01","BG",2008,NA
"EUR","P_SAL_M","250-499","M73","D111","BG",2008,NA
"EUR","P_SAL_M","250-499","M73","D1111","BG",2008,NA
"EUR","P_SAL_M","250-499","M74","D01","BG",2008,NA
"EUR","P_SAL_M","250-499","M74","D111","BG",2008,NA
"EUR","P_SAL_M","250-499","M74","D1111","BG",2008,NA
"EUR","P_SAL_M","250-499","N","D01","BG",2008,219
"EUR","P_SAL_M","250-499","N","D111","BG",2008,187
"EUR","P_SAL_M","250-499","N","D1111","BG",2008,175
"EUR","P_SAL_M","250-499","N78","D01","BG",2008,NA
"EUR","P_SAL_M","250-499","N78","D111","BG",2008,NA
"EUR","P_SAL_M","250-499","N78","D1111","BG",2008,NA
"EUR","P_SAL_M","250-499","N80","D01","BG",2008,205
"EUR","P_SAL_M","250-499","N80","D111","BG",2008,169
"EUR","P_SAL_M","250-499","N80","D1111","BG",2008,158
"EUR","P_SAL_M","250-499","N81","D01","BG",2008,NA
"EUR","P_SAL_M","250-499","N81","D111","BG",2008,NA
"EUR","P_SAL_M","250-499","N81","D1111","BG",2008,NA
"EUR","P_SAL_M","250-499","N82","D01","BG",2008,NA
"EUR","P_SAL_M","250-499","N82","D111","BG",2008,NA
"EUR","P_SAL_M","250-499","N82","D1111","BG",2008,NA
"EUR","P_SAL_M","250-499","O","D01","BG",2008,541
"EUR","P_SAL_M","250-499","O","D111","BG",2008,425
"EUR","P_SAL_M","250-499","O","D1111","BG",2008,383
"EUR","P_SAL_M","250-499","O-S","D01","BG",2008,463
"EUR","P_SAL_M","250-499","O-S","D111","BG",2008,371
"EUR","P_SAL_M","250-499","O-S","D1111","BG",2008,329
"EUR","P_SAL_M","250-499","O84","D01","BG",2008,541
"EUR","P_SAL_M","250-499","O84","D111","BG",2008,425
"EUR","P_SAL_M","250-499","O84","D1111","BG",2008,383
"EUR","P_SAL_M","250-499","P","D01","BG",2008,431
"EUR","P_SAL_M","250-499","P","D111","BG",2008,353
"EUR","P_SAL_M","250-499","P","D1111","BG",2008,298
"EUR","P_SAL_M","250-499","P-S","D01","BG",2008,405
"EUR","P_SAL_M","250-499","P-S","D111","BG",2008,331
"EUR","P_SAL_M","250-499","P-S","D1111","BG",2008,288
"EUR","P_SAL_M","250-499","P85","D01","BG",2008,431
"EUR","P_SAL_M","250-499","P85","D111","BG",2008,353
"EUR","P_SAL_M","250-499","P85","D1111","BG",2008,298
"EUR","P_SAL_M","250-499","Q","D01","BG",2008,408
"EUR","P_SAL_M","250-499","Q","D111","BG",2008,332
"EUR","P_SAL_M","250-499","Q","D1111","BG",2008,297
"EUR","P_SAL_M","250-499","Q86","D01","BG",2008,437
"EUR","P_SAL_M","250-499","Q86","D111","BG",2008,357
"EUR","P_SAL_M","250-499","Q86","D1111","BG",2008,320
"EUR","P_SAL_M","250-499","Q87","D01","BG",2008,NA
"EUR","P_SAL_M","250-499","Q87","D111","BG",2008,NA
"EUR","P_SAL_M","250-499","Q87","D1111","BG",2008,NA
"EUR","P_SAL_M","250-499","Q88","D01","BG",2008,NA
"EUR","P_SAL_M","250-499","Q88","D111","BG",2008,NA
"EUR","P_SAL_M","250-499","Q88","D1111","BG",2008,NA
"EUR","P_SAL_M","250-499","R","D01","BG",2008,312
"EUR","P_SAL_M","250-499","R","D111","BG",2008,254
"EUR","P_SAL_M","250-499","R","D1111","BG",2008,224
"EUR","P_SAL_M","250-499","R90","D01","BG",2008,426
"EUR","P_SAL_M","250-499","R90","D111","BG",2008,344
"EUR","P_SAL_M","250-499","R90","D1111","BG",2008,292
"EUR","P_SAL_M","250-499","R91","D01","BG",2008,NA
"EUR","P_SAL_M","250-499","R91","D111","BG",2008,NA
"EUR","P_SAL_M","250-499","R91","D1111","BG",2008,NA
"EUR","P_SAL_M","250-499","R92","D01","BG",2008,228
"EUR","P_SAL_M","250-499","R92","D111","BG",2008,186
"EUR","P_SAL_M","250-499","R92","D1111","BG",2008,173
"EUR","P_SAL_M","250-499","R93","D01","BG",2008,NA
"EUR","P_SAL_M","250-499","R93","D111","BG",2008,NA
"EUR","P_SAL_M","250-499","R93","D1111","BG",2008,NA
"EUR","P_SAL_M","250-499","S","D01","BG",2008,NA
"EUR","P_SAL_M","250-499","S","D111","BG",2008,NA
"EUR","P_SAL_M","250-499","S","D1111","BG",2008,NA
"EUR","P_SAL_M","250-499","S94","D01","BG",2008,NA
"EUR","P_SAL_M","250-499","S94","D111","BG",2008,NA
"EUR","P_SAL_M","250-499","S94","D1111","BG",2008,NA
"EUR","P_SAL_M","50-249","B","D01","BG",2008,427
"EUR","P_SAL_M","50-249","B","D111","BG",2008,328
"EUR","P_SAL_M","50-249","B","D1111","BG",2008,294
"EUR","P_SAL_M","50-249","B-E","D01","BG",2008,295
"EUR","P_SAL_M","50-249","B-E","D111","BG",2008,239
"EUR","P_SAL_M","50-249","B-E","D1111","BG",2008,213
"EUR","P_SAL_M","50-249","B-F","D01","BG",2008,299
"EUR","P_SAL_M","50-249","B-F","D111","BG",2008,243
"EUR","P_SAL_M","50-249","B-F","D1111","BG",2008,219
"EUR","P_SAL_M","50-249","B-N","D01","BG",2008,344
"EUR","P_SAL_M","50-249","B-N","D111","BG",2008,284
"EUR","P_SAL_M","50-249","B-N","D1111","BG",2008,257
"EUR","P_SAL_M","50-249","B-S","D01","BG",2008,356
"EUR","P_SAL_M","50-249","B-S","D111","BG",2008,292
"EUR","P_SAL_M","50-249","B-S","D1111","BG",2008,262
"EUR","P_SAL_M","50-249","B-S_X_O","D01","BG",2008,348
"EUR","P_SAL_M","50-249","B-S_X_O","D111","BG",2008,286
"EUR","P_SAL_M","50-249","B-S_X_O","D1111","BG",2008,257
"EUR","P_SAL_M","50-249","B05","D01","BG",2008,272
"EUR","P_SAL_M","50-249","B05","D111","BG",2008,198
"EUR","P_SAL_M","50-249","B05","D1111","BG",2008,184
"EUR","P_SAL_M","50-249","B07","D01","BG",2008,NA
"EUR","P_SAL_M","50-249","B07","D111","BG",2008,NA
"EUR","P_SAL_M","50-249","B07","D1111","BG",2008,NA
"EUR","P_SAL_M","50-249","B08","D01","BG",2008,449
"EUR","P_SAL_M","50-249","B08","D111","BG",2008,350
"EUR","P_SAL_M","50-249","B08","D1111","BG",2008,312
"EUR","P_SAL_M","50-249","B09","D01","BG",2008,NA
"EUR","P_SAL_M","50-249","B09","D111","BG",2008,NA
"EUR","P_SAL_M","50-249","B09","D1111","BG",2008,NA
"EUR","P_SAL_M","50-249","C","D01","BG",2008,274
"EUR","P_SAL_M","50-249","C","D111","BG",2008,223
"EUR","P_SAL_M","50-249","C","D1111","BG",2008,202
"EUR","P_SAL_M","50-249","C10","D01","BG",2008,260
"EUR","P_SAL_M","50-249","C10","D111","BG",2008,214
"EUR","P_SAL_M","50-249","C10","D1111","BG",2008,199
"EUR","P_SAL_M","50-249","C11","D01","BG",2008,290
"EUR","P_SAL_M","50-249","C11","D111","BG",2008,237
"EUR","P_SAL_M","50-249","C11","D1111","BG",2008,211
"EUR","P_SAL_M","50-249","C12","D01","BG",2008,881
"EUR","P_SAL_M","50-249","C12","D111","BG",2008,338
"EUR","P_SAL_M","50-249","C12","D1111","BG",2008,283
"EUR","P_SAL_M","50-249","C13","D01","BG",2008,261
"EUR","P_SAL_M","50-249","C13","D111","BG",2008,209
"EUR","P_SAL_M","50-249","C13","D1111","BG",2008,190
"EUR","P_SAL_M","50-249","C14","D01","BG",2008,191
"EUR","P_SAL_M","50-249","C14","D111","BG",2008,156
"EUR","P_SAL_M","50-249","C14","D1111","BG",2008,141
"EUR","P_SAL_M","50-249","C15","D01","BG",2008,182
"EUR","P_SAL_M","50-249","C15","D111","BG",2008,149
"EUR","P_SAL_M","50-249","C15","D1111","BG",2008,136
"EUR","P_SAL_M","50-249","C16","D01","BG",2008,277
"EUR","P_SAL_M","50-249","C16","D111","BG",2008,226
"EUR","P_SAL_M","50-249","C16","D1111","BG",2008,205
"EUR","P_SAL_M","50-249","C17","D01","BG",2008,262
"EUR","P_SAL_M","50-249","C17","D111","BG",2008,214
"EUR","P_SAL_M","50-249","C17","D1111","BG",2008,188
"EUR","P_SAL_M","50-249","C18","D01","BG",2008,376
"EUR","P_SAL_M","50-249","C18","D111","BG",2008,315
"EUR","P_SAL_M","50-249","C18","D1111","BG",2008,287
"EUR","P_SAL_M","50-249","C19","D01","BG",2008,385
"EUR","P_SAL_M","50-249","C19","D111","BG",2008,315
"EUR","P_SAL_M","50-249","C19","D1111","BG",2008,290
"EUR","P_SAL_M","50-249","C20","D01","BG",2008,355
"EUR","P_SAL_M","50-249","C20","D111","BG",2008,291
"EUR","P_SAL_M","50-249","C20","D1111","BG",2008,258
"EUR","P_SAL_M","50-249","C21","D01","BG",2008,408
"EUR","P_SAL_M","50-249","C21","D111","BG",2008,336
"EUR","P_SAL_M","50-249","C21","D1111","BG",2008,304
"EUR","P_SAL_M","50-249","C22","D01","BG",2008,270
"EUR","P_SAL_M","50-249","C22","D111","BG",2008,223
"EUR","P_SAL_M","50-249","C22","D1111","BG",2008,204
"EUR","P_SAL_M","50-249","C23","D01","BG",2008,383
"EUR","P_SAL_M","50-249","C23","D111","BG",2008,310
"EUR","P_SAL_M","50-249","C23","D1111","BG",2008,281
"EUR","P_SAL_M","50-249","C24","D01","BG",2008,386
"EUR","P_SAL_M","50-249","C24","D111","BG",2008,304
"EUR","P_SAL_M","50-249","C24","D1111","BG",2008,269
"EUR","P_SAL_M","50-249","C25","D01","BG",2008,310
"EUR","P_SAL_M","50-249","C25","D111","BG",2008,252
"EUR","P_SAL_M","50-249","C25","D1111","BG",2008,227
"EUR","P_SAL_M","50-249","C26","D01","BG",2008,420
"EUR","P_SAL_M","50-249","C26","D111","BG",2008,347
"EUR","P_SAL_M","50-249","C26","D1111","BG",2008,302
"EUR","P_SAL_M","50-249","C27","D01","BG",2008,316
"EUR","P_SAL_M","50-249","C27","D111","BG",2008,259
"EUR","P_SAL_M","50-249","C27","D1111","BG",2008,233
"EUR","P_SAL_M","50-249","C28","D01","BG",2008,356
"EUR","P_SAL_M","50-249","C28","D111","BG",2008,292
"EUR","P_SAL_M","50-249","C28","D1111","BG",2008,262
"EUR","P_SAL_M","50-249","C29","D01","BG",2008,329
"EUR","P_SAL_M","50-249","C29","D111","BG",2008,271
"EUR","P_SAL_M","50-249","C29","D1111","BG",2008,238
"EUR","P_SAL_M","50-249","C30","D01","BG",2008,386
"EUR","P_SAL_M","50-249","C30","D111","BG",2008,312
"EUR","P_SAL_M","50-249","C30","D1111","BG",2008,278
"EUR","P_SAL_M","50-249","C31","D01","BG",2008,213
"EUR","P_SAL_M","50-249","C31","D111","BG",2008,174
"EUR","P_SAL_M","50-249","C31","D1111","BG",2008,159
"EUR","P_SAL_M","50-249","C32","D01","BG",2008,333
"EUR","P_SAL_M","50-249","C32","D111","BG",2008,278
"EUR","P_SAL_M","50-249","C32","D1111","BG",2008,249
"EUR","P_SAL_M","50-249","C33","D01","BG",2008,422
"EUR","P_SAL_M","50-249","C33","D111","BG",2008,344
"EUR","P_SAL_M","50-249","C33","D1111","BG",2008,311
"EUR","P_SAL_M","50-249","D","D01","BG",2008,807
"EUR","P_SAL_M","50-249","D","D111","BG",2008,630
"EUR","P_SAL_M","50-249","D","D1111","BG",2008,488
"EUR","P_SAL_M","50-249","D35","D01","BG",2008,807
"EUR","P_SAL_M","50-249","D35","D111","BG",2008,630
"EUR","P_SAL_M","50-249","D35","D1111","BG",2008,488
"EUR","P_SAL_M","50-249","E","D01","BG",2008,346
"EUR","P_SAL_M","50-249","E","D111","BG",2008,280
"EUR","P_SAL_M","50-249","E","D1111","BG",2008,231
"EUR","P_SAL_M","50-249","E36","D01","BG",2008,419
"EUR","P_SAL_M","50-249","E36","D111","BG",2008,339
"EUR","P_SAL_M","50-249","E36","D1111","BG",2008,261
"EUR","P_SAL_M","50-249","E37","D01","BG",2008,NA
"EUR","P_SAL_M","50-249","E37","D111","BG",2008,NA
"EUR","P_SAL_M","50-249","E37","D1111","BG",2008,NA
"EUR","P_SAL_M","50-249","E38","D01","BG",2008,263
"EUR","P_SAL_M","50-249","E38","D111","BG",2008,214
"EUR","P_SAL_M","50-249","E38","D1111","BG",2008,197
"EUR","P_SAL_M","50-249","E39","D01","BG",2008,372
"EUR","P_SAL_M","50-249","E39","D111","BG",2008,305
"EUR","P_SAL_M","50-249","E39","D1111","BG",2008,271
"EUR","P_SAL_M","50-249","F","D01","BG",2008,311
"EUR","P_SAL_M","50-249","F","D111","BG",2008,254
"EUR","P_SAL_M","50-249","F","D1111","BG",2008,236
"EUR","P_SAL_M","50-249","F41","D01","BG",2008,270
"EUR","P_SAL_M","50-249","F41","D111","BG",2008,221
"EUR","P_SAL_M","50-249","F41","D1111","BG",2008,206
"EUR","P_SAL_M","50-249","F42","D01","BG",2008,376
"EUR","P_SAL_M","50-249","F42","D111","BG",2008,303
"EUR","P_SAL_M","50-249","F42","D1111","BG",2008,278
"EUR","P_SAL_M","50-249","F43","D01","BG",2008,368
"EUR","P_SAL_M","50-249","F43","D111","BG",2008,304
"EUR","P_SAL_M","50-249","F43","D1111","BG",2008,283
"EUR","P_SAL_M","50-249","G","D01","BG",2008,390
"EUR","P_SAL_M","50-249","G","D111","BG",2008,329
"EUR","P_SAL_M","50-249","G","D1111","BG",2008,306
"EUR","P_SAL_M","50-249","G-J","D01","BG",2008,417
"EUR","P_SAL_M","50-249","G-J","D111","BG",2008,349
"EUR","P_SAL_M","50-249","G-J","D1111","BG",2008,319
"EUR","P_SAL_M","50-249","G-N","D01","BG",2008,410
"EUR","P_SAL_M","50-249","G-N","D111","BG",2008,345
"EUR","P_SAL_M","50-249","G-N","D1111","BG",2008,314
"EUR","P_SAL_M","50-249","G-S_X_O","D01","BG",2008,394
"EUR","P_SAL_M","50-249","G-S_X_O","D111","BG",2008,327
"EUR","P_SAL_M","50-249","G-S_X_O","D1111","BG",2008,293
"EUR","P_SAL_M","50-249","G45","D01","BG",2008,572
"EUR","P_SAL_M","50-249","G45","D111","BG",2008,484
"EUR","P_SAL_M","50-249","G45","D1111","BG",2008,449
"EUR","P_SAL_M","50-249","G46","D01","BG",2008,417
"EUR","P_SAL_M","50-249","G46","D111","BG",2008,354
"EUR","P_SAL_M","50-249","G46","D1111","BG",2008,330
"EUR","P_SAL_M","50-249","G47","D01","BG",2008,296
"EUR","P_SAL_M","50-249","G47","D111","BG",2008,246
"EUR","P_SAL_M","50-249","G47","D1111","BG",2008,228
"EUR","P_SAL_M","50-249","H","D01","BG",2008,426
"EUR","P_SAL_M","50-249","H","D111","BG",2008,352
"EUR","P_SAL_M","50-249","H","D1111","BG",2008,303
"EUR","P_SAL_M","50-249","H49","D01","BG",2008,325
"EUR","P_SAL_M","50-249","H49","D111","BG",2008,259
"EUR","P_SAL_M","50-249","H49","D1111","BG",2008,232
"EUR","P_SAL_M","50-249","H50","D01","BG",2008,667
"EUR","P_SAL_M","50-249","H50","D111","BG",2008,538
"EUR","P_SAL_M","50-249","H50","D1111","BG",2008,446
"EUR","P_SAL_M","50-249","H51","D01","BG",2008,1085
"EUR","P_SAL_M","50-249","H51","D111","BG",2008,879
"EUR","P_SAL_M","50-249","H51","D1111","BG",2008,801
"EUR","P_SAL_M","50-249","H52","D01","BG",2008,590
"EUR","P_SAL_M","50-249","H52","D111","BG",2008,510
"EUR","P_SAL_M","50-249","H52","D1111","BG",2008,428
"EUR","P_SAL_M","50-249","H53","D01","BG",2008,352
"EUR","P_SAL_M","50-249","H53","D111","BG",2008,288
"EUR","P_SAL_M","50-249","H53","D1111","BG",2008,230
"EUR","P_SAL_M","50-249","I","D01","BG",2008,259
"EUR","P_SAL_M","50-249","I","D111","BG",2008,212
"EUR","P_SAL_M","50-249","I","D1111","BG",2008,197
"EUR","P_SAL_M","50-249","I55","D01","BG",2008,293
"EUR","P_SAL_M","50-249","I55","D111","BG",2008,239
"EUR","P_SAL_M","50-249","I55","D1111","BG",2008,222
"EUR","P_SAL_M","50-249","I56","D01","BG",2008,204
"EUR","P_SAL_M","50-249","I56","D111","BG",2008,167
"EUR","P_SAL_M","50-249","I56","D1111","BG",2008,155
"EUR","P_SAL_M","50-249","J","D01","BG",2008,768
"EUR","P_SAL_M","50-249","J","D111","BG",2008,653
"EUR","P_SAL_M","50-249","J","D1111","BG",2008,604
"EUR","P_SAL_M","50-249","J58","D01","BG",2008,499
"EUR","P_SAL_M","50-249","J58","D111","BG",2008,425
"EUR","P_SAL_M","50-249","J58","D1111","BG",2008,394
"EUR","P_SAL_M","50-249","J59","D01","BG",2008,569
"EUR","P_SAL_M","50-249","J59","D111","BG",2008,472
"EUR","P_SAL_M","50-249","J59","D1111","BG",2008,442
"EUR","P_SAL_M","50-249","J60","D01","BG",2008,497
"EUR","P_SAL_M","50-249","J60","D111","BG",2008,417
"EUR","P_SAL_M","50-249","J60","D1111","BG",2008,392
"EUR","P_SAL_M","50-249","J61","D01","BG",2008,673
"EUR","P_SAL_M","50-249","J61","D111","BG",2008,550
"EUR","P_SAL_M","50-249","J61","D1111","BG",2008,510
"EUR","P_SAL_M","50-249","J62","D01","BG",2008,1144
"EUR","P_SAL_M","50-249","J62","D111","BG",2008,995
"EUR","P_SAL_M","50-249","J62","D1111","BG",2008,922
"EUR","P_SAL_M","50-249","J63","D01","BG",2008,622
"EUR","P_SAL_M","50-249","J63","D111","BG",2008,523
"EUR","P_SAL_M","50-249","J63","D1111","BG",2008,465
"EUR","P_SAL_M","50-249","K","D01","BG",2008,799
"EUR","P_SAL_M","50-249","K","D111","BG",2008,673
"EUR","P_SAL_M","50-249","K","D1111","BG",2008,604
"EUR","P_SAL_M","50-249","K-N","D01","BG",2008,396
"EUR","P_SAL_M","50-249","K-N","D111","BG",2008,337
"EUR","P_SAL_M","50-249","K-N","D1111","BG",2008,305
"EUR","P_SAL_M","50-249","K64","D01","BG",2008,779
"EUR","P_SAL_M","50-249","K64","D111","BG",2008,659
"EUR","P_SAL_M","50-249","K64","D1111","BG",2008,586
"EUR","P_SAL_M","50-249","K65","D01","BG",2008,928
"EUR","P_SAL_M","50-249","K65","D111","BG",2008,778
"EUR","P_SAL_M","50-249","K65","D1111","BG",2008,730
"EUR","P_SAL_M","50-249","K66","D01","BG",2008,817
"EUR","P_SAL_M","50-249","K66","D111","BG",2008,665
"EUR","P_SAL_M","50-249","K66","D1111","BG",2008,601
"EUR","P_SAL_M","50-249","L","D01","BG",2008,NA
"EUR","P_SAL_M","50-249","L","D111","BG",2008,NA
"EUR","P_SAL_M","50-249","L","D1111","BG",2008,NA
"EUR","P_SAL_M","50-249","L68","D01","BG",2008,NA
"EUR","P_SAL_M","50-249","L68","D111","BG",2008,NA
"EUR","P_SAL_M","50-249","L68","D1111","BG",2008,NA
"EUR","P_SAL_M","50-249","M","D01","BG",2008,621
"EUR","P_SAL_M","50-249","M","D111","BG",2008,523
"EUR","P_SAL_M","50-249","M","D1111","BG",2008,469
"EUR","P_SAL_M","50-249","M69","D01","BG",2008,NA
"EUR","P_SAL_M","50-249","M69","D111","BG",2008,NA
"EUR","P_SAL_M","50-249","M69","D1111","BG",2008,NA
"EUR","P_SAL_M","50-249","M70","D01","BG",2008,NA
"EUR","P_SAL_M","50-249","M70","D111","BG",2008,NA
"EUR","P_SAL_M","50-249","M70","D1111","BG",2008,NA
"EUR","P_SAL_M","50-249","M71","D01","BG",2008,725
"EUR","P_SAL_M","50-249","M71","D111","BG",2008,607
"EUR","P_SAL_M","50-249","M71","D1111","BG",2008,532
"EUR","P_SAL_M","50-249","M72","D01","BG",2008,392
"EUR","P_SAL_M","50-249","M72","D111","BG",2008,322
"EUR","P_SAL_M","50-249","M72","D1111","BG",2008,281
"EUR","P_SAL_M","50-249","M73","D01","BG",2008,NA
"EUR","P_SAL_M","50-249","M73","D111","BG",2008,NA
"EUR","P_SAL_M","50-249","M73","D1111","BG",2008,NA
"EUR","P_SAL_M","50-249","M74","D01","BG",2008,NA
"EUR","P_SAL_M","50-249","M74","D111","BG",2008,NA
"EUR","P_SAL_M","50-249","M74","D1111","BG",2008,NA
"EUR","P_SAL_M","50-249","N","D01","BG",2008,175
"EUR","P_SAL_M","50-249","N","D111","BG",2008,155
"EUR","P_SAL_M","50-249","N","D1111","BG",2008,144
"EUR","P_SAL_M","50-249","N77","D01","BG",2008,573
"EUR","P_SAL_M","50-249","N77","D111","BG",2008,481
"EUR","P_SAL_M","50-249","N77","D1111","BG",2008,434
"EUR","P_SAL_M","50-249","N78","D01","BG",2008,526
"EUR","P_SAL_M","50-249","N78","D111","BG",2008,438
"EUR","P_SAL_M","50-249","N78","D1111","BG",2008,400
"EUR","P_SAL_M","50-249","N79","D01","BG",2008,307
"EUR","P_SAL_M","50-249","N79","D111","BG",2008,256
"EUR","P_SAL_M","50-249","N79","D1111","BG",2008,243
"EUR","P_SAL_M","50-249","N80","D01","BG",2008,172
"EUR","P_SAL_M","50-249","N80","D111","BG",2008,141
"EUR","P_SAL_M","50-249","N80","D1111","BG",2008,133
"EUR","P_SAL_M","50-249","N81","D01","BG",2008,133
"EUR","P_SAL_M","50-249","N81","D111","BG",2008,128
"EUR","P_SAL_M","50-249","N81","D1111","BG",2008,119
"EUR","P_SAL_M","50-249","N82","D01","BG",2008,452
"EUR","P_SAL_M","50-249","N82","D111","BG",2008,372
"EUR","P_SAL_M","50-249","N82","D1111","BG",2008,349
"EUR","P_SAL_M","50-249","O","D01","BG",2008,438
"EUR","P_SAL_M","50-249","O","D111","BG",2008,347
"EUR","P_SAL_M","50-249","O","D1111","BG",2008,312
"EUR","P_SAL_M","50-249","O-S","D01","BG",2008,391
"EUR","P_SAL_M","50-249","O-S","D111","BG",2008,313
"EUR","P_SAL_M","50-249","O-S","D1111","BG",2008,274
"EUR","P_SAL_M","50-249","O84","D01","BG",2008,438
"EUR","P_SAL_M","50-249","O84","D111","BG",2008,347
"EUR","P_SAL_M","50-249","O84","D1111","BG",2008,312
"EUR","P_SAL_M","50-249","P","D01","BG",2008,387
"EUR","P_SAL_M","50-249","P","D111","BG",2008,308
"EUR","P_SAL_M","50-249","P","D1111","BG",2008,256
"EUR","P_SAL_M","50-249","P-S","D01","BG",2008,367
"EUR","P_SAL_M","50-249","P-S","D111","BG",2008,297
"EUR","P_SAL_M","50-249","P-S","D1111","BG",2008,255
"EUR","P_SAL_M","50-249","P85","D01","BG",2008,387
"EUR","P_SAL_M","50-249","P85","D111","BG",2008,308
"EUR","P_SAL_M","50-249","P85","D1111","BG",2008,256
"EUR","P_SAL_M","50-249","Q","D01","BG",2008,343
"EUR","P_SAL_M","50-249","Q","D111","BG",2008,281
"EUR","P_SAL_M","50-249","Q","D1111","BG",2008,251
"EUR","P_SAL_M","50-249","Q86","D01","BG",2008,394
"EUR","P_SAL_M","50-249","Q86","D111","BG",2008,323
"EUR","P_SAL_M","50-249","Q86","D1111","BG",2008,290
"EUR","P_SAL_M","50-249","Q87","D01","BG",2008,271
"EUR","P_SAL_M","50-249","Q87","D111","BG",2008,223
"EUR","P_SAL_M","50-249","Q87","D1111","BG",2008,195
"EUR","P_SAL_M","50-249","Q88","D01","BG",2008,230
"EUR","P_SAL_M","50-249","Q88","D111","BG",2008,190
"EUR","P_SAL_M","50-249","Q88","D1111","BG",2008,168
"EUR","P_SAL_M","50-249","R","D01","BG",2008,351
"EUR","P_SAL_M","50-249","R","D111","BG",2008,293
"EUR","P_SAL_M","50-249","R","D1111","BG",2008,266
"EUR","P_SAL_M","50-249","R90","D01","BG",2008,305
"EUR","P_SAL_M","50-249","R90","D111","BG",2008,247
"EUR","P_SAL_M","50-249","R90","D1111","BG",2008,216
"EUR","P_SAL_M","50-249","R91","D01","BG",2008,NA
"EUR","P_SAL_M","50-249","R91","D111","BG",2008,NA
"EUR","P_SAL_M","50-249","R91","D1111","BG",2008,NA
"EUR","P_SAL_M","50-249","R92","D01","BG",2008,316
"EUR","P_SAL_M","50-249","R92","D111","BG",2008,262
"EUR","P_SAL_M","50-249","R92","D1111","BG",2008,242
"EUR","P_SAL_M","50-249","R93","D01","BG",2008,NA
"EUR","P_SAL_M","50-249","R93","D111","BG",2008,NA
"EUR","P_SAL_M","50-249","R93","D1111","BG",2008,NA
"EUR","P_SAL_M","50-249","S","D01","BG",2008,NA
"EUR","P_SAL_M","50-249","S","D111","BG",2008,NA
"EUR","P_SAL_M","50-249","S","D1111","BG",2008,NA
"EUR","P_SAL_M","50-249","S94","D01","BG",2008,NA
"EUR","P_SAL_M","50-249","S94","D111","BG",2008,NA
"EUR","P_SAL_M","50-249","S94","D1111","BG",2008,NA
"EUR","P_SAL_M","50-249","S95","D01","BG",2008,NA
"EUR","P_SAL_M","50-249","S95","D111","BG",2008,NA
"EUR","P_SAL_M","50-249","S95","D1111","BG",2008,NA
"EUR","P_SAL_M","50-249","S96","D01","BG",2008,320
"EUR","P_SAL_M","50-249","S96","D111","BG",2008,264
"EUR","P_SAL_M","50-249","S96","D1111","BG",2008,232
"EUR","P_SAL_M","500-999","B","D01","BG",2008,692
"EUR","P_SAL_M","500-999","B","D111","BG",2008,515
"EUR","P_SAL_M","500-999","B","D1111","BG",2008,437
"EUR","P_SAL_M","500-999","B-E","D01","BG",2008,480
"EUR","P_SAL_M","500-999","B-E","D111","BG",2008,377
"EUR","P_SAL_M","500-999","B-E","D1111","BG",2008,327
"EUR","P_SAL_M","500-999","B-F","D01","BG",2008,477
"EUR","P_SAL_M","500-999","B-F","D111","BG",2008,377
"EUR","P_SAL_M","500-999","B-F","D1111","BG",2008,330
"EUR","P_SAL_M","500-999","B-N","D01","BG",2008,521
"EUR","P_SAL_M","500-999","B-N","D111","BG",2008,419
"EUR","P_SAL_M","500-999","B-N","D1111","BG",2008,362
"EUR","P_SAL_M","500-999","B-S","D01","BG",2008,517
"EUR","P_SAL_M","500-999","B-S","D111","BG",2008,417
"EUR","P_SAL_M","500-999","B-S","D1111","BG",2008,363
"EUR","P_SAL_M","500-999","B-S_X_O","D01","BG",2008,508
"EUR","P_SAL_M","500-999","B-S_X_O","D111","BG",2008,410
"EUR","P_SAL_M","500-999","B-S_X_O","D1111","BG",2008,356
"EUR","P_SAL_M","500-999","B05","D01","BG",2008,NA
"EUR","P_SAL_M","500-999","B05","D111","BG",2008,NA
"EUR","P_SAL_M","500-999","B05","D1111","BG",2008,NA
"EUR","P_SAL_M","500-999","B06","D01","BG",2008,NA
"EUR","P_SAL_M","500-999","B06","D111","BG",2008,NA
"EUR","P_SAL_M","500-999","B06","D1111","BG",2008,NA
"EUR","P_SAL_M","500-999","B07","D01","BG",2008,802
"EUR","P_SAL_M","500-999","B07","D111","BG",2008,601
"EUR","P_SAL_M","500-999","B07","D1111","BG",2008,502
"EUR","P_SAL_M","500-999","B08","D01","BG",2008,NA
"EUR","P_SAL_M","500-999","B08","D111","BG",2008,NA
"EUR","P_SAL_M","500-999","B08","D1111","BG",2008,NA
"EUR","P_SAL_M","500-999","C","D01","BG",2008,445
"EUR","P_SAL_M","500-999","C","D111","BG",2008,354
"EUR","P_SAL_M","500-999","C","D1111","BG",2008,312
"EUR","P_SAL_M","500-999","C10","D01","BG",2008,NA
"EUR","P_SAL_M","500-999","C10","D111","BG",2008,NA
"EUR","P_SAL_M","500-999","C10","D1111","BG",2008,NA
"EUR","P_SAL_M","500-999","C11","D01","BG",2008,461
"EUR","P_SAL_M","500-999","C11","D111","BG",2008,386
"EUR","P_SAL_M","500-999","C11","D1111","BG",2008,339
"EUR","P_SAL_M","500-999","C12","D01","BG",2008,NA
"EUR","P_SAL_M","500-999","C12","D111","BG",2008,NA
"EUR","P_SAL_M","500-999","C12","D1111","BG",2008,NA
"EUR","P_SAL_M","500-999","C13","D01","BG",2008,296
"EUR","P_SAL_M","500-999","C13","D111","BG",2008,239
"EUR","P_SAL_M","500-999","C13","D1111","BG",2008,216
"EUR","P_SAL_M","500-999","C14","D01","BG",2008,266
"EUR","P_SAL_M","500-999","C14","D111","BG",2008,218
"EUR","P_SAL_M","500-999","C14","D1111","BG",2008,197
"EUR","P_SAL_M","500-999","C15","D01","BG",2008,180
"EUR","P_SAL_M","500-999","C15","D111","BG",2008,146
"EUR","P_SAL_M","500-999","C15","D1111","BG",2008,135
"EUR","P_SAL_M","500-999","C16","D01","BG",2008,NA
"EUR","P_SAL_M","500-999","C16","D111","BG",2008,NA
"EUR","P_SAL_M","500-999","C16","D1111","BG",2008,NA
"EUR","P_SAL_M","500-999","C17","D01","BG",2008,575
"EUR","P_SAL_M","500-999","C17","D111","BG",2008,463
"EUR","P_SAL_M","500-999","C17","D1111","BG",2008,400
"EUR","P_SAL_M","500-999","C20","D01","BG",2008,794
"EUR","P_SAL_M","500-999","C20","D111","BG",2008,530
"EUR","P_SAL_M","500-999","C20","D1111","BG",2008,427
"EUR","P_SAL_M","500-999","C21","D01","BG",2008,503
"EUR","P_SAL_M","500-999","C21","D111","BG",2008,388
"EUR","P_SAL_M","500-999","C21","D1111","BG",2008,347
"EUR","P_SAL_M","500-999","C22","D01","BG",2008,NA
"EUR","P_SAL_M","500-999","C22","D111","BG",2008,NA
"EUR","P_SAL_M","500-999","C22","D1111","BG",2008,NA
"EUR","P_SAL_M","500-999","C23","D01","BG",2008,530
"EUR","P_SAL_M","500-999","C23","D111","BG",2008,417
"EUR","P_SAL_M","500-999","C23","D1111","BG",2008,370
"EUR","P_SAL_M","500-999","C24","D01","BG",2008,705
"EUR","P_SAL_M","500-999","C24","D111","BG",2008,550
"EUR","P_SAL_M","500-999","C24","D1111","BG",2008,480
"EUR","P_SAL_M","500-999","C25","D01","BG",2008,394
"EUR","P_SAL_M","500-999","C25","D111","BG",2008,320
"EUR","P_SAL_M","500-999","C25","D1111","BG",2008,289
"EUR","P_SAL_M","500-999","C27","D01","BG",2008,NA
"EUR","P_SAL_M","500-999","C27","D111","BG",2008,NA
"EUR","P_SAL_M","500-999","C27","D1111","BG",2008,NA
"EUR","P_SAL_M","500-999","C28","D01","BG",2008,401
"EUR","P_SAL_M","500-999","C28","D111","BG",2008,323
"EUR","P_SAL_M","500-999","C28","D1111","BG",2008,286
"EUR","P_SAL_M","500-999","C29","D01","BG",2008,275
"EUR","P_SAL_M","500-999","C29","D111","BG",2008,223
"EUR","P_SAL_M","500-999","C29","D1111","BG",2008,193
"EUR","P_SAL_M","500-999","C30","D01","BG",2008,NA
"EUR","P_SAL_M","500-999","C30","D111","BG",2008,NA
"EUR","P_SAL_M","500-999","C30","D1111","BG",2008,NA
"EUR","P_SAL_M","500-999","C31","D01","BG",2008,279
"EUR","P_SAL_M","500-999","C31","D111","BG",2008,225
"EUR","P_SAL_M","500-999","C31","D1111","BG",2008,208
"EUR","P_SAL_M","500-999","C32","D01","BG",2008,NA
"EUR","P_SAL_M","500-999","C32","D111","BG",2008,NA
"EUR","P_SAL_M","500-999","C32","D1111","BG",2008,NA
"EUR","P_SAL_M","500-999","C33","D01","BG",2008,639
"EUR","P_SAL_M","500-999","C33","D111","BG",2008,511
"EUR","P_SAL_M","500-999","C33","D1111","BG",2008,443
"EUR","P_SAL_M","500-999","D","D01","BG",2008,770
"EUR","P_SAL_M","500-999","D","D111","BG",2008,565
"EUR","P_SAL_M","500-999","D","D1111","BG",2008,440
"EUR","P_SAL_M","500-999","D35","D01","BG",2008,770
"EUR","P_SAL_M","500-999","D35","D111","BG",2008,565
"EUR","P_SAL_M","500-999","D35","D1111","BG",2008,440
"EUR","P_SAL_M","500-999","E","D01","BG",2008,404
"EUR","P_SAL_M","500-999","E","D111","BG",2008,332
"EUR","P_SAL_M","500-999","E","D1111","BG",2008,286
"EUR","P_SAL_M","500-999","E36","D01","BG",2008,465
"EUR","P_SAL_M","500-999","E36","D111","BG",2008,379
"EUR","P_SAL_M","500-999","E36","D1111","BG",2008,287
"EUR","P_SAL_M","500-999","E38","D01","BG",2008,377
"EUR","P_SAL_M","500-999","E38","D111","BG",2008,311
"EUR","P_SAL_M","500-999","E38","D1111","BG",2008,285
"EUR","P_SAL_M","500-999","F","D01","BG",2008,459
"EUR","P_SAL_M","500-999","F","D111","BG",2008,377
"EUR","P_SAL_M","500-999","F","D1111","BG",2008,352
"EUR","P_SAL_M","500-999","F41","D01","BG",2008,402
"EUR","P_SAL_M","500-999","F41","D111","BG",2008,336
"EUR","P_SAL_M","500-999","F41","D1111","BG",2008,319
"EUR","P_SAL_M","500-999","F42","D01","BG",2008,NA
"EUR","P_SAL_M","500-999","F42","D111","BG",2008,NA
"EUR","P_SAL_M","500-999","F42","D1111","BG",2008,NA
"EUR","P_SAL_M","500-999","F43","D01","BG",2008,NA
"EUR","P_SAL_M","500-999","F43","D111","BG",2008,NA
"EUR","P_SAL_M","500-999","F43","D1111","BG",2008,NA
"EUR","P_SAL_M","500-999","G","D01","BG",2008,525
"EUR","P_SAL_M","500-999","G","D111","BG",2008,437
"EUR","P_SAL_M","500-999","G","D1111","BG",2008,404
"EUR","P_SAL_M","500-999","G-J","D01","BG",2008,607
"EUR","P_SAL_M","500-999","G-J","D111","BG",2008,498
"EUR","P_SAL_M","500-999","G-J","D1111","BG",2008,417
"EUR","P_SAL_M","500-999","G-N","D01","BG",2008,597
"EUR","P_SAL_M","500-999","G-N","D111","BG",2008,493
"EUR","P_SAL_M","500-999","G-N","D1111","BG",2008,418
"EUR","P_SAL_M","500-999","G-S_X_O","D01","BG",2008,541
"EUR","P_SAL_M","500-999","G-S_X_O","D111","BG",2008,446
"EUR","P_SAL_M","500-999","G-S_X_O","D1111","BG",2008,384
"EUR","P_SAL_M","500-999","G45","D01","BG",2008,811
"EUR","P_SAL_M","500-999","G45","D111","BG",2008,687
"EUR","P_SAL_M","500-999","G45","D1111","BG",2008,625
"EUR","P_SAL_M","500-999","G46","D01","BG",2008,592
"EUR","P_SAL_M","500-999","G46","D111","BG",2008,496
"EUR","P_SAL_M","500-999","G46","D1111","BG",2008,458
"EUR","P_SAL_M","500-999","G47","D01","BG",2008,403
"EUR","P_SAL_M","500-999","G47","D111","BG",2008,330
"EUR","P_SAL_M","500-999","G47","D1111","BG",2008,308
"EUR","P_SAL_M","500-999","H","D01","BG",2008,671
"EUR","P_SAL_M","500-999","H","D111","BG",2008,543
"EUR","P_SAL_M","500-999","H","D1111","BG",2008,419
"EUR","P_SAL_M","500-999","H49","D01","BG",2008,465
"EUR","P_SAL_M","500-999","H49","D111","BG",2008,365
"EUR","P_SAL_M","500-999","H49","D1111","BG",2008,279
"EUR","P_SAL_M","500-999","H50","D01","BG",2008,NA
"EUR","P_SAL_M","500-999","H50","D111","BG",2008,NA
"EUR","P_SAL_M","500-999","H50","D1111","BG",2008,NA
"EUR","P_SAL_M","500-999","H51","D01","BG",2008,NA
"EUR","P_SAL_M","500-999","H51","D111","BG",2008,NA
"EUR","P_SAL_M","500-999","H51","D1111","BG",2008,NA
"EUR","P_SAL_M","500-999","H52","D01","BG",2008,972
"EUR","P_SAL_M","500-999","H52","D111","BG",2008,799
"EUR","P_SAL_M","500-999","H52","D1111","BG",2008,605
"EUR","P_SAL_M","500-999","H53","D01","BG",2008,NA
"EUR","P_SAL_M","500-999","H53","D111","BG",2008,NA
"EUR","P_SAL_M","500-999","H53","D1111","BG",2008,NA
"EUR","P_SAL_M","500-999","I","D01","BG",2008,NA
"EUR","P_SAL_M","500-999","I","D111","BG",2008,NA
"EUR","P_SAL_M","500-999","I","D1111","BG",2008,NA
"EUR","P_SAL_M","500-999","I55","D01","BG",2008,NA
"EUR","P_SAL_M","500-999","I55","D111","BG",2008,NA
"EUR","P_SAL_M","500-999","I55","D1111","BG",2008,NA
"EUR","P_SAL_M","500-999","I56","D01","BG",2008,NA
"EUR","P_SAL_M","500-999","I56","D111","BG",2008,NA
"EUR","P_SAL_M","500-999","I56","D1111","BG",2008,NA
"EUR","P_SAL_M","500-999","J","D01","BG",2008,727
"EUR","P_SAL_M","500-999","J","D111","BG",2008,617
"EUR","P_SAL_M","500-999","J","D1111","BG",2008,561
"EUR","P_SAL_M","500-999","J58","D01","BG",2008,NA
"EUR","P_SAL_M","500-999","J58","D111","BG",2008,NA
"EUR","P_SAL_M","500-999","J58","D1111","BG",2008,NA
"EUR","P_SAL_M","500-999","J60","D01","BG",2008,NA
"EUR","P_SAL_M","500-999","J60","D111","BG",2008,NA
"EUR","P_SAL_M","500-999","J60","D1111","BG",2008,NA
"EUR","P_SAL_M","500-999","J61","D01","BG",2008,NA
"EUR","P_SAL_M","500-999","J61","D111","BG",2008,NA
"EUR","P_SAL_M","500-999","J61","D1111","BG",2008,NA
"EUR","P_SAL_M","500-999","J62","D01","BG",2008,NA
"EUR","P_SAL_M","500-999","J62","D111","BG",2008,NA
"EUR","P_SAL_M","500-999","J62","D1111","BG",2008,NA
"EUR","P_SAL_M","500-999","K","D01","BG",2008,931
"EUR","P_SAL_M","500-999","K","D111","BG",2008,787
"EUR","P_SAL_M","500-999","K","D1111","BG",2008,684
"EUR","P_SAL_M","500-999","K-N","D01","BG",2008,579
"EUR","P_SAL_M","500-999","K-N","D111","BG",2008,483
"EUR","P_SAL_M","500-999","K-N","D1111","BG",2008,420
"EUR","P_SAL_M","500-999","K64","D01","BG",2008,931
"EUR","P_SAL_M","500-999","K64","D111","BG",2008,787
"EUR","P_SAL_M","500-999","K64","D1111","BG",2008,684
"EUR","P_SAL_M","500-999","K65","D01","BG",2008,NA
"EUR","P_SAL_M","500-999","K65","D111","BG",2008,NA
"EUR","P_SAL_M","500-999","K65","D1111","BG",2008,NA
"EUR","P_SAL_M","500-999","M","D01","BG",2008,NA
"EUR","P_SAL_M","500-999","M","D111","BG",2008,NA
"EUR","P_SAL_M","500-999","M","D1111","BG",2008,NA
"EUR","P_SAL_M","500-999","M70","D01","BG",2008,NA
"EUR","P_SAL_M","500-999","M70","D111","BG",2008,NA
"EUR","P_SAL_M","500-999","M70","D1111","BG",2008,NA
"EUR","P_SAL_M","500-999","M73","D01","BG",2008,NA
"EUR","P_SAL_M","500-999","M73","D111","BG",2008,NA
"EUR","P_SAL_M","500-999","M73","D1111","BG",2008,NA
"EUR","P_SAL_M","500-999","N","D01","BG",2008,212
"EUR","P_SAL_M","500-999","N","D111","BG",2008,172
"EUR","P_SAL_M","500-999","N","D1111","BG",2008,159
"EUR","P_SAL_M","500-999","N78","D01","BG",2008,NA
"EUR","P_SAL_M","500-999","N78","D111","BG",2008,NA
"EUR","P_SAL_M","500-999","N78","D1111","BG",2008,NA
"EUR","P_SAL_M","500-999","N80","D01","BG",2008,166
"EUR","P_SAL_M","500-999","N80","D111","BG",2008,135
"EUR","P_SAL_M","500-999","N80","D1111","BG",2008,128
"EUR","P_SAL_M","500-999","N81","D01","BG",2008,NA
"EUR","P_SAL_M","500-999","N81","D111","BG",2008,NA
"EUR","P_SAL_M","500-999","N81","D1111","BG",2008,NA
"EUR","P_SAL_M","500-999","N82","D01","BG",2008,NA
"EUR","P_SAL_M","500-999","N82","D111","BG",2008,NA
"EUR","P_SAL_M","500-999","N82","D1111","BG",2008,NA
"EUR","P_SAL_M","500-999","O","D01","BG",2008,691
"EUR","P_SAL_M","500-999","O","D111","BG",2008,546
"EUR","P_SAL_M","500-999","O","D1111","BG",2008,505
"EUR","P_SAL_M","500-999","O-S","D01","BG",2008,504
"EUR","P_SAL_M","500-999","O-S","D111","BG",2008,410
"EUR","P_SAL_M","500-999","O-S","D1111","BG",2008,367
"EUR","P_SAL_M","500-999","O84","D01","BG",2008,691
"EUR","P_SAL_M","500-999","O84","D111","BG",2008,546
"EUR","P_SAL_M","500-999","O84","D1111","BG",2008,505
"EUR","P_SAL_M","500-999","P","D01","BG",2008,512
"EUR","P_SAL_M","500-999","P","D111","BG",2008,421
"EUR","P_SAL_M","500-999","P","D1111","BG",2008,359
"EUR","P_SAL_M","500-999","P-S","D01","BG",2008,455
"EUR","P_SAL_M","500-999","P-S","D111","BG",2008,374
"EUR","P_SAL_M","500-999","P-S","D1111","BG",2008,331
"EUR","P_SAL_M","500-999","P85","D01","BG",2008,512
"EUR","P_SAL_M","500-999","P85","D111","BG",2008,421
"EUR","P_SAL_M","500-999","P85","D1111","BG",2008,359
"EUR","P_SAL_M","500-999","Q","D01","BG",2008,429
"EUR","P_SAL_M","500-999","Q","D111","BG",2008,352
"EUR","P_SAL_M","500-999","Q","D1111","BG",2008,318
"EUR","P_SAL_M","500-999","Q86","D01","BG",2008,429
"EUR","P_SAL_M","500-999","Q86","D111","BG",2008,352
"EUR","P_SAL_M","500-999","Q86","D1111","BG",2008,318
"EUR","P_SAL_M","500-999","Q87","D01","BG",2008,NA
"EUR","P_SAL_M","500-999","Q87","D111","BG",2008,NA
"EUR","P_SAL_M","500-999","Q87","D1111","BG",2008,NA
"EUR","P_SAL_M","500-999","Q88","D01","BG",2008,NA
"EUR","P_SAL_M","500-999","Q88","D111","BG",2008,NA
"EUR","P_SAL_M","500-999","Q88","D1111","BG",2008,NA
"EUR","P_SAL_M","GE10","B","D01","BG",2008,637
"EUR","P_SAL_M","GE10","B","D111","BG",2008,467
"EUR","P_SAL_M","GE10","B","D1111","BG",2008,396
"EUR","P_SAL_M","GE10","B-E","D01","BG",2008,367
"EUR","P_SAL_M","GE10","B-E","D111","BG",2008,292
"EUR","P_SAL_M","GE10","B-E","D1111","BG",2008,255
"EUR","P_SAL_M","GE10","B-F","D01","BG",2008,351
"EUR","P_SAL_M","GE10","B-F","D111","BG",2008,281
"EUR","P_SAL_M","GE10","B-F","D1111","BG",2008,249
"EUR","P_SAL_M","GE10","B-N","D01","BG",2008,375
"EUR","P_SAL_M","GE10","B-N","D111","BG",2008,307
"EUR","P_SAL_M","GE10","B-N","D1111","BG",2008,274
"EUR","P_SAL_M","GE10","B-S","D01","BG",2008,382
"EUR","P_SAL_M","GE10","B-S","D111","BG",2008,311
"EUR","P_SAL_M","GE10","B-S","D1111","BG",2008,277
"EUR","P_SAL_M","GE10","B-S_X_O","D01","BG",2008,374
"EUR","P_SAL_M","GE10","B-S_X_O","D111","BG",2008,306
"EUR","P_SAL_M","GE10","B-S_X_O","D1111","BG",2008,272
"EUR","P_SAL_M","GE10","B05","D01","BG",2008,693
"EUR","P_SAL_M","GE10","B05","D111","BG",2008,489
"EUR","P_SAL_M","GE10","B05","D1111","BG",2008,395
"EUR","P_SAL_M","GE10","B06","D01","BG",2008,NA
"EUR","P_SAL_M","GE10","B06","D111","BG",2008,NA
"EUR","P_SAL_M","GE10","B06","D1111","BG",2008,NA
"EUR","P_SAL_M","GE10","B07","D01","BG",2008,771
"EUR","P_SAL_M","GE10","B07","D111","BG",2008,581
"EUR","P_SAL_M","GE10","B07","D1111","BG",2008,511
"EUR","P_SAL_M","GE10","B08","D01","BG",2008,436
"EUR","P_SAL_M","GE10","B08","D111","BG",2008,337
"EUR","P_SAL_M","GE10","B08","D1111","BG",2008,303
"EUR","P_SAL_M","GE10","B09","D01","BG",2008,NA
"EUR","P_SAL_M","GE10","B09","D111","BG",2008,NA
"EUR","P_SAL_M","GE10","B09","D1111","BG",2008,NA
"EUR","P_SAL_M","GE10","C","D01","BG",2008,321
"EUR","P_SAL_M","GE10","C","D111","BG",2008,259
"EUR","P_SAL_M","GE10","C","D1111","BG",2008,232
"EUR","P_SAL_M","GE10","C10","D01","BG",2008,261
"EUR","P_SAL_M","GE10","C10","D111","BG",2008,214
"EUR","P_SAL_M","GE10","C10","D1111","BG",2008,198
"EUR","P_SAL_M","GE10","C11","D01","BG",2008,424
"EUR","P_SAL_M","GE10","C11","D111","BG",2008,354
"EUR","P_SAL_M","GE10","C11","D1111","BG",2008,313
"EUR","P_SAL_M","GE10","C12","D01","BG",2008,NA
"EUR","P_SAL_M","GE10","C12","D111","BG",2008,NA
"EUR","P_SAL_M","GE10","C12","D1111","BG",2008,NA
"EUR","P_SAL_M","GE10","C13","D01","BG",2008,289
"EUR","P_SAL_M","GE10","C13","D111","BG",2008,233
"EUR","P_SAL_M","GE10","C13","D1111","BG",2008,211
"EUR","P_SAL_M","GE10","C14","D01","BG",2008,197
"EUR","P_SAL_M","GE10","C14","D111","BG",2008,162
"EUR","P_SAL_M","GE10","C14","D1111","BG",2008,147
"EUR","P_SAL_M","GE10","C15","D01","BG",2008,177
"EUR","P_SAL_M","GE10","C15","D111","BG",2008,145
"EUR","P_SAL_M","GE10","C15","D1111","BG",2008,133
"EUR","P_SAL_M","GE10","C16","D01","BG",2008,249
"EUR","P_SAL_M","GE10","C16","D111","BG",2008,204
"EUR","P_SAL_M","GE10","C16","D1111","BG",2008,186
"EUR","P_SAL_M","GE10","C17","D01","BG",2008,312
"EUR","P_SAL_M","GE10","C17","D111","BG",2008,253
"EUR","P_SAL_M","GE10","C17","D1111","BG",2008,224
"EUR","P_SAL_M","GE10","C18","D01","BG",2008,364
"EUR","P_SAL_M","GE10","C18","D111","BG",2008,302
"EUR","P_SAL_M","GE10","C18","D1111","BG",2008,274
"EUR","P_SAL_M","GE10","C19","D01","BG",2008,NA
"EUR","P_SAL_M","GE10","C19","D111","BG",2008,NA
"EUR","P_SAL_M","GE10","C19","D1111","BG",2008,NA
"EUR","P_SAL_M","GE10","C20","D01","BG",2008,483
"EUR","P_SAL_M","GE10","C20","D111","BG",2008,375
"EUR","P_SAL_M","GE10","C20","D1111","BG",2008,330
"EUR","P_SAL_M","GE10","C21","D01","BG",2008,500
"EUR","P_SAL_M","GE10","C21","D111","BG",2008,396
"EUR","P_SAL_M","GE10","C21","D1111","BG",2008,350
"EUR","P_SAL_M","GE10","C22","D01","BG",2008,242
"EUR","P_SAL_M","GE10","C22","D111","BG",2008,199
"EUR","P_SAL_M","GE10","C22","D1111","BG",2008,183
"EUR","P_SAL_M","GE10","C23","D01","BG",2008,396
"EUR","P_SAL_M","GE10","C23","D111","BG",2008,318
"EUR","P_SAL_M","GE10","C23","D1111","BG",2008,286
"EUR","P_SAL_M","GE10","C24","D01","BG",2008,669
"EUR","P_SAL_M","GE10","C24","D111","BG",2008,517
"EUR","P_SAL_M","GE10","C24","D1111","BG",2008,452
"EUR","P_SAL_M","GE10","C25","D01","BG",2008,308
"EUR","P_SAL_M","GE10","C25","D111","BG",2008,249
"EUR","P_SAL_M","GE10","C25","D1111","BG",2008,226
"EUR","P_SAL_M","GE10","C26","D01","BG",2008,409
"EUR","P_SAL_M","GE10","C26","D111","BG",2008,338
"EUR","P_SAL_M","GE10","C26","D1111","BG",2008,297
"EUR","P_SAL_M","GE10","C27","D01","BG",2008,388
"EUR","P_SAL_M","GE10","C27","D111","BG",2008,316
"EUR","P_SAL_M","GE10","C27","D1111","BG",2008,281
"EUR","P_SAL_M","GE10","C28","D01","BG",2008,384
"EUR","P_SAL_M","GE10","C28","D111","BG",2008,312
"EUR","P_SAL_M","GE10","C28","D1111","BG",2008,276
"EUR","P_SAL_M","GE10","C29","D01","BG",2008,314
"EUR","P_SAL_M","GE10","C29","D111","BG",2008,256
"EUR","P_SAL_M","GE10","C29","D1111","BG",2008,232
"EUR","P_SAL_M","GE10","C30","D01","BG",2008,477
"EUR","P_SAL_M","GE10","C30","D111","BG",2008,380
"EUR","P_SAL_M","GE10","C30","D1111","BG",2008,340
"EUR","P_SAL_M","GE10","C31","D01","BG",2008,201
"EUR","P_SAL_M","GE10","C31","D111","BG",2008,165
"EUR","P_SAL_M","GE10","C31","D1111","BG",2008,152
"EUR","P_SAL_M","GE10","C32","D01","BG",2008,267
"EUR","P_SAL_M","GE10","C32","D111","BG",2008,220
"EUR","P_SAL_M","GE10","C32","D1111","BG",2008,199
"EUR","P_SAL_M","GE10","C33","D01","BG",2008,505
"EUR","P_SAL_M","GE10","C33","D111","BG",2008,406
"EUR","P_SAL_M","GE10","C33","D1111","BG",2008,360
"EUR","P_SAL_M","GE10","D","D01","BG",2008,865
"EUR","P_SAL_M","GE10","D","D111","BG",2008,663
"EUR","P_SAL_M","GE10","D","D1111","BG",2008,494
"EUR","P_SAL_M","GE10","D35","D01","BG",2008,865
"EUR","P_SAL_M","GE10","D35","D111","BG",2008,663
"EUR","P_SAL_M","GE10","D35","D1111","BG",2008,494
"EUR","P_SAL_M","GE10","E","D01","BG",2008,390
"EUR","P_SAL_M","GE10","E","D111","BG",2008,318
"EUR","P_SAL_M","GE10","E","D1111","BG",2008,265
"EUR","P_SAL_M","GE10","E36","D01","BG",2008,438
"EUR","P_SAL_M","GE10","E36","D111","BG",2008,355
"EUR","P_SAL_M","GE10","E36","D1111","BG",2008,278
"EUR","P_SAL_M","GE10","E37","D01","BG",2008,443
"EUR","P_SAL_M","GE10","E37","D111","BG",2008,384
"EUR","P_SAL_M","GE10","E37","D1111","BG",2008,363
"EUR","P_SAL_M","GE10","E38","D01","BG",2008,327
"EUR","P_SAL_M","GE10","E38","D111","BG",2008,268
"EUR","P_SAL_M","GE10","E38","D1111","BG",2008,245
"EUR","P_SAL_M","GE10","E39","D01","BG",2008,375
"EUR","P_SAL_M","GE10","E39","D111","BG",2008,306
"EUR","P_SAL_M","GE10","E39","D1111","BG",2008,274
"EUR","P_SAL_M","GE10","F","D01","BG",2008,301
"EUR","P_SAL_M","GE10","F","D111","BG",2008,246
"EUR","P_SAL_M","GE10","F","D1111","BG",2008,230
"EUR","P_SAL_M","GE10","F41","D01","BG",2008,266
"EUR","P_SAL_M","GE10","F41","D111","BG",2008,219
"EUR","P_SAL_M","GE10","F41","D1111","BG",2008,205
"EUR","P_SAL_M","GE10","F42","D01","BG",2008,392
"EUR","P_SAL_M","GE10","F42","D111","BG",2008,316
"EUR","P_SAL_M","GE10","F42","D1111","BG",2008,290
"EUR","P_SAL_M","GE10","F43","D01","BG",2008,310
"EUR","P_SAL_M","GE10","F43","D111","BG",2008,256
"EUR","P_SAL_M","GE10","F43","D1111","BG",2008,240
"EUR","P_SAL_M","GE10","G","D01","BG",2008,333
"EUR","P_SAL_M","GE10","G","D111","BG",2008,278
"EUR","P_SAL_M","GE10","G","D1111","BG",2008,259
"EUR","P_SAL_M","GE10","G-J","D01","BG",2008,395
"EUR","P_SAL_M","GE10","G-J","D111","BG",2008,328
"EUR","P_SAL_M","GE10","G-J","D1111","BG",2008,294
"EUR","P_SAL_M","GE10","G-N","D01","BG",2008,406
"EUR","P_SAL_M","GE10","G-N","D111","BG",2008,339
"EUR","P_SAL_M","GE10","G-N","D1111","BG",2008,306
"EUR","P_SAL_M","GE10","G-S_X_O","D01","BG",2008,394
"EUR","P_SAL_M","GE10","G-S_X_O","D111","BG",2008,326
"EUR","P_SAL_M","GE10","G-S_X_O","D1111","BG",2008,291
"EUR","P_SAL_M","GE10","G45","D01","BG",2008,433
"EUR","P_SAL_M","GE10","G45","D111","BG",2008,365
"EUR","P_SAL_M","GE10","G45","D1111","BG",2008,338
"EUR","P_SAL_M","GE10","G46","D01","BG",2008,380
"EUR","P_SAL_M","GE10","G46","D111","BG",2008,320
"EUR","P_SAL_M","GE10","G46","D1111","BG",2008,298
"EUR","P_SAL_M","GE10","G47","D01","BG",2008,262
"EUR","P_SAL_M","GE10","G47","D111","BG",2008,215
"EUR","P_SAL_M","GE10","G47","D1111","BG",2008,201
"EUR","P_SAL_M","GE10","H","D01","BG",2008,459
"EUR","P_SAL_M","GE10","H","D111","BG",2008,373
"EUR","P_SAL_M","GE10","H","D1111","BG",2008,307
"EUR","P_SAL_M","GE10","H49","D01","BG",2008,358
"EUR","P_SAL_M","GE10","H49","D111","BG",2008,282
"EUR","P_SAL_M","GE10","H49","D1111","BG",2008,240
"EUR","P_SAL_M","GE10","H50","D01","BG",2008,698
"EUR","P_SAL_M","GE10","H50","D111","BG",2008,522
"EUR","P_SAL_M","GE10","H50","D1111","BG",2008,428
"EUR","P_SAL_M","GE10","H51","D01","BG",2008,1099
"EUR","P_SAL_M","GE10","H51","D111","BG",2008,901
"EUR","P_SAL_M","GE10","H51","D1111","BG",2008,804
"EUR","P_SAL_M","GE10","H52","D01","BG",2008,626
"EUR","P_SAL_M","GE10","H52","D111","BG",2008,534
"EUR","P_SAL_M","GE10","H52","D1111","BG",2008,424
"EUR","P_SAL_M","GE10","H53","D01","BG",2008,361
"EUR","P_SAL_M","GE10","H53","D111","BG",2008,296
"EUR","P_SAL_M","GE10","H53","D1111","BG",2008,232
"EUR","P_SAL_M","GE10","I","D01","BG",2008,233
"EUR","P_SAL_M","GE10","I","D111","BG",2008,192
"EUR","P_SAL_M","GE10","I","D1111","BG",2008,179
"EUR","P_SAL_M","GE10","I55","D01","BG",2008,274
"EUR","P_SAL_M","GE10","I55","D111","BG",2008,225
"EUR","P_SAL_M","GE10","I55","D1111","BG",2008,208
"EUR","P_SAL_M","GE10","I56","D01","BG",2008,201
"EUR","P_SAL_M","GE10","I56","D111","BG",2008,166
"EUR","P_SAL_M","GE10","I56","D1111","BG",2008,157
"EUR","P_SAL_M","GE10","J","D01","BG",2008,764
"EUR","P_SAL_M","GE10","J","D111","BG",2008,647
"EUR","P_SAL_M","GE10","J","D1111","BG",2008,592
"EUR","P_SAL_M","GE10","J58","D01","BG",2008,449
"EUR","P_SAL_M","GE10","J58","D111","BG",2008,380
"EUR","P_SAL_M","GE10","J58","D1111","BG",2008,354
"EUR","P_SAL_M","GE10","J59","D01","BG",2008,515
"EUR","P_SAL_M","GE10","J59","D111","BG",2008,429
"EUR","P_SAL_M","GE10","J59","D1111","BG",2008,401
"EUR","P_SAL_M","GE10","J60","D01","BG",2008,527
"EUR","P_SAL_M","GE10","J60","D111","BG",2008,439
"EUR","P_SAL_M","GE10","J60","D1111","BG",2008,404
"EUR","P_SAL_M","GE10","J61","D01","BG",2008,769
"EUR","P_SAL_M","GE10","J61","D111","BG",2008,645
"EUR","P_SAL_M","GE10","J61","D1111","BG",2008,591
"EUR","P_SAL_M","GE10","J62","D01","BG",2008,1046
"EUR","P_SAL_M","GE10","J62","D111","BG",2008,896
"EUR","P_SAL_M","GE10","J62","D1111","BG",2008,817
"EUR","P_SAL_M","GE10","J63","D01","BG",2008,661
"EUR","P_SAL_M","GE10","J63","D111","BG",2008,564
"EUR","P_SAL_M","GE10","J63","D1111","BG",2008,514
"EUR","P_SAL_M","GE10","K","D01","BG",2008,786
"EUR","P_SAL_M","GE10","K","D111","BG",2008,662
"EUR","P_SAL_M","GE10","K","D1111","BG",2008,600
"EUR","P_SAL_M","GE10","K-N","D01","BG",2008,434
"EUR","P_SAL_M","GE10","K-N","D111","BG",2008,366
"EUR","P_SAL_M","GE10","K-N","D1111","BG",2008,335
"EUR","P_SAL_M","GE10","K64","D01","BG",2008,789
"EUR","P_SAL_M","GE10","K64","D111","BG",2008,664
"EUR","P_SAL_M","GE10","K64","D1111","BG",2008,598
"EUR","P_SAL_M","GE10","K65","D01","BG",2008,805
"EUR","P_SAL_M","GE10","K65","D111","BG",2008,683
"EUR","P_SAL_M","GE10","K65","D1111","BG",2008,637
"EUR","P_SAL_M","GE10","K66","D01","BG",2008,701
"EUR","P_SAL_M","GE10","K66","D111","BG",2008,588
"EUR","P_SAL_M","GE10","K66","D1111","BG",2008,545
"EUR","P_SAL_M","GE10","L","D01","BG",2008,384
"EUR","P_SAL_M","GE10","L","D111","BG",2008,322
"EUR","P_SAL_M","GE10","L","D1111","BG",2008,293
"EUR","P_SAL_M","GE10","L68","D01","BG",2008,384
"EUR","P_SAL_M","GE10","L68","D111","BG",2008,322
"EUR","P_SAL_M","GE10","L68","D1111","BG",2008,293
"EUR","P_SAL_M","GE10","M","D01","BG",2008,590
"EUR","P_SAL_M","GE10","M","D111","BG",2008,499
"EUR","P_SAL_M","GE10","M","D1111","BG",2008,452
"EUR","P_SAL_M","GE10","M69","D01","BG",2008,821
"EUR","P_SAL_M","GE10","M69","D111","BG",2008,705
"EUR","P_SAL_M","GE10","M69","D1111","BG",2008,651
"EUR","P_SAL_M","GE10","M70","D01","BG",2008,878
"EUR","P_SAL_M","GE10","M70","D111","BG",2008,752
"EUR","P_SAL_M","GE10","M70","D1111","BG",2008,672
"EUR","P_SAL_M","GE10","M71","D01","BG",2008,594
"EUR","P_SAL_M","GE10","M71","D111","BG",2008,499
"EUR","P_SAL_M","GE10","M71","D1111","BG",2008,448
"EUR","P_SAL_M","GE10","M72","D01","BG",2008,399
"EUR","P_SAL_M","GE10","M72","D111","BG",2008,327
"EUR","P_SAL_M","GE10","M72","D1111","BG",2008,287
"EUR","P_SAL_M","GE10","M73","D01","BG",2008,591
"EUR","P_SAL_M","GE10","M73","D111","BG",2008,504
"EUR","P_SAL_M","GE10","M73","D1111","BG",2008,467
"EUR","P_SAL_M","GE10","M74","D01","BG",2008,627
"EUR","P_SAL_M","GE10","M74","D111","BG",2008,545
"EUR","P_SAL_M","GE10","M74","D1111","BG",2008,515
"EUR","P_SAL_M","GE10","M75","D01","BG",2008,NA
"EUR","P_SAL_M","GE10","M75","D111","BG",2008,NA
"EUR","P_SAL_M","GE10","M75","D1111","BG",2008,NA
"EUR","P_SAL_M","GE10","N","D01","BG",2008,199
"EUR","P_SAL_M","GE10","N","D111","BG",2008,170
"EUR","P_SAL_M","GE10","N","D1111","BG",2008,159
"EUR","P_SAL_M","GE10","N77","D01","BG",2008,483
"EUR","P_SAL_M","GE10","N77","D111","BG",2008,407
"EUR","P_SAL_M","GE10","N77","D1111","BG",2008,375
"EUR","P_SAL_M","GE10","N78","D01","BG",2008,386
"EUR","P_SAL_M","GE10","N78","D111","BG",2008,318
"EUR","P_SAL_M","GE10","N78","D1111","BG",2008,294
"EUR","P_SAL_M","GE10","N79","D01","BG",2008,322
"EUR","P_SAL_M","GE10","N79","D111","BG",2008,271
"EUR","P_SAL_M","GE10","N79","D1111","BG",2008,256
"EUR","P_SAL_M","GE10","N80","D01","BG",2008,184
"EUR","P_SAL_M","GE10","N80","D111","BG",2008,151
"EUR","P_SAL_M","GE10","N80","D1111","BG",2008,142
"EUR","P_SAL_M","GE10","N81","D01","BG",2008,141
"EUR","P_SAL_M","GE10","N81","D111","BG",2008,132
"EUR","P_SAL_M","GE10","N81","D1111","BG",2008,122
"EUR","P_SAL_M","GE10","N82","D01","BG",2008,461
"EUR","P_SAL_M","GE10","N82","D111","BG",2008,380
"EUR","P_SAL_M","GE10","N82","D1111","BG",2008,354
"EUR","P_SAL_M","GE10","O","D01","BG",2008,500
"EUR","P_SAL_M","GE10","O","D111","BG",2008,394
"EUR","P_SAL_M","GE10","O","D1111","BG",2008,355
"EUR","P_SAL_M","GE10","O-S","D01","BG",2008,406
"EUR","P_SAL_M","GE10","O-S","D111","BG",2008,326
"EUR","P_SAL_M","GE10","O-S","D1111","BG",2008,286
"EUR","P_SAL_M","GE10","O84","D01","BG",2008,500
"EUR","P_SAL_M","GE10","O84","D111","BG",2008,394
"EUR","P_SAL_M","GE10","O84","D1111","BG",2008,355
"EUR","P_SAL_M","GE10","P","D01","BG",2008,383
"EUR","P_SAL_M","GE10","P","D111","BG",2008,306
"EUR","P_SAL_M","GE10","P","D1111","BG",2008,256
"EUR","P_SAL_M","GE10","P-S","D01","BG",2008,369
"EUR","P_SAL_M","GE10","P-S","D111","BG",2008,299
"EUR","P_SAL_M","GE10","P-S","D1111","BG",2008,259
"EUR","P_SAL_M","GE10","P85","D01","BG",2008,383
"EUR","P_SAL_M","GE10","P85","D111","BG",2008,306
"EUR","P_SAL_M","GE10","P85","D1111","BG",2008,256
"EUR","P_SAL_M","GE10","Q","D01","BG",2008,377
"EUR","P_SAL_M","GE10","Q","D111","BG",2008,310
"EUR","P_SAL_M","GE10","Q","D1111","BG",2008,277
"EUR","P_SAL_M","GE10","Q86","D01","BG",2008,415
"EUR","P_SAL_M","GE10","Q86","D111","BG",2008,341
"EUR","P_SAL_M","GE10","Q86","D1111","BG",2008,306
"EUR","P_SAL_M","GE10","Q87","D01","BG",2008,265
"EUR","P_SAL_M","GE10","Q87","D111","BG",2008,217
"EUR","P_SAL_M","GE10","Q87","D1111","BG",2008,191
"EUR","P_SAL_M","GE10","Q88","D01","BG",2008,229
"EUR","P_SAL_M","GE10","Q88","D111","BG",2008,188
"EUR","P_SAL_M","GE10","Q88","D1111","BG",2008,166
"EUR","P_SAL_M","GE10","R","D01","BG",2008,304
"EUR","P_SAL_M","GE10","R","D111","BG",2008,252
"EUR","P_SAL_M","GE10","R","D1111","BG",2008,229
"EUR","P_SAL_M","GE10","R90","D01","BG",2008,319
"EUR","P_SAL_M","GE10","R90","D111","BG",2008,258
"EUR","P_SAL_M","GE10","R90","D1111","BG",2008,225
"EUR","P_SAL_M","GE10","R91","D01","BG",2008,282
"EUR","P_SAL_M","GE10","R91","D111","BG",2008,230
"EUR","P_SAL_M","GE10","R91","D1111","BG",2008,202
"EUR","P_SAL_M","GE10","R92","D01","BG",2008,257
"EUR","P_SAL_M","GE10","R92","D111","BG",2008,213
"EUR","P_SAL_M","GE10","R92","D1111","BG",2008,197
"EUR","P_SAL_M","GE10","R93","D01","BG",2008,383
"EUR","P_SAL_M","GE10","R93","D111","BG",2008,330
"EUR","P_SAL_M","GE10","R93","D1111","BG",2008,309
"EUR","P_SAL_M","GE10","S","D01","BG",2008,268
"EUR","P_SAL_M","GE10","S","D111","BG",2008,228
"EUR","P_SAL_M","GE10","S","D1111","BG",2008,208
"EUR","P_SAL_M","GE10","S94","D01","BG",2008,286
"EUR","P_SAL_M","GE10","S94","D111","BG",2008,248
"EUR","P_SAL_M","GE10","S94","D1111","BG",2008,226
"EUR","P_SAL_M","GE10","S95","D01","BG",2008,346
"EUR","P_SAL_M","GE10","S95","D111","BG",2008,288
"EUR","P_SAL_M","GE10","S95","D1111","BG",2008,269
"EUR","P_SAL_M","GE10","S96","D01","BG",2008,222
"EUR","P_SAL_M","GE10","S96","D111","BG",2008,182
"EUR","P_SAL_M","GE10","S96","D1111","BG",2008,166
"EUR","P_SAL_M","GE1000","B","D01","BG",2008,830
"EUR","P_SAL_M","GE1000","B","D111","BG",2008,595
"EUR","P_SAL_M","GE1000","B","D1111","BG",2008,490
"EUR","P_SAL_M","GE1000","B-E","D01","BG",2008,671
"EUR","P_SAL_M","GE1000","B-E","D111","BG",2008,518
"EUR","P_SAL_M","GE1000","B-E","D1111","BG",2008,429
"EUR","P_SAL_M","GE1000","B-F","D01","BG",2008,652
"EUR","P_SAL_M","GE1000","B-F","D111","BG",2008,504
"EUR","P_SAL_M","GE1000","B-F","D1111","BG",2008,419
"EUR","P_SAL_M","GE1000","B-N","D01","BG",2008,609
"EUR","P_SAL_M","GE1000","B-N","D111","BG",2008,482
"EUR","P_SAL_M","GE1000","B-N","D1111","BG",2008,409
"EUR","P_SAL_M","GE1000","B-S","D01","BG",2008,597
"EUR","P_SAL_M","GE1000","B-S","D111","BG",2008,473
"EUR","P_SAL_M","GE1000","B-S","D1111","BG",2008,404
"EUR","P_SAL_M","GE1000","B-S_X_O","D01","BG",2008,598
"EUR","P_SAL_M","GE1000","B-S_X_O","D111","BG",2008,474
"EUR","P_SAL_M","GE1000","B-S_X_O","D1111","BG",2008,404
"EUR","P_SAL_M","GE1000","B05","D01","BG",2008,NA
"EUR","P_SAL_M","GE1000","B05","D111","BG",2008,NA
"EUR","P_SAL_M","GE1000","B05","D1111","BG",2008,NA
"EUR","P_SAL_M","GE1000","B07","D01","BG",2008,NA
"EUR","P_SAL_M","GE1000","B07","D111","BG",2008,NA
"EUR","P_SAL_M","GE1000","B07","D1111","BG",2008,NA
"EUR","P_SAL_M","GE1000","C","D01","BG",2008,580
"EUR","P_SAL_M","GE1000","C","D111","BG",2008,456
"EUR","P_SAL_M","GE1000","C","D1111","BG",2008,398
"EUR","P_SAL_M","GE1000","C10","D01","BG",2008,NA
"EUR","P_SAL_M","GE1000","C10","D111","BG",2008,NA
"EUR","P_SAL_M","GE1000","C10","D1111","BG",2008,NA
"EUR","P_SAL_M","GE1000","C11","D01","BG",2008,NA
"EUR","P_SAL_M","GE1000","C11","D111","BG",2008,NA
"EUR","P_SAL_M","GE1000","C11","D1111","BG",2008,NA
"EUR","P_SAL_M","GE1000","C12","D01","BG",2008,NA
"EUR","P_SAL_M","GE1000","C12","D111","BG",2008,NA
"EUR","P_SAL_M","GE1000","C12","D1111","BG",2008,NA
"EUR","P_SAL_M","GE1000","C13","D01","BG",2008,NA
"EUR","P_SAL_M","GE1000","C13","D111","BG",2008,NA
"EUR","P_SAL_M","GE1000","C13","D1111","BG",2008,NA
"EUR","P_SAL_M","GE1000","C14","D01","BG",2008,310
"EUR","P_SAL_M","GE1000","C14","D111","BG",2008,252
"EUR","P_SAL_M","GE1000","C14","D1111","BG",2008,232
"EUR","P_SAL_M","GE1000","C19","D01","BG",2008,NA
"EUR","P_SAL_M","GE1000","C19","D111","BG",2008,NA
"EUR","P_SAL_M","GE1000","C19","D1111","BG",2008,NA
"EUR","P_SAL_M","GE1000","C20","D01","BG",2008,NA
"EUR","P_SAL_M","GE1000","C20","D111","BG",2008,NA
"EUR","P_SAL_M","GE1000","C20","D1111","BG",2008,NA
"EUR","P_SAL_M","GE1000","C21","D01","BG",2008,NA
"EUR","P_SAL_M","GE1000","C21","D111","BG",2008,NA
"EUR","P_SAL_M","GE1000","C21","D1111","BG",2008,NA
"EUR","P_SAL_M","GE1000","C22","D01","BG",2008,NA
"EUR","P_SAL_M","GE1000","C22","D111","BG",2008,NA
"EUR","P_SAL_M","GE1000","C22","D1111","BG",2008,NA
"EUR","P_SAL_M","GE1000","C23","D01","BG",2008,NA
"EUR","P_SAL_M","GE1000","C23","D111","BG",2008,NA
"EUR","P_SAL_M","GE1000","C23","D1111","BG",2008,NA
"EUR","P_SAL_M","GE1000","C24","D01","BG",2008,862
"EUR","P_SAL_M","GE1000","C24","D111","BG",2008,654
"EUR","P_SAL_M","GE1000","C24","D1111","BG",2008,564
"EUR","P_SAL_M","GE1000","C25","D01","BG",2008,358
"EUR","P_SAL_M","GE1000","C25","D111","BG",2008,280
"EUR","P_SAL_M","GE1000","C25","D1111","BG",2008,256
"EUR","P_SAL_M","GE1000","C27","D01","BG",2008,NA
"EUR","P_SAL_M","GE1000","C27","D111","BG",2008,NA
"EUR","P_SAL_M","GE1000","C27","D1111","BG",2008,NA
"EUR","P_SAL_M","GE1000","C28","D01","BG",2008,524
"EUR","P_SAL_M","GE1000","C28","D111","BG",2008,421
"EUR","P_SAL_M","GE1000","C28","D1111","BG",2008,350
"EUR","P_SAL_M","GE1000","C29","D01","BG",2008,327
"EUR","P_SAL_M","GE1000","C29","D111","BG",2008,266
"EUR","P_SAL_M","GE1000","C29","D1111","BG",2008,245
"EUR","P_SAL_M","GE1000","C30","D01","BG",2008,NA
"EUR","P_SAL_M","GE1000","C30","D111","BG",2008,NA
"EUR","P_SAL_M","GE1000","C30","D1111","BG",2008,NA
"EUR","P_SAL_M","GE1000","C33","D01","BG",2008,NA
"EUR","P_SAL_M","GE1000","C33","D111","BG",2008,NA
"EUR","P_SAL_M","GE1000","C33","D1111","BG",2008,NA
"EUR","P_SAL_M","GE1000","D","D01","BG",2008,897
"EUR","P_SAL_M","GE1000","D","D111","BG",2008,689
"EUR","P_SAL_M","GE1000","D","D1111","BG",2008,499
"EUR","P_SAL_M","GE1000","D35","D01","BG",2008,897
"EUR","P_SAL_M","GE1000","D35","D111","BG",2008,689
"EUR","P_SAL_M","GE1000","D35","D1111","BG",2008,499
"EUR","P_SAL_M","GE1000","E","D01","BG",2008,NA
"EUR","P_SAL_M","GE1000","E","D111","BG",2008,NA
"EUR","P_SAL_M","GE1000","E","D1111","BG",2008,NA
"EUR","P_SAL_M","GE1000","E36","D01","BG",2008,NA
"EUR","P_SAL_M","GE1000","E36","D111","BG",2008,NA
"EUR","P_SAL_M","GE1000","E36","D1111","BG",2008,NA
"EUR","P_SAL_M","GE1000","F","D01","BG",2008,302
"EUR","P_SAL_M","GE1000","F","D111","BG",2008,250
"EUR","P_SAL_M","GE1000","F","D1111","BG",2008,230
"EUR","P_SAL_M","GE1000","F41","D01","BG",2008,302
"EUR","P_SAL_M","GE1000","F41","D111","BG",2008,250
"EUR","P_SAL_M","GE1000","F41","D1111","BG",2008,230
"EUR","P_SAL_M","GE1000","G","D01","BG",2008,454
"EUR","P_SAL_M","GE1000","G","D111","BG",2008,371
"EUR","P_SAL_M","GE1000","G","D1111","BG",2008,339
"EUR","P_SAL_M","GE1000","G-J","D01","BG",2008,611
"EUR","P_SAL_M","GE1000","G-J","D111","BG",2008,498
"EUR","P_SAL_M","GE1000","G-J","D1111","BG",2008,425
"EUR","P_SAL_M","GE1000","G-N","D01","BG",2008,555
"EUR","P_SAL_M","GE1000","G-N","D111","BG",2008,454
"EUR","P_SAL_M","GE1000","G-N","D1111","BG",2008,397
"EUR","P_SAL_M","GE1000","G-S_X_O","D01","BG",2008,543
"EUR","P_SAL_M","GE1000","G-S_X_O","D111","BG",2008,444
"EUR","P_SAL_M","GE1000","G-S_X_O","D1111","BG",2008,388
"EUR","P_SAL_M","GE1000","G46","D01","BG",2008,488
"EUR","P_SAL_M","GE1000","G46","D111","BG",2008,408
"EUR","P_SAL_M","GE1000","G46","D1111","BG",2008,370
"EUR","P_SAL_M","GE1000","G47","D01","BG",2008,423
"EUR","P_SAL_M","GE1000","G47","D111","BG",2008,338
"EUR","P_SAL_M","GE1000","G47","D1111","BG",2008,311
"EUR","P_SAL_M","GE1000","H","D01","BG",2008,587
"EUR","P_SAL_M","GE1000","H","D111","BG",2008,463
"EUR","P_SAL_M","GE1000","H","D1111","BG",2008,355
"EUR","P_SAL_M","GE1000","H49","D01","BG",2008,563
"EUR","P_SAL_M","GE1000","H49","D111","BG",2008,431
"EUR","P_SAL_M","GE1000","H49","D1111","BG",2008,345
"EUR","P_SAL_M","GE1000","H50","D01","BG",2008,NA
"EUR","P_SAL_M","GE1000","H50","D111","BG",2008,NA
"EUR","P_SAL_M","GE1000","H50","D1111","BG",2008,NA
"EUR","P_SAL_M","GE1000","H52","D01","BG",2008,631
"EUR","P_SAL_M","GE1000","H52","D111","BG",2008,539
"EUR","P_SAL_M","GE1000","H52","D1111","BG",2008,366
"EUR","P_SAL_M","GE1000","H53","D01","BG",2008,NA
"EUR","P_SAL_M","GE1000","H53","D111","BG",2008,NA
"EUR","P_SAL_M","GE1000","H53","D1111","BG",2008,NA
"EUR","P_SAL_M","GE1000","I","D01","BG",2008,NA
"EUR","P_SAL_M","GE1000","I","D111","BG",2008,NA
"EUR","P_SAL_M","GE1000","I","D1111","BG",2008,NA
"EUR","P_SAL_M","GE1000","I56","D01","BG",2008,NA
"EUR","P_SAL_M","GE1000","I56","D111","BG",2008,NA
"EUR","P_SAL_M","GE1000","I56","D1111","BG",2008,NA
"EUR","P_SAL_M","GE1000","J","D01","BG",2008,926
"EUR","P_SAL_M","GE1000","J","D111","BG",2008,784
"EUR","P_SAL_M","GE1000","J","D1111","BG",2008,711
"EUR","P_SAL_M","GE1000","J60","D01","BG",2008,NA
"EUR","P_SAL_M","GE1000","J60","D111","BG",2008,NA
"EUR","P_SAL_M","GE1000","J60","D1111","BG",2008,NA
"EUR","P_SAL_M","GE1000","J61","D01","BG",2008,NA
"EUR","P_SAL_M","GE1000","J61","D111","BG",2008,NA
"EUR","P_SAL_M","GE1000","J61","D1111","BG",2008,NA
"EUR","P_SAL_M","GE1000","J62","D01","BG",2008,NA
"EUR","P_SAL_M","GE1000","J62","D111","BG",2008,NA
"EUR","P_SAL_M","GE1000","J62","D1111","BG",2008,NA
"EUR","P_SAL_M","GE1000","K","D01","BG",2008,832
"EUR","P_SAL_M","GE1000","K","D111","BG",2008,691
"EUR","P_SAL_M","GE1000","K","D1111","BG",2008,653
"EUR","P_SAL_M","GE1000","K-N","D01","BG",2008,428
"EUR","P_SAL_M","GE1000","K-N","D111","BG",2008,354
"EUR","P_SAL_M","GE1000","K-N","D1111","BG",2008,333
"EUR","P_SAL_M","GE1000","K64","D01","BG",2008,832
"EUR","P_SAL_M","GE1000","K64","D111","BG",2008,691
"EUR","P_SAL_M","GE1000","K64","D1111","BG",2008,653
"EUR","P_SAL_M","GE1000","M","D01","BG",2008,NA
"EUR","P_SAL_M","GE1000","M","D111","BG",2008,NA
"EUR","P_SAL_M","GE1000","M","D1111","BG",2008,NA
"EUR","P_SAL_M","GE1000","M71","D01","BG",2008,NA
"EUR","P_SAL_M","GE1000","M71","D111","BG",2008,NA
"EUR","P_SAL_M","GE1000","M71","D1111","BG",2008,NA
"EUR","P_SAL_M","GE1000","M72","D01","BG",2008,NA
"EUR","P_SAL_M","GE1000","M72","D111","BG",2008,NA
"EUR","P_SAL_M","GE1000","M72","D1111","BG",2008,NA
"EUR","P_SAL_M","GE1000","N","D01","BG",2008,197
"EUR","P_SAL_M","GE1000","N","D111","BG",2008,161
"EUR","P_SAL_M","GE1000","N","D1111","BG",2008,150
"EUR","P_SAL_M","GE1000","N78","D01","BG",2008,NA
"EUR","P_SAL_M","GE1000","N78","D111","BG",2008,NA
"EUR","P_SAL_M","GE1000","N78","D1111","BG",2008,NA
"EUR","P_SAL_M","GE1000","N80","D01","BG",2008,197
"EUR","P_SAL_M","GE1000","N80","D111","BG",2008,161
"EUR","P_SAL_M","GE1000","N80","D1111","BG",2008,150
"EUR","P_SAL_M","GE1000","O","D01","BG",2008,565
"EUR","P_SAL_M","GE1000","O","D111","BG",2008,448
"EUR","P_SAL_M","GE1000","O","D1111","BG",2008,411
"EUR","P_SAL_M","GE1000","O-S","D01","BG",2008,514
"EUR","P_SAL_M","GE1000","O-S","D111","BG",2008,417
"EUR","P_SAL_M","GE1000","O-S","D1111","BG",2008,369
"EUR","P_SAL_M","GE1000","O84","D01","BG",2008,565
"EUR","P_SAL_M","GE1000","O84","D111","BG",2008,448
"EUR","P_SAL_M","GE1000","O84","D1111","BG",2008,411
"EUR","P_SAL_M","GE1000","P","D01","BG",2008,464
"EUR","P_SAL_M","GE1000","P","D111","BG",2008,377
"EUR","P_SAL_M","GE1000","P","D1111","BG",2008,328
"EUR","P_SAL_M","GE1000","P-S","D01","BG",2008,495
"EUR","P_SAL_M","GE1000","P-S","D111","BG",2008,405
"EUR","P_SAL_M","GE1000","P-S","D1111","BG",2008,353
"EUR","P_SAL_M","GE1000","P85","D01","BG",2008,464
"EUR","P_SAL_M","GE1000","P85","D111","BG",2008,377
"EUR","P_SAL_M","GE1000","P85","D1111","BG",2008,328
"EUR","P_SAL_M","GE1000","Q","D01","BG",2008,511
"EUR","P_SAL_M","GE1000","Q","D111","BG",2008,419
"EUR","P_SAL_M","GE1000","Q","D1111","BG",2008,366
"EUR","P_SAL_M","GE1000","Q86","D01","BG",2008,511
"EUR","P_SAL_M","GE1000","Q86","D111","BG",2008,419
"EUR","P_SAL_M","GE1000","Q86","D1111","BG",2008,366
"EUR","P_SAL_M","GE1000","R","D01","BG",2008,NA
"EUR","P_SAL_M","GE1000","R","D111","BG",2008,NA
"EUR","P_SAL_M","GE1000","R","D1111","BG",2008,NA
"EUR","P_SAL_M","GE1000","R92","D01","BG",2008,NA
"EUR","P_SAL_M","GE1000","R92","D111","BG",2008,NA
"EUR","P_SAL_M","GE1000","R92","D1111","BG",2008,NA
"EUR","P_SAL_M","LT10","B","D01","BG",2008,287
"EUR","P_SAL_M","LT10","B","D111","BG",2008,234
"EUR","P_SAL_M","LT10","B","D1111","BG",2008,222
"EUR","P_SAL_M","LT10","B-E","D01","BG",2008,183
"EUR","P_SAL_M","LT10","B-E","D111","BG",2008,151
"EUR","P_SAL_M","LT10","B-E","D1111","BG",2008,143
"EUR","P_SAL_M","LT10","B-F","D01","BG",2008,199
"EUR","P_SAL_M","LT10","B-F","D111","BG",2008,164
"EUR","P_SAL_M","LT10","B-F","D1111","BG",2008,155
"EUR","P_SAL_M","LT10","B-N","D01","BG",2008,208
"EUR","P_SAL_M","LT10","B-N","D111","BG",2008,173
"EUR","P_SAL_M","LT10","B-N","D1111","BG",2008,164
"EUR","P_SAL_M","LT10","B-S","D01","BG",2008,209
"EUR","P_SAL_M","LT10","B-S","D111","BG",2008,174
"EUR","P_SAL_M","LT10","B-S","D1111","BG",2008,165
"EUR","P_SAL_M","LT10","B-S_X_O","D01","BG",2008,208
"EUR","P_SAL_M","LT10","B-S_X_O","D111","BG",2008,173
"EUR","P_SAL_M","LT10","B-S_X_O","D1111","BG",2008,164
"EUR","P_SAL_M","LT10","B05","D01","BG",2008,NA
"EUR","P_SAL_M","LT10","B05","D111","BG",2008,NA
"EUR","P_SAL_M","LT10","B05","D1111","BG",2008,NA
"EUR","P_SAL_M","LT10","B06","D01","BG",2008,NA
"EUR","P_SAL_M","LT10","B06","D111","BG",2008,NA
"EUR","P_SAL_M","LT10","B06","D1111","BG",2008,NA
"EUR","P_SAL_M","LT10","B07","D01","BG",2008,320
"EUR","P_SAL_M","LT10","B07","D111","BG",2008,259
"EUR","P_SAL_M","LT10","B07","D1111","BG",2008,249
"EUR","P_SAL_M","LT10","B08","D01","BG",2008,283
"EUR","P_SAL_M","LT10","B08","D111","BG",2008,231
"EUR","P_SAL_M","LT10","B08","D1111","BG",2008,219
"EUR","P_SAL_M","LT10","B09","D01","BG",2008,251
"EUR","P_SAL_M","LT10","B09","D111","BG",2008,207
"EUR","P_SAL_M","LT10","B09","D1111","BG",2008,201
"EUR","P_SAL_M","LT10","C","D01","BG",2008,175
"EUR","P_SAL_M","LT10","C","D111","BG",2008,144
"EUR","P_SAL_M","LT10","C","D1111","BG",2008,137
"EUR","P_SAL_M","LT10","C10","D01","BG",2008,158
"EUR","P_SAL_M","LT10","C10","D111","BG",2008,130
"EUR","P_SAL_M","LT10","C10","D1111","BG",2008,125
"EUR","P_SAL_M","LT10","C11","D01","BG",2008,184
"EUR","P_SAL_M","LT10","C11","D111","BG",2008,151
"EUR","P_SAL_M","LT10","C11","D1111","BG",2008,145
"EUR","P_SAL_M","LT10","C12","D01","BG",2008,976
"EUR","P_SAL_M","LT10","C12","D111","BG",2008,447
"EUR","P_SAL_M","LT10","C12","D1111","BG",2008,367
"EUR","P_SAL_M","LT10","C13","D01","BG",2008,187
"EUR","P_SAL_M","LT10","C13","D111","BG",2008,153
"EUR","P_SAL_M","LT10","C13","D1111","BG",2008,145
"EUR","P_SAL_M","LT10","C14","D01","BG",2008,146
"EUR","P_SAL_M","LT10","C14","D111","BG",2008,120
"EUR","P_SAL_M","LT10","C14","D1111","BG",2008,116
"EUR","P_SAL_M","LT10","C15","D01","BG",2008,141
"EUR","P_SAL_M","LT10","C15","D111","BG",2008,116
"EUR","P_SAL_M","LT10","C15","D1111","BG",2008,111
"EUR","P_SAL_M","LT10","C16","D01","BG",2008,147
"EUR","P_SAL_M","LT10","C16","D111","BG",2008,120
"EUR","P_SAL_M","LT10","C16","D1111","BG",2008,114
"EUR","P_SAL_M","LT10","C17","D01","BG",2008,168
"EUR","P_SAL_M","LT10","C17","D111","BG",2008,138
"EUR","P_SAL_M","LT10","C17","D1111","BG",2008,129
"EUR","P_SAL_M","LT10","C18","D01","BG",2008,188
"EUR","P_SAL_M","LT10","C18","D111","BG",2008,156
"EUR","P_SAL_M","LT10","C18","D1111","BG",2008,146
"EUR","P_SAL_M","LT10","C19","D01","BG",2008,244
"EUR","P_SAL_M","LT10","C19","D111","BG",2008,199
"EUR","P_SAL_M","LT10","C19","D1111","BG",2008,181
"EUR","P_SAL_M","LT10","C20","D01","BG",2008,207
"EUR","P_SAL_M","LT10","C20","D111","BG",2008,169
"EUR","P_SAL_M","LT10","C20","D1111","BG",2008,159
"EUR","P_SAL_M","LT10","C21","D01","BG",2008,337
"EUR","P_SAL_M","LT10","C21","D111","BG",2008,278
"EUR","P_SAL_M","LT10","C21","D1111","BG",2008,260
"EUR","P_SAL_M","LT10","C22","D01","BG",2008,169
"EUR","P_SAL_M","LT10","C22","D111","BG",2008,139
"EUR","P_SAL_M","LT10","C22","D1111","BG",2008,131
"EUR","P_SAL_M","LT10","C23","D01","BG",2008,209
"EUR","P_SAL_M","LT10","C23","D111","BG",2008,170
"EUR","P_SAL_M","LT10","C23","D1111","BG",2008,161
"EUR","P_SAL_M","LT10","C24","D01","BG",2008,241
"EUR","P_SAL_M","LT10","C24","D111","BG",2008,196
"EUR","P_SAL_M","LT10","C24","D1111","BG",2008,181
"EUR","P_SAL_M","LT10","C25","D01","BG",2008,179
"EUR","P_SAL_M","LT10","C25","D111","BG",2008,147
"EUR","P_SAL_M","LT10","C25","D1111","BG",2008,139
"EUR","P_SAL_M","LT10","C26","D01","BG",2008,253
"EUR","P_SAL_M","LT10","C26","D111","BG",2008,207
"EUR","P_SAL_M","LT10","C26","D1111","BG",2008,191
"EUR","P_SAL_M","LT10","C27","D01","BG",2008,247
"EUR","P_SAL_M","LT10","C27","D111","BG",2008,206
"EUR","P_SAL_M","LT10","C27","D1111","BG",2008,194
"EUR","P_SAL_M","LT10","C28","D01","BG",2008,267
"EUR","P_SAL_M","LT10","C28","D111","BG",2008,223
"EUR","P_SAL_M","LT10","C28","D1111","BG",2008,210
"EUR","P_SAL_M","LT10","C29","D01","BG",2008,269
"EUR","P_SAL_M","LT10","C29","D111","BG",2008,224
"EUR","P_SAL_M","LT10","C29","D1111","BG",2008,212
"EUR","P_SAL_M","LT10","C30","D01","BG",2008,287
"EUR","P_SAL_M","LT10","C30","D111","BG",2008,237
"EUR","P_SAL_M","LT10","C30","D1111","BG",2008,223
"EUR","P_SAL_M","LT10","C31","D01","BG",2008,151
"EUR","P_SAL_M","LT10","C31","D111","BG",2008,125
"EUR","P_SAL_M","LT10","C31","D1111","BG",2008,119
"EUR","P_SAL_M","LT10","C32","D01","BG",2008,166
"EUR","P_SAL_M","LT10","C32","D111","BG",2008,136
"EUR","P_SAL_M","LT10","C32","D1111","BG",2008,128
"EUR","P_SAL_M","LT10","C33","D01","BG",2008,267
"EUR","P_SAL_M","LT10","C33","D111","BG",2008,218
"EUR","P_SAL_M","LT10","C33","D1111","BG",2008,208
"EUR","P_SAL_M","LT10","D","D01","BG",2008,615
"EUR","P_SAL_M","LT10","D","D111","BG",2008,528
"EUR","P_SAL_M","LT10","D","D1111","BG",2008,474
"EUR","P_SAL_M","LT10","D35","D01","BG",2008,615
"EUR","P_SAL_M","LT10","D35","D111","BG",2008,528
"EUR","P_SAL_M","LT10","D35","D1111","BG",2008,474
"EUR","P_SAL_M","LT10","E","D01","BG",2008,243
"EUR","P_SAL_M","LT10","E","D111","BG",2008,201
"EUR","P_SAL_M","LT10","E","D1111","BG",2008,185
"EUR","P_SAL_M","LT10","E36","D01","BG",2008,291
"EUR","P_SAL_M","LT10","E36","D111","BG",2008,240
"EUR","P_SAL_M","LT10","E36","D1111","BG",2008,196
"EUR","P_SAL_M","LT10","E37","D01","BG",2008,282
"EUR","P_SAL_M","LT10","E37","D111","BG",2008,234
"EUR","P_SAL_M","LT10","E37","D1111","BG",2008,223
"EUR","P_SAL_M","LT10","E38","D01","BG",2008,232
"EUR","P_SAL_M","LT10","E38","D111","BG",2008,192
"EUR","P_SAL_M","LT10","E38","D1111","BG",2008,181
"EUR","P_SAL_M","LT10","E39","D01","BG",2008,189
"EUR","P_SAL_M","LT10","E39","D111","BG",2008,155
"EUR","P_SAL_M","LT10","E39","D1111","BG",2008,145
"EUR","P_SAL_M","LT10","F","D01","BG",2008,222
"EUR","P_SAL_M","LT10","F","D111","BG",2008,183
"EUR","P_SAL_M","LT10","F","D1111","BG",2008,174
"EUR","P_SAL_M","LT10","F41","D01","BG",2008,229
"EUR","P_SAL_M","LT10","F41","D111","BG",2008,189
"EUR","P_SAL_M","LT10","F41","D1111","BG",2008,180
"EUR","P_SAL_M","LT10","F42","D01","BG",2008,294
"EUR","P_SAL_M","LT10","F42","D111","BG",2008,243
"EUR","P_SAL_M","LT10","F42","D1111","BG",2008,232
"EUR","P_SAL_M","LT10","F43","D01","BG",2008,209
"EUR","P_SAL_M","LT10","F43","D111","BG",2008,172
"EUR","P_SAL_M","LT10","F43","D1111","BG",2008,164
"EUR","P_SAL_M","LT10","G","D01","BG",2008,185
"EUR","P_SAL_M","LT10","G","D111","BG",2008,153
"EUR","P_SAL_M","LT10","G","D1111","BG",2008,146
"EUR","P_SAL_M","LT10","G-J","D01","BG",2008,188
"EUR","P_SAL_M","LT10","G-J","D111","BG",2008,156
"EUR","P_SAL_M","LT10","G-J","D1111","BG",2008,149
"EUR","P_SAL_M","LT10","G-N","D01","BG",2008,211
"EUR","P_SAL_M","LT10","G-N","D111","BG",2008,176
"EUR","P_SAL_M","LT10","G-N","D1111","BG",2008,167
"EUR","P_SAL_M","LT10","G-S_X_O","D01","BG",2008,210
"EUR","P_SAL_M","LT10","G-S_X_O","D111","BG",2008,175
"EUR","P_SAL_M","LT10","G-S_X_O","D1111","BG",2008,166
"EUR","P_SAL_M","LT10","G45","D01","BG",2008,180
"EUR","P_SAL_M","LT10","G45","D111","BG",2008,149
"EUR","P_SAL_M","LT10","G45","D1111","BG",2008,142
"EUR","P_SAL_M","LT10","G46","D01","BG",2008,261
"EUR","P_SAL_M","LT10","G46","D111","BG",2008,217
"EUR","P_SAL_M","LT10","G46","D1111","BG",2008,205
"EUR","P_SAL_M","LT10","G47","D01","BG",2008,158
"EUR","P_SAL_M","LT10","G47","D111","BG",2008,131
"EUR","P_SAL_M","LT10","G47","D1111","BG",2008,126
"EUR","P_SAL_M","LT10","H","D01","BG",2008,194
"EUR","P_SAL_M","LT10","H","D111","BG",2008,158
"EUR","P_SAL_M","LT10","H","D1111","BG",2008,149
"EUR","P_SAL_M","LT10","H49","D01","BG",2008,174
"EUR","P_SAL_M","LT10","H49","D111","BG",2008,140
"EUR","P_SAL_M","LT10","H49","D1111","BG",2008,133
"EUR","P_SAL_M","LT10","H50","D01","BG",2008,248
"EUR","P_SAL_M","LT10","H50","D111","BG",2008,200
"EUR","P_SAL_M","LT10","H50","D1111","BG",2008,190
"EUR","P_SAL_M","LT10","H51","D01","BG",2008,483
"EUR","P_SAL_M","LT10","H51","D111","BG",2008,386
"EUR","P_SAL_M","LT10","H51","D1111","BG",2008,362
"EUR","P_SAL_M","LT10","H52","D01","BG",2008,322
"EUR","P_SAL_M","LT10","H52","D111","BG",2008,274
"EUR","P_SAL_M","LT10","H52","D1111","BG",2008,254
"EUR","P_SAL_M","LT10","H53","D01","BG",2008,269
"EUR","P_SAL_M","LT10","H53","D111","BG",2008,222
"EUR","P_SAL_M","LT10","H53","D1111","BG",2008,183
"EUR","P_SAL_M","LT10","I","D01","BG",2008,150
"EUR","P_SAL_M","LT10","I","D111","BG",2008,124
"EUR","P_SAL_M","LT10","I","D1111","BG",2008,120
"EUR","P_SAL_M","LT10","I55","D01","BG",2008,185
"EUR","P_SAL_M","LT10","I55","D111","BG",2008,152
"EUR","P_SAL_M","LT10","I55","D1111","BG",2008,145
"EUR","P_SAL_M","LT10","I56","D01","BG",2008,146
"EUR","P_SAL_M","LT10","I56","D111","BG",2008,120
"EUR","P_SAL_M","LT10","I56","D1111","BG",2008,117
"EUR","P_SAL_M","LT10","J","D01","BG",2008,385
"EUR","P_SAL_M","LT10","J","D111","BG",2008,330
"EUR","P_SAL_M","LT10","J","D1111","BG",2008,312
"EUR","P_SAL_M","LT10","J58","D01","BG",2008,250
"EUR","P_SAL_M","LT10","J58","D111","BG",2008,207
"EUR","P_SAL_M","LT10","J58","D1111","BG",2008,194
"EUR","P_SAL_M","LT10","J59","D01","BG",2008,274
"EUR","P_SAL_M","LT10","J59","D111","BG",2008,231
"EUR","P_SAL_M","LT10","J59","D1111","BG",2008,218
"EUR","P_SAL_M","LT10","J60","D01","BG",2008,223
"EUR","P_SAL_M","LT10","J60","D111","BG",2008,182
"EUR","P_SAL_M","LT10","J60","D1111","BG",2008,170
"EUR","P_SAL_M","LT10","J61","D01","BG",2008,484
"EUR","P_SAL_M","LT10","J61","D111","BG",2008,437
"EUR","P_SAL_M","LT10","J61","D1111","BG",2008,424
"EUR","P_SAL_M","LT10","J62","D01","BG",2008,451
"EUR","P_SAL_M","LT10","J62","D111","BG",2008,383
"EUR","P_SAL_M","LT10","J62","D1111","BG",2008,361
"EUR","P_SAL_M","LT10","J63","D01","BG",2008,304
"EUR","P_SAL_M","LT10","J63","D111","BG",2008,254
"EUR","P_SAL_M","LT10","J63","D1111","BG",2008,238
"EUR","P_SAL_M","LT10","K","D01","BG",2008,460
"EUR","P_SAL_M","LT10","K","D111","BG",2008,387
"EUR","P_SAL_M","LT10","K","D1111","BG",2008,362
"EUR","P_SAL_M","LT10","K-N","D01","BG",2008,307
"EUR","P_SAL_M","LT10","K-N","D111","BG",2008,258
"EUR","P_SAL_M","LT10","K-N","D1111","BG",2008,243
"EUR","P_SAL_M","LT10","K64","D01","BG",2008,561
"EUR","P_SAL_M","LT10","K64","D111","BG",2008,473
"EUR","P_SAL_M","LT10","K64","D1111","BG",2008,440
"EUR","P_SAL_M","LT10","K65","D01","BG",2008,689
"EUR","P_SAL_M","LT10","K65","D111","BG",2008,588
"EUR","P_SAL_M","LT10","K65","D1111","BG",2008,553
"EUR","P_SAL_M","LT10","K66","D01","BG",2008,304
"EUR","P_SAL_M","LT10","K66","D111","BG",2008,254
"EUR","P_SAL_M","LT10","K66","D1111","BG",2008,242
"EUR","P_SAL_M","LT10","L","D01","BG",2008,318
"EUR","P_SAL_M","LT10","L","D111","BG",2008,269
"EUR","P_SAL_M","LT10","L","D1111","BG",2008,255
"EUR","P_SAL_M","LT10","L68","D01","BG",2008,318
"EUR","P_SAL_M","LT10","L68","D111","BG",2008,269
"EUR","P_SAL_M","LT10","L68","D1111","BG",2008,255
"EUR","P_SAL_M","LT10","M","D01","BG",2008,297
"EUR","P_SAL_M","LT10","M","D111","BG",2008,249
"EUR","P_SAL_M","LT10","M","D1111","BG",2008,235
"EUR","P_SAL_M","LT10","M69","D01","BG",2008,231
"EUR","P_SAL_M","LT10","M69","D111","BG",2008,191
"EUR","P_SAL_M","LT10","M69","D1111","BG",2008,180
"EUR","P_SAL_M","LT10","M70","D01","BG",2008,530
"EUR","P_SAL_M","LT10","M70","D111","BG",2008,460
"EUR","P_SAL_M","LT10","M70","D1111","BG",2008,433
"EUR","P_SAL_M","LT10","M71","D01","BG",2008,310
"EUR","P_SAL_M","LT10","M71","D111","BG",2008,259
"EUR","P_SAL_M","LT10","M71","D1111","BG",2008,243
"EUR","P_SAL_M","LT10","M72","D01","BG",2008,431
"EUR","P_SAL_M","LT10","M72","D111","BG",2008,365
"EUR","P_SAL_M","LT10","M72","D1111","BG",2008,342
"EUR","P_SAL_M","LT10","M73","D01","BG",2008,274
"EUR","P_SAL_M","LT10","M73","D111","BG",2008,230
"EUR","P_SAL_M","LT10","M73","D1111","BG",2008,217
"EUR","P_SAL_M","LT10","M74","D01","BG",2008,312
"EUR","P_SAL_M","LT10","M74","D111","BG",2008,262
"EUR","P_SAL_M","LT10","M74","D1111","BG",2008,248
"EUR","P_SAL_M","LT10","M75","D01","BG",2008,174
"EUR","P_SAL_M","LT10","M75","D111","BG",2008,143
"EUR","P_SAL_M","LT10","M75","D1111","BG",2008,138
"EUR","P_SAL_M","LT10","N","D01","BG",2008,239
"EUR","P_SAL_M","LT10","N","D111","BG",2008,200
"EUR","P_SAL_M","LT10","N","D1111","BG",2008,189
"EUR","P_SAL_M","LT10","N77","D01","BG",2008,278
"EUR","P_SAL_M","LT10","N77","D111","BG",2008,233
"EUR","P_SAL_M","LT10","N77","D1111","BG",2008,221
"EUR","P_SAL_M","LT10","N78","D01","BG",2008,401
"EUR","P_SAL_M","LT10","N78","D111","BG",2008,339
"EUR","P_SAL_M","LT10","N78","D1111","BG",2008,318
"EUR","P_SAL_M","LT10","N79","D01","BG",2008,246
"EUR","P_SAL_M","LT10","N79","D111","BG",2008,203
"EUR","P_SAL_M","LT10","N79","D1111","BG",2008,192
"EUR","P_SAL_M","LT10","N80","D01","BG",2008,162
"EUR","P_SAL_M","LT10","N80","D111","BG",2008,135
"EUR","P_SAL_M","LT10","N80","D1111","BG",2008,128
"EUR","P_SAL_M","LT10","N81","D01","BG",2008,177
"EUR","P_SAL_M","LT10","N81","D111","BG",2008,147
"EUR","P_SAL_M","LT10","N81","D1111","BG",2008,139
"EUR","P_SAL_M","LT10","N82","D01","BG",2008,277
"EUR","P_SAL_M","LT10","N82","D111","BG",2008,234
"EUR","P_SAL_M","LT10","N82","D1111","BG",2008,218
"EUR","P_SAL_M","LT10","O","D01","BG",2008,571
"EUR","P_SAL_M","LT10","O","D111","BG",2008,445
"EUR","P_SAL_M","LT10","O","D1111","BG",2008,402
"EUR","P_SAL_M","LT10","O-S","D01","BG",2008,217
"EUR","P_SAL_M","LT10","O-S","D111","BG",2008,182
"EUR","P_SAL_M","LT10","O-S","D1111","BG",2008,169
"EUR","P_SAL_M","LT10","O84","D01","BG",2008,571
"EUR","P_SAL_M","LT10","O84","D111","BG",2008,445
"EUR","P_SAL_M","LT10","O84","D1111","BG",2008,402
"EUR","P_SAL_M","LT10","P","D01","BG",2008,269
"EUR","P_SAL_M","LT10","P","D111","BG",2008,211
"EUR","P_SAL_M","LT10","P","D1111","BG",2008,185
"EUR","P_SAL_M","LT10","P-S","D01","BG",2008,204
"EUR","P_SAL_M","LT10","P-S","D111","BG",2008,172
"EUR","P_SAL_M","LT10","P-S","D1111","BG",2008,160
"EUR","P_SAL_M","LT10","P85","D01","BG",2008,269
"EUR","P_SAL_M","LT10","P85","D111","BG",2008,211
"EUR","P_SAL_M","LT10","P85","D1111","BG",2008,185
"EUR","P_SAL_M","LT10","Q","D01","BG",2008,186
"EUR","P_SAL_M","LT10","Q","D111","BG",2008,154
"EUR","P_SAL_M","LT10","Q","D1111","BG",2008,148
"EUR","P_SAL_M","LT10","Q86","D01","BG",2008,185
"EUR","P_SAL_M","LT10","Q86","D111","BG",2008,153
"EUR","P_SAL_M","LT10","Q86","D1111","BG",2008,148
"EUR","P_SAL_M","LT10","Q87","D01","BG",2008,187
"EUR","P_SAL_M","LT10","Q87","D111","BG",2008,159
"EUR","P_SAL_M","LT10","Q87","D1111","BG",2008,148
"EUR","P_SAL_M","LT10","Q88","D01","BG",2008,214
"EUR","P_SAL_M","LT10","Q88","D111","BG",2008,174
"EUR","P_SAL_M","LT10","Q88","D1111","BG",2008,157
"EUR","P_SAL_M","LT10","R","D01","BG",2008,185
"EUR","P_SAL_M","LT10","R","D111","BG",2008,153
"EUR","P_SAL_M","LT10","R","D1111","BG",2008,144
"EUR","P_SAL_M","LT10","R90","D01","BG",2008,215
"EUR","P_SAL_M","LT10","R90","D111","BG",2008,178
"EUR","P_SAL_M","LT10","R90","D1111","BG",2008,169
"EUR","P_SAL_M","LT10","R91","D01","BG",2008,262
"EUR","P_SAL_M","LT10","R91","D111","BG",2008,214
"EUR","P_SAL_M","LT10","R91","D1111","BG",2008,193
"EUR","P_SAL_M","LT10","R92","D01","BG",2008,157
"EUR","P_SAL_M","LT10","R92","D111","BG",2008,129
"EUR","P_SAL_M","LT10","R92","D1111","BG",2008,123
"EUR","P_SAL_M","LT10","R93","D01","BG",2008,195
"EUR","P_SAL_M","LT10","R93","D111","BG",2008,161
"EUR","P_SAL_M","LT10","R93","D1111","BG",2008,153
"EUR","P_SAL_M","LT10","S","D01","BG",2008,195
"EUR","P_SAL_M","LT10","S","D111","BG",2008,174
"EUR","P_SAL_M","LT10","S","D1111","BG",2008,164
"EUR","P_SAL_M","LT10","S94","D01","BG",2008,239
"EUR","P_SAL_M","LT10","S94","D111","BG",2008,225
"EUR","P_SAL_M","LT10","S94","D1111","BG",2008,209
"EUR","P_SAL_M","LT10","S95","D01","BG",2008,168
"EUR","P_SAL_M","LT10","S95","D111","BG",2008,139
"EUR","P_SAL_M","LT10","S95","D1111","BG",2008,133
"EUR","P_SAL_M","LT10","S96","D01","BG",2008,154
"EUR","P_SAL_M","LT10","S96","D111","BG",2008,127
"EUR","P_SAL_M","LT10","S96","D1111","BG",2008,122
"EUR","P_SAL_M","TOTAL","B","D01","BG",2008,632
"EUR","P_SAL_M","TOTAL","B","D111","BG",2008,464
"EUR","P_SAL_M","TOTAL","B","D1111","BG",2008,394
"EUR","P_SAL_M","TOTAL","B-E","D01","BG",2008,354
"EUR","P_SAL_M","TOTAL","B-E","D111","BG",2008,282
"EUR","P_SAL_M","TOTAL","B-E","D1111","BG",2008,247
"EUR","P_SAL_M","TOTAL","B-F","D01","BG",2008,337
"EUR","P_SAL_M","TOTAL","B-F","D111","BG",2008,271
"EUR","P_SAL_M","TOTAL","B-F","D1111","BG",2008,240
"EUR","P_SAL_M","TOTAL","B-N","D01","BG",2008,344
"EUR","P_SAL_M","TOTAL","B-N","D111","BG",2008,282
"EUR","P_SAL_M","TOTAL","B-N","D1111","BG",2008,254
"EUR","P_SAL_M","TOTAL","B-S","D01","BG",2008,354
"EUR","P_SAL_M","TOTAL","B-S","D111","BG",2008,289
"EUR","P_SAL_M","TOTAL","B-S","D1111","BG",2008,258
"EUR","P_SAL_M","TOTAL","B-S_X_O","D01","BG",2008,345
"EUR","P_SAL_M","TOTAL","B-S_X_O","D111","BG",2008,282
"EUR","P_SAL_M","TOTAL","B-S_X_O","D1111","BG",2008,253
"EUR","P_SAL_M","TOTAL","B05","D01","BG",2008,693
"EUR","P_SAL_M","TOTAL","B05","D111","BG",2008,489
"EUR","P_SAL_M","TOTAL","B05","D1111","BG",2008,395
"EUR","P_SAL_M","TOTAL","B06","D01","BG",2008,528
"EUR","P_SAL_M","TOTAL","B06","D111","BG",2008,437
"EUR","P_SAL_M","TOTAL","B06","D1111","BG",2008,388
"EUR","P_SAL_M","TOTAL","B07","D01","BG",2008,770
"EUR","P_SAL_M","TOTAL","B07","D111","BG",2008,580
"EUR","P_SAL_M","TOTAL","B07","D1111","BG",2008,510
"EUR","P_SAL_M","TOTAL","B08","D01","BG",2008,428
"EUR","P_SAL_M","TOTAL","B08","D111","BG",2008,332
"EUR","P_SAL_M","TOTAL","B08","D1111","BG",2008,299
"EUR","P_SAL_M","TOTAL","B09","D01","BG",2008,201
"EUR","P_SAL_M","TOTAL","B09","D111","BG",2008,169
"EUR","P_SAL_M","TOTAL","B09","D1111","BG",2008,165
"EUR","P_SAL_M","TOTAL","C","D01","BG",2008,309
"EUR","P_SAL_M","TOTAL","C","D111","BG",2008,249
"EUR","P_SAL_M","TOTAL","C","D1111","BG",2008,224
"EUR","P_SAL_M","TOTAL","C10","D01","BG",2008,250
"EUR","P_SAL_M","TOTAL","C10","D111","BG",2008,206
"EUR","P_SAL_M","TOTAL","C10","D1111","BG",2008,191
"EUR","P_SAL_M","TOTAL","C11","D01","BG",2008,415
"EUR","P_SAL_M","TOTAL","C11","D111","BG",2008,346
"EUR","P_SAL_M","TOTAL","C11","D1111","BG",2008,306
"EUR","P_SAL_M","TOTAL","C12","D01","BG",2008,891
"EUR","P_SAL_M","TOTAL","C12","D111","BG",2008,662
"EUR","P_SAL_M","TOTAL","C12","D1111","BG",2008,570
"EUR","P_SAL_M","TOTAL","C13","D01","BG",2008,282
"EUR","P_SAL_M","TOTAL","C13","D111","BG",2008,228
"EUR","P_SAL_M","TOTAL","C13","D1111","BG",2008,207
"EUR","P_SAL_M","TOTAL","C14","D01","BG",2008,194
"EUR","P_SAL_M","TOTAL","C14","D111","BG",2008,159
"EUR","P_SAL_M","TOTAL","C14","D1111","BG",2008,145
"EUR","P_SAL_M","TOTAL","C15","D01","BG",2008,176
"EUR","P_SAL_M","TOTAL","C15","D111","BG",2008,144
"EUR","P_SAL_M","TOTAL","C15","D1111","BG",2008,132
"EUR","P_SAL_M","TOTAL","C16","D01","BG",2008,228
"EUR","P_SAL_M","TOTAL","C16","D111","BG",2008,187
"EUR","P_SAL_M","TOTAL","C16","D1111","BG",2008,171
"EUR","P_SAL_M","TOTAL","C17","D01","BG",2008,299
"EUR","P_SAL_M","TOTAL","C17","D111","BG",2008,243
"EUR","P_SAL_M","TOTAL","C17","D1111","BG",2008,216
"EUR","P_SAL_M","TOTAL","C18","D01","BG",2008,337
"EUR","P_SAL_M","TOTAL","C18","D111","BG",2008,279
"EUR","P_SAL_M","TOTAL","C18","D1111","BG",2008,254
"EUR","P_SAL_M","TOTAL","C19","D01","BG",2008,1325
"EUR","P_SAL_M","TOTAL","C19","D111","BG",2008,945
"EUR","P_SAL_M","TOTAL","C19","D1111","BG",2008,784
"EUR","P_SAL_M","TOTAL","C20","D01","BG",2008,468
"EUR","P_SAL_M","TOTAL","C20","D111","BG",2008,364
"EUR","P_SAL_M","TOTAL","C20","D1111","BG",2008,320
"EUR","P_SAL_M","TOTAL","C21","D01","BG",2008,499
"EUR","P_SAL_M","TOTAL","C21","D111","BG",2008,395
"EUR","P_SAL_M","TOTAL","C21","D1111","BG",2008,349
"EUR","P_SAL_M","TOTAL","C22","D01","BG",2008,232
"EUR","P_SAL_M","TOTAL","C22","D111","BG",2008,191
"EUR","P_SAL_M","TOTAL","C22","D1111","BG",2008,176
"EUR","P_SAL_M","TOTAL","C23","D01","BG",2008,382
"EUR","P_SAL_M","TOTAL","C23","D111","BG",2008,307
"EUR","P_SAL_M","TOTAL","C23","D1111","BG",2008,277
"EUR","P_SAL_M","TOTAL","C24","D01","BG",2008,660
"EUR","P_SAL_M","TOTAL","C24","D111","BG",2008,511
"EUR","P_SAL_M","TOTAL","C24","D1111","BG",2008,446
"EUR","P_SAL_M","TOTAL","C25","D01","BG",2008,294
"EUR","P_SAL_M","TOTAL","C25","D111","BG",2008,238
"EUR","P_SAL_M","TOTAL","C25","D1111","BG",2008,217
"EUR","P_SAL_M","TOTAL","C26","D01","BG",2008,400
"EUR","P_SAL_M","TOTAL","C26","D111","BG",2008,331
"EUR","P_SAL_M","TOTAL","C26","D1111","BG",2008,292
"EUR","P_SAL_M","TOTAL","C27","D01","BG",2008,383
"EUR","P_SAL_M","TOTAL","C27","D111","BG",2008,312
"EUR","P_SAL_M","TOTAL","C27","D1111","BG",2008,278
"EUR","P_SAL_M","TOTAL","C28","D01","BG",2008,380
"EUR","P_SAL_M","TOTAL","C28","D111","BG",2008,309
"EUR","P_SAL_M","TOTAL","C28","D1111","BG",2008,274
"EUR","P_SAL_M","TOTAL","C29","D01","BG",2008,314
"EUR","P_SAL_M","TOTAL","C29","D111","BG",2008,256
"EUR","P_SAL_M","TOTAL","C29","D1111","BG",2008,232
"EUR","P_SAL_M","TOTAL","C30","D01","BG",2008,474
"EUR","P_SAL_M","TOTAL","C30","D111","BG",2008,378
"EUR","P_SAL_M","TOTAL","C30","D1111","BG",2008,338
"EUR","P_SAL_M","TOTAL","C31","D01","BG",2008,194
"EUR","P_SAL_M","TOTAL","C31","D111","BG",2008,159
"EUR","P_SAL_M","TOTAL","C31","D1111","BG",2008,147
"EUR","P_SAL_M","TOTAL","C32","D01","BG",2008,244
"EUR","P_SAL_M","TOTAL","C32","D111","BG",2008,201
"EUR","P_SAL_M","TOTAL","C32","D1111","BG",2008,183
"EUR","P_SAL_M","TOTAL","C33","D01","BG",2008,478
"EUR","P_SAL_M","TOTAL","C33","D111","BG",2008,385
"EUR","P_SAL_M","TOTAL","C33","D1111","BG",2008,343
"EUR","P_SAL_M","TOTAL","D","D01","BG",2008,860
"EUR","P_SAL_M","TOTAL","D","D111","BG",2008,661
"EUR","P_SAL_M","TOTAL","D","D1111","BG",2008,493
"EUR","P_SAL_M","TOTAL","D35","D01","BG",2008,860
"EUR","P_SAL_M","TOTAL","D35","D111","BG",2008,661
"EUR","P_SAL_M","TOTAL","D35","D1111","BG",2008,493
"EUR","P_SAL_M","TOTAL","E","D01","BG",2008,386
"EUR","P_SAL_M","TOTAL","E","D111","BG",2008,315
"EUR","P_SAL_M","TOTAL","E","D1111","BG",2008,263
"EUR","P_SAL_M","TOTAL","E36","D01","BG",2008,437
"EUR","P_SAL_M","TOTAL","E36","D111","BG",2008,355
"EUR","P_SAL_M","TOTAL","E36","D1111","BG",2008,278
"EUR","P_SAL_M","TOTAL","E37","D01","BG",2008,422
"EUR","P_SAL_M","TOTAL","E37","D111","BG",2008,365
"EUR","P_SAL_M","TOTAL","E37","D1111","BG",2008,345
"EUR","P_SAL_M","TOTAL","E38","D01","BG",2008,323
"EUR","P_SAL_M","TOTAL","E38","D111","BG",2008,265
"EUR","P_SAL_M","TOTAL","E38","D1111","BG",2008,242
"EUR","P_SAL_M","TOTAL","E39","D01","BG",2008,363
"EUR","P_SAL_M","TOTAL","E39","D111","BG",2008,296
"EUR","P_SAL_M","TOTAL","E39","D1111","BG",2008,266
"EUR","P_SAL_M","TOTAL","F","D01","BG",2008,290
"EUR","P_SAL_M","TOTAL","F","D111","BG",2008,238
"EUR","P_SAL_M","TOTAL","F","D1111","BG",2008,222
"EUR","P_SAL_M","TOTAL","F41","D01","BG",2008,262
"EUR","P_SAL_M","TOTAL","F41","D111","BG",2008,216
"EUR","P_SAL_M","TOTAL","F41","D1111","BG",2008,203
"EUR","P_SAL_M","TOTAL","F42","D01","BG",2008,388
"EUR","P_SAL_M","TOTAL","F42","D111","BG",2008,312
"EUR","P_SAL_M","TOTAL","F42","D1111","BG",2008,288
"EUR","P_SAL_M","TOTAL","F43","D01","BG",2008,281
"EUR","P_SAL_M","TOTAL","F43","D111","BG",2008,232
"EUR","P_SAL_M","TOTAL","F43","D1111","BG",2008,218
"EUR","P_SAL_M","TOTAL","G","D01","BG",2008,276
"EUR","P_SAL_M","TOTAL","G","D111","BG",2008,230
"EUR","P_SAL_M","TOTAL","G","D1111","BG",2008,216
"EUR","P_SAL_M","TOTAL","G-J","D01","BG",2008,332
"EUR","P_SAL_M","TOTAL","G-J","D111","BG",2008,275
"EUR","P_SAL_M","TOTAL","G-J","D1111","BG",2008,250
"EUR","P_SAL_M","TOTAL","G-N","D01","BG",2008,351
"EUR","P_SAL_M","TOTAL","G-N","D111","BG",2008,293
"EUR","P_SAL_M","TOTAL","G-N","D1111","BG",2008,267
"EUR","P_SAL_M","TOTAL","G-S_X_O","D01","BG",2008,351
"EUR","P_SAL_M","TOTAL","G-S_X_O","D111","BG",2008,291
"EUR","P_SAL_M","TOTAL","G-S_X_O","D1111","BG",2008,262
"EUR","P_SAL_M","TOTAL","G45","D01","BG",2008,330
"EUR","P_SAL_M","TOTAL","G45","D111","BG",2008,277
"EUR","P_SAL_M","TOTAL","G45","D1111","BG",2008,258
"EUR","P_SAL_M","TOTAL","G46","D01","BG",2008,351
"EUR","P_SAL_M","TOTAL","G46","D111","BG",2008,295
"EUR","P_SAL_M","TOTAL","G46","D1111","BG",2008,276
"EUR","P_SAL_M","TOTAL","G47","D01","BG",2008,211
"EUR","P_SAL_M","TOTAL","G47","D111","BG",2008,174
"EUR","P_SAL_M","TOTAL","G47","D1111","BG",2008,164
"EUR","P_SAL_M","TOTAL","H","D01","BG",2008,418
"EUR","P_SAL_M","TOTAL","H","D111","BG",2008,340
"EUR","P_SAL_M","TOTAL","H","D1111","BG",2008,283
"EUR","P_SAL_M","TOTAL","H49","D01","BG",2008,316
"EUR","P_SAL_M","TOTAL","H49","D111","BG",2008,250
"EUR","P_SAL_M","TOTAL","H49","D1111","BG",2008,216
"EUR","P_SAL_M","TOTAL","H50","D01","BG",2008,693
"EUR","P_SAL_M","TOTAL","H50","D111","BG",2008,518
"EUR","P_SAL_M","TOTAL","H50","D1111","BG",2008,425
"EUR","P_SAL_M","TOTAL","H51","D01","BG",2008,1091
"EUR","P_SAL_M","TOTAL","H51","D111","BG",2008,894
"EUR","P_SAL_M","TOTAL","H51","D1111","BG",2008,798
"EUR","P_SAL_M","TOTAL","H52","D01","BG",2008,602
"EUR","P_SAL_M","TOTAL","H52","D111","BG",2008,514
"EUR","P_SAL_M","TOTAL","H52","D1111","BG",2008,411
"EUR","P_SAL_M","TOTAL","H53","D01","BG",2008,359
"EUR","P_SAL_M","TOTAL","H53","D111","BG",2008,294
"EUR","P_SAL_M","TOTAL","H53","D1111","BG",2008,230
"EUR","P_SAL_M","TOTAL","I","D01","BG",2008,207
"EUR","P_SAL_M","TOTAL","I","D111","BG",2008,170
"EUR","P_SAL_M","TOTAL","I","D1111","BG",2008,161
"EUR","P_SAL_M","TOTAL","I55","D01","BG",2008,266
"EUR","P_SAL_M","TOTAL","I55","D111","BG",2008,217
"EUR","P_SAL_M","TOTAL","I55","D1111","BG",2008,202
"EUR","P_SAL_M","TOTAL","I56","D01","BG",2008,178
"EUR","P_SAL_M","TOTAL","I56","D111","BG",2008,147
"EUR","P_SAL_M","TOTAL","I56","D1111","BG",2008,140
"EUR","P_SAL_M","TOTAL","J","D01","BG",2008,712
"EUR","P_SAL_M","TOTAL","J","D111","BG",2008,603
"EUR","P_SAL_M","TOTAL","J","D1111","BG",2008,554
"EUR","P_SAL_M","TOTAL","J58","D01","BG",2008,412
"EUR","P_SAL_M","TOTAL","J58","D111","BG",2008,348
"EUR","P_SAL_M","TOTAL","J58","D1111","BG",2008,324
"EUR","P_SAL_M","TOTAL","J59","D01","BG",2008,439
"EUR","P_SAL_M","TOTAL","J59","D111","BG",2008,366
"EUR","P_SAL_M","TOTAL","J59","D1111","BG",2008,343
"EUR","P_SAL_M","TOTAL","J60","D01","BG",2008,506
"EUR","P_SAL_M","TOTAL","J60","D111","BG",2008,421
"EUR","P_SAL_M","TOTAL","J60","D1111","BG",2008,388
"EUR","P_SAL_M","TOTAL","J61","D01","BG",2008,748
"EUR","P_SAL_M","TOTAL","J61","D111","BG",2008,630
"EUR","P_SAL_M","TOTAL","J61","D1111","BG",2008,579
"EUR","P_SAL_M","TOTAL","J62","D01","BG",2008,929
"EUR","P_SAL_M","TOTAL","J62","D111","BG",2008,795
"EUR","P_SAL_M","TOTAL","J62","D1111","BG",2008,727
"EUR","P_SAL_M","TOTAL","J63","D01","BG",2008,600
"EUR","P_SAL_M","TOTAL","J63","D111","BG",2008,511
"EUR","P_SAL_M","TOTAL","J63","D1111","BG",2008,467
"EUR","P_SAL_M","TOTAL","K","D01","BG",2008,759
"EUR","P_SAL_M","TOTAL","K","D111","BG",2008,639
"EUR","P_SAL_M","TOTAL","K","D1111","BG",2008,580
"EUR","P_SAL_M","TOTAL","K-N","D01","BG",2008,407
"EUR","P_SAL_M","TOTAL","K-N","D111","BG",2008,344
"EUR","P_SAL_M","TOTAL","K-N","D1111","BG",2008,316
"EUR","P_SAL_M","TOTAL","K64","D01","BG",2008,776
"EUR","P_SAL_M","TOTAL","K64","D111","BG",2008,653
"EUR","P_SAL_M","TOTAL","K64","D1111","BG",2008,589
"EUR","P_SAL_M","TOTAL","K65","D01","BG",2008,801
"EUR","P_SAL_M","TOTAL","K65","D111","BG",2008,680
"EUR","P_SAL_M","TOTAL","K65","D1111","BG",2008,634
"EUR","P_SAL_M","TOTAL","K66","D01","BG",2008,524
"EUR","P_SAL_M","TOTAL","K66","D111","BG",2008,439
"EUR","P_SAL_M","TOTAL","K66","D1111","BG",2008,410
"EUR","P_SAL_M","TOTAL","L","D01","BG",2008,354
"EUR","P_SAL_M","TOTAL","L","D111","BG",2008,298
"EUR","P_SAL_M","TOTAL","L","D1111","BG",2008,276
"EUR","P_SAL_M","TOTAL","L68","D01","BG",2008,354
"EUR","P_SAL_M","TOTAL","L68","D111","BG",2008,298
"EUR","P_SAL_M","TOTAL","L68","D1111","BG",2008,276
"EUR","P_SAL_M","TOTAL","M","D01","BG",2008,470
"EUR","P_SAL_M","TOTAL","M","D111","BG",2008,396
"EUR","P_SAL_M","TOTAL","M","D1111","BG",2008,363
"EUR","P_SAL_M","TOTAL","M69","D01","BG",2008,402
"EUR","P_SAL_M","TOTAL","M69","D111","BG",2008,340
"EUR","P_SAL_M","TOTAL","M69","D1111","BG",2008,317
"EUR","P_SAL_M","TOTAL","M70","D01","BG",2008,756
"EUR","P_SAL_M","TOTAL","M70","D111","BG",2008,649
"EUR","P_SAL_M","TOTAL","M70","D1111","BG",2008,588
"EUR","P_SAL_M","TOTAL","M71","D01","BG",2008,472
"EUR","P_SAL_M","TOTAL","M71","D111","BG",2008,396
"EUR","P_SAL_M","TOTAL","M71","D1111","BG",2008,360
"EUR","P_SAL_M","TOTAL","M72","D01","BG",2008,400
"EUR","P_SAL_M","TOTAL","M72","D111","BG",2008,328
"EUR","P_SAL_M","TOTAL","M72","D1111","BG",2008,288
"EUR","P_SAL_M","TOTAL","M73","D01","BG",2008,454
"EUR","P_SAL_M","TOTAL","M73","D111","BG",2008,385
"EUR","P_SAL_M","TOTAL","M73","D1111","BG",2008,359
"EUR","P_SAL_M","TOTAL","M74","D01","BG",2008,475
"EUR","P_SAL_M","TOTAL","M74","D111","BG",2008,408
"EUR","P_SAL_M","TOTAL","M74","D1111","BG",2008,386
"EUR","P_SAL_M","TOTAL","M75","D01","BG",2008,174
"EUR","P_SAL_M","TOTAL","M75","D111","BG",2008,143
"EUR","P_SAL_M","TOTAL","M75","D1111","BG",2008,138
"EUR","P_SAL_M","TOTAL","N","D01","BG",2008,202
"EUR","P_SAL_M","TOTAL","N","D111","BG",2008,172
"EUR","P_SAL_M","TOTAL","N","D1111","BG",2008,161
"EUR","P_SAL_M","TOTAL","N77","D01","BG",2008,392
"EUR","P_SAL_M","TOTAL","N77","D111","BG",2008,329
"EUR","P_SAL_M","TOTAL","N77","D1111","BG",2008,306
"EUR","P_SAL_M","TOTAL","N78","D01","BG",2008,388
"EUR","P_SAL_M","TOTAL","N78","D111","BG",2008,321
"EUR","P_SAL_M","TOTAL","N78","D1111","BG",2008,297
"EUR","P_SAL_M","TOTAL","N79","D01","BG",2008,294
"EUR","P_SAL_M","TOTAL","N79","D111","BG",2008,245
"EUR","P_SAL_M","TOTAL","N79","D1111","BG",2008,232
"EUR","P_SAL_M","TOTAL","N80","D01","BG",2008,184
"EUR","P_SAL_M","TOTAL","N80","D111","BG",2008,151
"EUR","P_SAL_M","TOTAL","N80","D1111","BG",2008,142
"EUR","P_SAL_M","TOTAL","N81","D01","BG",2008,142
"EUR","P_SAL_M","TOTAL","N81","D111","BG",2008,133
"EUR","P_SAL_M","TOTAL","N81","D1111","BG",2008,123
"EUR","P_SAL_M","TOTAL","N82","D01","BG",2008,421
"EUR","P_SAL_M","TOTAL","N82","D111","BG",2008,349
"EUR","P_SAL_M","TOTAL","N82","D1111","BG",2008,325
"EUR","P_SAL_M","TOTAL","O","D01","BG",2008,501
"EUR","P_SAL_M","TOTAL","O","D111","BG",2008,395
"EUR","P_SAL_M","TOTAL","O","D1111","BG",2008,356
"EUR","P_SAL_M","TOTAL","O-S","D01","BG",2008,390
"EUR","P_SAL_M","TOTAL","O-S","D111","BG",2008,314
"EUR","P_SAL_M","TOTAL","O-S","D1111","BG",2008,276
"EUR","P_SAL_M","TOTAL","O84","D01","BG",2008,501
"EUR","P_SAL_M","TOTAL","O84","D111","BG",2008,395
"EUR","P_SAL_M","TOTAL","O84","D1111","BG",2008,356
"EUR","P_SAL_M","TOTAL","P","D01","BG",2008,378
"EUR","P_SAL_M","TOTAL","P","D111","BG",2008,302
"EUR","P_SAL_M","TOTAL","P","D1111","BG",2008,253
"EUR","P_SAL_M","TOTAL","P-S","D01","BG",2008,351
"EUR","P_SAL_M","TOTAL","P-S","D111","BG",2008,285
"EUR","P_SAL_M","TOTAL","P-S","D1111","BG",2008,248
"EUR","P_SAL_M","TOTAL","P85","D01","BG",2008,378
"EUR","P_SAL_M","TOTAL","P85","D111","BG",2008,302
"EUR","P_SAL_M","TOTAL","P85","D1111","BG",2008,253
"EUR","P_SAL_M","TOTAL","Q","D01","BG",2008,359
"EUR","P_SAL_M","TOTAL","Q","D111","BG",2008,295
"EUR","P_SAL_M","TOTAL","Q","D1111","BG",2008,265
"EUR","P_SAL_M","TOTAL","Q86","D01","BG",2008,390
"EUR","P_SAL_M","TOTAL","Q86","D111","BG",2008,320
"EUR","P_SAL_M","TOTAL","Q86","D1111","BG",2008,289
"EUR","P_SAL_M","TOTAL","Q87","D01","BG",2008,263
"EUR","P_SAL_M","TOTAL","Q87","D111","BG",2008,216
"EUR","P_SAL_M","TOTAL","Q87","D1111","BG",2008,190
"EUR","P_SAL_M","TOTAL","Q88","D01","BG",2008,229
"EUR","P_SAL_M","TOTAL","Q88","D111","BG",2008,187
"EUR","P_SAL_M","TOTAL","Q88","D1111","BG",2008,166
"EUR","P_SAL_M","TOTAL","R","D01","BG",2008,286
"EUR","P_SAL_M","TOTAL","R","D111","BG",2008,237
"EUR","P_SAL_M","TOTAL","R","D1111","BG",2008,216
"EUR","P_SAL_M","TOTAL","R90","D01","BG",2008,314
"EUR","P_SAL_M","TOTAL","R90","D111","BG",2008,255
"EUR","P_SAL_M","TOTAL","R90","D1111","BG",2008,223
"EUR","P_SAL_M","TOTAL","R91","D01","BG",2008,281
"EUR","P_SAL_M","TOTAL","R91","D111","BG",2008,229
"EUR","P_SAL_M","TOTAL","R91","D1111","BG",2008,201
"EUR","P_SAL_M","TOTAL","R92","D01","BG",2008,241
"EUR","P_SAL_M","TOTAL","R92","D111","BG",2008,199
"EUR","P_SAL_M","TOTAL","R92","D1111","BG",2008,185
"EUR","P_SAL_M","TOTAL","R93","D01","BG",2008,329
"EUR","P_SAL_M","TOTAL","R93","D111","BG",2008,282
"EUR","P_SAL_M","TOTAL","R93","D1111","BG",2008,264
"EUR","P_SAL_M","TOTAL","S","D01","BG",2008,227
"EUR","P_SAL_M","TOTAL","S","D111","BG",2008,198
"EUR","P_SAL_M","TOTAL","S","D1111","BG",2008,184
"EUR","P_SAL_M","TOTAL","S94","D01","BG",2008,263
"EUR","P_SAL_M","TOTAL","S94","D111","BG",2008,237
"EUR","P_SAL_M","TOTAL","S94","D1111","BG",2008,218
"EUR","P_SAL_M","TOTAL","S95","D01","BG",2008,212
"EUR","P_SAL_M","TOTAL","S95","D111","BG",2008,176
"EUR","P_SAL_M","TOTAL","S95","D1111","BG",2008,167
"EUR","P_SAL_M","TOTAL","S96","D01","BG",2008,179
"EUR","P_SAL_M","TOTAL","S96","D111","BG",2008,148
"EUR","P_SAL_M","TOTAL","S96","D1111","BG",2008,138
"EUR","P_SAL_Y","10-49","B","D01","BG",2008,4450
"EUR","P_SAL_Y","10-49","B","D111","BG",2008,3564
"EUR","P_SAL_Y","10-49","B","D1111","BG",2008,3252
"EUR","P_SAL_Y","10-49","B-E","D01","BG",2008,2672
"EUR","P_SAL_Y","10-49","B-E","D111","BG",2008,2192
"EUR","P_SAL_Y","10-49","B-E","D1111","BG",2008,2009
"EUR","P_SAL_Y","10-49","B-F","D01","BG",2008,2771
"EUR","P_SAL_Y","10-49","B-F","D111","BG",2008,2276
"EUR","P_SAL_Y","10-49","B-F","D1111","BG",2008,2107
"EUR","P_SAL_Y","10-49","B-N","D01","BG",2008,3267
"EUR","P_SAL_Y","10-49","B-N","D111","BG",2008,2721
"EUR","P_SAL_Y","10-49","B-N","D1111","BG",2008,2523
"EUR","P_SAL_Y","10-49","B-S","D01","BG",2008,3477
"EUR","P_SAL_Y","10-49","B-S","D111","BG",2008,2866
"EUR","P_SAL_Y","10-49","B-S","D1111","BG",2008,2614
"EUR","P_SAL_Y","10-49","B-S_X_O","D01","BG",2008,3353
"EUR","P_SAL_Y","10-49","B-S_X_O","D111","BG",2008,2775
"EUR","P_SAL_Y","10-49","B-S_X_O","D1111","BG",2008,2536
"EUR","P_SAL_Y","10-49","B05","D01","BG",2008,4246
"EUR","P_SAL_Y","10-49","B05","D111","BG",2008,3349
"EUR","P_SAL_Y","10-49","B05","D1111","BG",2008,3148
"EUR","P_SAL_Y","10-49","B06","D01","BG",2008,NA
"EUR","P_SAL_Y","10-49","B06","D111","BG",2008,NA
"EUR","P_SAL_Y","10-49","B06","D1111","BG",2008,NA
"EUR","P_SAL_Y","10-49","B07","D01","BG",2008,4881
"EUR","P_SAL_Y","10-49","B07","D111","BG",2008,3719
"EUR","P_SAL_Y","10-49","B07","D1111","BG",2008,3180
"EUR","P_SAL_Y","10-49","B08","D01","BG",2008,4194
"EUR","P_SAL_Y","10-49","B08","D111","BG",2008,3341
"EUR","P_SAL_Y","10-49","B08","D1111","BG",2008,3048
"EUR","P_SAL_Y","10-49","B09","D01","BG",2008,NA
"EUR","P_SAL_Y","10-49","B09","D111","BG",2008,NA
"EUR","P_SAL_Y","10-49","B09","D1111","BG",2008,NA
"EUR","P_SAL_Y","10-49","C","D01","BG",2008,2464
"EUR","P_SAL_Y","10-49","C","D111","BG",2008,2024
"EUR","P_SAL_Y","10-49","C","D1111","BG",2008,1881
"EUR","P_SAL_Y","10-49","C10","D01","BG",2008,2235
"EUR","P_SAL_Y","10-49","C10","D111","BG",2008,1833
"EUR","P_SAL_Y","10-49","C10","D1111","BG",2008,1710
"EUR","P_SAL_Y","10-49","C11","D01","BG",2008,NA
"EUR","P_SAL_Y","10-49","C11","D111","BG",2008,NA
"EUR","P_SAL_Y","10-49","C11","D1111","BG",2008,NA
"EUR","P_SAL_Y","10-49","C12","D01","BG",2008,3458
"EUR","P_SAL_Y","10-49","C12","D111","BG",2008,2821
"EUR","P_SAL_Y","10-49","C12","D1111","BG",2008,2616
"EUR","P_SAL_Y","10-49","C13","D01","BG",2008,2368
"EUR","P_SAL_Y","10-49","C13","D111","BG",2008,1911
"EUR","P_SAL_Y","10-49","C13","D1111","BG",2008,1766
"EUR","P_SAL_Y","10-49","C14","D01","BG",2008,1869
"EUR","P_SAL_Y","10-49","C14","D111","BG",2008,1535
"EUR","P_SAL_Y","10-49","C14","D1111","BG",2008,1429
"EUR","P_SAL_Y","10-49","C15","D01","BG",2008,1796
"EUR","P_SAL_Y","10-49","C15","D111","BG",2008,1479
"EUR","P_SAL_Y","10-49","C15","D1111","BG",2008,1375
"EUR","P_SAL_Y","10-49","C16","D01","BG",2008,2002
"EUR","P_SAL_Y","10-49","C16","D111","BG",2008,1645
"EUR","P_SAL_Y","10-49","C16","D1111","BG",2008,1533
"EUR","P_SAL_Y","10-49","C17","D01","BG",2008,2343
"EUR","P_SAL_Y","10-49","C17","D111","BG",2008,1924
"EUR","P_SAL_Y","10-49","C17","D1111","BG",2008,1777
"EUR","P_SAL_Y","10-49","C18","D01","BG",2008,2762
"EUR","P_SAL_Y","10-49","C18","D111","BG",2008,2282
"EUR","P_SAL_Y","10-49","C18","D1111","BG",2008,2111
"EUR","P_SAL_Y","10-49","C19","D01","BG",2008,NA
"EUR","P_SAL_Y","10-49","C19","D111","BG",2008,NA
"EUR","P_SAL_Y","10-49","C19","D1111","BG",2008,NA
"EUR","P_SAL_Y","10-49","C20","D01","BG",2008,3069
"EUR","P_SAL_Y","10-49","C20","D111","BG",2008,2499
"EUR","P_SAL_Y","10-49","C20","D1111","BG",2008,2304
"EUR","P_SAL_Y","10-49","C21","D01","BG",2008,NA
"EUR","P_SAL_Y","10-49","C21","D111","BG",2008,NA
"EUR","P_SAL_Y","10-49","C21","D1111","BG",2008,NA
"EUR","P_SAL_Y","10-49","C22","D01","BG",2008,2467
"EUR","P_SAL_Y","10-49","C22","D111","BG",2008,2027
"EUR","P_SAL_Y","10-49","C22","D1111","BG",2008,1888
"EUR","P_SAL_Y","10-49","C23","D01","BG",2008,2984
"EUR","P_SAL_Y","10-49","C23","D111","BG",2008,2412
"EUR","P_SAL_Y","10-49","C23","D1111","BG",2008,2255
"EUR","P_SAL_Y","10-49","C24","D01","BG",2008,NA
"EUR","P_SAL_Y","10-49","C24","D111","BG",2008,NA
"EUR","P_SAL_Y","10-49","C24","D1111","BG",2008,NA
"EUR","P_SAL_Y","10-49","C25","D01","BG",2008,2774
"EUR","P_SAL_Y","10-49","C25","D111","BG",2008,2283
"EUR","P_SAL_Y","10-49","C25","D1111","BG",2008,2114
"EUR","P_SAL_Y","10-49","C26","D01","BG",2008,4088
"EUR","P_SAL_Y","10-49","C26","D111","BG",2008,3397
"EUR","P_SAL_Y","10-49","C26","D1111","BG",2008,3144
"EUR","P_SAL_Y","10-49","C27","D01","BG",2008,3185
"EUR","P_SAL_Y","10-49","C27","D111","BG",2008,2623
"EUR","P_SAL_Y","10-49","C27","D1111","BG",2008,2405
"EUR","P_SAL_Y","10-49","C28","D01","BG",2008,3413
"EUR","P_SAL_Y","10-49","C28","D111","BG",2008,2806
"EUR","P_SAL_Y","10-49","C28","D1111","BG",2008,2582
"EUR","P_SAL_Y","10-49","C29","D01","BG",2008,NA
"EUR","P_SAL_Y","10-49","C29","D111","BG",2008,NA
"EUR","P_SAL_Y","10-49","C29","D1111","BG",2008,NA
"EUR","P_SAL_Y","10-49","C30","D01","BG",2008,4218
"EUR","P_SAL_Y","10-49","C30","D111","BG",2008,3535
"EUR","P_SAL_Y","10-49","C30","D1111","BG",2008,3322
"EUR","P_SAL_Y","10-49","C31","D01","BG",2008,1980
"EUR","P_SAL_Y","10-49","C31","D111","BG",2008,1628
"EUR","P_SAL_Y","10-49","C31","D1111","BG",2008,1516
"EUR","P_SAL_Y","10-49","C32","D01","BG",2008,2503
"EUR","P_SAL_Y","10-49","C32","D111","BG",2008,2041
"EUR","P_SAL_Y","10-49","C32","D1111","BG",2008,1877
"EUR","P_SAL_Y","10-49","C33","D01","BG",2008,3703
"EUR","P_SAL_Y","10-49","C33","D111","BG",2008,3049
"EUR","P_SAL_Y","10-49","C33","D1111","BG",2008,2859
"EUR","P_SAL_Y","10-49","D","D01","BG",2008,8636
"EUR","P_SAL_Y","10-49","D","D111","BG",2008,7044
"EUR","P_SAL_Y","10-49","D","D1111","BG",2008,5725
"EUR","P_SAL_Y","10-49","D35","D01","BG",2008,8636
"EUR","P_SAL_Y","10-49","D35","D111","BG",2008,7044
"EUR","P_SAL_Y","10-49","D35","D1111","BG",2008,5725
"EUR","P_SAL_Y","10-49","E","D01","BG",2008,4600
"EUR","P_SAL_Y","10-49","E","D111","BG",2008,3770
"EUR","P_SAL_Y","10-49","E","D1111","BG",2008,3118
"EUR","P_SAL_Y","10-49","E36","D01","BG",2008,4906
"EUR","P_SAL_Y","10-49","E36","D111","BG",2008,3979
"EUR","P_SAL_Y","10-49","E36","D1111","BG",2008,3058
"EUR","P_SAL_Y","10-49","E37","D01","BG",2008,10742
"EUR","P_SAL_Y","10-49","E37","D111","BG",2008,9702
"EUR","P_SAL_Y","10-49","E37","D1111","BG",2008,9446
"EUR","P_SAL_Y","10-49","E38","D01","BG",2008,3754
"EUR","P_SAL_Y","10-49","E38","D111","BG",2008,3111
"EUR","P_SAL_Y","10-49","E38","D1111","BG",2008,2896
"EUR","P_SAL_Y","10-49","E39","D01","BG",2008,4567
"EUR","P_SAL_Y","10-49","E39","D111","BG",2008,3676
"EUR","P_SAL_Y","10-49","E39","D1111","BG",2008,3366
"EUR","P_SAL_Y","10-49","F","D01","BG",2008,2956
"EUR","P_SAL_Y","10-49","F","D111","BG",2008,2433
"EUR","P_SAL_Y","10-49","F","D1111","BG",2008,2292
"EUR","P_SAL_Y","10-49","F41","D01","BG",2008,2750
"EUR","P_SAL_Y","10-49","F41","D111","BG",2008,2266
"EUR","P_SAL_Y","10-49","F41","D1111","BG",2008,2137
"EUR","P_SAL_Y","10-49","F42","D01","BG",2008,3546
"EUR","P_SAL_Y","10-49","F42","D111","BG",2008,2887
"EUR","P_SAL_Y","10-49","F42","D1111","BG",2008,2694
"EUR","P_SAL_Y","10-49","F43","D01","BG",2008,3127
"EUR","P_SAL_Y","10-49","F43","D111","BG",2008,2582
"EUR","P_SAL_Y","10-49","F43","D1111","BG",2008,2435
"EUR","P_SAL_Y","10-49","G","D01","BG",2008,3135
"EUR","P_SAL_Y","10-49","G","D111","BG",2008,2618
"EUR","P_SAL_Y","10-49","G","D1111","BG",2008,2447
"EUR","P_SAL_Y","10-49","G-J","D01","BG",2008,3265
"EUR","P_SAL_Y","10-49","G-J","D111","BG",2008,2728
"EUR","P_SAL_Y","10-49","G-J","D1111","BG",2008,2533
"EUR","P_SAL_Y","10-49","G-N","D01","BG",2008,3695
"EUR","P_SAL_Y","10-49","G-N","D111","BG",2008,3104
"EUR","P_SAL_Y","10-49","G-N","D1111","BG",2008,2881
"EUR","P_SAL_Y","10-49","G-S_X_O","D01","BG",2008,3712
"EUR","P_SAL_Y","10-49","G-S_X_O","D111","BG",2008,3082
"EUR","P_SAL_Y","10-49","G-S_X_O","D1111","BG",2008,2800
"EUR","P_SAL_Y","10-49","G45","D01","BG",2008,3314
"EUR","P_SAL_Y","10-49","G45","D111","BG",2008,2764
"EUR","P_SAL_Y","10-49","G45","D1111","BG",2008,2587
"EUR","P_SAL_Y","10-49","G46","D01","BG",2008,3756
"EUR","P_SAL_Y","10-49","G46","D111","BG",2008,3160
"EUR","P_SAL_Y","10-49","G46","D1111","BG",2008,2950
"EUR","P_SAL_Y","10-49","G47","D01","BG",2008,2436
"EUR","P_SAL_Y","10-49","G47","D111","BG",2008,2012
"EUR","P_SAL_Y","10-49","G47","D1111","BG",2008,1883
"EUR","P_SAL_Y","10-49","H","D01","BG",2008,3478
"EUR","P_SAL_Y","10-49","H","D111","BG",2008,2895
"EUR","P_SAL_Y","10-49","H","D1111","BG",2008,2580
"EUR","P_SAL_Y","10-49","H49","D01","BG",2008,2619
"EUR","P_SAL_Y","10-49","H49","D111","BG",2008,2086
"EUR","P_SAL_Y","10-49","H49","D1111","BG",2008,1936
"EUR","P_SAL_Y","10-49","H50","D01","BG",2008,3900
"EUR","P_SAL_Y","10-49","H50","D111","BG",2008,3055
"EUR","P_SAL_Y","10-49","H50","D1111","BG",2008,2899
"EUR","P_SAL_Y","10-49","H51","D01","BG",2008,8590
"EUR","P_SAL_Y","10-49","H51","D111","BG",2008,6881
"EUR","P_SAL_Y","10-49","H51","D1111","BG",2008,6471
"EUR","P_SAL_Y","10-49","H52","D01","BG",2008,5541
"EUR","P_SAL_Y","10-49","H52","D111","BG",2008,4892
"EUR","P_SAL_Y","10-49","H52","D1111","BG",2008,4342
"EUR","P_SAL_Y","10-49","H53","D01","BG",2008,3636
"EUR","P_SAL_Y","10-49","H53","D111","BG",2008,2981
"EUR","P_SAL_Y","10-49","H53","D1111","BG",2008,2208
"EUR","P_SAL_Y","10-49","I","D01","BG",2008,2202
"EUR","P_SAL_Y","10-49","I","D111","BG",2008,1812
"EUR","P_SAL_Y","10-49","I","D1111","BG",2008,1713
"EUR","P_SAL_Y","10-49","I55","D01","BG",2008,2708
"EUR","P_SAL_Y","10-49","I55","D111","BG",2008,2219
"EUR","P_SAL_Y","10-49","I55","D1111","BG",2008,2079
"EUR","P_SAL_Y","10-49","I56","D01","BG",2008,2010
"EUR","P_SAL_Y","10-49","I56","D111","BG",2008,1658
"EUR","P_SAL_Y","10-49","I56","D1111","BG",2008,1574
"EUR","P_SAL_Y","10-49","J","D01","BG",2008,6618
"EUR","P_SAL_Y","10-49","J","D111","BG",2008,5632
"EUR","P_SAL_Y","10-49","J","D1111","BG",2008,5259
"EUR","P_SAL_Y","10-49","J58","D01","BG",2008,4595
"EUR","P_SAL_Y","10-49","J58","D111","BG",2008,3884
"EUR","P_SAL_Y","10-49","J58","D1111","BG",2008,3614
"EUR","P_SAL_Y","10-49","J59","D01","BG",2008,5430
"EUR","P_SAL_Y","10-49","J59","D111","BG",2008,4535
"EUR","P_SAL_Y","10-49","J59","D1111","BG",2008,4229
"EUR","P_SAL_Y","10-49","J60","D01","BG",2008,4284
"EUR","P_SAL_Y","10-49","J60","D111","BG",2008,3595
"EUR","P_SAL_Y","10-49","J60","D1111","BG",2008,3333
"EUR","P_SAL_Y","10-49","J61","D01","BG",2008,4704
"EUR","P_SAL_Y","10-49","J61","D111","BG",2008,3850
"EUR","P_SAL_Y","10-49","J61","D1111","BG",2008,3562
"EUR","P_SAL_Y","10-49","J62","D01","BG",2008,8895
"EUR","P_SAL_Y","10-49","J62","D111","BG",2008,7666
"EUR","P_SAL_Y","10-49","J62","D1111","BG",2008,7188
"EUR","P_SAL_Y","10-49","J63","D01","BG",2008,7869
"EUR","P_SAL_Y","10-49","J63","D111","BG",2008,6778
"EUR","P_SAL_Y","10-49","J63","D1111","BG",2008,6328
"EUR","P_SAL_Y","10-49","K","D01","BG",2008,7919
"EUR","P_SAL_Y","10-49","K","D111","BG",2008,6725
"EUR","P_SAL_Y","10-49","K","D1111","BG",2008,6166
"EUR","P_SAL_Y","10-49","K-N","D01","BG",2008,5384
"EUR","P_SAL_Y","10-49","K-N","D111","BG",2008,4583
"EUR","P_SAL_Y","10-49","K-N","D1111","BG",2008,4246
"EUR","P_SAL_Y","10-49","K64","D01","BG",2008,7803
"EUR","P_SAL_Y","10-49","K64","D111","BG",2008,6611
"EUR","P_SAL_Y","10-49","K64","D1111","BG",2008,6016
"EUR","P_SAL_Y","10-49","K65","D01","BG",2008,9444
"EUR","P_SAL_Y","10-49","K65","D111","BG",2008,8025
"EUR","P_SAL_Y","10-49","K65","D1111","BG",2008,7423
"EUR","P_SAL_Y","10-49","K66","D01","BG",2008,7466
"EUR","P_SAL_Y","10-49","K66","D111","BG",2008,6425
"EUR","P_SAL_Y","10-49","K66","D1111","BG",2008,6086
"EUR","P_SAL_Y","10-49","L","D01","BG",2008,4537
"EUR","P_SAL_Y","10-49","L","D111","BG",2008,3812
"EUR","P_SAL_Y","10-49","L","D1111","BG",2008,3509
"EUR","P_SAL_Y","10-49","L68","D01","BG",2008,4537
"EUR","P_SAL_Y","10-49","L68","D111","BG",2008,3812
"EUR","P_SAL_Y","10-49","L68","D1111","BG",2008,3509
"EUR","P_SAL_Y","10-49","M","D01","BG",2008,6632
"EUR","P_SAL_Y","10-49","M","D111","BG",2008,5707
"EUR","P_SAL_Y","10-49","M","D1111","BG",2008,5311
"EUR","P_SAL_Y","10-49","M69","D01","BG",2008,5155
"EUR","P_SAL_Y","10-49","M69","D111","BG",2008,4366
"EUR","P_SAL_Y","10-49","M69","D1111","BG",2008,4082
"EUR","P_SAL_Y","10-49","M70","D01","BG",2008,12340
"EUR","P_SAL_Y","10-49","M70","D111","BG",2008,10997
"EUR","P_SAL_Y","10-49","M70","D1111","BG",2008,10344
"EUR","P_SAL_Y","10-49","M71","D01","BG",2008,6349
"EUR","P_SAL_Y","10-49","M71","D111","BG",2008,5381
"EUR","P_SAL_Y","10-49","M71","D1111","BG",2008,4940
"EUR","P_SAL_Y","10-49","M72","D01","BG",2008,5172
"EUR","P_SAL_Y","10-49","M72","D111","BG",2008,4241
"EUR","P_SAL_Y","10-49","M72","D1111","BG",2008,3815
"EUR","P_SAL_Y","10-49","M73","D01","BG",2008,5186
"EUR","P_SAL_Y","10-49","M73","D111","BG",2008,4402
"EUR","P_SAL_Y","10-49","M73","D1111","BG",2008,4111
"EUR","P_SAL_Y","10-49","M74","D01","BG",2008,7465
"EUR","P_SAL_Y","10-49","M74","D111","BG",2008,6621
"EUR","P_SAL_Y","10-49","M74","D1111","BG",2008,6288
"EUR","P_SAL_Y","10-49","M75","D01","BG",2008,NA
"EUR","P_SAL_Y","10-49","M75","D111","BG",2008,NA
"EUR","P_SAL_Y","10-49","M75","D1111","BG",2008,NA
"EUR","P_SAL_Y","10-49","N","D01","BG",2008,2820
"EUR","P_SAL_Y","10-49","N","D111","BG",2008,2366
"EUR","P_SAL_Y","10-49","N","D1111","BG",2008,2218
"EUR","P_SAL_Y","10-49","N77","D01","BG",2008,5392
"EUR","P_SAL_Y","10-49","N77","D111","BG",2008,4550
"EUR","P_SAL_Y","10-49","N77","D1111","BG",2008,4232
"EUR","P_SAL_Y","10-49","N78","D01","BG",2008,4760
"EUR","P_SAL_Y","10-49","N78","D111","BG",2008,3958
"EUR","P_SAL_Y","10-49","N78","D1111","BG",2008,3638
"EUR","P_SAL_Y","10-49","N79","D01","BG",2008,4039
"EUR","P_SAL_Y","10-49","N79","D111","BG",2008,3418
"EUR","P_SAL_Y","10-49","N79","D1111","BG",2008,3223
"EUR","P_SAL_Y","10-49","N80","D01","BG",2008,2103
"EUR","P_SAL_Y","10-49","N80","D111","BG",2008,1764
"EUR","P_SAL_Y","10-49","N80","D1111","BG",2008,1677
"EUR","P_SAL_Y","10-49","N81","D01","BG",2008,2104
"EUR","P_SAL_Y","10-49","N81","D111","BG",2008,1770
"EUR","P_SAL_Y","10-49","N81","D1111","BG",2008,1637
"EUR","P_SAL_Y","10-49","N82","D01","BG",2008,4326
"EUR","P_SAL_Y","10-49","N82","D111","BG",2008,3581
"EUR","P_SAL_Y","10-49","N82","D1111","BG",2008,3354
"EUR","P_SAL_Y","10-49","O","D01","BG",2008,6529
"EUR","P_SAL_Y","10-49","O","D111","BG",2008,5098
"EUR","P_SAL_Y","10-49","O","D1111","BG",2008,4524
"EUR","P_SAL_Y","10-49","O-S","D01","BG",2008,4271
"EUR","P_SAL_Y","10-49","O-S","D111","BG",2008,3413
"EUR","P_SAL_Y","10-49","O-S","D1111","BG",2008,2958
"EUR","P_SAL_Y","10-49","O84","D01","BG",2008,6529
"EUR","P_SAL_Y","10-49","O84","D111","BG",2008,5098
"EUR","P_SAL_Y","10-49","O84","D1111","BG",2008,4524
"EUR","P_SAL_Y","10-49","P","D01","BG",2008,4088
"EUR","P_SAL_Y","10-49","P","D111","BG",2008,3241
"EUR","P_SAL_Y","10-49","P","D1111","BG",2008,2695
"EUR","P_SAL_Y","10-49","P-S","D01","BG",2008,3754
"EUR","P_SAL_Y","10-49","P-S","D111","BG",2008,3027
"EUR","P_SAL_Y","10-49","P-S","D1111","BG",2008,2599
"EUR","P_SAL_Y","10-49","P85","D01","BG",2008,4088
"EUR","P_SAL_Y","10-49","P85","D111","BG",2008,3241
"EUR","P_SAL_Y","10-49","P85","D1111","BG",2008,2695
"EUR","P_SAL_Y","10-49","Q","D01","BG",2008,3521
"EUR","P_SAL_Y","10-49","Q","D111","BG",2008,2913
"EUR","P_SAL_Y","10-49","Q","D1111","BG",2008,2651
"EUR","P_SAL_Y","10-49","Q86","D01","BG",2008,3951
"EUR","P_SAL_Y","10-49","Q86","D111","BG",2008,3287
"EUR","P_SAL_Y","10-49","Q86","D1111","BG",2008,3019
"EUR","P_SAL_Y","10-49","Q87","D01","BG",2008,NA
"EUR","P_SAL_Y","10-49","Q87","D111","BG",2008,NA
"EUR","P_SAL_Y","10-49","Q87","D1111","BG",2008,NA
"EUR","P_SAL_Y","10-49","Q88","D01","BG",2008,NA
"EUR","P_SAL_Y","10-49","Q88","D111","BG",2008,NA
"EUR","P_SAL_Y","10-49","Q88","D1111","BG",2008,NA
"EUR","P_SAL_Y","10-49","R","D01","BG",2008,2783
"EUR","P_SAL_Y","10-49","R","D111","BG",2008,2293
"EUR","P_SAL_Y","10-49","R","D1111","BG",2008,2097
"EUR","P_SAL_Y","10-49","R90","D01","BG",2008,3329
"EUR","P_SAL_Y","10-49","R90","D111","BG",2008,2735
"EUR","P_SAL_Y","10-49","R90","D1111","BG",2008,2445
"EUR","P_SAL_Y","10-49","R91","D01","BG",2008,3197
"EUR","P_SAL_Y","10-49","R91","D111","BG",2008,2625
"EUR","P_SAL_Y","10-49","R91","D1111","BG",2008,2314
"EUR","P_SAL_Y","10-49","R92","D01","BG",2008,2211
"EUR","P_SAL_Y","10-49","R92","D111","BG",2008,1822
"EUR","P_SAL_Y","10-49","R92","D1111","BG",2008,1702
"EUR","P_SAL_Y","10-49","R93","D01","BG",2008,2926
"EUR","P_SAL_Y","10-49","R93","D111","BG",2008,2422
"EUR","P_SAL_Y","10-49","R93","D1111","BG",2008,2268
"EUR","P_SAL_Y","10-49","S","D01","BG",2008,2924
"EUR","P_SAL_Y","10-49","S","D111","BG",2008,2529
"EUR","P_SAL_Y","10-49","S","D1111","BG",2008,2316
"EUR","P_SAL_Y","10-49","S94","D01","BG",2008,3163
"EUR","P_SAL_Y","10-49","S94","D111","BG",2008,2805
"EUR","P_SAL_Y","10-49","S94","D1111","BG",2008,2551
"EUR","P_SAL_Y","10-49","S95","D01","BG",2008,4224
"EUR","P_SAL_Y","10-49","S95","D111","BG",2008,3523
"EUR","P_SAL_Y","10-49","S95","D1111","BG",2008,3287
"EUR","P_SAL_Y","10-49","S96","D01","BG",2008,2318
"EUR","P_SAL_Y","10-49","S96","D111","BG",2008,1908
"EUR","P_SAL_Y","10-49","S96","D1111","BG",2008,1767
"EUR","P_SAL_Y","250-499","B","D01","BG",2008,5461
"EUR","P_SAL_Y","250-499","B","D111","BG",2008,3937
"EUR","P_SAL_Y","250-499","B","D1111","BG",2008,3452
"EUR","P_SAL_Y","250-499","B-E","D01","BG",2008,4820
"EUR","P_SAL_Y","250-499","B-E","D111","BG",2008,3866
"EUR","P_SAL_Y","250-499","B-E","D1111","BG",2008,3348
"EUR","P_SAL_Y","250-499","B-F","D01","BG",2008,4730
"EUR","P_SAL_Y","250-499","B-F","D111","BG",2008,3809
"EUR","P_SAL_Y","250-499","B-F","D1111","BG",2008,3345
"EUR","P_SAL_Y","250-499","B-N","D01","BG",2008,5064
"EUR","P_SAL_Y","250-499","B-N","D111","BG",2008,4139
"EUR","P_SAL_Y","250-499","B-N","D1111","BG",2008,3667
"EUR","P_SAL_Y","250-499","B-S","D01","BG",2008,5168
"EUR","P_SAL_Y","250-499","B-S","D111","BG",2008,4206
"EUR","P_SAL_Y","250-499","B-S","D1111","BG",2008,3726
"EUR","P_SAL_Y","250-499","B-S_X_O","D01","BG",2008,5036
"EUR","P_SAL_Y","250-499","B-S_X_O","D111","BG",2008,4116
"EUR","P_SAL_Y","250-499","B-S_X_O","D1111","BG",2008,3639
"EUR","P_SAL_Y","250-499","B05","D01","BG",2008,5089
"EUR","P_SAL_Y","250-499","B05","D111","BG",2008,3476
"EUR","P_SAL_Y","250-499","B05","D1111","BG",2008,2972
"EUR","P_SAL_Y","250-499","B06","D01","BG",2008,NA
"EUR","P_SAL_Y","250-499","B06","D111","BG",2008,NA
"EUR","P_SAL_Y","250-499","B06","D1111","BG",2008,NA
"EUR","P_SAL_Y","250-499","B07","D01","BG",2008,5768
"EUR","P_SAL_Y","250-499","B07","D111","BG",2008,4225
"EUR","P_SAL_Y","250-499","B07","D1111","BG",2008,3786
"EUR","P_SAL_Y","250-499","B08","D01","BG",2008,NA
"EUR","P_SAL_Y","250-499","B08","D111","BG",2008,NA
"EUR","P_SAL_Y","250-499","B08","D1111","BG",2008,NA
"EUR","P_SAL_Y","250-499","C","D01","BG",2008,4364
"EUR","P_SAL_Y","250-499","C","D111","BG",2008,3555
"EUR","P_SAL_Y","250-499","C","D1111","BG",2008,3169
"EUR","P_SAL_Y","250-499","C10","D01","BG",2008,3849
"EUR","P_SAL_Y","250-499","C10","D111","BG",2008,3126
"EUR","P_SAL_Y","250-499","C10","D1111","BG",2008,2903
"EUR","P_SAL_Y","250-499","C11","D01","BG",2008,6293
"EUR","P_SAL_Y","250-499","C11","D111","BG",2008,5313
"EUR","P_SAL_Y","250-499","C11","D1111","BG",2008,4933
"EUR","P_SAL_Y","250-499","C12","D01","BG",2008,10693
"EUR","P_SAL_Y","250-499","C12","D111","BG",2008,8653
"EUR","P_SAL_Y","250-499","C12","D1111","BG",2008,7278
"EUR","P_SAL_Y","250-499","C13","D01","BG",2008,NA
"EUR","P_SAL_Y","250-499","C13","D111","BG",2008,NA
"EUR","P_SAL_Y","250-499","C13","D1111","BG",2008,NA
"EUR","P_SAL_Y","250-499","C14","D01","BG",2008,2687
"EUR","P_SAL_Y","250-499","C14","D111","BG",2008,2216
"EUR","P_SAL_Y","250-499","C14","D1111","BG",2008,1965
"EUR","P_SAL_Y","250-499","C15","D01","BG",2008,2526
"EUR","P_SAL_Y","250-499","C15","D111","BG",2008,2043
"EUR","P_SAL_Y","250-499","C15","D1111","BG",2008,1863
"EUR","P_SAL_Y","250-499","C16","D01","BG",2008,NA
"EUR","P_SAL_Y","250-499","C16","D111","BG",2008,NA
"EUR","P_SAL_Y","250-499","C16","D1111","BG",2008,NA
"EUR","P_SAL_Y","250-499","C17","D01","BG",2008,4119
"EUR","P_SAL_Y","250-499","C17","D111","BG",2008,3285
"EUR","P_SAL_Y","250-499","C17","D1111","BG",2008,2982
"EUR","P_SAL_Y","250-499","C18","D01","BG",2008,7554
"EUR","P_SAL_Y","250-499","C18","D111","BG",2008,6218
"EUR","P_SAL_Y","250-499","C18","D1111","BG",2008,5491
"EUR","P_SAL_Y","250-499","C19","D01","BG",2008,NA
"EUR","P_SAL_Y","250-499","C19","D111","BG",2008,NA
"EUR","P_SAL_Y","250-499","C19","D1111","BG",2008,NA
"EUR","P_SAL_Y","250-499","C20","D01","BG",2008,NA
"EUR","P_SAL_Y","250-499","C20","D111","BG",2008,NA
"EUR","P_SAL_Y","250-499","C20","D1111","BG",2008,NA
"EUR","P_SAL_Y","250-499","C21","D01","BG",2008,5937
"EUR","P_SAL_Y","250-499","C21","D111","BG",2008,4717
"EUR","P_SAL_Y","250-499","C21","D1111","BG",2008,4121
"EUR","P_SAL_Y","250-499","C22","D01","BG",2008,2837
"EUR","P_SAL_Y","250-499","C22","D111","BG",2008,2295
"EUR","P_SAL_Y","250-499","C22","D1111","BG",2008,2061
"EUR","P_SAL_Y","250-499","C23","D01","BG",2008,NA
"EUR","P_SAL_Y","250-499","C23","D111","BG",2008,NA
"EUR","P_SAL_Y","250-499","C23","D1111","BG",2008,NA
"EUR","P_SAL_Y","250-499","C24","D01","BG",2008,NA
"EUR","P_SAL_Y","250-499","C24","D111","BG",2008,NA
"EUR","P_SAL_Y","250-499","C24","D1111","BG",2008,NA
"EUR","P_SAL_Y","250-499","C25","D01","BG",2008,4553
"EUR","P_SAL_Y","250-499","C25","D111","BG",2008,3754
"EUR","P_SAL_Y","250-499","C25","D1111","BG",2008,3278
"EUR","P_SAL_Y","250-499","C26","D01","BG",2008,5218
"EUR","P_SAL_Y","250-499","C26","D111","BG",2008,4309
"EUR","P_SAL_Y","250-499","C26","D1111","BG",2008,3757
"EUR","P_SAL_Y","250-499","C27","D01","BG",2008,4735
"EUR","P_SAL_Y","250-499","C27","D111","BG",2008,3878
"EUR","P_SAL_Y","250-499","C27","D1111","BG",2008,3383
"EUR","P_SAL_Y","250-499","C28","D01","BG",2008,4782
"EUR","P_SAL_Y","250-499","C28","D111","BG",2008,3900
"EUR","P_SAL_Y","250-499","C28","D1111","BG",2008,3503
"EUR","P_SAL_Y","250-499","C29","D01","BG",2008,NA
"EUR","P_SAL_Y","250-499","C29","D111","BG",2008,NA
"EUR","P_SAL_Y","250-499","C29","D1111","BG",2008,NA
"EUR","P_SAL_Y","250-499","C30","D01","BG",2008,NA
"EUR","P_SAL_Y","250-499","C30","D111","BG",2008,NA
"EUR","P_SAL_Y","250-499","C30","D1111","BG",2008,NA
"EUR","P_SAL_Y","250-499","C31","D01","BG",2008,2771
"EUR","P_SAL_Y","250-499","C31","D111","BG",2008,2264
"EUR","P_SAL_Y","250-499","C31","D1111","BG",2008,2068
"EUR","P_SAL_Y","250-499","C32","D01","BG",2008,NA
"EUR","P_SAL_Y","250-499","C32","D111","BG",2008,NA
"EUR","P_SAL_Y","250-499","C32","D1111","BG",2008,NA
"EUR","P_SAL_Y","250-499","C33","D01","BG",2008,NA
"EUR","P_SAL_Y","250-499","C33","D111","BG",2008,NA
"EUR","P_SAL_Y","250-499","C33","D1111","BG",2008,NA
"EUR","P_SAL_Y","250-499","D","D01","BG",2008,12734
"EUR","P_SAL_Y","250-499","D","D111","BG",2008,9617
"EUR","P_SAL_Y","250-499","D","D1111","BG",2008,6871
"EUR","P_SAL_Y","250-499","D35","D01","BG",2008,12734
"EUR","P_SAL_Y","250-499","D35","D111","BG",2008,9617
"EUR","P_SAL_Y","250-499","D35","D1111","BG",2008,6871
"EUR","P_SAL_Y","250-499","E","D01","BG",2008,NA
"EUR","P_SAL_Y","250-499","E","D111","BG",2008,NA
"EUR","P_SAL_Y","250-499","E","D1111","BG",2008,NA
"EUR","P_SAL_Y","250-499","E36","D01","BG",2008,NA
"EUR","P_SAL_Y","250-499","E36","D111","BG",2008,NA
"EUR","P_SAL_Y","250-499","E36","D1111","BG",2008,NA
"EUR","P_SAL_Y","250-499","E37","D01","BG",2008,NA
"EUR","P_SAL_Y","250-499","E37","D111","BG",2008,NA
"EUR","P_SAL_Y","250-499","E37","D1111","BG",2008,NA
"EUR","P_SAL_Y","250-499","E38","D01","BG",2008,5115
"EUR","P_SAL_Y","250-499","E38","D111","BG",2008,4144
"EUR","P_SAL_Y","250-499","E38","D1111","BG",2008,3654
"EUR","P_SAL_Y","250-499","F","D01","BG",2008,4427
"EUR","P_SAL_Y","250-499","F","D111","BG",2008,3619
"EUR","P_SAL_Y","250-499","F","D1111","BG",2008,3335
"EUR","P_SAL_Y","250-499","F41","D01","BG",2008,3572
"EUR","P_SAL_Y","250-499","F41","D111","BG",2008,2965
"EUR","P_SAL_Y","250-499","F41","D1111","BG",2008,2728
"EUR","P_SAL_Y","250-499","F42","D01","BG",2008,NA
"EUR","P_SAL_Y","250-499","F42","D111","BG",2008,NA
"EUR","P_SAL_Y","250-499","F42","D1111","BG",2008,NA
"EUR","P_SAL_Y","250-499","F43","D01","BG",2008,NA
"EUR","P_SAL_Y","250-499","F43","D111","BG",2008,NA
"EUR","P_SAL_Y","250-499","F43","D1111","BG",2008,NA
"EUR","P_SAL_Y","250-499","G","D01","BG",2008,4884
"EUR","P_SAL_Y","250-499","G","D111","BG",2008,4091
"EUR","P_SAL_Y","250-499","G","D1111","BG",2008,3842
"EUR","P_SAL_Y","250-499","G-J","D01","BG",2008,6011
"EUR","P_SAL_Y","250-499","G-J","D111","BG",2008,4971
"EUR","P_SAL_Y","250-499","G-J","D1111","BG",2008,4381
"EUR","P_SAL_Y","250-499","G-N","D01","BG",2008,5570
"EUR","P_SAL_Y","250-499","G-N","D111","BG",2008,4640
"EUR","P_SAL_Y","250-499","G-N","D1111","BG",2008,4154
"EUR","P_SAL_Y","250-499","G-S_X_O","D01","BG",2008,5372
"EUR","P_SAL_Y","250-499","G-S_X_O","D111","BG",2008,4453
"EUR","P_SAL_Y","250-499","G-S_X_O","D1111","BG",2008,3961
"EUR","P_SAL_Y","250-499","G45","D01","BG",2008,NA
"EUR","P_SAL_Y","250-499","G45","D111","BG",2008,NA
"EUR","P_SAL_Y","250-499","G45","D1111","BG",2008,NA
"EUR","P_SAL_Y","250-499","G46","D01","BG",2008,7221
"EUR","P_SAL_Y","250-499","G46","D111","BG",2008,6131
"EUR","P_SAL_Y","250-499","G46","D1111","BG",2008,5763
"EUR","P_SAL_Y","250-499","G47","D01","BG",2008,3467
"EUR","P_SAL_Y","250-499","G47","D111","BG",2008,2854
"EUR","P_SAL_Y","250-499","G47","D1111","BG",2008,2678
"EUR","P_SAL_Y","250-499","H","D01","BG",2008,5639
"EUR","P_SAL_Y","250-499","H","D111","BG",2008,4605
"EUR","P_SAL_Y","250-499","H","D1111","BG",2008,3796
"EUR","P_SAL_Y","250-499","H49","D01","BG",2008,5354
"EUR","P_SAL_Y","250-499","H49","D111","BG",2008,4303
"EUR","P_SAL_Y","250-499","H49","D1111","BG",2008,3574
"EUR","P_SAL_Y","250-499","H50","D01","BG",2008,NA
"EUR","P_SAL_Y","250-499","H50","D111","BG",2008,NA
"EUR","P_SAL_Y","250-499","H50","D1111","BG",2008,NA
"EUR","P_SAL_Y","250-499","H51","D01","BG",2008,NA
"EUR","P_SAL_Y","250-499","H51","D111","BG",2008,NA
"EUR","P_SAL_Y","250-499","H51","D1111","BG",2008,NA
"EUR","P_SAL_Y","250-499","H52","D01","BG",2008,4955
"EUR","P_SAL_Y","250-499","H52","D111","BG",2008,4300
"EUR","P_SAL_Y","250-499","H52","D1111","BG",2008,3411
"EUR","P_SAL_Y","250-499","H53","D01","BG",2008,5142
"EUR","P_SAL_Y","250-499","H53","D111","BG",2008,4268
"EUR","P_SAL_Y","250-499","H53","D1111","BG",2008,3488
"EUR","P_SAL_Y","250-499","I","D01","BG",2008,3525
"EUR","P_SAL_Y","250-499","I","D111","BG",2008,2891
"EUR","P_SAL_Y","250-499","I","D1111","BG",2008,2670
"EUR","P_SAL_Y","250-499","I55","D01","BG",2008,NA
"EUR","P_SAL_Y","250-499","I55","D111","BG",2008,NA
"EUR","P_SAL_Y","250-499","I55","D1111","BG",2008,NA
"EUR","P_SAL_Y","250-499","I56","D01","BG",2008,NA
"EUR","P_SAL_Y","250-499","I56","D111","BG",2008,NA
"EUR","P_SAL_Y","250-499","I56","D1111","BG",2008,NA
"EUR","P_SAL_Y","250-499","J","D01","BG",2008,11718
"EUR","P_SAL_Y","250-499","J","D111","BG",2008,9752
"EUR","P_SAL_Y","250-499","J","D1111","BG",2008,8614
"EUR","P_SAL_Y","250-499","J58","D01","BG",2008,NA
"EUR","P_SAL_Y","250-499","J58","D111","BG",2008,NA
"EUR","P_SAL_Y","250-499","J58","D1111","BG",2008,NA
"EUR","P_SAL_Y","250-499","J60","D01","BG",2008,NA
"EUR","P_SAL_Y","250-499","J60","D111","BG",2008,NA
"EUR","P_SAL_Y","250-499","J60","D1111","BG",2008,NA
"EUR","P_SAL_Y","250-499","J61","D01","BG",2008,6397
"EUR","P_SAL_Y","250-499","J61","D111","BG",2008,5180
"EUR","P_SAL_Y","250-499","J61","D1111","BG",2008,4800
"EUR","P_SAL_Y","250-499","J62","D01","BG",2008,NA
"EUR","P_SAL_Y","250-499","J62","D111","BG",2008,NA
"EUR","P_SAL_Y","250-499","J62","D1111","BG",2008,NA
"EUR","P_SAL_Y","250-499","J63","D01","BG",2008,8797
"EUR","P_SAL_Y","250-499","J63","D111","BG",2008,7564
"EUR","P_SAL_Y","250-499","J63","D1111","BG",2008,6948
"EUR","P_SAL_Y","250-499","K","D01","BG",2008,8799
"EUR","P_SAL_Y","250-499","K","D111","BG",2008,7425
"EUR","P_SAL_Y","250-499","K","D1111","BG",2008,6798
"EUR","P_SAL_Y","250-499","K-N","D01","BG",2008,4973
"EUR","P_SAL_Y","250-499","K-N","D111","BG",2008,4192
"EUR","P_SAL_Y","250-499","K-N","D1111","BG",2008,3847
"EUR","P_SAL_Y","250-499","K64","D01","BG",2008,8658
"EUR","P_SAL_Y","250-499","K64","D111","BG",2008,7247
"EUR","P_SAL_Y","250-499","K64","D1111","BG",2008,6570
"EUR","P_SAL_Y","250-499","K65","D01","BG",2008,9047
"EUR","P_SAL_Y","250-499","K65","D111","BG",2008,7735
"EUR","P_SAL_Y","250-499","K65","D1111","BG",2008,7194
"EUR","P_SAL_Y","250-499","K66","D01","BG",2008,NA
"EUR","P_SAL_Y","250-499","K66","D111","BG",2008,NA
"EUR","P_SAL_Y","250-499","K66","D1111","BG",2008,NA
"EUR","P_SAL_Y","250-499","L","D01","BG",2008,NA
"EUR","P_SAL_Y","250-499","L","D111","BG",2008,NA
"EUR","P_SAL_Y","250-499","L","D1111","BG",2008,NA
"EUR","P_SAL_Y","250-499","L68","D01","BG",2008,NA
"EUR","P_SAL_Y","250-499","L68","D111","BG",2008,NA
"EUR","P_SAL_Y","250-499","L68","D1111","BG",2008,NA
"EUR","P_SAL_Y","250-499","M","D01","BG",2008,NA
"EUR","P_SAL_Y","250-499","M","D111","BG",2008,NA
"EUR","P_SAL_Y","250-499","M","D1111","BG",2008,NA
"EUR","P_SAL_Y","250-499","M69","D01","BG",2008,NA
"EUR","P_SAL_Y","250-499","M69","D111","BG",2008,NA
"EUR","P_SAL_Y","250-499","M69","D1111","BG",2008,NA
"EUR","P_SAL_Y","250-499","M70","D01","BG",2008,NA
"EUR","P_SAL_Y","250-499","M70","D111","BG",2008,NA
"EUR","P_SAL_Y","250-499","M70","D1111","BG",2008,NA
"EUR","P_SAL_Y","250-499","M71","D01","BG",2008,7406
"EUR","P_SAL_Y","250-499","M71","D111","BG",2008,5946
"EUR","P_SAL_Y","250-499","M71","D1111","BG",2008,5144
"EUR","P_SAL_Y","250-499","M72","D01","BG",2008,4771
"EUR","P_SAL_Y","250-499","M72","D111","BG",2008,3889
"EUR","P_SAL_Y","250-499","M72","D1111","BG",2008,3373
"EUR","P_SAL_Y","250-499","M73","D01","BG",2008,NA
"EUR","P_SAL_Y","250-499","M73","D111","BG",2008,NA
"EUR","P_SAL_Y","250-499","M73","D1111","BG",2008,NA
"EUR","P_SAL_Y","250-499","M74","D01","BG",2008,NA
"EUR","P_SAL_Y","250-499","M74","D111","BG",2008,NA
"EUR","P_SAL_Y","250-499","M74","D1111","BG",2008,NA
"EUR","P_SAL_Y","250-499","N","D01","BG",2008,2631
"EUR","P_SAL_Y","250-499","N","D111","BG",2008,2248
"EUR","P_SAL_Y","250-499","N","D1111","BG",2008,2105
"EUR","P_SAL_Y","250-499","N78","D01","BG",2008,NA
"EUR","P_SAL_Y","250-499","N78","D111","BG",2008,NA
"EUR","P_SAL_Y","250-499","N78","D1111","BG",2008,NA
"EUR","P_SAL_Y","250-499","N80","D01","BG",2008,2458
"EUR","P_SAL_Y","250-499","N80","D111","BG",2008,2028
"EUR","P_SAL_Y","250-499","N80","D1111","BG",2008,1893
"EUR","P_SAL_Y","250-499","N81","D01","BG",2008,NA
"EUR","P_SAL_Y","250-499","N81","D111","BG",2008,NA
"EUR","P_SAL_Y","250-499","N81","D1111","BG",2008,NA
"EUR","P_SAL_Y","250-499","N82","D01","BG",2008,NA
"EUR","P_SAL_Y","250-499","N82","D111","BG",2008,NA
"EUR","P_SAL_Y","250-499","N82","D1111","BG",2008,NA
"EUR","P_SAL_Y","250-499","O","D01","BG",2008,6488
"EUR","P_SAL_Y","250-499","O","D111","BG",2008,5105
"EUR","P_SAL_Y","250-499","O","D1111","BG",2008,4591
"EUR","P_SAL_Y","250-499","O-S","D01","BG",2008,5557
"EUR","P_SAL_Y","250-499","O-S","D111","BG",2008,4455
"EUR","P_SAL_Y","250-499","O-S","D1111","BG",2008,3945
"EUR","P_SAL_Y","250-499","O84","D01","BG",2008,6488
"EUR","P_SAL_Y","250-499","O84","D111","BG",2008,5105
"EUR","P_SAL_Y","250-499","O84","D1111","BG",2008,4591
"EUR","P_SAL_Y","250-499","P","D01","BG",2008,5167
"EUR","P_SAL_Y","250-499","P","D111","BG",2008,4234
"EUR","P_SAL_Y","250-499","P","D1111","BG",2008,3579
"EUR","P_SAL_Y","250-499","P-S","D01","BG",2008,4859
"EUR","P_SAL_Y","250-499","P-S","D111","BG",2008,3968
"EUR","P_SAL_Y","250-499","P-S","D1111","BG",2008,3461
"EUR","P_SAL_Y","250-499","P85","D01","BG",2008,5167
"EUR","P_SAL_Y","250-499","P85","D111","BG",2008,4234
"EUR","P_SAL_Y","250-499","P85","D1111","BG",2008,3579
"EUR","P_SAL_Y","250-499","Q","D01","BG",2008,4895
"EUR","P_SAL_Y","250-499","Q","D111","BG",2008,3989
"EUR","P_SAL_Y","250-499","Q","D1111","BG",2008,3565
"EUR","P_SAL_Y","250-499","Q86","D01","BG",2008,5247
"EUR","P_SAL_Y","250-499","Q86","D111","BG",2008,4285
"EUR","P_SAL_Y","250-499","Q86","D1111","BG",2008,3838
"EUR","P_SAL_Y","250-499","Q87","D01","BG",2008,NA
"EUR","P_SAL_Y","250-499","Q87","D111","BG",2008,NA
"EUR","P_SAL_Y","250-499","Q87","D1111","BG",2008,NA
"EUR","P_SAL_Y","250-499","Q88","D01","BG",2008,NA
"EUR","P_SAL_Y","250-499","Q88","D111","BG",2008,NA
"EUR","P_SAL_Y","250-499","Q88","D1111","BG",2008,NA
"EUR","P_SAL_Y","250-499","R","D01","BG",2008,3746
"EUR","P_SAL_Y","250-499","R","D111","BG",2008,3044
"EUR","P_SAL_Y","250-499","R","D1111","BG",2008,2691
"EUR","P_SAL_Y","250-499","R90","D01","BG",2008,5109
"EUR","P_SAL_Y","250-499","R90","D111","BG",2008,4123
"EUR","P_SAL_Y","250-499","R90","D1111","BG",2008,3506
"EUR","P_SAL_Y","250-499","R91","D01","BG",2008,NA
"EUR","P_SAL_Y","250-499","R91","D111","BG",2008,NA
"EUR","P_SAL_Y","250-499","R91","D1111","BG",2008,NA
"EUR","P_SAL_Y","250-499","R92","D01","BG",2008,2739
"EUR","P_SAL_Y","250-499","R92","D111","BG",2008,2235
"EUR","P_SAL_Y","250-499","R92","D1111","BG",2008,2079
"EUR","P_SAL_Y","250-499","R93","D01","BG",2008,NA
"EUR","P_SAL_Y","250-499","R93","D111","BG",2008,NA
"EUR","P_SAL_Y","250-499","R93","D1111","BG",2008,NA
"EUR","P_SAL_Y","250-499","S","D01","BG",2008,NA
"EUR","P_SAL_Y","250-499","S","D111","BG",2008,NA
"EUR","P_SAL_Y","250-499","S","D1111","BG",2008,NA
"EUR","P_SAL_Y","250-499","S94","D01","BG",2008,NA
"EUR","P_SAL_Y","250-499","S94","D111","BG",2008,NA
"EUR","P_SAL_Y","250-499","S94","D1111","BG",2008,NA
"EUR","P_SAL_Y","50-249","B","D01","BG",2008,5121
"EUR","P_SAL_Y","50-249","B","D111","BG",2008,3940
"EUR","P_SAL_Y","50-249","B","D1111","BG",2008,3529
"EUR","P_SAL_Y","50-249","B-E","D01","BG",2008,3543
"EUR","P_SAL_Y","50-249","B-E","D111","BG",2008,2865
"EUR","P_SAL_Y","50-249","B-E","D1111","BG",2008,2555
"EUR","P_SAL_Y","50-249","B-F","D01","BG",2008,3592
"EUR","P_SAL_Y","50-249","B-F","D111","BG",2008,2912
"EUR","P_SAL_Y","50-249","B-F","D1111","BG",2008,2627
"EUR","P_SAL_Y","50-249","B-N","D01","BG",2008,4126
"EUR","P_SAL_Y","50-249","B-N","D111","BG",2008,3408
"EUR","P_SAL_Y","50-249","B-N","D1111","BG",2008,3088
"EUR","P_SAL_Y","50-249","B-S","D01","BG",2008,4272
"EUR","P_SAL_Y","50-249","B-S","D111","BG",2008,3499
"EUR","P_SAL_Y","50-249","B-S","D1111","BG",2008,3141
"EUR","P_SAL_Y","50-249","B-S_X_O","D01","BG",2008,4179
"EUR","P_SAL_Y","50-249","B-S_X_O","D111","BG",2008,3436
"EUR","P_SAL_Y","50-249","B-S_X_O","D1111","BG",2008,3083
"EUR","P_SAL_Y","50-249","B05","D01","BG",2008,3264
"EUR","P_SAL_Y","50-249","B05","D111","BG",2008,2378
"EUR","P_SAL_Y","50-249","B05","D1111","BG",2008,2207
"EUR","P_SAL_Y","50-249","B07","D01","BG",2008,NA
"EUR","P_SAL_Y","50-249","B07","D111","BG",2008,NA
"EUR","P_SAL_Y","50-249","B07","D1111","BG",2008,NA
"EUR","P_SAL_Y","50-249","B08","D01","BG",2008,5392
"EUR","P_SAL_Y","50-249","B08","D111","BG",2008,4197
"EUR","P_SAL_Y","50-249","B08","D1111","BG",2008,3740
"EUR","P_SAL_Y","50-249","B09","D01","BG",2008,NA
"EUR","P_SAL_Y","50-249","B09","D111","BG",2008,NA
"EUR","P_SAL_Y","50-249","B09","D1111","BG",2008,NA
"EUR","P_SAL_Y","50-249","C","D01","BG",2008,3292
"EUR","P_SAL_Y","50-249","C","D111","BG",2008,2675
"EUR","P_SAL_Y","50-249","C","D1111","BG",2008,2422
"EUR","P_SAL_Y","50-249","C10","D01","BG",2008,3125
"EUR","P_SAL_Y","50-249","C10","D111","BG",2008,2571
"EUR","P_SAL_Y","50-249","C10","D1111","BG",2008,2384
"EUR","P_SAL_Y","50-249","C11","D01","BG",2008,3480
"EUR","P_SAL_Y","50-249","C11","D111","BG",2008,2848
"EUR","P_SAL_Y","50-249","C11","D1111","BG",2008,2536
"EUR","P_SAL_Y","50-249","C12","D01","BG",2008,10572
"EUR","P_SAL_Y","50-249","C12","D111","BG",2008,4058
"EUR","P_SAL_Y","50-249","C12","D1111","BG",2008,3399
"EUR","P_SAL_Y","50-249","C13","D01","BG",2008,3126
"EUR","P_SAL_Y","50-249","C13","D111","BG",2008,2504
"EUR","P_SAL_Y","50-249","C13","D1111","BG",2008,2286
"EUR","P_SAL_Y","50-249","C14","D01","BG",2008,2288
"EUR","P_SAL_Y","50-249","C14","D111","BG",2008,1874
"EUR","P_SAL_Y","50-249","C14","D1111","BG",2008,1696
"EUR","P_SAL_Y","50-249","C15","D01","BG",2008,2182
"EUR","P_SAL_Y","50-249","C15","D111","BG",2008,1789
"EUR","P_SAL_Y","50-249","C15","D1111","BG",2008,1630
"EUR","P_SAL_Y","50-249","C16","D01","BG",2008,3322
"EUR","P_SAL_Y","50-249","C16","D111","BG",2008,2709
"EUR","P_SAL_Y","50-249","C16","D1111","BG",2008,2464
"EUR","P_SAL_Y","50-249","C17","D01","BG",2008,3148
"EUR","P_SAL_Y","50-249","C17","D111","BG",2008,2569
"EUR","P_SAL_Y","50-249","C17","D1111","BG",2008,2252
"EUR","P_SAL_Y","50-249","C18","D01","BG",2008,4514
"EUR","P_SAL_Y","50-249","C18","D111","BG",2008,3779
"EUR","P_SAL_Y","50-249","C18","D1111","BG",2008,3448
"EUR","P_SAL_Y","50-249","C19","D01","BG",2008,4623
"EUR","P_SAL_Y","50-249","C19","D111","BG",2008,3777
"EUR","P_SAL_Y","50-249","C19","D1111","BG",2008,3479
"EUR","P_SAL_Y","50-249","C20","D01","BG",2008,4261
"EUR","P_SAL_Y","50-249","C20","D111","BG",2008,3489
"EUR","P_SAL_Y","50-249","C20","D1111","BG",2008,3098
"EUR","P_SAL_Y","50-249","C21","D01","BG",2008,4899
"EUR","P_SAL_Y","50-249","C21","D111","BG",2008,4030
"EUR","P_SAL_Y","50-249","C21","D1111","BG",2008,3651
"EUR","P_SAL_Y","50-249","C22","D01","BG",2008,3237
"EUR","P_SAL_Y","50-249","C22","D111","BG",2008,2673
"EUR","P_SAL_Y","50-249","C22","D1111","BG",2008,2453
"EUR","P_SAL_Y","50-249","C23","D01","BG",2008,4597
"EUR","P_SAL_Y","50-249","C23","D111","BG",2008,3714
"EUR","P_SAL_Y","50-249","C23","D1111","BG",2008,3377
"EUR","P_SAL_Y","50-249","C24","D01","BG",2008,4638
"EUR","P_SAL_Y","50-249","C24","D111","BG",2008,3647
"EUR","P_SAL_Y","50-249","C24","D1111","BG",2008,3224
"EUR","P_SAL_Y","50-249","C25","D01","BG",2008,3718
"EUR","P_SAL_Y","50-249","C25","D111","BG",2008,3019
"EUR","P_SAL_Y","50-249","C25","D1111","BG",2008,2729
"EUR","P_SAL_Y","50-249","C26","D01","BG",2008,5042
"EUR","P_SAL_Y","50-249","C26","D111","BG",2008,4163
"EUR","P_SAL_Y","50-249","C26","D1111","BG",2008,3620
"EUR","P_SAL_Y","50-249","C27","D01","BG",2008,3789
"EUR","P_SAL_Y","50-249","C27","D111","BG",2008,3104
"EUR","P_SAL_Y","50-249","C27","D1111","BG",2008,2790
"EUR","P_SAL_Y","50-249","C28","D01","BG",2008,4267
"EUR","P_SAL_Y","50-249","C28","D111","BG",2008,3500
"EUR","P_SAL_Y","50-249","C28","D1111","BG",2008,3143
"EUR","P_SAL_Y","50-249","C29","D01","BG",2008,3949
"EUR","P_SAL_Y","50-249","C29","D111","BG",2008,3255
"EUR","P_SAL_Y","50-249","C29","D1111","BG",2008,2861
"EUR","P_SAL_Y","50-249","C30","D01","BG",2008,4627
"EUR","P_SAL_Y","50-249","C30","D111","BG",2008,3748
"EUR","P_SAL_Y","50-249","C30","D1111","BG",2008,3332
"EUR","P_SAL_Y","50-249","C31","D01","BG",2008,2553
"EUR","P_SAL_Y","50-249","C31","D111","BG",2008,2091
"EUR","P_SAL_Y","50-249","C31","D1111","BG",2008,1909
"EUR","P_SAL_Y","50-249","C32","D01","BG",2008,3999
"EUR","P_SAL_Y","50-249","C32","D111","BG",2008,3335
"EUR","P_SAL_Y","50-249","C32","D1111","BG",2008,2993
"EUR","P_SAL_Y","50-249","C33","D01","BG",2008,5064
"EUR","P_SAL_Y","50-249","C33","D111","BG",2008,4134
"EUR","P_SAL_Y","50-249","C33","D1111","BG",2008,3732
"EUR","P_SAL_Y","50-249","D","D01","BG",2008,9682
"EUR","P_SAL_Y","50-249","D","D111","BG",2008,7561
"EUR","P_SAL_Y","50-249","D","D1111","BG",2008,5855
"EUR","P_SAL_Y","50-249","D35","D01","BG",2008,9682
"EUR","P_SAL_Y","50-249","D35","D111","BG",2008,7561
"EUR","P_SAL_Y","50-249","D35","D1111","BG",2008,5855
"EUR","P_SAL_Y","50-249","E","D01","BG",2008,4148
"EUR","P_SAL_Y","50-249","E","D111","BG",2008,3363
"EUR","P_SAL_Y","50-249","E","D1111","BG",2008,2778
"EUR","P_SAL_Y","50-249","E36","D01","BG",2008,5030
"EUR","P_SAL_Y","50-249","E36","D111","BG",2008,4063
"EUR","P_SAL_Y","50-249","E36","D1111","BG",2008,3129
"EUR","P_SAL_Y","50-249","E37","D01","BG",2008,NA
"EUR","P_SAL_Y","50-249","E37","D111","BG",2008,NA
"EUR","P_SAL_Y","50-249","E37","D1111","BG",2008,NA
"EUR","P_SAL_Y","50-249","E38","D01","BG",2008,3154
"EUR","P_SAL_Y","50-249","E38","D111","BG",2008,2574
"EUR","P_SAL_Y","50-249","E38","D1111","BG",2008,2369
"EUR","P_SAL_Y","50-249","E39","D01","BG",2008,4469
"EUR","P_SAL_Y","50-249","E39","D111","BG",2008,3665
"EUR","P_SAL_Y","50-249","E39","D1111","BG",2008,3246
"EUR","P_SAL_Y","50-249","F","D01","BG",2008,3727
"EUR","P_SAL_Y","50-249","F","D111","BG",2008,3043
"EUR","P_SAL_Y","50-249","F","D1111","BG",2008,2827
"EUR","P_SAL_Y","50-249","F41","D01","BG",2008,3234
"EUR","P_SAL_Y","50-249","F41","D111","BG",2008,2651
"EUR","P_SAL_Y","50-249","F41","D1111","BG",2008,2473
"EUR","P_SAL_Y","50-249","F42","D01","BG",2008,4513
"EUR","P_SAL_Y","50-249","F42","D111","BG",2008,3635
"EUR","P_SAL_Y","50-249","F42","D1111","BG",2008,3341
"EUR","P_SAL_Y","50-249","F43","D01","BG",2008,4419
"EUR","P_SAL_Y","50-249","F43","D111","BG",2008,3643
"EUR","P_SAL_Y","50-249","F43","D1111","BG",2008,3395
"EUR","P_SAL_Y","50-249","G","D01","BG",2008,4685
"EUR","P_SAL_Y","50-249","G","D111","BG",2008,3950
"EUR","P_SAL_Y","50-249","G","D1111","BG",2008,3677
"EUR","P_SAL_Y","50-249","G-J","D01","BG",2008,5006
"EUR","P_SAL_Y","50-249","G-J","D111","BG",2008,4193
"EUR","P_SAL_Y","50-249","G-J","D1111","BG",2008,3828
"EUR","P_SAL_Y","50-249","G-N","D01","BG",2008,4922
"EUR","P_SAL_Y","50-249","G-N","D111","BG",2008,4144
"EUR","P_SAL_Y","50-249","G-N","D1111","BG",2008,3774
"EUR","P_SAL_Y","50-249","G-S_X_O","D01","BG",2008,4732
"EUR","P_SAL_Y","50-249","G-S_X_O","D111","BG",2008,3930
"EUR","P_SAL_Y","50-249","G-S_X_O","D1111","BG",2008,3513
"EUR","P_SAL_Y","50-249","G45","D01","BG",2008,6865
"EUR","P_SAL_Y","50-249","G45","D111","BG",2008,5813
"EUR","P_SAL_Y","50-249","G45","D1111","BG",2008,5389
"EUR","P_SAL_Y","50-249","G46","D01","BG",2008,5009
"EUR","P_SAL_Y","50-249","G46","D111","BG",2008,4248
"EUR","P_SAL_Y","50-249","G46","D1111","BG",2008,3960
"EUR","P_SAL_Y","50-249","G47","D01","BG",2008,3547
"EUR","P_SAL_Y","50-249","G47","D111","BG",2008,2947
"EUR","P_SAL_Y","50-249","G47","D1111","BG",2008,2742
"EUR","P_SAL_Y","50-249","H","D01","BG",2008,5117
"EUR","P_SAL_Y","50-249","H","D111","BG",2008,4224
"EUR","P_SAL_Y","50-249","H","D1111","BG",2008,3640
"EUR","P_SAL_Y","50-249","H49","D01","BG",2008,3904
"EUR","P_SAL_Y","50-249","H49","D111","BG",2008,3111
"EUR","P_SAL_Y","50-249","H49","D1111","BG",2008,2789
"EUR","P_SAL_Y","50-249","H50","D01","BG",2008,8009
"EUR","P_SAL_Y","50-249","H50","D111","BG",2008,6454
"EUR","P_SAL_Y","50-249","H50","D1111","BG",2008,5357
"EUR","P_SAL_Y","50-249","H51","D01","BG",2008,13018
"EUR","P_SAL_Y","50-249","H51","D111","BG",2008,10545
"EUR","P_SAL_Y","50-249","H51","D1111","BG",2008,9616
"EUR","P_SAL_Y","50-249","H52","D01","BG",2008,7080
"EUR","P_SAL_Y","50-249","H52","D111","BG",2008,6126
"EUR","P_SAL_Y","50-249","H52","D1111","BG",2008,5140
"EUR","P_SAL_Y","50-249","H53","D01","BG",2008,4229
"EUR","P_SAL_Y","50-249","H53","D111","BG",2008,3455
"EUR","P_SAL_Y","50-249","H53","D1111","BG",2008,2763
"EUR","P_SAL_Y","50-249","I","D01","BG",2008,3111
"EUR","P_SAL_Y","50-249","I","D111","BG",2008,2546
"EUR","P_SAL_Y","50-249","I","D1111","BG",2008,2361
"EUR","P_SAL_Y","50-249","I55","D01","BG",2008,3510
"EUR","P_SAL_Y","50-249","I55","D111","BG",2008,2870
"EUR","P_SAL_Y","50-249","I55","D1111","BG",2008,2659
"EUR","P_SAL_Y","50-249","I56","D01","BG",2008,2443
"EUR","P_SAL_Y","50-249","I56","D111","BG",2008,2005
"EUR","P_SAL_Y","50-249","I56","D1111","BG",2008,1864
"EUR","P_SAL_Y","50-249","J","D01","BG",2008,9216
"EUR","P_SAL_Y","50-249","J","D111","BG",2008,7835
"EUR","P_SAL_Y","50-249","J","D1111","BG",2008,7252
"EUR","P_SAL_Y","50-249","J58","D01","BG",2008,5993
"EUR","P_SAL_Y","50-249","J58","D111","BG",2008,5095
"EUR","P_SAL_Y","50-249","J58","D1111","BG",2008,4724
"EUR","P_SAL_Y","50-249","J59","D01","BG",2008,6833
"EUR","P_SAL_Y","50-249","J59","D111","BG",2008,5670
"EUR","P_SAL_Y","50-249","J59","D1111","BG",2008,5300
"EUR","P_SAL_Y","50-249","J60","D01","BG",2008,5969
"EUR","P_SAL_Y","50-249","J60","D111","BG",2008,5006
"EUR","P_SAL_Y","50-249","J60","D1111","BG",2008,4704
"EUR","P_SAL_Y","50-249","J61","D01","BG",2008,8071
"EUR","P_SAL_Y","50-249","J61","D111","BG",2008,6601
"EUR","P_SAL_Y","50-249","J61","D1111","BG",2008,6119
"EUR","P_SAL_Y","50-249","J62","D01","BG",2008,13723
"EUR","P_SAL_Y","50-249","J62","D111","BG",2008,11940
"EUR","P_SAL_Y","50-249","J62","D1111","BG",2008,11064
"EUR","P_SAL_Y","50-249","J63","D01","BG",2008,7462
"EUR","P_SAL_Y","50-249","J63","D111","BG",2008,6272
"EUR","P_SAL_Y","50-249","J63","D1111","BG",2008,5574
"EUR","P_SAL_Y","50-249","K","D01","BG",2008,9592
"EUR","P_SAL_Y","50-249","K","D111","BG",2008,8078
"EUR","P_SAL_Y","50-249","K","D1111","BG",2008,7254
"EUR","P_SAL_Y","50-249","K-N","D01","BG",2008,4749
"EUR","P_SAL_Y","50-249","K-N","D111","BG",2008,4044
"EUR","P_SAL_Y","50-249","K-N","D1111","BG",2008,3662
"EUR","P_SAL_Y","50-249","K64","D01","BG",2008,9347
"EUR","P_SAL_Y","50-249","K64","D111","BG",2008,7904
"EUR","P_SAL_Y","50-249","K64","D1111","BG",2008,7038
"EUR","P_SAL_Y","50-249","K65","D01","BG",2008,11136
"EUR","P_SAL_Y","50-249","K65","D111","BG",2008,9331
"EUR","P_SAL_Y","50-249","K65","D1111","BG",2008,8758
"EUR","P_SAL_Y","50-249","K66","D01","BG",2008,9810
"EUR","P_SAL_Y","50-249","K66","D111","BG",2008,7977
"EUR","P_SAL_Y","50-249","K66","D1111","BG",2008,7207
"EUR","P_SAL_Y","50-249","L","D01","BG",2008,NA
"EUR","P_SAL_Y","50-249","L","D111","BG",2008,NA
"EUR","P_SAL_Y","50-249","L","D1111","BG",2008,NA
"EUR","P_SAL_Y","50-249","L68","D01","BG",2008,NA
"EUR","P_SAL_Y","50-249","L68","D111","BG",2008,NA
"EUR","P_SAL_Y","50-249","L68","D1111","BG",2008,NA
"EUR","P_SAL_Y","50-249","M","D01","BG",2008,7449
"EUR","P_SAL_Y","50-249","M","D111","BG",2008,6274
"EUR","P_SAL_Y","50-249","M","D1111","BG",2008,5623
"EUR","P_SAL_Y","50-249","M69","D01","BG",2008,NA
"EUR","P_SAL_Y","50-249","M69","D111","BG",2008,NA
"EUR","P_SAL_Y","50-249","M69","D1111","BG",2008,NA
"EUR","P_SAL_Y","50-249","M70","D01","BG",2008,NA
"EUR","P_SAL_Y","50-249","M70","D111","BG",2008,NA
"EUR","P_SAL_Y","50-249","M70","D1111","BG",2008,NA
"EUR","P_SAL_Y","50-249","M71","D01","BG",2008,8701
"EUR","P_SAL_Y","50-249","M71","D111","BG",2008,7286
"EUR","P_SAL_Y","50-249","M71","D1111","BG",2008,6379
"EUR","P_SAL_Y","50-249","M72","D01","BG",2008,4706
"EUR","P_SAL_Y","50-249","M72","D111","BG",2008,3864
"EUR","P_SAL_Y","50-249","M72","D1111","BG",2008,3367
"EUR","P_SAL_Y","50-249","M73","D01","BG",2008,NA
"EUR","P_SAL_Y","50-249","M73","D111","BG",2008,NA
"EUR","P_SAL_Y","50-249","M73","D1111","BG",2008,NA
"EUR","P_SAL_Y","50-249","M74","D01","BG",2008,NA
"EUR","P_SAL_Y","50-249","M74","D111","BG",2008,NA
"EUR","P_SAL_Y","50-249","M74","D1111","BG",2008,NA
"EUR","P_SAL_Y","50-249","N","D01","BG",2008,2101
"EUR","P_SAL_Y","50-249","N","D111","BG",2008,1855
"EUR","P_SAL_Y","50-249","N","D1111","BG",2008,1729
"EUR","P_SAL_Y","50-249","N77","D01","BG",2008,6872
"EUR","P_SAL_Y","50-249","N77","D111","BG",2008,5771
"EUR","P_SAL_Y","50-249","N77","D1111","BG",2008,5210
"EUR","P_SAL_Y","50-249","N78","D01","BG",2008,6308
"EUR","P_SAL_Y","50-249","N78","D111","BG",2008,5251
"EUR","P_SAL_Y","50-249","N78","D1111","BG",2008,4805
"EUR","P_SAL_Y","50-249","N79","D01","BG",2008,3684
"EUR","P_SAL_Y","50-249","N79","D111","BG",2008,3073
"EUR","P_SAL_Y","50-249","N79","D1111","BG",2008,2921
"EUR","P_SAL_Y","50-249","N80","D01","BG",2008,2060
"EUR","P_SAL_Y","50-249","N80","D111","BG",2008,1697
"EUR","P_SAL_Y","50-249","N80","D1111","BG",2008,1599
"EUR","P_SAL_Y","50-249","N81","D01","BG",2008,1596
"EUR","P_SAL_Y","50-249","N81","D111","BG",2008,1539
"EUR","P_SAL_Y","50-249","N81","D1111","BG",2008,1423
"EUR","P_SAL_Y","50-249","N82","D01","BG",2008,5424
"EUR","P_SAL_Y","50-249","N82","D111","BG",2008,4461
"EUR","P_SAL_Y","50-249","N82","D1111","BG",2008,4184
"EUR","P_SAL_Y","50-249","O","D01","BG",2008,5258
"EUR","P_SAL_Y","50-249","O","D111","BG",2008,4162
"EUR","P_SAL_Y","50-249","O","D1111","BG",2008,3746
"EUR","P_SAL_Y","50-249","O-S","D01","BG",2008,4690
"EUR","P_SAL_Y","50-249","O-S","D111","BG",2008,3761
"EUR","P_SAL_Y","50-249","O-S","D1111","BG",2008,3291
"EUR","P_SAL_Y","50-249","O84","D01","BG",2008,5258
"EUR","P_SAL_Y","50-249","O84","D111","BG",2008,4162
"EUR","P_SAL_Y","50-249","O84","D1111","BG",2008,3746
"EUR","P_SAL_Y","50-249","P","D01","BG",2008,4649
"EUR","P_SAL_Y","50-249","P","D111","BG",2008,3696
"EUR","P_SAL_Y","50-249","P","D1111","BG",2008,3068
"EUR","P_SAL_Y","50-249","P-S","D01","BG",2008,4405
"EUR","P_SAL_Y","50-249","P-S","D111","BG",2008,3560
"EUR","P_SAL_Y","50-249","P-S","D1111","BG",2008,3063
"EUR","P_SAL_Y","50-249","P85","D01","BG",2008,4649
"EUR","P_SAL_Y","50-249","P85","D111","BG",2008,3696
"EUR","P_SAL_Y","50-249","P85","D1111","BG",2008,3068
"EUR","P_SAL_Y","50-249","Q","D01","BG",2008,4113
"EUR","P_SAL_Y","50-249","Q","D111","BG",2008,3376
"EUR","P_SAL_Y","50-249","Q","D1111","BG",2008,3016
"EUR","P_SAL_Y","50-249","Q86","D01","BG",2008,4727
"EUR","P_SAL_Y","50-249","Q86","D111","BG",2008,3875
"EUR","P_SAL_Y","50-249","Q86","D1111","BG",2008,3483
"EUR","P_SAL_Y","50-249","Q87","D01","BG",2008,3251
"EUR","P_SAL_Y","50-249","Q87","D111","BG",2008,2674
"EUR","P_SAL_Y","50-249","Q87","D1111","BG",2008,2335
"EUR","P_SAL_Y","50-249","Q88","D01","BG",2008,2765
"EUR","P_SAL_Y","50-249","Q88","D111","BG",2008,2279
"EUR","P_SAL_Y","50-249","Q88","D1111","BG",2008,2013
"EUR","P_SAL_Y","50-249","R","D01","BG",2008,4207
"EUR","P_SAL_Y","50-249","R","D111","BG",2008,3518
"EUR","P_SAL_Y","50-249","R","D1111","BG",2008,3194
"EUR","P_SAL_Y","50-249","R90","D01","BG",2008,3666
"EUR","P_SAL_Y","50-249","R90","D111","BG",2008,2964
"EUR","P_SAL_Y","50-249","R90","D1111","BG",2008,2587
"EUR","P_SAL_Y","50-249","R91","D01","BG",2008,NA
"EUR","P_SAL_Y","50-249","R91","D111","BG",2008,NA
"EUR","P_SAL_Y","50-249","R91","D1111","BG",2008,NA
"EUR","P_SAL_Y","50-249","R92","D01","BG",2008,3789
"EUR","P_SAL_Y","50-249","R92","D111","BG",2008,3142
"EUR","P_SAL_Y","50-249","R92","D1111","BG",2008,2898
"EUR","P_SAL_Y","50-249","R93","D01","BG",2008,NA
"EUR","P_SAL_Y","50-249","R93","D111","BG",2008,NA
"EUR","P_SAL_Y","50-249","R93","D1111","BG",2008,NA
"EUR","P_SAL_Y","50-249","S","D01","BG",2008,NA
"EUR","P_SAL_Y","50-249","S","D111","BG",2008,NA
"EUR","P_SAL_Y","50-249","S","D1111","BG",2008,NA
"EUR","P_SAL_Y","50-249","S94","D01","BG",2008,NA
"EUR","P_SAL_Y","50-249","S94","D111","BG",2008,NA
"EUR","P_SAL_Y","50-249","S94","D1111","BG",2008,NA
"EUR","P_SAL_Y","50-249","S95","D01","BG",2008,NA
"EUR","P_SAL_Y","50-249","S95","D111","BG",2008,NA
"EUR","P_SAL_Y","50-249","S95","D1111","BG",2008,NA
"EUR","P_SAL_Y","50-249","S96","D01","BG",2008,3843
"EUR","P_SAL_Y","50-249","S96","D111","BG",2008,3167
"EUR","P_SAL_Y","50-249","S96","D1111","BG",2008,2784
"EUR","P_SAL_Y","500-999","B","D01","BG",2008,8300
"EUR","P_SAL_Y","500-999","B","D111","BG",2008,6178
"EUR","P_SAL_Y","500-999","B","D1111","BG",2008,5244
"EUR","P_SAL_Y","500-999","B-E","D01","BG",2008,5759
"EUR","P_SAL_Y","500-999","B-E","D111","BG",2008,4527
"EUR","P_SAL_Y","500-999","B-E","D1111","BG",2008,3926
"EUR","P_SAL_Y","500-999","B-F","D01","BG",2008,5730
"EUR","P_SAL_Y","500-999","B-F","D111","BG",2008,4526
"EUR","P_SAL_Y","500-999","B-F","D1111","BG",2008,3962
"EUR","P_SAL_Y","500-999","B-N","D01","BG",2008,6248
"EUR","P_SAL_Y","500-999","B-N","D111","BG",2008,5026
"EUR","P_SAL_Y","500-999","B-N","D1111","BG",2008,4342
"EUR","P_SAL_Y","500-999","B-S","D01","BG",2008,6203
"EUR","P_SAL_Y","500-999","B-S","D111","BG",2008,5002
"EUR","P_SAL_Y","500-999","B-S","D1111","BG",2008,4358
"EUR","P_SAL_Y","500-999","B-S_X_O","D01","BG",2008,6097
"EUR","P_SAL_Y","500-999","B-S_X_O","D111","BG",2008,4924
"EUR","P_SAL_Y","500-999","B-S_X_O","D1111","BG",2008,4272
"EUR","P_SAL_Y","500-999","B05","D01","BG",2008,NA
"EUR","P_SAL_Y","500-999","B05","D111","BG",2008,NA
"EUR","P_SAL_Y","500-999","B05","D1111","BG",2008,NA
"EUR","P_SAL_Y","500-999","B06","D01","BG",2008,NA
"EUR","P_SAL_Y","500-999","B06","D111","BG",2008,NA
"EUR","P_SAL_Y","500-999","B06","D1111","BG",2008,NA
"EUR","P_SAL_Y","500-999","B07","D01","BG",2008,9618
"EUR","P_SAL_Y","500-999","B07","D111","BG",2008,7206
"EUR","P_SAL_Y","500-999","B07","D1111","BG",2008,6029
"EUR","P_SAL_Y","500-999","B08","D01","BG",2008,NA
"EUR","P_SAL_Y","500-999","B08","D111","BG",2008,NA
"EUR","P_SAL_Y","500-999","B08","D1111","BG",2008,NA
"EUR","P_SAL_Y","500-999","C","D01","BG",2008,5338
"EUR","P_SAL_Y","500-999","C","D111","BG",2008,4249
"EUR","P_SAL_Y","500-999","C","D1111","BG",2008,3748
"EUR","P_SAL_Y","500-999","C10","D01","BG",2008,NA
"EUR","P_SAL_Y","500-999","C10","D111","BG",2008,NA
"EUR","P_SAL_Y","500-999","C10","D1111","BG",2008,NA
"EUR","P_SAL_Y","500-999","C11","D01","BG",2008,5535
"EUR","P_SAL_Y","500-999","C11","D111","BG",2008,4627
"EUR","P_SAL_Y","500-999","C11","D1111","BG",2008,4064
"EUR","P_SAL_Y","500-999","C12","D01","BG",2008,NA
"EUR","P_SAL_Y","500-999","C12","D111","BG",2008,NA
"EUR","P_SAL_Y","500-999","C12","D1111","BG",2008,NA
"EUR","P_SAL_Y","500-999","C13","D01","BG",2008,3557
"EUR","P_SAL_Y","500-999","C13","D111","BG",2008,2866
"EUR","P_SAL_Y","500-999","C13","D1111","BG",2008,2594
"EUR","P_SAL_Y","500-999","C14","D01","BG",2008,3195
"EUR","P_SAL_Y","500-999","C14","D111","BG",2008,2611
"EUR","P_SAL_Y","500-999","C14","D1111","BG",2008,2368
"EUR","P_SAL_Y","500-999","C15","D01","BG",2008,2156
"EUR","P_SAL_Y","500-999","C15","D111","BG",2008,1752
"EUR","P_SAL_Y","500-999","C15","D1111","BG",2008,1617
"EUR","P_SAL_Y","500-999","C16","D01","BG",2008,NA
"EUR","P_SAL_Y","500-999","C16","D111","BG",2008,NA
"EUR","P_SAL_Y","500-999","C16","D1111","BG",2008,NA
"EUR","P_SAL_Y","500-999","C17","D01","BG",2008,6904
"EUR","P_SAL_Y","500-999","C17","D111","BG",2008,5559
"EUR","P_SAL_Y","500-999","C17","D1111","BG",2008,4802
"EUR","P_SAL_Y","500-999","C20","D01","BG",2008,9529
"EUR","P_SAL_Y","500-999","C20","D111","BG",2008,6356
"EUR","P_SAL_Y","500-999","C20","D1111","BG",2008,5123
"EUR","P_SAL_Y","500-999","C21","D01","BG",2008,6038
"EUR","P_SAL_Y","500-999","C21","D111","BG",2008,4651
"EUR","P_SAL_Y","500-999","C21","D1111","BG",2008,4161
"EUR","P_SAL_Y","500-999","C22","D01","BG",2008,NA
"EUR","P_SAL_Y","500-999","C22","D111","BG",2008,NA
"EUR","P_SAL_Y","500-999","C22","D1111","BG",2008,NA
"EUR","P_SAL_Y","500-999","C23","D01","BG",2008,6364
"EUR","P_SAL_Y","500-999","C23","D111","BG",2008,5006
"EUR","P_SAL_Y","500-999","C23","D1111","BG",2008,4439
"EUR","P_SAL_Y","500-999","C24","D01","BG",2008,8458
"EUR","P_SAL_Y","500-999","C24","D111","BG",2008,6599
"EUR","P_SAL_Y","500-999","C24","D1111","BG",2008,5758
"EUR","P_SAL_Y","500-999","C25","D01","BG",2008,4731
"EUR","P_SAL_Y","500-999","C25","D111","BG",2008,3840
"EUR","P_SAL_Y","500-999","C25","D1111","BG",2008,3469
"EUR","P_SAL_Y","500-999","C27","D01","BG",2008,NA
"EUR","P_SAL_Y","500-999","C27","D111","BG",2008,NA
"EUR","P_SAL_Y","500-999","C27","D1111","BG",2008,NA
"EUR","P_SAL_Y","500-999","C28","D01","BG",2008,4806
"EUR","P_SAL_Y","500-999","C28","D111","BG",2008,3881
"EUR","P_SAL_Y","500-999","C28","D1111","BG",2008,3437
"EUR","P_SAL_Y","500-999","C29","D01","BG",2008,3301
"EUR","P_SAL_Y","500-999","C29","D111","BG",2008,2682
"EUR","P_SAL_Y","500-999","C29","D1111","BG",2008,2319
"EUR","P_SAL_Y","500-999","C30","D01","BG",2008,NA
"EUR","P_SAL_Y","500-999","C30","D111","BG",2008,NA
"EUR","P_SAL_Y","500-999","C30","D1111","BG",2008,NA
"EUR","P_SAL_Y","500-999","C31","D01","BG",2008,3350
"EUR","P_SAL_Y","500-999","C31","D111","BG",2008,2696
"EUR","P_SAL_Y","500-999","C31","D1111","BG",2008,2494
"EUR","P_SAL_Y","500-999","C32","D01","BG",2008,NA
"EUR","P_SAL_Y","500-999","C32","D111","BG",2008,NA
"EUR","P_SAL_Y","500-999","C32","D1111","BG",2008,NA
"EUR","P_SAL_Y","500-999","C33","D01","BG",2008,7673
"EUR","P_SAL_Y","500-999","C33","D111","BG",2008,6138
"EUR","P_SAL_Y","500-999","C33","D1111","BG",2008,5314
"EUR","P_SAL_Y","500-999","D","D01","BG",2008,9237
"EUR","P_SAL_Y","500-999","D","D111","BG",2008,6781
"EUR","P_SAL_Y","500-999","D","D1111","BG",2008,5280
"EUR","P_SAL_Y","500-999","D35","D01","BG",2008,9237
"EUR","P_SAL_Y","500-999","D35","D111","BG",2008,6781
"EUR","P_SAL_Y","500-999","D35","D1111","BG",2008,5280
"EUR","P_SAL_Y","500-999","E","D01","BG",2008,4844
"EUR","P_SAL_Y","500-999","E","D111","BG",2008,3983
"EUR","P_SAL_Y","500-999","E","D1111","BG",2008,3429
"EUR","P_SAL_Y","500-999","E36","D01","BG",2008,5575
"EUR","P_SAL_Y","500-999","E36","D111","BG",2008,4547
"EUR","P_SAL_Y","500-999","E36","D1111","BG",2008,3443
"EUR","P_SAL_Y","500-999","E38","D01","BG",2008,4522
"EUR","P_SAL_Y","500-999","E38","D111","BG",2008,3735
"EUR","P_SAL_Y","500-999","E38","D1111","BG",2008,3422
"EUR","P_SAL_Y","500-999","F","D01","BG",2008,5512
"EUR","P_SAL_Y","500-999","F","D111","BG",2008,4522
"EUR","P_SAL_Y","500-999","F","D1111","BG",2008,4229
"EUR","P_SAL_Y","500-999","F41","D01","BG",2008,4819
"EUR","P_SAL_Y","500-999","F41","D111","BG",2008,4034
"EUR","P_SAL_Y","500-999","F41","D1111","BG",2008,3825
"EUR","P_SAL_Y","500-999","F42","D01","BG",2008,NA
"EUR","P_SAL_Y","500-999","F42","D111","BG",2008,NA
"EUR","P_SAL_Y","500-999","F42","D1111","BG",2008,NA
"EUR","P_SAL_Y","500-999","F43","D01","BG",2008,NA
"EUR","P_SAL_Y","500-999","F43","D111","BG",2008,NA
"EUR","P_SAL_Y","500-999","F43","D1111","BG",2008,NA
"EUR","P_SAL_Y","500-999","G","D01","BG",2008,6302
"EUR","P_SAL_Y","500-999","G","D111","BG",2008,5241
"EUR","P_SAL_Y","500-999","G","D1111","BG",2008,4849
"EUR","P_SAL_Y","500-999","G-J","D01","BG",2008,7282
"EUR","P_SAL_Y","500-999","G-J","D111","BG",2008,5975
"EUR","P_SAL_Y","500-999","G-J","D1111","BG",2008,5002
"EUR","P_SAL_Y","500-999","G-N","D01","BG",2008,7166
"EUR","P_SAL_Y","500-999","G-N","D111","BG",2008,5914
"EUR","P_SAL_Y","500-999","G-N","D1111","BG",2008,5017
"EUR","P_SAL_Y","500-999","G-S_X_O","D01","BG",2008,6492
"EUR","P_SAL_Y","500-999","G-S_X_O","D111","BG",2008,5351
"EUR","P_SAL_Y","500-999","G-S_X_O","D1111","BG",2008,4605
"EUR","P_SAL_Y","500-999","G45","D01","BG",2008,9734
"EUR","P_SAL_Y","500-999","G45","D111","BG",2008,8241
"EUR","P_SAL_Y","500-999","G45","D1111","BG",2008,7497
"EUR","P_SAL_Y","500-999","G46","D01","BG",2008,7103
"EUR","P_SAL_Y","500-999","G46","D111","BG",2008,5950
"EUR","P_SAL_Y","500-999","G46","D1111","BG",2008,5501
"EUR","P_SAL_Y","500-999","G47","D01","BG",2008,4837
"EUR","P_SAL_Y","500-999","G47","D111","BG",2008,3957
"EUR","P_SAL_Y","500-999","G47","D1111","BG",2008,3702
"EUR","P_SAL_Y","500-999","H","D01","BG",2008,8049
"EUR","P_SAL_Y","500-999","H","D111","BG",2008,6518
"EUR","P_SAL_Y","500-999","H","D1111","BG",2008,5033
"EUR","P_SAL_Y","500-999","H49","D01","BG",2008,5581
"EUR","P_SAL_Y","500-999","H49","D111","BG",2008,4378
"EUR","P_SAL_Y","500-999","H49","D1111","BG",2008,3347
"EUR","P_SAL_Y","500-999","H50","D01","BG",2008,NA
"EUR","P_SAL_Y","500-999","H50","D111","BG",2008,NA
"EUR","P_SAL_Y","500-999","H50","D1111","BG",2008,NA
"EUR","P_SAL_Y","500-999","H51","D01","BG",2008,NA
"EUR","P_SAL_Y","500-999","H51","D111","BG",2008,NA
"EUR","P_SAL_Y","500-999","H51","D1111","BG",2008,NA
"EUR","P_SAL_Y","500-999","H52","D01","BG",2008,11670
"EUR","P_SAL_Y","500-999","H52","D111","BG",2008,9589
"EUR","P_SAL_Y","500-999","H52","D1111","BG",2008,7265
"EUR","P_SAL_Y","500-999","H53","D01","BG",2008,NA
"EUR","P_SAL_Y","500-999","H53","D111","BG",2008,NA
"EUR","P_SAL_Y","500-999","H53","D1111","BG",2008,NA
"EUR","P_SAL_Y","500-999","I","D01","BG",2008,NA
"EUR","P_SAL_Y","500-999","I","D111","BG",2008,NA
"EUR","P_SAL_Y","500-999","I","D1111","BG",2008,NA
"EUR","P_SAL_Y","500-999","I55","D01","BG",2008,NA
"EUR","P_SAL_Y","500-999","I55","D111","BG",2008,NA
"EUR","P_SAL_Y","500-999","I55","D1111","BG",2008,NA
"EUR","P_SAL_Y","500-999","I56","D01","BG",2008,NA
"EUR","P_SAL_Y","500-999","I56","D111","BG",2008,NA
"EUR","P_SAL_Y","500-999","I56","D1111","BG",2008,NA
"EUR","P_SAL_Y","500-999","J","D01","BG",2008,8720
"EUR","P_SAL_Y","500-999","J","D111","BG",2008,7399
"EUR","P_SAL_Y","500-999","J","D1111","BG",2008,6736
"EUR","P_SAL_Y","500-999","J58","D01","BG",2008,NA
"EUR","P_SAL_Y","500-999","J58","D111","BG",2008,NA
"EUR","P_SAL_Y","500-999","J58","D1111","BG",2008,NA
"EUR","P_SAL_Y","500-999","J60","D01","BG",2008,NA
"EUR","P_SAL_Y","500-999","J60","D111","BG",2008,NA
"EUR","P_SAL_Y","500-999","J60","D1111","BG",2008,NA
"EUR","P_SAL_Y","500-999","J61","D01","BG",2008,NA
"EUR","P_SAL_Y","500-999","J61","D111","BG",2008,NA
"EUR","P_SAL_Y","500-999","J61","D1111","BG",2008,NA
"EUR","P_SAL_Y","500-999","J62","D01","BG",2008,NA
"EUR","P_SAL_Y","500-999","J62","D111","BG",2008,NA
"EUR","P_SAL_Y","500-999","J62","D1111","BG",2008,NA
"EUR","P_SAL_Y","500-999","K","D01","BG",2008,11170
"EUR","P_SAL_Y","500-999","K","D111","BG",2008,9444
"EUR","P_SAL_Y","500-999","K","D1111","BG",2008,8204
"EUR","P_SAL_Y","500-999","K-N","D01","BG",2008,6953
"EUR","P_SAL_Y","500-999","K-N","D111","BG",2008,5801
"EUR","P_SAL_Y","500-999","K-N","D1111","BG",2008,5045
"EUR","P_SAL_Y","500-999","K64","D01","BG",2008,11170
"EUR","P_SAL_Y","500-999","K64","D111","BG",2008,9444
"EUR","P_SAL_Y","500-999","K64","D1111","BG",2008,8204
"EUR","P_SAL_Y","500-999","K65","D01","BG",2008,NA
"EUR","P_SAL_Y","500-999","K65","D111","BG",2008,NA
"EUR","P_SAL_Y","500-999","K65","D1111","BG",2008,NA
"EUR","P_SAL_Y","500-999","M","D01","BG",2008,NA
"EUR","P_SAL_Y","500-999","M","D111","BG",2008,NA
"EUR","P_SAL_Y","500-999","M","D1111","BG",2008,NA
"EUR","P_SAL_Y","500-999","M70","D01","BG",2008,NA
"EUR","P_SAL_Y","500-999","M70","D111","BG",2008,NA
"EUR","P_SAL_Y","500-999","M70","D1111","BG",2008,NA
"EUR","P_SAL_Y","500-999","M73","D01","BG",2008,NA
"EUR","P_SAL_Y","500-999","M73","D111","BG",2008,NA
"EUR","P_SAL_Y","500-999","M73","D1111","BG",2008,NA
"EUR","P_SAL_Y","500-999","N","D01","BG",2008,2545
"EUR","P_SAL_Y","500-999","N","D111","BG",2008,2069
"EUR","P_SAL_Y","500-999","N","D1111","BG",2008,1912
"EUR","P_SAL_Y","500-999","N78","D01","BG",2008,NA
"EUR","P_SAL_Y","500-999","N78","D111","BG",2008,NA
"EUR","P_SAL_Y","500-999","N78","D1111","BG",2008,NA
"EUR","P_SAL_Y","500-999","N80","D01","BG",2008,1988
"EUR","P_SAL_Y","500-999","N80","D111","BG",2008,1625
"EUR","P_SAL_Y","500-999","N80","D1111","BG",2008,1536
"EUR","P_SAL_Y","500-999","N81","D01","BG",2008,NA
"EUR","P_SAL_Y","500-999","N81","D111","BG",2008,NA
"EUR","P_SAL_Y","500-999","N81","D1111","BG",2008,NA
"EUR","P_SAL_Y","500-999","N82","D01","BG",2008,NA
"EUR","P_SAL_Y","500-999","N82","D111","BG",2008,NA
"EUR","P_SAL_Y","500-999","N82","D1111","BG",2008,NA
"EUR","P_SAL_Y","500-999","O","D01","BG",2008,8294
"EUR","P_SAL_Y","500-999","O","D111","BG",2008,6557
"EUR","P_SAL_Y","500-999","O","D1111","BG",2008,6056
"EUR","P_SAL_Y","500-999","O-S","D01","BG",2008,6050
"EUR","P_SAL_Y","500-999","O-S","D111","BG",2008,4920
"EUR","P_SAL_Y","500-999","O-S","D1111","BG",2008,4408
"EUR","P_SAL_Y","500-999","O84","D01","BG",2008,8294
"EUR","P_SAL_Y","500-999","O84","D111","BG",2008,6557
"EUR","P_SAL_Y","500-999","O84","D1111","BG",2008,6056
"EUR","P_SAL_Y","500-999","P","D01","BG",2008,6142
"EUR","P_SAL_Y","500-999","P","D111","BG",2008,5054
"EUR","P_SAL_Y","500-999","P","D1111","BG",2008,4310
"EUR","P_SAL_Y","500-999","P-S","D01","BG",2008,5459
"EUR","P_SAL_Y","500-999","P-S","D111","BG",2008,4489
"EUR","P_SAL_Y","500-999","P-S","D1111","BG",2008,3974
"EUR","P_SAL_Y","500-999","P85","D01","BG",2008,6142
"EUR","P_SAL_Y","500-999","P85","D111","BG",2008,5054
"EUR","P_SAL_Y","500-999","P85","D1111","BG",2008,4310
"EUR","P_SAL_Y","500-999","Q","D01","BG",2008,5142
"EUR","P_SAL_Y","500-999","Q","D111","BG",2008,4228
"EUR","P_SAL_Y","500-999","Q","D1111","BG",2008,3819
"EUR","P_SAL_Y","500-999","Q86","D01","BG",2008,5142
"EUR","P_SAL_Y","500-999","Q86","D111","BG",2008,4228
"EUR","P_SAL_Y","500-999","Q86","D1111","BG",2008,3819
"EUR","P_SAL_Y","500-999","Q87","D01","BG",2008,NA
"EUR","P_SAL_Y","500-999","Q87","D111","BG",2008,NA
"EUR","P_SAL_Y","500-999","Q87","D1111","BG",2008,NA
"EUR","P_SAL_Y","500-999","Q88","D01","BG",2008,NA
"EUR","P_SAL_Y","500-999","Q88","D111","BG",2008,NA
"EUR","P_SAL_Y","500-999","Q88","D1111","BG",2008,NA
"EUR","P_SAL_Y","GE10","B","D01","BG",2008,7646
"EUR","P_SAL_Y","GE10","B","D111","BG",2008,5608
"EUR","P_SAL_Y","GE10","B","D1111","BG",2008,4755
"EUR","P_SAL_Y","GE10","B-E","D01","BG",2008,4404
"EUR","P_SAL_Y","GE10","B-E","D111","BG",2008,3507
"EUR","P_SAL_Y","GE10","B-E","D1111","BG",2008,3058
"EUR","P_SAL_Y","GE10","B-F","D01","BG",2008,4209
"EUR","P_SAL_Y","GE10","B-F","D111","BG",2008,3372
"EUR","P_SAL_Y","GE10","B-F","D1111","BG",2008,2984
"EUR","P_SAL_Y","GE10","B-N","D01","BG",2008,4504
"EUR","P_SAL_Y","GE10","B-N","D111","BG",2008,3682
"EUR","P_SAL_Y","GE10","B-N","D1111","BG",2008,3289
"EUR","P_SAL_Y","GE10","B-S","D01","BG",2008,4587
"EUR","P_SAL_Y","GE10","B-S","D111","BG",2008,3734
"EUR","P_SAL_Y","GE10","B-S","D1111","BG",2008,3322
"EUR","P_SAL_Y","GE10","B-S_X_O","D01","BG",2008,4491
"EUR","P_SAL_Y","GE10","B-S_X_O","D111","BG",2008,3666
"EUR","P_SAL_Y","GE10","B-S_X_O","D1111","BG",2008,3258
"EUR","P_SAL_Y","GE10","B05","D01","BG",2008,8319
"EUR","P_SAL_Y","GE10","B05","D111","BG",2008,5868
"EUR","P_SAL_Y","GE10","B05","D1111","BG",2008,4742
"EUR","P_SAL_Y","GE10","B06","D01","BG",2008,NA
"EUR","P_SAL_Y","GE10","B06","D111","BG",2008,NA
"EUR","P_SAL_Y","GE10","B06","D1111","BG",2008,NA
"EUR","P_SAL_Y","GE10","B07","D01","BG",2008,9253
"EUR","P_SAL_Y","GE10","B07","D111","BG",2008,6974
"EUR","P_SAL_Y","GE10","B07","D1111","BG",2008,6128
"EUR","P_SAL_Y","GE10","B08","D01","BG",2008,5230
"EUR","P_SAL_Y","GE10","B08","D111","BG",2008,4047
"EUR","P_SAL_Y","GE10","B08","D1111","BG",2008,3638
"EUR","P_SAL_Y","GE10","B09","D01","BG",2008,NA
"EUR","P_SAL_Y","GE10","B09","D111","BG",2008,NA
"EUR","P_SAL_Y","GE10","B09","D1111","BG",2008,NA
"EUR","P_SAL_Y","GE10","C","D01","BG",2008,3847
"EUR","P_SAL_Y","GE10","C","D111","BG",2008,3102
"EUR","P_SAL_Y","GE10","C","D1111","BG",2008,2784
"EUR","P_SAL_Y","GE10","C10","D01","BG",2008,3129
"EUR","P_SAL_Y","GE10","C10","D111","BG",2008,2573
"EUR","P_SAL_Y","GE10","C10","D1111","BG",2008,2377
"EUR","P_SAL_Y","GE10","C11","D01","BG",2008,5092
"EUR","P_SAL_Y","GE10","C11","D111","BG",2008,4248
"EUR","P_SAL_Y","GE10","C11","D1111","BG",2008,3751
"EUR","P_SAL_Y","GE10","C12","D01","BG",2008,NA
"EUR","P_SAL_Y","GE10","C12","D111","BG",2008,NA
"EUR","P_SAL_Y","GE10","C12","D1111","BG",2008,NA
"EUR","P_SAL_Y","GE10","C13","D01","BG",2008,3469
"EUR","P_SAL_Y","GE10","C13","D111","BG",2008,2794
"EUR","P_SAL_Y","GE10","C13","D1111","BG",2008,2537
"EUR","P_SAL_Y","GE10","C14","D01","BG",2008,2369
"EUR","P_SAL_Y","GE10","C14","D111","BG",2008,1942
"EUR","P_SAL_Y","GE10","C14","D1111","BG",2008,1764
"EUR","P_SAL_Y","GE10","C15","D01","BG",2008,2124
"EUR","P_SAL_Y","GE10","C15","D111","BG",2008,1738
"EUR","P_SAL_Y","GE10","C15","D1111","BG",2008,1593
"EUR","P_SAL_Y","GE10","C16","D01","BG",2008,2984
"EUR","P_SAL_Y","GE10","C16","D111","BG",2008,2445
"EUR","P_SAL_Y","GE10","C16","D1111","BG",2008,2226
"EUR","P_SAL_Y","GE10","C17","D01","BG",2008,3750
"EUR","P_SAL_Y","GE10","C17","D111","BG",2008,3039
"EUR","P_SAL_Y","GE10","C17","D1111","BG",2008,2694
"EUR","P_SAL_Y","GE10","C18","D01","BG",2008,4368
"EUR","P_SAL_Y","GE10","C18","D111","BG",2008,3624
"EUR","P_SAL_Y","GE10","C18","D1111","BG",2008,3284
"EUR","P_SAL_Y","GE10","C19","D01","BG",2008,NA
"EUR","P_SAL_Y","GE10","C19","D111","BG",2008,NA
"EUR","P_SAL_Y","GE10","C19","D1111","BG",2008,NA
"EUR","P_SAL_Y","GE10","C20","D01","BG",2008,5792
"EUR","P_SAL_Y","GE10","C20","D111","BG",2008,4499
"EUR","P_SAL_Y","GE10","C20","D1111","BG",2008,3958
"EUR","P_SAL_Y","GE10","C21","D01","BG",2008,6001
"EUR","P_SAL_Y","GE10","C21","D111","BG",2008,4756
"EUR","P_SAL_Y","GE10","C21","D1111","BG",2008,4199
"EUR","P_SAL_Y","GE10","C22","D01","BG",2008,2908
"EUR","P_SAL_Y","GE10","C22","D111","BG",2008,2386
"EUR","P_SAL_Y","GE10","C22","D1111","BG",2008,2190
"EUR","P_SAL_Y","GE10","C23","D01","BG",2008,4747
"EUR","P_SAL_Y","GE10","C23","D111","BG",2008,3811
"EUR","P_SAL_Y","GE10","C23","D1111","BG",2008,3432
"EUR","P_SAL_Y","GE10","C24","D01","BG",2008,8026
"EUR","P_SAL_Y","GE10","C24","D111","BG",2008,6208
"EUR","P_SAL_Y","GE10","C24","D1111","BG",2008,5419
"EUR","P_SAL_Y","GE10","C25","D01","BG",2008,3696
"EUR","P_SAL_Y","GE10","C25","D111","BG",2008,2989
"EUR","P_SAL_Y","GE10","C25","D1111","BG",2008,2713
"EUR","P_SAL_Y","GE10","C26","D01","BG",2008,4902
"EUR","P_SAL_Y","GE10","C26","D111","BG",2008,4052
"EUR","P_SAL_Y","GE10","C26","D1111","BG",2008,3566
"EUR","P_SAL_Y","GE10","C27","D01","BG",2008,4654
"EUR","P_SAL_Y","GE10","C27","D111","BG",2008,3789
"EUR","P_SAL_Y","GE10","C27","D1111","BG",2008,3369
"EUR","P_SAL_Y","GE10","C28","D01","BG",2008,4609
"EUR","P_SAL_Y","GE10","C28","D111","BG",2008,3749
"EUR","P_SAL_Y","GE10","C28","D1111","BG",2008,3314
"EUR","P_SAL_Y","GE10","C29","D01","BG",2008,3772
"EUR","P_SAL_Y","GE10","C29","D111","BG",2008,3076
"EUR","P_SAL_Y","GE10","C29","D1111","BG",2008,2786
"EUR","P_SAL_Y","GE10","C30","D01","BG",2008,5724
"EUR","P_SAL_Y","GE10","C30","D111","BG",2008,4559
"EUR","P_SAL_Y","GE10","C30","D1111","BG",2008,4079
"EUR","P_SAL_Y","GE10","C31","D01","BG",2008,2416
"EUR","P_SAL_Y","GE10","C31","D111","BG",2008,1977
"EUR","P_SAL_Y","GE10","C31","D1111","BG",2008,1819
"EUR","P_SAL_Y","GE10","C32","D01","BG",2008,3200
"EUR","P_SAL_Y","GE10","C32","D111","BG",2008,2638
"EUR","P_SAL_Y","GE10","C32","D1111","BG",2008,2391
"EUR","P_SAL_Y","GE10","C33","D01","BG",2008,6058
"EUR","P_SAL_Y","GE10","C33","D111","BG",2008,4869
"EUR","P_SAL_Y","GE10","C33","D1111","BG",2008,4325
"EUR","P_SAL_Y","GE10","D","D01","BG",2008,10381
"EUR","P_SAL_Y","GE10","D","D111","BG",2008,7960
"EUR","P_SAL_Y","GE10","D","D1111","BG",2008,5925
"EUR","P_SAL_Y","GE10","D35","D01","BG",2008,10381
"EUR","P_SAL_Y","GE10","D35","D111","BG",2008,7960
"EUR","P_SAL_Y","GE10","D35","D1111","BG",2008,5925
"EUR","P_SAL_Y","GE10","E","D01","BG",2008,4675
"EUR","P_SAL_Y","GE10","E","D111","BG",2008,3812
"EUR","P_SAL_Y","GE10","E","D1111","BG",2008,3179
"EUR","P_SAL_Y","GE10","E36","D01","BG",2008,5258
"EUR","P_SAL_Y","GE10","E36","D111","BG",2008,4265
"EUR","P_SAL_Y","GE10","E36","D1111","BG",2008,3339
"EUR","P_SAL_Y","GE10","E37","D01","BG",2008,5313
"EUR","P_SAL_Y","GE10","E37","D111","BG",2008,4613
"EUR","P_SAL_Y","GE10","E37","D1111","BG",2008,4355
"EUR","P_SAL_Y","GE10","E38","D01","BG",2008,3921
"EUR","P_SAL_Y","GE10","E38","D111","BG",2008,3216
"EUR","P_SAL_Y","GE10","E38","D1111","BG",2008,2938
"EUR","P_SAL_Y","GE10","E39","D01","BG",2008,4504
"EUR","P_SAL_Y","GE10","E39","D111","BG",2008,3669
"EUR","P_SAL_Y","GE10","E39","D1111","BG",2008,3289
"EUR","P_SAL_Y","GE10","F","D01","BG",2008,3606
"EUR","P_SAL_Y","GE10","F","D111","BG",2008,2955
"EUR","P_SAL_Y","GE10","F","D1111","BG",2008,2755
"EUR","P_SAL_Y","GE10","F41","D01","BG",2008,3193
"EUR","P_SAL_Y","GE10","F41","D111","BG",2008,2632
"EUR","P_SAL_Y","GE10","F41","D1111","BG",2008,2462
"EUR","P_SAL_Y","GE10","F42","D01","BG",2008,4708
"EUR","P_SAL_Y","GE10","F42","D111","BG",2008,3787
"EUR","P_SAL_Y","GE10","F42","D1111","BG",2008,3485
"EUR","P_SAL_Y","GE10","F43","D01","BG",2008,3718
"EUR","P_SAL_Y","GE10","F43","D111","BG",2008,3072
"EUR","P_SAL_Y","GE10","F43","D1111","BG",2008,2883
"EUR","P_SAL_Y","GE10","G","D01","BG",2008,3995
"EUR","P_SAL_Y","GE10","G","D111","BG",2008,3341
"EUR","P_SAL_Y","GE10","G","D1111","BG",2008,3110
"EUR","P_SAL_Y","GE10","G-J","D01","BG",2008,4736
"EUR","P_SAL_Y","GE10","G-J","D111","BG",2008,3933
"EUR","P_SAL_Y","GE10","G-J","D1111","BG",2008,3528
"EUR","P_SAL_Y","GE10","G-N","D01","BG",2008,4871
"EUR","P_SAL_Y","GE10","G-N","D111","BG",2008,4067
"EUR","P_SAL_Y","GE10","G-N","D1111","BG",2008,3669
"EUR","P_SAL_Y","GE10","G-S_X_O","D01","BG",2008,4732
"EUR","P_SAL_Y","GE10","G-S_X_O","D111","BG",2008,3917
"EUR","P_SAL_Y","GE10","G-S_X_O","D1111","BG",2008,3492
"EUR","P_SAL_Y","GE10","G45","D01","BG",2008,5197
"EUR","P_SAL_Y","GE10","G45","D111","BG",2008,4378
"EUR","P_SAL_Y","GE10","G45","D1111","BG",2008,4060
"EUR","P_SAL_Y","GE10","G46","D01","BG",2008,4557
"EUR","P_SAL_Y","GE10","G46","D111","BG",2008,3845
"EUR","P_SAL_Y","GE10","G46","D1111","BG",2008,3579
"EUR","P_SAL_Y","GE10","G47","D01","BG",2008,3141
"EUR","P_SAL_Y","GE10","G47","D111","BG",2008,2585
"EUR","P_SAL_Y","GE10","G47","D1111","BG",2008,2410
"EUR","P_SAL_Y","GE10","H","D01","BG",2008,5503
"EUR","P_SAL_Y","GE10","H","D111","BG",2008,4480
"EUR","P_SAL_Y","GE10","H","D1111","BG",2008,3684
"EUR","P_SAL_Y","GE10","H49","D01","BG",2008,4291
"EUR","P_SAL_Y","GE10","H49","D111","BG",2008,3385
"EUR","P_SAL_Y","GE10","H49","D1111","BG",2008,2882
"EUR","P_SAL_Y","GE10","H50","D01","BG",2008,8375
"EUR","P_SAL_Y","GE10","H50","D111","BG",2008,6261
"EUR","P_SAL_Y","GE10","H50","D1111","BG",2008,5130
"EUR","P_SAL_Y","GE10","H51","D01","BG",2008,13187
"EUR","P_SAL_Y","GE10","H51","D111","BG",2008,10811
"EUR","P_SAL_Y","GE10","H51","D1111","BG",2008,9644
"EUR","P_SAL_Y","GE10","H52","D01","BG",2008,7508
"EUR","P_SAL_Y","GE10","H52","D111","BG",2008,6404
"EUR","P_SAL_Y","GE10","H52","D1111","BG",2008,5086
"EUR","P_SAL_Y","GE10","H53","D01","BG",2008,4328
"EUR","P_SAL_Y","GE10","H53","D111","BG",2008,3547
"EUR","P_SAL_Y","GE10","H53","D1111","BG",2008,2778
"EUR","P_SAL_Y","GE10","I","D01","BG",2008,2800
"EUR","P_SAL_Y","GE10","I","D111","BG",2008,2298
"EUR","P_SAL_Y","GE10","I","D1111","BG",2008,2151
"EUR","P_SAL_Y","GE10","I55","D01","BG",2008,3294
"EUR","P_SAL_Y","GE10","I55","D111","BG",2008,2695
"EUR","P_SAL_Y","GE10","I55","D1111","BG",2008,2500
"EUR","P_SAL_Y","GE10","I56","D01","BG",2008,2418
"EUR","P_SAL_Y","GE10","I56","D111","BG",2008,1992
"EUR","P_SAL_Y","GE10","I56","D1111","BG",2008,1881
"EUR","P_SAL_Y","GE10","J","D01","BG",2008,9173
"EUR","P_SAL_Y","GE10","J","D111","BG",2008,7765
"EUR","P_SAL_Y","GE10","J","D1111","BG",2008,7107
"EUR","P_SAL_Y","GE10","J58","D01","BG",2008,5389
"EUR","P_SAL_Y","GE10","J58","D111","BG",2008,4563
"EUR","P_SAL_Y","GE10","J58","D1111","BG",2008,4243
"EUR","P_SAL_Y","GE10","J59","D01","BG",2008,6186
"EUR","P_SAL_Y","GE10","J59","D111","BG",2008,5147
"EUR","P_SAL_Y","GE10","J59","D1111","BG",2008,4806
"EUR","P_SAL_Y","GE10","J60","D01","BG",2008,6320
"EUR","P_SAL_Y","GE10","J60","D111","BG",2008,5265
"EUR","P_SAL_Y","GE10","J60","D1111","BG",2008,4846
"EUR","P_SAL_Y","GE10","J61","D01","BG",2008,9231
"EUR","P_SAL_Y","GE10","J61","D111","BG",2008,7745
"EUR","P_SAL_Y","GE10","J61","D1111","BG",2008,7088
"EUR","P_SAL_Y","GE10","J62","D01","BG",2008,12555
"EUR","P_SAL_Y","GE10","J62","D111","BG",2008,10753
"EUR","P_SAL_Y","GE10","J62","D1111","BG",2008,9801
"EUR","P_SAL_Y","GE10","J63","D01","BG",2008,7935
"EUR","P_SAL_Y","GE10","J63","D111","BG",2008,6765
"EUR","P_SAL_Y","GE10","J63","D1111","BG",2008,6166
"EUR","P_SAL_Y","GE10","K","D01","BG",2008,9436
"EUR","P_SAL_Y","GE10","K","D111","BG",2008,7947
"EUR","P_SAL_Y","GE10","K","D1111","BG",2008,7206
"EUR","P_SAL_Y","GE10","K-N","D01","BG",2008,5203
"EUR","P_SAL_Y","GE10","K-N","D111","BG",2008,4397
"EUR","P_SAL_Y","GE10","K-N","D1111","BG",2008,4014
"EUR","P_SAL_Y","GE10","K64","D01","BG",2008,9463
"EUR","P_SAL_Y","GE10","K64","D111","BG",2008,7962
"EUR","P_SAL_Y","GE10","K64","D1111","BG",2008,7181
"EUR","P_SAL_Y","GE10","K65","D01","BG",2008,9660
"EUR","P_SAL_Y","GE10","K65","D111","BG",2008,8201
"EUR","P_SAL_Y","GE10","K65","D1111","BG",2008,7642
"EUR","P_SAL_Y","GE10","K66","D01","BG",2008,8410
"EUR","P_SAL_Y","GE10","K66","D111","BG",2008,7051
"EUR","P_SAL_Y","GE10","K66","D1111","BG",2008,6538
"EUR","P_SAL_Y","GE10","L","D01","BG",2008,4608
"EUR","P_SAL_Y","GE10","L","D111","BG",2008,3859
"EUR","P_SAL_Y","GE10","L","D1111","BG",2008,3521
"EUR","P_SAL_Y","GE10","L68","D01","BG",2008,4608
"EUR","P_SAL_Y","GE10","L68","D111","BG",2008,3859
"EUR","P_SAL_Y","GE10","L68","D1111","BG",2008,3521
"EUR","P_SAL_Y","GE10","M","D01","BG",2008,7076
"EUR","P_SAL_Y","GE10","M","D111","BG",2008,5987
"EUR","P_SAL_Y","GE10","M","D1111","BG",2008,5423
"EUR","P_SAL_Y","GE10","M69","D01","BG",2008,9853
"EUR","P_SAL_Y","GE10","M69","D111","BG",2008,8458
"EUR","P_SAL_Y","GE10","M69","D1111","BG",2008,7815
"EUR","P_SAL_Y","GE10","M70","D01","BG",2008,10536
"EUR","P_SAL_Y","GE10","M70","D111","BG",2008,9019
"EUR","P_SAL_Y","GE10","M70","D1111","BG",2008,8058
"EUR","P_SAL_Y","GE10","M71","D01","BG",2008,7133
"EUR","P_SAL_Y","GE10","M71","D111","BG",2008,5987
"EUR","P_SAL_Y","GE10","M71","D1111","BG",2008,5376
"EUR","P_SAL_Y","GE10","M72","D01","BG",2008,4787
"EUR","P_SAL_Y","GE10","M72","D111","BG",2008,3927
"EUR","P_SAL_Y","GE10","M72","D1111","BG",2008,3439
"EUR","P_SAL_Y","GE10","M73","D01","BG",2008,7089
"EUR","P_SAL_Y","GE10","M73","D111","BG",2008,6046
"EUR","P_SAL_Y","GE10","M73","D1111","BG",2008,5605
"EUR","P_SAL_Y","GE10","M74","D01","BG",2008,7520
"EUR","P_SAL_Y","GE10","M74","D111","BG",2008,6546
"EUR","P_SAL_Y","GE10","M74","D1111","BG",2008,6178
"EUR","P_SAL_Y","GE10","M75","D01","BG",2008,NA
"EUR","P_SAL_Y","GE10","M75","D111","BG",2008,NA
"EUR","P_SAL_Y","GE10","M75","D1111","BG",2008,NA
"EUR","P_SAL_Y","GE10","N","D01","BG",2008,2392
"EUR","P_SAL_Y","GE10","N","D111","BG",2008,2037
"EUR","P_SAL_Y","GE10","N","D1111","BG",2008,1902
"EUR","P_SAL_Y","GE10","N77","D01","BG",2008,5800
"EUR","P_SAL_Y","GE10","N77","D111","BG",2008,4887
"EUR","P_SAL_Y","GE10","N77","D1111","BG",2008,4502
"EUR","P_SAL_Y","GE10","N78","D01","BG",2008,4633
"EUR","P_SAL_Y","GE10","N78","D111","BG",2008,3814
"EUR","P_SAL_Y","GE10","N78","D1111","BG",2008,3527
"EUR","P_SAL_Y","GE10","N79","D01","BG",2008,3863
"EUR","P_SAL_Y","GE10","N79","D111","BG",2008,3246
"EUR","P_SAL_Y","GE10","N79","D1111","BG",2008,3073
"EUR","P_SAL_Y","GE10","N80","D01","BG",2008,2210
"EUR","P_SAL_Y","GE10","N80","D111","BG",2008,1817
"EUR","P_SAL_Y","GE10","N80","D1111","BG",2008,1709
"EUR","P_SAL_Y","GE10","N81","D01","BG",2008,1688
"EUR","P_SAL_Y","GE10","N81","D111","BG",2008,1584
"EUR","P_SAL_Y","GE10","N81","D1111","BG",2008,1464
"EUR","P_SAL_Y","GE10","N82","D01","BG",2008,5526
"EUR","P_SAL_Y","GE10","N82","D111","BG",2008,4560
"EUR","P_SAL_Y","GE10","N82","D1111","BG",2008,4248
"EUR","P_SAL_Y","GE10","O","D01","BG",2008,6002
"EUR","P_SAL_Y","GE10","O","D111","BG",2008,4733
"EUR","P_SAL_Y","GE10","O","D1111","BG",2008,4262
"EUR","P_SAL_Y","GE10","O-S","D01","BG",2008,4878
"EUR","P_SAL_Y","GE10","O-S","D111","BG",2008,3918
"EUR","P_SAL_Y","GE10","O-S","D1111","BG",2008,3437
"EUR","P_SAL_Y","GE10","O84","D01","BG",2008,6002
"EUR","P_SAL_Y","GE10","O84","D111","BG",2008,4733
"EUR","P_SAL_Y","GE10","O84","D1111","BG",2008,4262
"EUR","P_SAL_Y","GE10","P","D01","BG",2008,4591
"EUR","P_SAL_Y","GE10","P","D111","BG",2008,3670
"EUR","P_SAL_Y","GE10","P","D1111","BG",2008,3067
"EUR","P_SAL_Y","GE10","P-S","D01","BG",2008,4429
"EUR","P_SAL_Y","GE10","P-S","D111","BG",2008,3593
"EUR","P_SAL_Y","GE10","P-S","D1111","BG",2008,3109
"EUR","P_SAL_Y","GE10","P85","D01","BG",2008,4591
"EUR","P_SAL_Y","GE10","P85","D111","BG",2008,3670
"EUR","P_SAL_Y","GE10","P85","D1111","BG",2008,3067
"EUR","P_SAL_Y","GE10","Q","D01","BG",2008,4524
"EUR","P_SAL_Y","GE10","Q","D111","BG",2008,3715
"EUR","P_SAL_Y","GE10","Q","D1111","BG",2008,3325
"EUR","P_SAL_Y","GE10","Q86","D01","BG",2008,4984
"EUR","P_SAL_Y","GE10","Q86","D111","BG",2008,4094
"EUR","P_SAL_Y","GE10","Q86","D1111","BG",2008,3675
"EUR","P_SAL_Y","GE10","Q87","D01","BG",2008,3175
"EUR","P_SAL_Y","GE10","Q87","D111","BG",2008,2603
"EUR","P_SAL_Y","GE10","Q87","D1111","BG",2008,2288
"EUR","P_SAL_Y","GE10","Q88","D01","BG",2008,2752
"EUR","P_SAL_Y","GE10","Q88","D111","BG",2008,2253
"EUR","P_SAL_Y","GE10","Q88","D1111","BG",2008,1991
"EUR","P_SAL_Y","GE10","R","D01","BG",2008,3644
"EUR","P_SAL_Y","GE10","R","D111","BG",2008,3025
"EUR","P_SAL_Y","GE10","R","D1111","BG",2008,2744
"EUR","P_SAL_Y","GE10","R90","D01","BG",2008,3825
"EUR","P_SAL_Y","GE10","R90","D111","BG",2008,3101
"EUR","P_SAL_Y","GE10","R90","D1111","BG",2008,2704
"EUR","P_SAL_Y","GE10","R91","D01","BG",2008,3381
"EUR","P_SAL_Y","GE10","R91","D111","BG",2008,2760
"EUR","P_SAL_Y","GE10","R91","D1111","BG",2008,2419
"EUR","P_SAL_Y","GE10","R92","D01","BG",2008,3088
"EUR","P_SAL_Y","GE10","R92","D111","BG",2008,2552
"EUR","P_SAL_Y","GE10","R92","D1111","BG",2008,2364
"EUR","P_SAL_Y","GE10","R93","D01","BG",2008,4596
"EUR","P_SAL_Y","GE10","R93","D111","BG",2008,3964
"EUR","P_SAL_Y","GE10","R93","D1111","BG",2008,3708
"EUR","P_SAL_Y","GE10","S","D01","BG",2008,3214
"EUR","P_SAL_Y","GE10","S","D111","BG",2008,2742
"EUR","P_SAL_Y","GE10","S","D1111","BG",2008,2501
"EUR","P_SAL_Y","GE10","S94","D01","BG",2008,3432
"EUR","P_SAL_Y","GE10","S94","D111","BG",2008,2973
"EUR","P_SAL_Y","GE10","S94","D1111","BG",2008,2708
"EUR","P_SAL_Y","GE10","S95","D01","BG",2008,4148
"EUR","P_SAL_Y","GE10","S95","D111","BG",2008,3460
"EUR","P_SAL_Y","GE10","S95","D1111","BG",2008,3231
"EUR","P_SAL_Y","GE10","S96","D01","BG",2008,2659
"EUR","P_SAL_Y","GE10","S96","D111","BG",2008,2190
"EUR","P_SAL_Y","GE10","S96","D1111","BG",2008,1995
"EUR","P_SAL_Y","GE1000","B","D01","BG",2008,9961
"EUR","P_SAL_Y","GE1000","B","D111","BG",2008,7142
"EUR","P_SAL_Y","GE1000","B","D1111","BG",2008,5877
"EUR","P_SAL_Y","GE1000","B-E","D01","BG",2008,8055
"EUR","P_SAL_Y","GE1000","B-E","D111","BG",2008,6213
"EUR","P_SAL_Y","GE1000","B-E","D1111","BG",2008,5145
"EUR","P_SAL_Y","GE1000","B-F","D01","BG",2008,7828
"EUR","P_SAL_Y","GE1000","B-F","D111","BG",2008,6049
"EUR","P_SAL_Y","GE1000","B-F","D1111","BG",2008,5023
"EUR","P_SAL_Y","GE1000","B-N","D01","BG",2008,7314
"EUR","P_SAL_Y","GE1000","B-N","D111","BG",2008,5784
"EUR","P_SAL_Y","GE1000","B-N","D1111","BG",2008,4910
"EUR","P_SAL_Y","GE1000","B-S","D01","BG",2008,7161
"EUR","P_SAL_Y","GE1000","B-S","D111","BG",2008,5680
"EUR","P_SAL_Y","GE1000","B-S","D1111","BG",2008,4846
"EUR","P_SAL_Y","GE1000","B-S_X_O","D01","BG",2008,7176
"EUR","P_SAL_Y","GE1000","B-S_X_O","D111","BG",2008,5691
"EUR","P_SAL_Y","GE1000","B-S_X_O","D1111","BG",2008,4842
"EUR","P_SAL_Y","GE1000","B05","D01","BG",2008,NA
"EUR","P_SAL_Y","GE1000","B05","D111","BG",2008,NA
"EUR","P_SAL_Y","GE1000","B05","D1111","BG",2008,NA
"EUR","P_SAL_Y","GE1000","B07","D01","BG",2008,NA
"EUR","P_SAL_Y","GE1000","B07","D111","BG",2008,NA
"EUR","P_SAL_Y","GE1000","B07","D1111","BG",2008,NA
"EUR","P_SAL_Y","GE1000","C","D01","BG",2008,6959
"EUR","P_SAL_Y","GE1000","C","D111","BG",2008,5471
"EUR","P_SAL_Y","GE1000","C","D1111","BG",2008,4774
"EUR","P_SAL_Y","GE1000","C10","D01","BG",2008,NA
"EUR","P_SAL_Y","GE1000","C10","D111","BG",2008,NA
"EUR","P_SAL_Y","GE1000","C10","D1111","BG",2008,NA
"EUR","P_SAL_Y","GE1000","C11","D01","BG",2008,NA
"EUR","P_SAL_Y","GE1000","C11","D111","BG",2008,NA
"EUR","P_SAL_Y","GE1000","C11","D1111","BG",2008,NA
"EUR","P_SAL_Y","GE1000","C12","D01","BG",2008,NA
"EUR","P_SAL_Y","GE1000","C12","D111","BG",2008,NA
"EUR","P_SAL_Y","GE1000","C12","D1111","BG",2008,NA
"EUR","P_SAL_Y","GE1000","C13","D01","BG",2008,NA
"EUR","P_SAL_Y","GE1000","C13","D111","BG",2008,NA
"EUR","P_SAL_Y","GE1000","C13","D1111","BG",2008,NA
"EUR","P_SAL_Y","GE1000","C14","D01","BG",2008,3724
"EUR","P_SAL_Y","GE1000","C14","D111","BG",2008,3027
"EUR","P_SAL_Y","GE1000","C14","D1111","BG",2008,2779
"EUR","P_SAL_Y","GE1000","C19","D01","BG",2008,NA
"EUR","P_SAL_Y","GE1000","C19","D111","BG",2008,NA
"EUR","P_SAL_Y","GE1000","C19","D1111","BG",2008,NA
"EUR","P_SAL_Y","GE1000","C20","D01","BG",2008,NA
"EUR","P_SAL_Y","GE1000","C20","D111","BG",2008,NA
"EUR","P_SAL_Y","GE1000","C20","D1111","BG",2008,NA
"EUR","P_SAL_Y","GE1000","C21","D01","BG",2008,NA
"EUR","P_SAL_Y","GE1000","C21","D111","BG",2008,NA
"EUR","P_SAL_Y","GE1000","C21","D1111","BG",2008,NA
"EUR","P_SAL_Y","GE1000","C22","D01","BG",2008,NA
"EUR","P_SAL_Y","GE1000","C22","D111","BG",2008,NA
"EUR","P_SAL_Y","GE1000","C22","D1111","BG",2008,NA
"EUR","P_SAL_Y","GE1000","C23","D01","BG",2008,NA
"EUR","P_SAL_Y","GE1000","C23","D111","BG",2008,NA
"EUR","P_SAL_Y","GE1000","C23","D1111","BG",2008,NA
"EUR","P_SAL_Y","GE1000","C24","D01","BG",2008,10348
"EUR","P_SAL_Y","GE1000","C24","D111","BG",2008,7853
"EUR","P_SAL_Y","GE1000","C24","D1111","BG",2008,6765
"EUR","P_SAL_Y","GE1000","C25","D01","BG",2008,4296
"EUR","P_SAL_Y","GE1000","C25","D111","BG",2008,3356
"EUR","P_SAL_Y","GE1000","C25","D1111","BG",2008,3066
"EUR","P_SAL_Y","GE1000","C27","D01","BG",2008,NA
"EUR","P_SAL_Y","GE1000","C27","D111","BG",2008,NA
"EUR","P_SAL_Y","GE1000","C27","D1111","BG",2008,NA
"EUR","P_SAL_Y","GE1000","C28","D01","BG",2008,6294
"EUR","P_SAL_Y","GE1000","C28","D111","BG",2008,5047
"EUR","P_SAL_Y","GE1000","C28","D1111","BG",2008,4197
"EUR","P_SAL_Y","GE1000","C29","D01","BG",2008,3922
"EUR","P_SAL_Y","GE1000","C29","D111","BG",2008,3193
"EUR","P_SAL_Y","GE1000","C29","D1111","BG",2008,2936
"EUR","P_SAL_Y","GE1000","C30","D01","BG",2008,NA
"EUR","P_SAL_Y","GE1000","C30","D111","BG",2008,NA
"EUR","P_SAL_Y","GE1000","C30","D1111","BG",2008,NA
"EUR","P_SAL_Y","GE1000","C33","D01","BG",2008,NA
"EUR","P_SAL_Y","GE1000","C33","D111","BG",2008,NA
"EUR","P_SAL_Y","GE1000","C33","D1111","BG",2008,NA
"EUR","P_SAL_Y","GE1000","D","D01","BG",2008,10759
"EUR","P_SAL_Y","GE1000","D","D111","BG",2008,8273
"EUR","P_SAL_Y","GE1000","D","D1111","BG",2008,5990
"EUR","P_SAL_Y","GE1000","D35","D01","BG",2008,10759
"EUR","P_SAL_Y","GE1000","D35","D111","BG",2008,8273
"EUR","P_SAL_Y","GE1000","D35","D1111","BG",2008,5990
"EUR","P_SAL_Y","GE1000","E","D01","BG",2008,NA
"EUR","P_SAL_Y","GE1000","E","D111","BG",2008,NA
"EUR","P_SAL_Y","GE1000","E","D1111","BG",2008,NA
"EUR","P_SAL_Y","GE1000","E36","D01","BG",2008,NA
"EUR","P_SAL_Y","GE1000","E36","D111","BG",2008,NA
"EUR","P_SAL_Y","GE1000","E36","D1111","BG",2008,NA
"EUR","P_SAL_Y","GE1000","F","D01","BG",2008,3620
"EUR","P_SAL_Y","GE1000","F","D111","BG",2008,3004
"EUR","P_SAL_Y","GE1000","F","D1111","BG",2008,2764
"EUR","P_SAL_Y","GE1000","F41","D01","BG",2008,3620
"EUR","P_SAL_Y","GE1000","F41","D111","BG",2008,3004
"EUR","P_SAL_Y","GE1000","F41","D1111","BG",2008,2764
"EUR","P_SAL_Y","GE1000","G","D01","BG",2008,5444
"EUR","P_SAL_Y","GE1000","G","D111","BG",2008,4451
"EUR","P_SAL_Y","GE1000","G","D1111","BG",2008,4064
"EUR","P_SAL_Y","GE1000","G-J","D01","BG",2008,7329
"EUR","P_SAL_Y","GE1000","G-J","D111","BG",2008,5978
"EUR","P_SAL_Y","GE1000","G-J","D1111","BG",2008,5105
"EUR","P_SAL_Y","GE1000","G-N","D01","BG",2008,6659
"EUR","P_SAL_Y","GE1000","G-N","D111","BG",2008,5447
"EUR","P_SAL_Y","GE1000","G-N","D1111","BG",2008,4766
"EUR","P_SAL_Y","GE1000","G-S_X_O","D01","BG",2008,6513
"EUR","P_SAL_Y","GE1000","G-S_X_O","D111","BG",2008,5328
"EUR","P_SAL_Y","GE1000","G-S_X_O","D1111","BG",2008,4659
"EUR","P_SAL_Y","GE1000","G46","D01","BG",2008,5854
"EUR","P_SAL_Y","GE1000","G46","D111","BG",2008,4895
"EUR","P_SAL_Y","GE1000","G46","D1111","BG",2008,4436
"EUR","P_SAL_Y","GE1000","G47","D01","BG",2008,5076
"EUR","P_SAL_Y","GE1000","G47","D111","BG",2008,4053
"EUR","P_SAL_Y","GE1000","G47","D1111","BG",2008,3729
"EUR","P_SAL_Y","GE1000","H","D01","BG",2008,7044
"EUR","P_SAL_Y","GE1000","H","D111","BG",2008,5560
"EUR","P_SAL_Y","GE1000","H","D1111","BG",2008,4259
"EUR","P_SAL_Y","GE1000","H49","D01","BG",2008,6758
"EUR","P_SAL_Y","GE1000","H49","D111","BG",2008,5176
"EUR","P_SAL_Y","GE1000","H49","D1111","BG",2008,4144
"EUR","P_SAL_Y","GE1000","H50","D01","BG",2008,NA
"EUR","P_SAL_Y","GE1000","H50","D111","BG",2008,NA
"EUR","P_SAL_Y","GE1000","H50","D1111","BG",2008,NA
"EUR","P_SAL_Y","GE1000","H52","D01","BG",2008,7575
"EUR","P_SAL_Y","GE1000","H52","D111","BG",2008,6467
"EUR","P_SAL_Y","GE1000","H52","D1111","BG",2008,4397
"EUR","P_SAL_Y","GE1000","H53","D01","BG",2008,NA
"EUR","P_SAL_Y","GE1000","H53","D111","BG",2008,NA
"EUR","P_SAL_Y","GE1000","H53","D1111","BG",2008,NA
"EUR","P_SAL_Y","GE1000","I","D01","BG",2008,NA
"EUR","P_SAL_Y","GE1000","I","D111","BG",2008,NA
"EUR","P_SAL_Y","GE1000","I","D1111","BG",2008,NA
"EUR","P_SAL_Y","GE1000","I56","D01","BG",2008,NA
"EUR","P_SAL_Y","GE1000","I56","D111","BG",2008,NA
"EUR","P_SAL_Y","GE1000","I56","D1111","BG",2008,NA
"EUR","P_SAL_Y","GE1000","J","D01","BG",2008,11111
"EUR","P_SAL_Y","GE1000","J","D111","BG",2008,9406
"EUR","P_SAL_Y","GE1000","J","D1111","BG",2008,8536
"EUR","P_SAL_Y","GE1000","J60","D01","BG",2008,NA
"EUR","P_SAL_Y","GE1000","J60","D111","BG",2008,NA
"EUR","P_SAL_Y","GE1000","J60","D1111","BG",2008,NA
"EUR","P_SAL_Y","GE1000","J61","D01","BG",2008,NA
"EUR","P_SAL_Y","GE1000","J61","D111","BG",2008,NA
"EUR","P_SAL_Y","GE1000","J61","D1111","BG",2008,NA
"EUR","P_SAL_Y","GE1000","J62","D01","BG",2008,NA
"EUR","P_SAL_Y","GE1000","J62","D111","BG",2008,NA
"EUR","P_SAL_Y","GE1000","J62","D1111","BG",2008,NA
"EUR","P_SAL_Y","GE1000","K","D01","BG",2008,9988
"EUR","P_SAL_Y","GE1000","K","D111","BG",2008,8297
"EUR","P_SAL_Y","GE1000","K","D1111","BG",2008,7832
"EUR","P_SAL_Y","GE1000","K-N","D01","BG",2008,5140
"EUR","P_SAL_Y","GE1000","K-N","D111","BG",2008,4243
"EUR","P_SAL_Y","GE1000","K-N","D1111","BG",2008,3997
"EUR","P_SAL_Y","GE1000","K64","D01","BG",2008,9988
"EUR","P_SAL_Y","GE1000","K64","D111","BG",2008,8297
"EUR","P_SAL_Y","GE1000","K64","D1111","BG",2008,7832
"EUR","P_SAL_Y","GE1000","M","D01","BG",2008,NA
"EUR","P_SAL_Y","GE1000","M","D111","BG",2008,NA
"EUR","P_SAL_Y","GE1000","M","D1111","BG",2008,NA
"EUR","P_SAL_Y","GE1000","M71","D01","BG",2008,NA
"EUR","P_SAL_Y","GE1000","M71","D111","BG",2008,NA
"EUR","P_SAL_Y","GE1000","M71","D1111","BG",2008,NA
"EUR","P_SAL_Y","GE1000","M72","D01","BG",2008,NA
"EUR","P_SAL_Y","GE1000","M72","D111","BG",2008,NA
"EUR","P_SAL_Y","GE1000","M72","D1111","BG",2008,NA
"EUR","P_SAL_Y","GE1000","N","D01","BG",2008,2370
"EUR","P_SAL_Y","GE1000","N","D111","BG",2008,1927
"EUR","P_SAL_Y","GE1000","N","D1111","BG",2008,1805
"EUR","P_SAL_Y","GE1000","N78","D01","BG",2008,NA
"EUR","P_SAL_Y","GE1000","N78","D111","BG",2008,NA
"EUR","P_SAL_Y","GE1000","N78","D1111","BG",2008,NA
"EUR","P_SAL_Y","GE1000","N80","D01","BG",2008,2370
"EUR","P_SAL_Y","GE1000","N80","D111","BG",2008,1927
"EUR","P_SAL_Y","GE1000","N80","D1111","BG",2008,1805
"EUR","P_SAL_Y","GE1000","O","D01","BG",2008,6777
"EUR","P_SAL_Y","GE1000","O","D111","BG",2008,5373
"EUR","P_SAL_Y","GE1000","O","D1111","BG",2008,4929
"EUR","P_SAL_Y","GE1000","O-S","D01","BG",2008,6167
"EUR","P_SAL_Y","GE1000","O-S","D111","BG",2008,4999
"EUR","P_SAL_Y","GE1000","O-S","D1111","BG",2008,4426
"EUR","P_SAL_Y","GE1000","O84","D01","BG",2008,6777
"EUR","P_SAL_Y","GE1000","O84","D111","BG",2008,5373
"EUR","P_SAL_Y","GE1000","O84","D1111","BG",2008,4929
"EUR","P_SAL_Y","GE1000","P","D01","BG",2008,5567
"EUR","P_SAL_Y","GE1000","P","D111","BG",2008,4529
"EUR","P_SAL_Y","GE1000","P","D1111","BG",2008,3939
"EUR","P_SAL_Y","GE1000","P-S","D01","BG",2008,5941
"EUR","P_SAL_Y","GE1000","P-S","D111","BG",2008,4861
"EUR","P_SAL_Y","GE1000","P-S","D1111","BG",2008,4240
"EUR","P_SAL_Y","GE1000","P85","D01","BG",2008,5567
"EUR","P_SAL_Y","GE1000","P85","D111","BG",2008,4529
"EUR","P_SAL_Y","GE1000","P85","D1111","BG",2008,3939
"EUR","P_SAL_Y","GE1000","Q","D01","BG",2008,6129
"EUR","P_SAL_Y","GE1000","Q","D111","BG",2008,5027
"EUR","P_SAL_Y","GE1000","Q","D1111","BG",2008,4391
"EUR","P_SAL_Y","GE1000","Q86","D01","BG",2008,6129
"EUR","P_SAL_Y","GE1000","Q86","D111","BG",2008,5027
"EUR","P_SAL_Y","GE1000","Q86","D1111","BG",2008,4391
"EUR","P_SAL_Y","GE1000","R","D01","BG",2008,NA
"EUR","P_SAL_Y","GE1000","R","D111","BG",2008,NA
"EUR","P_SAL_Y","GE1000","R","D1111","BG",2008,NA
"EUR","P_SAL_Y","GE1000","R92","D01","BG",2008,NA
"EUR","P_SAL_Y","GE1000","R92","D111","BG",2008,NA
"EUR","P_SAL_Y","GE1000","R92","D1111","BG",2008,NA
"EUR","P_SAL_Y","LT10","B","D01","BG",2008,3439
"EUR","P_SAL_Y","LT10","B","D111","BG",2008,2804
"EUR","P_SAL_Y","LT10","B","D1111","BG",2008,2662
"EUR","P_SAL_Y","LT10","B-E","D01","BG",2008,2201
"EUR","P_SAL_Y","LT10","B-E","D111","BG",2008,1812
"EUR","P_SAL_Y","LT10","B-E","D1111","BG",2008,1718
"EUR","P_SAL_Y","LT10","B-F","D01","BG",2008,2383
"EUR","P_SAL_Y","LT10","B-F","D111","BG",2008,1963
"EUR","P_SAL_Y","LT10","B-F","D1111","BG",2008,1864
"EUR","P_SAL_Y","LT10","B-N","D01","BG",2008,2499
"EUR","P_SAL_Y","LT10","B-N","D111","BG",2008,2074
"EUR","P_SAL_Y","LT10","B-N","D1111","BG",2008,1972
"EUR","P_SAL_Y","LT10","B-S","D01","BG",2008,2511
"EUR","P_SAL_Y","LT10","B-S","D111","BG",2008,2086
"EUR","P_SAL_Y","LT10","B-S","D1111","BG",2008,1978
"EUR","P_SAL_Y","LT10","B-S_X_O","D01","BG",2008,2494
"EUR","P_SAL_Y","LT10","B-S_X_O","D111","BG",2008,2073
"EUR","P_SAL_Y","LT10","B-S_X_O","D1111","BG",2008,1967
"EUR","P_SAL_Y","LT10","B05","D01","BG",2008,NA
"EUR","P_SAL_Y","LT10","B05","D111","BG",2008,NA
"EUR","P_SAL_Y","LT10","B05","D1111","BG",2008,NA
"EUR","P_SAL_Y","LT10","B06","D01","BG",2008,NA
"EUR","P_SAL_Y","LT10","B06","D111","BG",2008,NA
"EUR","P_SAL_Y","LT10","B06","D1111","BG",2008,NA
"EUR","P_SAL_Y","LT10","B07","D01","BG",2008,3837
"EUR","P_SAL_Y","LT10","B07","D111","BG",2008,3105
"EUR","P_SAL_Y","LT10","B07","D1111","BG",2008,2987
"EUR","P_SAL_Y","LT10","B08","D01","BG",2008,3401
"EUR","P_SAL_Y","LT10","B08","D111","BG",2008,2775
"EUR","P_SAL_Y","LT10","B08","D1111","BG",2008,2627
"EUR","P_SAL_Y","LT10","B09","D01","BG",2008,3016
"EUR","P_SAL_Y","LT10","B09","D111","BG",2008,2488
"EUR","P_SAL_Y","LT10","B09","D1111","BG",2008,2414
"EUR","P_SAL_Y","LT10","C","D01","BG",2008,2104
"EUR","P_SAL_Y","LT10","C","D111","BG",2008,1728
"EUR","P_SAL_Y","LT10","C","D1111","BG",2008,1644
"EUR","P_SAL_Y","LT10","C10","D01","BG",2008,1897
"EUR","P_SAL_Y","LT10","C10","D111","BG",2008,1558
"EUR","P_SAL_Y","LT10","C10","D1111","BG",2008,1499
"EUR","P_SAL_Y","LT10","C11","D01","BG",2008,2212
"EUR","P_SAL_Y","LT10","C11","D111","BG",2008,1813
"EUR","P_SAL_Y","LT10","C11","D1111","BG",2008,1742
"EUR","P_SAL_Y","LT10","C12","D01","BG",2008,11711
"EUR","P_SAL_Y","LT10","C12","D111","BG",2008,5369
"EUR","P_SAL_Y","LT10","C12","D1111","BG",2008,4399
"EUR","P_SAL_Y","LT10","C13","D01","BG",2008,2246
"EUR","P_SAL_Y","LT10","C13","D111","BG",2008,1840
"EUR","P_SAL_Y","LT10","C13","D1111","BG",2008,1736
"EUR","P_SAL_Y","LT10","C14","D01","BG",2008,1746
"EUR","P_SAL_Y","LT10","C14","D111","BG",2008,1437
"EUR","P_SAL_Y","LT10","C14","D1111","BG",2008,1390
"EUR","P_SAL_Y","LT10","C15","D01","BG",2008,1689
"EUR","P_SAL_Y","LT10","C15","D111","BG",2008,1389
"EUR","P_SAL_Y","LT10","C15","D1111","BG",2008,1329
"EUR","P_SAL_Y","LT10","C16","D01","BG",2008,1764
"EUR","P_SAL_Y","LT10","C16","D111","BG",2008,1444
"EUR","P_SAL_Y","LT10","C16","D1111","BG",2008,1373
"EUR","P_SAL_Y","LT10","C17","D01","BG",2008,2017
"EUR","P_SAL_Y","LT10","C17","D111","BG",2008,1656
"EUR","P_SAL_Y","LT10","C17","D1111","BG",2008,1553
"EUR","P_SAL_Y","LT10","C18","D01","BG",2008,2253
"EUR","P_SAL_Y","LT10","C18","D111","BG",2008,1867
"EUR","P_SAL_Y","LT10","C18","D1111","BG",2008,1750
"EUR","P_SAL_Y","LT10","C19","D01","BG",2008,2922
"EUR","P_SAL_Y","LT10","C19","D111","BG",2008,2387
"EUR","P_SAL_Y","LT10","C19","D1111","BG",2008,2177
"EUR","P_SAL_Y","LT10","C20","D01","BG",2008,2484
"EUR","P_SAL_Y","LT10","C20","D111","BG",2008,2030
"EUR","P_SAL_Y","LT10","C20","D1111","BG",2008,1907
"EUR","P_SAL_Y","LT10","C21","D01","BG",2008,4043
"EUR","P_SAL_Y","LT10","C21","D111","BG",2008,3333
"EUR","P_SAL_Y","LT10","C21","D1111","BG",2008,3125
"EUR","P_SAL_Y","LT10","C22","D01","BG",2008,2032
"EUR","P_SAL_Y","LT10","C22","D111","BG",2008,1673
"EUR","P_SAL_Y","LT10","C22","D1111","BG",2008,1576
"EUR","P_SAL_Y","LT10","C23","D01","BG",2008,2503
"EUR","P_SAL_Y","LT10","C23","D111","BG",2008,2042
"EUR","P_SAL_Y","LT10","C23","D1111","BG",2008,1931
"EUR","P_SAL_Y","LT10","C24","D01","BG",2008,2893
"EUR","P_SAL_Y","LT10","C24","D111","BG",2008,2357
"EUR","P_SAL_Y","LT10","C24","D1111","BG",2008,2176
"EUR","P_SAL_Y","LT10","C25","D01","BG",2008,2149
"EUR","P_SAL_Y","LT10","C25","D111","BG",2008,1766
"EUR","P_SAL_Y","LT10","C25","D1111","BG",2008,1670
"EUR","P_SAL_Y","LT10","C26","D01","BG",2008,3032
"EUR","P_SAL_Y","LT10","C26","D111","BG",2008,2483
"EUR","P_SAL_Y","LT10","C26","D1111","BG",2008,2296
"EUR","P_SAL_Y","LT10","C27","D01","BG",2008,2960
"EUR","P_SAL_Y","LT10","C27","D111","BG",2008,2468
"EUR","P_SAL_Y","LT10","C27","D1111","BG",2008,2333
"EUR","P_SAL_Y","LT10","C28","D01","BG",2008,3207
"EUR","P_SAL_Y","LT10","C28","D111","BG",2008,2680
"EUR","P_SAL_Y","LT10","C28","D1111","BG",2008,2523
"EUR","P_SAL_Y","LT10","C29","D01","BG",2008,3229
"EUR","P_SAL_Y","LT10","C29","D111","BG",2008,2686
"EUR","P_SAL_Y","LT10","C29","D1111","BG",2008,2541
"EUR","P_SAL_Y","LT10","C30","D01","BG",2008,3446
"EUR","P_SAL_Y","LT10","C30","D111","BG",2008,2845
"EUR","P_SAL_Y","LT10","C30","D1111","BG",2008,2673
"EUR","P_SAL_Y","LT10","C31","D01","BG",2008,1818
"EUR","P_SAL_Y","LT10","C31","D111","BG",2008,1496
"EUR","P_SAL_Y","LT10","C31","D1111","BG",2008,1429
"EUR","P_SAL_Y","LT10","C32","D01","BG",2008,1987
"EUR","P_SAL_Y","LT10","C32","D111","BG",2008,1630
"EUR","P_SAL_Y","LT10","C32","D1111","BG",2008,1536
"EUR","P_SAL_Y","LT10","C33","D01","BG",2008,3202
"EUR","P_SAL_Y","LT10","C33","D111","BG",2008,2621
"EUR","P_SAL_Y","LT10","C33","D1111","BG",2008,2496
"EUR","P_SAL_Y","LT10","D","D01","BG",2008,7380
"EUR","P_SAL_Y","LT10","D","D111","BG",2008,6334
"EUR","P_SAL_Y","LT10","D","D1111","BG",2008,5692
"EUR","P_SAL_Y","LT10","D35","D01","BG",2008,7380
"EUR","P_SAL_Y","LT10","D35","D111","BG",2008,6334
"EUR","P_SAL_Y","LT10","D35","D1111","BG",2008,5692
"EUR","P_SAL_Y","LT10","E","D01","BG",2008,2921
"EUR","P_SAL_Y","LT10","E","D111","BG",2008,2409
"EUR","P_SAL_Y","LT10","E","D1111","BG",2008,2223
"EUR","P_SAL_Y","LT10","E36","D01","BG",2008,3494
"EUR","P_SAL_Y","LT10","E36","D111","BG",2008,2878
"EUR","P_SAL_Y","LT10","E36","D1111","BG",2008,2350
"EUR","P_SAL_Y","LT10","E37","D01","BG",2008,3382
"EUR","P_SAL_Y","LT10","E37","D111","BG",2008,2813
"EUR","P_SAL_Y","LT10","E37","D1111","BG",2008,2673
"EUR","P_SAL_Y","LT10","E38","D01","BG",2008,2787
"EUR","P_SAL_Y","LT10","E38","D111","BG",2008,2298
"EUR","P_SAL_Y","LT10","E38","D1111","BG",2008,2174
"EUR","P_SAL_Y","LT10","E39","D01","BG",2008,2272
"EUR","P_SAL_Y","LT10","E39","D111","BG",2008,1860
"EUR","P_SAL_Y","LT10","E39","D1111","BG",2008,1736
"EUR","P_SAL_Y","LT10","F","D01","BG",2008,2661
"EUR","P_SAL_Y","LT10","F","D111","BG",2008,2194
"EUR","P_SAL_Y","LT10","F","D1111","BG",2008,2088
"EUR","P_SAL_Y","LT10","F41","D01","BG",2008,2745
"EUR","P_SAL_Y","LT10","F41","D111","BG",2008,2264
"EUR","P_SAL_Y","LT10","F41","D1111","BG",2008,2160
"EUR","P_SAL_Y","LT10","F42","D01","BG",2008,3529
"EUR","P_SAL_Y","LT10","F42","D111","BG",2008,2921
"EUR","P_SAL_Y","LT10","F42","D1111","BG",2008,2779
"EUR","P_SAL_Y","LT10","F43","D01","BG",2008,2508
"EUR","P_SAL_Y","LT10","F43","D111","BG",2008,2066
"EUR","P_SAL_Y","LT10","F43","D1111","BG",2008,1963
"EUR","P_SAL_Y","LT10","G","D01","BG",2008,2224
"EUR","P_SAL_Y","LT10","G","D111","BG",2008,1841
"EUR","P_SAL_Y","LT10","G","D1111","BG",2008,1757
"EUR","P_SAL_Y","LT10","G-J","D01","BG",2008,2260
"EUR","P_SAL_Y","LT10","G-J","D111","BG",2008,1872
"EUR","P_SAL_Y","LT10","G-J","D1111","BG",2008,1787
"EUR","P_SAL_Y","LT10","G-N","D01","BG",2008,2536
"EUR","P_SAL_Y","LT10","G-N","D111","BG",2008,2108
"EUR","P_SAL_Y","LT10","G-N","D1111","BG",2008,2006
"EUR","P_SAL_Y","LT10","G-S_X_O","D01","BG",2008,2524
"EUR","P_SAL_Y","LT10","G-S_X_O","D111","BG",2008,2103
"EUR","P_SAL_Y","LT10","G-S_X_O","D1111","BG",2008,1995
"EUR","P_SAL_Y","LT10","G45","D01","BG",2008,2163
"EUR","P_SAL_Y","LT10","G45","D111","BG",2008,1785
"EUR","P_SAL_Y","LT10","G45","D1111","BG",2008,1699
"EUR","P_SAL_Y","LT10","G46","D01","BG",2008,3127
"EUR","P_SAL_Y","LT10","G46","D111","BG",2008,2610
"EUR","P_SAL_Y","LT10","G46","D1111","BG",2008,2463
"EUR","P_SAL_Y","LT10","G47","D01","BG",2008,1902
"EUR","P_SAL_Y","LT10","G47","D111","BG",2008,1568
"EUR","P_SAL_Y","LT10","G47","D1111","BG",2008,1507
"EUR","P_SAL_Y","LT10","H","D01","BG",2008,2333
"EUR","P_SAL_Y","LT10","H","D111","BG",2008,1895
"EUR","P_SAL_Y","LT10","H","D1111","BG",2008,1790
"EUR","P_SAL_Y","LT10","H49","D01","BG",2008,2092
"EUR","P_SAL_Y","LT10","H49","D111","BG",2008,1679
"EUR","P_SAL_Y","LT10","H49","D1111","BG",2008,1601
"EUR","P_SAL_Y","LT10","H50","D01","BG",2008,2975
"EUR","P_SAL_Y","LT10","H50","D111","BG",2008,2401
"EUR","P_SAL_Y","LT10","H50","D1111","BG",2008,2277
"EUR","P_SAL_Y","LT10","H51","D01","BG",2008,5798
"EUR","P_SAL_Y","LT10","H51","D111","BG",2008,4636
"EUR","P_SAL_Y","LT10","H51","D1111","BG",2008,4340
"EUR","P_SAL_Y","LT10","H52","D01","BG",2008,3870
"EUR","P_SAL_Y","LT10","H52","D111","BG",2008,3287
"EUR","P_SAL_Y","LT10","H52","D1111","BG",2008,3049
"EUR","P_SAL_Y","LT10","H53","D01","BG",2008,3230
"EUR","P_SAL_Y","LT10","H53","D111","BG",2008,2665
"EUR","P_SAL_Y","LT10","H53","D1111","BG",2008,2191
"EUR","P_SAL_Y","LT10","I","D01","BG",2008,1802
"EUR","P_SAL_Y","LT10","I","D111","BG",2008,1484
"EUR","P_SAL_Y","LT10","I","D1111","BG",2008,1441
"EUR","P_SAL_Y","LT10","I55","D01","BG",2008,2215
"EUR","P_SAL_Y","LT10","I55","D111","BG",2008,1821
"EUR","P_SAL_Y","LT10","I55","D1111","BG",2008,1741
"EUR","P_SAL_Y","LT10","I56","D01","BG",2008,1753
"EUR","P_SAL_Y","LT10","I56","D111","BG",2008,1445
"EUR","P_SAL_Y","LT10","I56","D1111","BG",2008,1405
"EUR","P_SAL_Y","LT10","J","D01","BG",2008,4622
"EUR","P_SAL_Y","LT10","J","D111","BG",2008,3960
"EUR","P_SAL_Y","LT10","J","D1111","BG",2008,3749
"EUR","P_SAL_Y","LT10","J58","D01","BG",2008,2995
"EUR","P_SAL_Y","LT10","J58","D111","BG",2008,2480
"EUR","P_SAL_Y","LT10","J58","D1111","BG",2008,2329
"EUR","P_SAL_Y","LT10","J59","D01","BG",2008,3289
"EUR","P_SAL_Y","LT10","J59","D111","BG",2008,2774
"EUR","P_SAL_Y","LT10","J59","D1111","BG",2008,2618
"EUR","P_SAL_Y","LT10","J60","D01","BG",2008,2673
"EUR","P_SAL_Y","LT10","J60","D111","BG",2008,2186
"EUR","P_SAL_Y","LT10","J60","D1111","BG",2008,2038
"EUR","P_SAL_Y","LT10","J61","D01","BG",2008,5809
"EUR","P_SAL_Y","LT10","J61","D111","BG",2008,5247
"EUR","P_SAL_Y","LT10","J61","D1111","BG",2008,5082
"EUR","P_SAL_Y","LT10","J62","D01","BG",2008,5416
"EUR","P_SAL_Y","LT10","J62","D111","BG",2008,4602
"EUR","P_SAL_Y","LT10","J62","D1111","BG",2008,4328
"EUR","P_SAL_Y","LT10","J63","D01","BG",2008,3651
"EUR","P_SAL_Y","LT10","J63","D111","BG",2008,3043
"EUR","P_SAL_Y","LT10","J63","D1111","BG",2008,2857
"EUR","P_SAL_Y","LT10","K","D01","BG",2008,5516
"EUR","P_SAL_Y","LT10","K","D111","BG",2008,4643
"EUR","P_SAL_Y","LT10","K","D1111","BG",2008,4348
"EUR","P_SAL_Y","LT10","K-N","D01","BG",2008,3684
"EUR","P_SAL_Y","LT10","K-N","D111","BG",2008,3095
"EUR","P_SAL_Y","LT10","K-N","D1111","BG",2008,2918
"EUR","P_SAL_Y","LT10","K64","D01","BG",2008,6732
"EUR","P_SAL_Y","LT10","K64","D111","BG",2008,5675
"EUR","P_SAL_Y","LT10","K64","D1111","BG",2008,5276
"EUR","P_SAL_Y","LT10","K65","D01","BG",2008,8272
"EUR","P_SAL_Y","LT10","K65","D111","BG",2008,7056
"EUR","P_SAL_Y","LT10","K65","D1111","BG",2008,6632
"EUR","P_SAL_Y","LT10","K66","D01","BG",2008,3652
"EUR","P_SAL_Y","LT10","K66","D111","BG",2008,3054
"EUR","P_SAL_Y","LT10","K66","D1111","BG",2008,2906
"EUR","P_SAL_Y","LT10","L","D01","BG",2008,3822
"EUR","P_SAL_Y","LT10","L","D111","BG",2008,3232
"EUR","P_SAL_Y","LT10","L","D1111","BG",2008,3058
"EUR","P_SAL_Y","LT10","L68","D01","BG",2008,3822
"EUR","P_SAL_Y","LT10","L68","D111","BG",2008,3232
"EUR","P_SAL_Y","LT10","L68","D1111","BG",2008,3058
"EUR","P_SAL_Y","LT10","M","D01","BG",2008,3561
"EUR","P_SAL_Y","LT10","M","D111","BG",2008,2987
"EUR","P_SAL_Y","LT10","M","D1111","BG",2008,2816
"EUR","P_SAL_Y","LT10","M69","D01","BG",2008,2775
"EUR","P_SAL_Y","LT10","M69","D111","BG",2008,2291
"EUR","P_SAL_Y","LT10","M69","D1111","BG",2008,2160
"EUR","P_SAL_Y","LT10","M70","D01","BG",2008,6355
"EUR","P_SAL_Y","LT10","M70","D111","BG",2008,5517
"EUR","P_SAL_Y","LT10","M70","D1111","BG",2008,5200
"EUR","P_SAL_Y","LT10","M71","D01","BG",2008,3721
"EUR","P_SAL_Y","LT10","M71","D111","BG",2008,3107
"EUR","P_SAL_Y","LT10","M71","D1111","BG",2008,2920
"EUR","P_SAL_Y","LT10","M72","D01","BG",2008,5172
"EUR","P_SAL_Y","LT10","M72","D111","BG",2008,4379
"EUR","P_SAL_Y","LT10","M72","D1111","BG",2008,4104
"EUR","P_SAL_Y","LT10","M73","D01","BG",2008,3292
"EUR","P_SAL_Y","LT10","M73","D111","BG",2008,2762
"EUR","P_SAL_Y","LT10","M73","D1111","BG",2008,2605
"EUR","P_SAL_Y","LT10","M74","D01","BG",2008,3743
"EUR","P_SAL_Y","LT10","M74","D111","BG",2008,3141
"EUR","P_SAL_Y","LT10","M74","D1111","BG",2008,2976
"EUR","P_SAL_Y","LT10","M75","D01","BG",2008,2083
"EUR","P_SAL_Y","LT10","M75","D111","BG",2008,1721
"EUR","P_SAL_Y","LT10","M75","D1111","BG",2008,1657
"EUR","P_SAL_Y","LT10","N","D01","BG",2008,2871
"EUR","P_SAL_Y","LT10","N","D111","BG",2008,2398
"EUR","P_SAL_Y","LT10","N","D1111","BG",2008,2264
"EUR","P_SAL_Y","LT10","N77","D01","BG",2008,3339
"EUR","P_SAL_Y","LT10","N77","D111","BG",2008,2797
"EUR","P_SAL_Y","LT10","N77","D1111","BG",2008,2658
"EUR","P_SAL_Y","LT10","N78","D01","BG",2008,4817
"EUR","P_SAL_Y","LT10","N78","D111","BG",2008,4064
"EUR","P_SAL_Y","LT10","N78","D1111","BG",2008,3811
"EUR","P_SAL_Y","LT10","N79","D01","BG",2008,2949
"EUR","P_SAL_Y","LT10","N79","D111","BG",2008,2434
"EUR","P_SAL_Y","LT10","N79","D1111","BG",2008,2302
"EUR","P_SAL_Y","LT10","N80","D01","BG",2008,1944
"EUR","P_SAL_Y","LT10","N80","D111","BG",2008,1617
"EUR","P_SAL_Y","LT10","N80","D1111","BG",2008,1541
"EUR","P_SAL_Y","LT10","N81","D01","BG",2008,2124
"EUR","P_SAL_Y","LT10","N81","D111","BG",2008,1764
"EUR","P_SAL_Y","LT10","N81","D1111","BG",2008,1670
"EUR","P_SAL_Y","LT10","N82","D01","BG",2008,3320
"EUR","P_SAL_Y","LT10","N82","D111","BG",2008,2807
"EUR","P_SAL_Y","LT10","N82","D1111","BG",2008,2621
"EUR","P_SAL_Y","LT10","O","D01","BG",2008,6852
"EUR","P_SAL_Y","LT10","O","D111","BG",2008,5340
"EUR","P_SAL_Y","LT10","O","D1111","BG",2008,4820
"EUR","P_SAL_Y","LT10","O-S","D01","BG",2008,2610
"EUR","P_SAL_Y","LT10","O-S","D111","BG",2008,2187
"EUR","P_SAL_Y","LT10","O-S","D1111","BG",2008,2034
"EUR","P_SAL_Y","LT10","O84","D01","BG",2008,6852
"EUR","P_SAL_Y","LT10","O84","D111","BG",2008,5340
"EUR","P_SAL_Y","LT10","O84","D1111","BG",2008,4820
"EUR","P_SAL_Y","LT10","P","D01","BG",2008,3226
"EUR","P_SAL_Y","LT10","P","D111","BG",2008,2535
"EUR","P_SAL_Y","LT10","P","D1111","BG",2008,2215
"EUR","P_SAL_Y","LT10","P-S","D01","BG",2008,2444
"EUR","P_SAL_Y","LT10","P-S","D111","BG",2008,2064
"EUR","P_SAL_Y","LT10","P-S","D1111","BG",2008,1925
"EUR","P_SAL_Y","LT10","P85","D01","BG",2008,3226
"EUR","P_SAL_Y","LT10","P85","D111","BG",2008,2535
"EUR","P_SAL_Y","LT10","P85","D1111","BG",2008,2215
"EUR","P_SAL_Y","LT10","Q","D01","BG",2008,2237
"EUR","P_SAL_Y","LT10","Q","D111","BG",2008,1850
"EUR","P_SAL_Y","LT10","Q","D1111","BG",2008,1778
"EUR","P_SAL_Y","LT10","Q86","D01","BG",2008,2222
"EUR","P_SAL_Y","LT10","Q86","D111","BG",2008,1837
"EUR","P_SAL_Y","LT10","Q86","D1111","BG",2008,1773
"EUR","P_SAL_Y","LT10","Q87","D01","BG",2008,2247
"EUR","P_SAL_Y","LT10","Q87","D111","BG",2008,1911
"EUR","P_SAL_Y","LT10","Q87","D1111","BG",2008,1770
"EUR","P_SAL_Y","LT10","Q88","D01","BG",2008,2564
"EUR","P_SAL_Y","LT10","Q88","D111","BG",2008,2089
"EUR","P_SAL_Y","LT10","Q88","D1111","BG",2008,1889
"EUR","P_SAL_Y","LT10","R","D01","BG",2008,2222
"EUR","P_SAL_Y","LT10","R","D111","BG",2008,1834
"EUR","P_SAL_Y","LT10","R","D1111","BG",2008,1734
"EUR","P_SAL_Y","LT10","R90","D01","BG",2008,2580
"EUR","P_SAL_Y","LT10","R90","D111","BG",2008,2139
"EUR","P_SAL_Y","LT10","R90","D1111","BG",2008,2027
"EUR","P_SAL_Y","LT10","R91","D01","BG",2008,3139
"EUR","P_SAL_Y","LT10","R91","D111","BG",2008,2570
"EUR","P_SAL_Y","LT10","R91","D1111","BG",2008,2314
"EUR","P_SAL_Y","LT10","R92","D01","BG",2008,1882
"EUR","P_SAL_Y","LT10","R92","D111","BG",2008,1553
"EUR","P_SAL_Y","LT10","R92","D1111","BG",2008,1475
"EUR","P_SAL_Y","LT10","R93","D01","BG",2008,2345
"EUR","P_SAL_Y","LT10","R93","D111","BG",2008,1936
"EUR","P_SAL_Y","LT10","R93","D1111","BG",2008,1838
"EUR","P_SAL_Y","LT10","S","D01","BG",2008,2341
"EUR","P_SAL_Y","LT10","S","D111","BG",2008,2091
"EUR","P_SAL_Y","LT10","S","D1111","BG",2008,1966
"EUR","P_SAL_Y","LT10","S94","D01","BG",2008,2863
"EUR","P_SAL_Y","LT10","S94","D111","BG",2008,2700
"EUR","P_SAL_Y","LT10","S94","D1111","BG",2008,2507
"EUR","P_SAL_Y","LT10","S95","D01","BG",2008,2016
"EUR","P_SAL_Y","LT10","S95","D111","BG",2008,1664
"EUR","P_SAL_Y","LT10","S95","D1111","BG",2008,1597
"EUR","P_SAL_Y","LT10","S96","D01","BG",2008,1846
"EUR","P_SAL_Y","LT10","S96","D111","BG",2008,1524
"EUR","P_SAL_Y","LT10","S96","D1111","BG",2008,1460
"EUR","P_SAL_Y","TOTAL","B","D01","BG",2008,7584
"EUR","P_SAL_Y","TOTAL","B","D111","BG",2008,5567
"EUR","P_SAL_Y","TOTAL","B","D1111","BG",2008,4724
"EUR","P_SAL_Y","TOTAL","B-E","D01","BG",2008,4244
"EUR","P_SAL_Y","TOTAL","B-E","D111","BG",2008,3384
"EUR","P_SAL_Y","TOTAL","B-E","D1111","BG",2008,2961
"EUR","P_SAL_Y","TOTAL","B-F","D01","BG",2008,4047
"EUR","P_SAL_Y","TOTAL","B-F","D111","BG",2008,3247
"EUR","P_SAL_Y","TOTAL","B-F","D1111","BG",2008,2885
"EUR","P_SAL_Y","TOTAL","B-N","D01","BG",2008,4133
"EUR","P_SAL_Y","TOTAL","B-N","D111","BG",2008,3384
"EUR","P_SAL_Y","TOTAL","B-N","D1111","BG",2008,3045
"EUR","P_SAL_Y","TOTAL","B-S","D01","BG",2008,4245
"EUR","P_SAL_Y","TOTAL","B-S","D111","BG",2008,3462
"EUR","P_SAL_Y","TOTAL","B-S","D1111","BG",2008,3101
"EUR","P_SAL_Y","TOTAL","B-S_X_O","D01","BG",2008,4145
"EUR","P_SAL_Y","TOTAL","B-S_X_O","D111","BG",2008,3390
"EUR","P_SAL_Y","TOTAL","B-S_X_O","D1111","BG",2008,3034
"EUR","P_SAL_Y","TOTAL","B05","D01","BG",2008,8317
"EUR","P_SAL_Y","TOTAL","B05","D111","BG",2008,5867
"EUR","P_SAL_Y","TOTAL","B05","D1111","BG",2008,4741
"EUR","P_SAL_Y","TOTAL","B06","D01","BG",2008,6333
"EUR","P_SAL_Y","TOTAL","B06","D111","BG",2008,5246
"EUR","P_SAL_Y","TOTAL","B06","D1111","BG",2008,4659
"EUR","P_SAL_Y","TOTAL","B07","D01","BG",2008,9235
"EUR","P_SAL_Y","TOTAL","B07","D111","BG",2008,6961
"EUR","P_SAL_Y","TOTAL","B07","D1111","BG",2008,6117
"EUR","P_SAL_Y","TOTAL","B08","D01","BG",2008,5142
"EUR","P_SAL_Y","TOTAL","B08","D111","BG",2008,3986
"EUR","P_SAL_Y","TOTAL","B08","D1111","BG",2008,3590
"EUR","P_SAL_Y","TOTAL","B09","D01","BG",2008,2415
"EUR","P_SAL_Y","TOTAL","B09","D111","BG",2008,2032
"EUR","P_SAL_Y","TOTAL","B09","D1111","BG",2008,1976
"EUR","P_SAL_Y","TOTAL","C","D01","BG",2008,3705
"EUR","P_SAL_Y","TOTAL","C","D111","BG",2008,2991
"EUR","P_SAL_Y","TOTAL","C","D1111","BG",2008,2692
"EUR","P_SAL_Y","TOTAL","C10","D01","BG",2008,3003
"EUR","P_SAL_Y","TOTAL","C10","D111","BG",2008,2469
"EUR","P_SAL_Y","TOTAL","C10","D1111","BG",2008,2287
"EUR","P_SAL_Y","TOTAL","C11","D01","BG",2008,4981
"EUR","P_SAL_Y","TOTAL","C11","D111","BG",2008,4155
"EUR","P_SAL_Y","TOTAL","C11","D1111","BG",2008,3673
"EUR","P_SAL_Y","TOTAL","C12","D01","BG",2008,10695
"EUR","P_SAL_Y","TOTAL","C12","D111","BG",2008,7948
"EUR","P_SAL_Y","TOTAL","C12","D1111","BG",2008,6841
"EUR","P_SAL_Y","TOTAL","C13","D01","BG",2008,3390
"EUR","P_SAL_Y","TOTAL","C13","D111","BG",2008,2733
"EUR","P_SAL_Y","TOTAL","C13","D1111","BG",2008,2485
"EUR","P_SAL_Y","TOTAL","C14","D01","BG",2008,2330
"EUR","P_SAL_Y","TOTAL","C14","D111","BG",2008,1911
"EUR","P_SAL_Y","TOTAL","C14","D1111","BG",2008,1740
"EUR","P_SAL_Y","TOTAL","C15","D01","BG",2008,2107
"EUR","P_SAL_Y","TOTAL","C15","D111","BG",2008,1724
"EUR","P_SAL_Y","TOTAL","C15","D1111","BG",2008,1583
"EUR","P_SAL_Y","TOTAL","C16","D01","BG",2008,2742
"EUR","P_SAL_Y","TOTAL","C16","D111","BG",2008,2246
"EUR","P_SAL_Y","TOTAL","C16","D1111","BG",2008,2057
"EUR","P_SAL_Y","TOTAL","C17","D01","BG",2008,3593
"EUR","P_SAL_Y","TOTAL","C17","D111","BG",2008,2913
"EUR","P_SAL_Y","TOTAL","C17","D1111","BG",2008,2590
"EUR","P_SAL_Y","TOTAL","C18","D01","BG",2008,4039
"EUR","P_SAL_Y","TOTAL","C18","D111","BG",2008,3351
"EUR","P_SAL_Y","TOTAL","C18","D1111","BG",2008,3045
"EUR","P_SAL_Y","TOTAL","C19","D01","BG",2008,15897
"EUR","P_SAL_Y","TOTAL","C19","D111","BG",2008,11339
"EUR","P_SAL_Y","TOTAL","C19","D1111","BG",2008,9409
"EUR","P_SAL_Y","TOTAL","C20","D01","BG",2008,5611
"EUR","P_SAL_Y","TOTAL","C20","D111","BG",2008,4364
"EUR","P_SAL_Y","TOTAL","C20","D1111","BG",2008,3845
"EUR","P_SAL_Y","TOTAL","C21","D01","BG",2008,5988
"EUR","P_SAL_Y","TOTAL","C21","D111","BG",2008,4746
"EUR","P_SAL_Y","TOTAL","C21","D1111","BG",2008,4192
"EUR","P_SAL_Y","TOTAL","C22","D01","BG",2008,2789
"EUR","P_SAL_Y","TOTAL","C22","D111","BG",2008,2289
"EUR","P_SAL_Y","TOTAL","C22","D1111","BG",2008,2107
"EUR","P_SAL_Y","TOTAL","C23","D01","BG",2008,4581
"EUR","P_SAL_Y","TOTAL","C23","D111","BG",2008,3680
"EUR","P_SAL_Y","TOTAL","C23","D1111","BG",2008,3321
"EUR","P_SAL_Y","TOTAL","C24","D01","BG",2008,7924
"EUR","P_SAL_Y","TOTAL","C24","D111","BG",2008,6131
"EUR","P_SAL_Y","TOTAL","C24","D1111","BG",2008,5354
"EUR","P_SAL_Y","TOTAL","C25","D01","BG",2008,3531
"EUR","P_SAL_Y","TOTAL","C25","D111","BG",2008,2858
"EUR","P_SAL_Y","TOTAL","C25","D1111","BG",2008,2601
"EUR","P_SAL_Y","TOTAL","C26","D01","BG",2008,4805
"EUR","P_SAL_Y","TOTAL","C26","D111","BG",2008,3971
"EUR","P_SAL_Y","TOTAL","C26","D1111","BG",2008,3500
"EUR","P_SAL_Y","TOTAL","C27","D01","BG",2008,4602
"EUR","P_SAL_Y","TOTAL","C27","D111","BG",2008,3749
"EUR","P_SAL_Y","TOTAL","C27","D1111","BG",2008,3337
"EUR","P_SAL_Y","TOTAL","C28","D01","BG",2008,4555
"EUR","P_SAL_Y","TOTAL","C28","D111","BG",2008,3708
"EUR","P_SAL_Y","TOTAL","C28","D1111","BG",2008,3283
"EUR","P_SAL_Y","TOTAL","C29","D01","BG",2008,3766
"EUR","P_SAL_Y","TOTAL","C29","D111","BG",2008,3071
"EUR","P_SAL_Y","TOTAL","C29","D1111","BG",2008,2783
"EUR","P_SAL_Y","TOTAL","C30","D01","BG",2008,5692
"EUR","P_SAL_Y","TOTAL","C30","D111","BG",2008,4535
"EUR","P_SAL_Y","TOTAL","C30","D1111","BG",2008,4059
"EUR","P_SAL_Y","TOTAL","C31","D01","BG",2008,2329
"EUR","P_SAL_Y","TOTAL","C31","D111","BG",2008,1907
"EUR","P_SAL_Y","TOTAL","C31","D1111","BG",2008,1763
"EUR","P_SAL_Y","TOTAL","C32","D01","BG",2008,2924
"EUR","P_SAL_Y","TOTAL","C32","D111","BG",2008,2408
"EUR","P_SAL_Y","TOTAL","C32","D1111","BG",2008,2196
"EUR","P_SAL_Y","TOTAL","C33","D01","BG",2008,5738
"EUR","P_SAL_Y","TOTAL","C33","D111","BG",2008,4617
"EUR","P_SAL_Y","TOTAL","C33","D1111","BG",2008,4121
"EUR","P_SAL_Y","TOTAL","D","D01","BG",2008,10321
"EUR","P_SAL_Y","TOTAL","D","D111","BG",2008,7927
"EUR","P_SAL_Y","TOTAL","D","D1111","BG",2008,5920
"EUR","P_SAL_Y","TOTAL","D35","D01","BG",2008,10321
"EUR","P_SAL_Y","TOTAL","D35","D111","BG",2008,7927
"EUR","P_SAL_Y","TOTAL","D35","D1111","BG",2008,5920
"EUR","P_SAL_Y","TOTAL","E","D01","BG",2008,4632
"EUR","P_SAL_Y","TOTAL","E","D111","BG",2008,3777
"EUR","P_SAL_Y","TOTAL","E","D1111","BG",2008,3155
"EUR","P_SAL_Y","TOTAL","E36","D01","BG",2008,5245
"EUR","P_SAL_Y","TOTAL","E36","D111","BG",2008,4255
"EUR","P_SAL_Y","TOTAL","E36","D1111","BG",2008,3332
"EUR","P_SAL_Y","TOTAL","E37","D01","BG",2008,5062
"EUR","P_SAL_Y","TOTAL","E37","D111","BG",2008,4378
"EUR","P_SAL_Y","TOTAL","E37","D1111","BG",2008,4136
"EUR","P_SAL_Y","TOTAL","E38","D01","BG",2008,3874
"EUR","P_SAL_Y","TOTAL","E38","D111","BG",2008,3178
"EUR","P_SAL_Y","TOTAL","E38","D1111","BG",2008,2906
"EUR","P_SAL_Y","TOTAL","E39","D01","BG",2008,4361
"EUR","P_SAL_Y","TOTAL","E39","D111","BG",2008,3553
"EUR","P_SAL_Y","TOTAL","E39","D1111","BG",2008,3190
"EUR","P_SAL_Y","TOTAL","F","D01","BG",2008,3477
"EUR","P_SAL_Y","TOTAL","F","D111","BG",2008,2851
"EUR","P_SAL_Y","TOTAL","F","D1111","BG",2008,2663
"EUR","P_SAL_Y","TOTAL","F41","D01","BG",2008,3150
"EUR","P_SAL_Y","TOTAL","F41","D111","BG",2008,2596
"EUR","P_SAL_Y","TOTAL","F41","D1111","BG",2008,2432
"EUR","P_SAL_Y","TOTAL","F42","D01","BG",2008,4657
"EUR","P_SAL_Y","TOTAL","F42","D111","BG",2008,3749
"EUR","P_SAL_Y","TOTAL","F42","D1111","BG",2008,3455
"EUR","P_SAL_Y","TOTAL","F43","D01","BG",2008,3367
"EUR","P_SAL_Y","TOTAL","F43","D111","BG",2008,2780
"EUR","P_SAL_Y","TOTAL","F43","D1111","BG",2008,2616
"EUR","P_SAL_Y","TOTAL","G","D01","BG",2008,3310
"EUR","P_SAL_Y","TOTAL","G","D111","BG",2008,2761
"EUR","P_SAL_Y","TOTAL","G","D1111","BG",2008,2587
"EUR","P_SAL_Y","TOTAL","G-J","D01","BG",2008,3979
"EUR","P_SAL_Y","TOTAL","G-J","D111","BG",2008,3302
"EUR","P_SAL_Y","TOTAL","G-J","D1111","BG",2008,2995
"EUR","P_SAL_Y","TOTAL","G-N","D01","BG",2008,4217
"EUR","P_SAL_Y","TOTAL","G-N","D111","BG",2008,3519
"EUR","P_SAL_Y","TOTAL","G-N","D1111","BG",2008,3203
"EUR","P_SAL_Y","TOTAL","G-S_X_O","D01","BG",2008,4215
"EUR","P_SAL_Y","TOTAL","G-S_X_O","D111","BG",2008,3493
"EUR","P_SAL_Y","TOTAL","G-S_X_O","D1111","BG",2008,3142
"EUR","P_SAL_Y","TOTAL","G45","D01","BG",2008,3961
"EUR","P_SAL_Y","TOTAL","G45","D111","BG",2008,3322
"EUR","P_SAL_Y","TOTAL","G45","D1111","BG",2008,3098
"EUR","P_SAL_Y","TOTAL","G46","D01","BG",2008,4208
"EUR","P_SAL_Y","TOTAL","G46","D111","BG",2008,3543
"EUR","P_SAL_Y","TOTAL","G46","D1111","BG",2008,3306
"EUR","P_SAL_Y","TOTAL","G47","D01","BG",2008,2538
"EUR","P_SAL_Y","TOTAL","G47","D111","BG",2008,2089
"EUR","P_SAL_Y","TOTAL","G47","D1111","BG",2008,1970
"EUR","P_SAL_Y","TOTAL","H","D01","BG",2008,5014
"EUR","P_SAL_Y","TOTAL","H","D111","BG",2008,4081
"EUR","P_SAL_Y","TOTAL","H","D1111","BG",2008,3392
"EUR","P_SAL_Y","TOTAL","H49","D01","BG",2008,3789
"EUR","P_SAL_Y","TOTAL","H49","D111","BG",2008,2996
"EUR","P_SAL_Y","TOTAL","H49","D1111","BG",2008,2590
"EUR","P_SAL_Y","TOTAL","H50","D01","BG",2008,8314
"EUR","P_SAL_Y","TOTAL","H50","D111","BG",2008,6217
"EUR","P_SAL_Y","TOTAL","H50","D1111","BG",2008,5098
"EUR","P_SAL_Y","TOTAL","H51","D01","BG",2008,13089
"EUR","P_SAL_Y","TOTAL","H51","D111","BG",2008,10728
"EUR","P_SAL_Y","TOTAL","H51","D1111","BG",2008,9573
"EUR","P_SAL_Y","TOTAL","H52","D01","BG",2008,7228
"EUR","P_SAL_Y","TOTAL","H52","D111","BG",2008,6165
"EUR","P_SAL_Y","TOTAL","H52","D1111","BG",2008,4930
"EUR","P_SAL_Y","TOTAL","H53","D01","BG",2008,4303
"EUR","P_SAL_Y","TOTAL","H53","D111","BG",2008,3528
"EUR","P_SAL_Y","TOTAL","H53","D1111","BG",2008,2765
"EUR","P_SAL_Y","TOTAL","I","D01","BG",2008,2489
"EUR","P_SAL_Y","TOTAL","I","D111","BG",2008,2045
"EUR","P_SAL_Y","TOTAL","I","D1111","BG",2008,1929
"EUR","P_SAL_Y","TOTAL","I55","D01","BG",2008,3188
"EUR","P_SAL_Y","TOTAL","I55","D111","BG",2008,2609
"EUR","P_SAL_Y","TOTAL","I55","D1111","BG",2008,2425
"EUR","P_SAL_Y","TOTAL","I56","D01","BG",2008,2140
"EUR","P_SAL_Y","TOTAL","I56","D111","BG",2008,1763
"EUR","P_SAL_Y","TOTAL","I56","D1111","BG",2008,1682
"EUR","P_SAL_Y","TOTAL","J","D01","BG",2008,8547
"EUR","P_SAL_Y","TOTAL","J","D111","BG",2008,7242
"EUR","P_SAL_Y","TOTAL","J","D1111","BG",2008,6645
"EUR","P_SAL_Y","TOTAL","J58","D01","BG",2008,4944
"EUR","P_SAL_Y","TOTAL","J58","D111","BG",2008,4176
"EUR","P_SAL_Y","TOTAL","J58","D1111","BG",2008,3888
"EUR","P_SAL_Y","TOTAL","J59","D01","BG",2008,5264
"EUR","P_SAL_Y","TOTAL","J59","D111","BG",2008,4392
"EUR","P_SAL_Y","TOTAL","J59","D1111","BG",2008,4110
"EUR","P_SAL_Y","TOTAL","J60","D01","BG",2008,6069
"EUR","P_SAL_Y","TOTAL","J60","D111","BG",2008,5052
"EUR","P_SAL_Y","TOTAL","J60","D1111","BG",2008,4652
"EUR","P_SAL_Y","TOTAL","J61","D01","BG",2008,8982
"EUR","P_SAL_Y","TOTAL","J61","D111","BG",2008,7563
"EUR","P_SAL_Y","TOTAL","J61","D1111","BG",2008,6942
"EUR","P_SAL_Y","TOTAL","J62","D01","BG",2008,11152
"EUR","P_SAL_Y","TOTAL","J62","D111","BG",2008,9544
"EUR","P_SAL_Y","TOTAL","J62","D1111","BG",2008,8725
"EUR","P_SAL_Y","TOTAL","J63","D01","BG",2008,7203
"EUR","P_SAL_Y","TOTAL","J63","D111","BG",2008,6129
"EUR","P_SAL_Y","TOTAL","J63","D1111","BG",2008,5601
"EUR","P_SAL_Y","TOTAL","K","D01","BG",2008,9102
"EUR","P_SAL_Y","TOTAL","K","D111","BG",2008,7666
"EUR","P_SAL_Y","TOTAL","K","D1111","BG",2008,6963
"EUR","P_SAL_Y","TOTAL","K-N","D01","BG",2008,4889
"EUR","P_SAL_Y","TOTAL","K-N","D111","BG",2008,4128
"EUR","P_SAL_Y","TOTAL","K-N","D1111","BG",2008,3788
"EUR","P_SAL_Y","TOTAL","K64","D01","BG",2008,9307
"EUR","P_SAL_Y","TOTAL","K64","D111","BG",2008,7832
"EUR","P_SAL_Y","TOTAL","K64","D1111","BG",2008,7073
"EUR","P_SAL_Y","TOTAL","K65","D01","BG",2008,9614
"EUR","P_SAL_Y","TOTAL","K65","D111","BG",2008,8163
"EUR","P_SAL_Y","TOTAL","K65","D1111","BG",2008,7608
"EUR","P_SAL_Y","TOTAL","K66","D01","BG",2008,6283
"EUR","P_SAL_Y","TOTAL","K66","D111","BG",2008,5264
"EUR","P_SAL_Y","TOTAL","K66","D1111","BG",2008,4914
"EUR","P_SAL_Y","TOTAL","L","D01","BG",2008,4252
"EUR","P_SAL_Y","TOTAL","L","D111","BG",2008,3575
"EUR","P_SAL_Y","TOTAL","L","D1111","BG",2008,3311
"EUR","P_SAL_Y","TOTAL","L68","D01","BG",2008,4252
"EUR","P_SAL_Y","TOTAL","L68","D111","BG",2008,3575
"EUR","P_SAL_Y","TOTAL","L68","D1111","BG",2008,3311
"EUR","P_SAL_Y","TOTAL","M","D01","BG",2008,5634
"EUR","P_SAL_Y","TOTAL","M","D111","BG",2008,4756
"EUR","P_SAL_Y","TOTAL","M","D1111","BG",2008,4354
"EUR","P_SAL_Y","TOTAL","M69","D01","BG",2008,4827
"EUR","P_SAL_Y","TOTAL","M69","D111","BG",2008,4079
"EUR","P_SAL_Y","TOTAL","M69","D1111","BG",2008,3799
"EUR","P_SAL_Y","TOTAL","M70","D01","BG",2008,9074
"EUR","P_SAL_Y","TOTAL","M70","D111","BG",2008,7794
"EUR","P_SAL_Y","TOTAL","M70","D1111","BG",2008,7058
"EUR","P_SAL_Y","TOTAL","M71","D01","BG",2008,5667
"EUR","P_SAL_Y","TOTAL","M71","D111","BG",2008,4749
"EUR","P_SAL_Y","TOTAL","M71","D1111","BG",2008,4320
"EUR","P_SAL_Y","TOTAL","M72","D01","BG",2008,4795
"EUR","P_SAL_Y","TOTAL","M72","D111","BG",2008,3936
"EUR","P_SAL_Y","TOTAL","M72","D1111","BG",2008,3453
"EUR","P_SAL_Y","TOTAL","M73","D01","BG",2008,5444
"EUR","P_SAL_Y","TOTAL","M73","D111","BG",2008,4623
"EUR","P_SAL_Y","TOTAL","M73","D1111","BG",2008,4305
"EUR","P_SAL_Y","TOTAL","M74","D01","BG",2008,5697
"EUR","P_SAL_Y","TOTAL","M74","D111","BG",2008,4902
"EUR","P_SAL_Y","TOTAL","M74","D1111","BG",2008,4632
"EUR","P_SAL_Y","TOTAL","M75","D01","BG",2008,2083
"EUR","P_SAL_Y","TOTAL","M75","D111","BG",2008,1721
"EUR","P_SAL_Y","TOTAL","M75","D1111","BG",2008,1657
"EUR","P_SAL_Y","TOTAL","N","D01","BG",2008,2427
"EUR","P_SAL_Y","TOTAL","N","D111","BG",2008,2064
"EUR","P_SAL_Y","TOTAL","N","D1111","BG",2008,1929
"EUR","P_SAL_Y","TOTAL","N77","D01","BG",2008,4699
"EUR","P_SAL_Y","TOTAL","N77","D111","BG",2008,3952
"EUR","P_SAL_Y","TOTAL","N77","D1111","BG",2008,3676
"EUR","P_SAL_Y","TOTAL","N78","D01","BG",2008,4657
"EUR","P_SAL_Y","TOTAL","N78","D111","BG",2008,3847
"EUR","P_SAL_Y","TOTAL","N78","D1111","BG",2008,3565
"EUR","P_SAL_Y","TOTAL","N79","D01","BG",2008,3522
"EUR","P_SAL_Y","TOTAL","N79","D111","BG",2008,2944
"EUR","P_SAL_Y","TOTAL","N79","D1111","BG",2008,2786
"EUR","P_SAL_Y","TOTAL","N80","D01","BG",2008,2203
"EUR","P_SAL_Y","TOTAL","N80","D111","BG",2008,1812
"EUR","P_SAL_Y","TOTAL","N80","D1111","BG",2008,1705
"EUR","P_SAL_Y","TOTAL","N81","D01","BG",2008,1707
"EUR","P_SAL_Y","TOTAL","N81","D111","BG",2008,1592
"EUR","P_SAL_Y","TOTAL","N81","D1111","BG",2008,1473
"EUR","P_SAL_Y","TOTAL","N82","D01","BG",2008,5055
"EUR","P_SAL_Y","TOTAL","N82","D111","BG",2008,4185
"EUR","P_SAL_Y","TOTAL","N82","D1111","BG",2008,3901
"EUR","P_SAL_Y","TOTAL","O","D01","BG",2008,6013
"EUR","P_SAL_Y","TOTAL","O","D111","BG",2008,4740
"EUR","P_SAL_Y","TOTAL","O","D1111","BG",2008,4269
"EUR","P_SAL_Y","TOTAL","O-S","D01","BG",2008,4684
"EUR","P_SAL_Y","TOTAL","O-S","D111","BG",2008,3770
"EUR","P_SAL_Y","TOTAL","O-S","D1111","BG",2008,3318
"EUR","P_SAL_Y","TOTAL","O84","D01","BG",2008,6013
"EUR","P_SAL_Y","TOTAL","O84","D111","BG",2008,4740
"EUR","P_SAL_Y","TOTAL","O84","D1111","BG",2008,4269
"EUR","P_SAL_Y","TOTAL","P","D01","BG",2008,4538
"EUR","P_SAL_Y","TOTAL","P","D111","BG",2008,3626
"EUR","P_SAL_Y","TOTAL","P","D1111","BG",2008,3034
"EUR","P_SAL_Y","TOTAL","P-S","D01","BG",2008,4208
"EUR","P_SAL_Y","TOTAL","P-S","D111","BG",2008,3423
"EUR","P_SAL_Y","TOTAL","P-S","D1111","BG",2008,2977
"EUR","P_SAL_Y","TOTAL","P85","D01","BG",2008,4538
"EUR","P_SAL_Y","TOTAL","P85","D111","BG",2008,3626
"EUR","P_SAL_Y","TOTAL","P85","D1111","BG",2008,3034
"EUR","P_SAL_Y","TOTAL","Q","D01","BG",2008,4313
"EUR","P_SAL_Y","TOTAL","Q","D111","BG",2008,3543
"EUR","P_SAL_Y","TOTAL","Q","D1111","BG",2008,3182
"EUR","P_SAL_Y","TOTAL","Q86","D01","BG",2008,4680
"EUR","P_SAL_Y","TOTAL","Q86","D111","BG",2008,3846
"EUR","P_SAL_Y","TOTAL","Q86","D1111","BG",2008,3466
"EUR","P_SAL_Y","TOTAL","Q87","D01","BG",2008,3162
"EUR","P_SAL_Y","TOTAL","Q87","D111","BG",2008,2593
"EUR","P_SAL_Y","TOTAL","Q87","D1111","BG",2008,2280
"EUR","P_SAL_Y","TOTAL","Q88","D01","BG",2008,2745
"EUR","P_SAL_Y","TOTAL","Q88","D111","BG",2008,2247
"EUR","P_SAL_Y","TOTAL","Q88","D1111","BG",2008,1987
"EUR","P_SAL_Y","TOTAL","R","D01","BG",2008,3431
"EUR","P_SAL_Y","TOTAL","R","D111","BG",2008,2846
"EUR","P_SAL_Y","TOTAL","R","D1111","BG",2008,2592
"EUR","P_SAL_Y","TOTAL","R90","D01","BG",2008,3765
"EUR","P_SAL_Y","TOTAL","R90","D111","BG",2008,3054
"EUR","P_SAL_Y","TOTAL","R90","D1111","BG",2008,2671
"EUR","P_SAL_Y","TOTAL","R91","D01","BG",2008,3367
"EUR","P_SAL_Y","TOTAL","R91","D111","BG",2008,2748
"EUR","P_SAL_Y","TOTAL","R91","D1111","BG",2008,2413
"EUR","P_SAL_Y","TOTAL","R92","D01","BG",2008,2895
"EUR","P_SAL_Y","TOTAL","R92","D111","BG",2008,2392
"EUR","P_SAL_Y","TOTAL","R92","D1111","BG",2008,2222
"EUR","P_SAL_Y","TOTAL","R93","D01","BG",2008,3953
"EUR","P_SAL_Y","TOTAL","R93","D111","BG",2008,3385
"EUR","P_SAL_Y","TOTAL","R93","D1111","BG",2008,3174
"EUR","P_SAL_Y","TOTAL","S","D01","BG",2008,2728
"EUR","P_SAL_Y","TOTAL","S","D111","BG",2008,2379
"EUR","P_SAL_Y","TOTAL","S","D1111","BG",2008,2203
"EUR","P_SAL_Y","TOTAL","S94","D01","BG",2008,3157
"EUR","P_SAL_Y","TOTAL","S94","D111","BG",2008,2841
"EUR","P_SAL_Y","TOTAL","S94","D1111","BG",2008,2611
"EUR","P_SAL_Y","TOTAL","S95","D01","BG",2008,2545
"EUR","P_SAL_Y","TOTAL","S95","D111","BG",2008,2110
"EUR","P_SAL_Y","TOTAL","S95","D1111","BG",2008,2002
"EUR","P_SAL_Y","TOTAL","S96","D01","BG",2008,2153
"EUR","P_SAL_Y","TOTAL","S96","D111","BG",2008,1775
"EUR","P_SAL_Y","TOTAL","S96","D1111","BG",2008,1662
"EUR","TOTAL","10-49","B","D01","BG",2008,10123462
"EUR","TOTAL","10-49","B","D111","BG",2008,8107700
"EUR","TOTAL","10-49","B","D1111","BG",2008,7399029
"EUR","TOTAL","10-49","B-E","D01","BG",2008,395658755
"EUR","TOTAL","10-49","B-E","D111","BG",2008,324651699
"EUR","TOTAL","10-49","B-E","D1111","BG",2008,297522063
"EUR","TOTAL","10-49","B-F","D01","BG",2008,629193896
"EUR","TOTAL","10-49","B-F","D111","BG",2008,516911954
"EUR","TOTAL","10-49","B-F","D1111","BG",2008,478607622
"EUR","TOTAL","10-49","B-N","D01","BG",2008,1602343325
"EUR","TOTAL","10-49","B-N","D111","BG",2008,1334543923
"EUR","TOTAL","10-49","B-N","D1111","BG",2008,1237351060
"EUR","TOTAL","10-49","B-S","D01","BG",2008,2157021268
"EUR","TOTAL","10-49","B-S","D111","BG",2008,1777741910
"EUR","TOTAL","10-49","B-S","D1111","BG",2008,1621422933
"EUR","TOTAL","10-49","B-S_X_O","D01","BG",2008,1998969703
"EUR","TOTAL","10-49","B-S_X_O","D111","BG",2008,1654336511
"EUR","TOTAL","10-49","B-S_X_O","D1111","BG",2008,1511896930
"EUR","TOTAL","10-49","B05","D01","BG",2008,496758
"EUR","TOTAL","10-49","B05","D111","BG",2008,391851
"EUR","TOTAL","10-49","B05","D1111","BG",2008,368352
"EUR","TOTAL","10-49","B06","D01","BG",2008,NA
"EUR","TOTAL","10-49","B06","D111","BG",2008,NA
"EUR","TOTAL","10-49","B06","D1111","BG",2008,NA
"EUR","TOTAL","10-49","B07","D01","BG",2008,390477
"EUR","TOTAL","10-49","B07","D111","BG",2008,297507
"EUR","TOTAL","10-49","B07","D1111","BG",2008,254366
"EUR","TOTAL","10-49","B08","D01","BG",2008,8380233
"EUR","TOTAL","10-49","B08","D111","BG",2008,6674610
"EUR","TOTAL","10-49","B08","D1111","BG",2008,6089695
"EUR","TOTAL","10-49","B09","D01","BG",2008,NA
"EUR","TOTAL","10-49","B09","D111","BG",2008,NA
"EUR","TOTAL","10-49","B09","D1111","BG",2008,NA
"EUR","TOTAL","10-49","C","D01","BG",2008,339136431
"EUR","TOTAL","10-49","C","D111","BG",2008,278588600
"EUR","TOTAL","10-49","C","D1111","BG",2008,258950914
"EUR","TOTAL","10-49","C10","D01","BG",2008,50422765
"EUR","TOTAL","10-49","C10","D111","BG",2008,41369427
"EUR","TOTAL","10-49","C10","D1111","BG",2008,38594258
"EUR","TOTAL","10-49","C11","D01","BG",2008,NA
"EUR","TOTAL","10-49","C11","D111","BG",2008,NA
"EUR","TOTAL","10-49","C11","D1111","BG",2008,NA
"EUR","TOTAL","10-49","C12","D01","BG",2008,1072110
"EUR","TOTAL","10-49","C12","D111","BG",2008,874454
"EUR","TOTAL","10-49","C12","D1111","BG",2008,810998
"EUR","TOTAL","10-49","C13","D01","BG",2008,6773795
"EUR","TOTAL","10-49","C13","D111","BG",2008,5468545
"EUR","TOTAL","10-49","C13","D1111","BG",2008,5052112
"EUR","TOTAL","10-49","C14","D01","BG",2008,53504724
"EUR","TOTAL","10-49","C14","D111","BG",2008,43963593
"EUR","TOTAL","10-49","C14","D1111","BG",2008,40904802
"EUR","TOTAL","10-49","C15","D01","BG",2008,7228226
"EUR","TOTAL","10-49","C15","D111","BG",2008,5950256
"EUR","TOTAL","10-49","C15","D1111","BG",2008,5533207
"EUR","TOTAL","10-49","C16","D01","BG",2008,15990355
"EUR","TOTAL","10-49","C16","D111","BG",2008,13135175
"EUR","TOTAL","10-49","C16","D1111","BG",2008,12241803
"EUR","TOTAL","10-49","C17","D01","BG",2008,7082247
"EUR","TOTAL","10-49","C17","D111","BG",2008,5815827
"EUR","TOTAL","10-49","C17","D1111","BG",2008,5372406
"EUR","TOTAL","10-49","C18","D01","BG",2008,8756436
"EUR","TOTAL","10-49","C18","D111","BG",2008,7234300
"EUR","TOTAL","10-49","C18","D1111","BG",2008,6691298
"EUR","TOTAL","10-49","C19","D01","BG",2008,NA
"EUR","TOTAL","10-49","C19","D111","BG",2008,NA
"EUR","TOTAL","10-49","C19","D1111","BG",2008,NA
"EUR","TOTAL","10-49","C20","D01","BG",2008,7372098
"EUR","TOTAL","10-49","C20","D111","BG",2008,6002370
"EUR","TOTAL","10-49","C20","D1111","BG",2008,5534558
"EUR","TOTAL","10-49","C21","D01","BG",2008,NA
"EUR","TOTAL","10-49","C21","D111","BG",2008,NA
"EUR","TOTAL","10-49","C21","D1111","BG",2008,NA
"EUR","TOTAL","10-49","C22","D01","BG",2008,18650046
"EUR","TOTAL","10-49","C22","D111","BG",2008,15324874
"EUR","TOTAL","10-49","C22","D1111","BG",2008,14268491
"EUR","TOTAL","10-49","C23","D01","BG",2008,23463409
"EUR","TOTAL","10-49","C23","D111","BG",2008,18968948
"EUR","TOTAL","10-49","C23","D1111","BG",2008,17732945
"EUR","TOTAL","10-49","C24","D01","BG",2008,NA
"EUR","TOTAL","10-49","C24","D111","BG",2008,NA
"EUR","TOTAL","10-49","C24","D1111","BG",2008,NA
"EUR","TOTAL","10-49","C25","D01","BG",2008,42882889
"EUR","TOTAL","10-49","C25","D111","BG",2008,35289730
"EUR","TOTAL","10-49","C25","D1111","BG",2008,32677618
"EUR","TOTAL","10-49","C26","D01","BG",2008,7628467
"EUR","TOTAL","10-49","C26","D111","BG",2008,6338106
"EUR","TOTAL","10-49","C26","D1111","BG",2008,5867322
"EUR","TOTAL","10-49","C27","D01","BG",2008,10216339
"EUR","TOTAL","10-49","C27","D111","BG",2008,8413753
"EUR","TOTAL","10-49","C27","D1111","BG",2008,7713899
"EUR","TOTAL","10-49","C28","D01","BG",2008,21888559
"EUR","TOTAL","10-49","C28","D111","BG",2008,17991902
"EUR","TOTAL","10-49","C28","D1111","BG",2008,16557408
"EUR","TOTAL","10-49","C29","D01","BG",2008,NA
"EUR","TOTAL","10-49","C29","D111","BG",2008,NA
"EUR","TOTAL","10-49","C29","D1111","BG",2008,NA
"EUR","TOTAL","10-49","C30","D01","BG",2008,2159501
"EUR","TOTAL","10-49","C30","D111","BG",2008,1810043
"EUR","TOTAL","10-49","C30","D1111","BG",2008,1701009
"EUR","TOTAL","10-49","C31","D01","BG",2008,17772008
"EUR","TOTAL","10-49","C31","D111","BG",2008,14613823
"EUR","TOTAL","10-49","C31","D1111","BG",2008,13604171
"EUR","TOTAL","10-49","C32","D01","BG",2008,4883623
"EUR","TOTAL","10-49","C32","D111","BG",2008,3981919
"EUR","TOTAL","10-49","C32","D1111","BG",2008,3662116
"EUR","TOTAL","10-49","C33","D01","BG",2008,13171780
"EUR","TOTAL","10-49","C33","D111","BG",2008,10844754
"EUR","TOTAL","10-49","C33","D1111","BG",2008,10168930
"EUR","TOTAL","10-49","D","D01","BG",2008,18869812
"EUR","TOTAL","10-49","D","D111","BG",2008,15391254
"EUR","TOTAL","10-49","D","D1111","BG",2008,12508575
"EUR","TOTAL","10-49","D35","D01","BG",2008,18869812
"EUR","TOTAL","10-49","D35","D111","BG",2008,15391254
"EUR","TOTAL","10-49","D35","D1111","BG",2008,12508575
"EUR","TOTAL","10-49","E","D01","BG",2008,27529050
"EUR","TOTAL","10-49","E","D111","BG",2008,22564145
"EUR","TOTAL","10-49","E","D1111","BG",2008,18663545
"EUR","TOTAL","10-49","E36","D01","BG",2008,18030821
"EUR","TOTAL","10-49","E36","D111","BG",2008,14624452
"EUR","TOTAL","10-49","E36","D1111","BG",2008,11237216
"EUR","TOTAL","10-49","E37","D01","BG",2008,1106377
"EUR","TOTAL","10-49","E37","D111","BG",2008,999265
"EUR","TOTAL","10-49","E37","D1111","BG",2008,972940
"EUR","TOTAL","10-49","E38","D01","BG",2008,7789044
"EUR","TOTAL","10-49","E38","D111","BG",2008,6455223
"EUR","TOTAL","10-49","E38","D1111","BG",2008,6009138
"EUR","TOTAL","10-49","E39","D01","BG",2008,602808
"EUR","TOTAL","10-49","E39","D111","BG",2008,485205
"EUR","TOTAL","10-49","E39","D1111","BG",2008,444250
"EUR","TOTAL","10-49","F","D01","BG",2008,233535141
"EUR","TOTAL","10-49","F","D111","BG",2008,192260255
"EUR","TOTAL","10-49","F","D1111","BG",2008,181085559
"EUR","TOTAL","10-49","F41","D01","BG",2008,124030621
"EUR","TOTAL","10-49","F41","D111","BG",2008,102198729
"EUR","TOTAL","10-49","F41","D1111","BG",2008,96368751
"EUR","TOTAL","10-49","F42","D01","BG",2008,29223244
"EUR","TOTAL","10-49","F42","D111","BG",2008,23794138
"EUR","TOTAL","10-49","F42","D1111","BG",2008,22205570
"EUR","TOTAL","10-49","F43","D01","BG",2008,80281276
"EUR","TOTAL","10-49","F43","D111","BG",2008,66267388
"EUR","TOTAL","10-49","F43","D1111","BG",2008,62511237
"EUR","TOTAL","10-49","G","D01","BG",2008,398949009
"EUR","TOTAL","10-49","G","D111","BG",2008,333231511
"EUR","TOTAL","10-49","G","D1111","BG",2008,311468796
"EUR","TOTAL","10-49","G-J","D01","BG",2008,685701025
"EUR","TOTAL","10-49","G-J","D111","BG",2008,572936376
"EUR","TOTAL","10-49","G-J","D1111","BG",2008,532015862
"EUR","TOTAL","10-49","G-N","D01","BG",2008,973149429
"EUR","TOTAL","10-49","G-N","D111","BG",2008,817631970
"EUR","TOTAL","10-49","G-N","D1111","BG",2008,758743438
"EUR","TOTAL","10-49","G-S_X_O","D01","BG",2008,1369775808
"EUR","TOTAL","10-49","G-S_X_O","D111","BG",2008,1137424557
"EUR","TOTAL","10-49","G-S_X_O","D1111","BG",2008,1033289308
"EUR","TOTAL","10-49","G45","D01","BG",2008,38211009
"EUR","TOTAL","10-49","G45","D111","BG",2008,31871069
"EUR","TOTAL","10-49","G45","D1111","BG",2008,29828539
"EUR","TOTAL","10-49","G46","D01","BG",2008,224167667
"EUR","TOTAL","10-49","G46","D111","BG",2008,188611707
"EUR","TOTAL","10-49","G46","D1111","BG",2008,176090465
"EUR","TOTAL","10-49","G47","D01","BG",2008,136570332
"EUR","TOTAL","10-49","G47","D111","BG",2008,112748736
"EUR","TOTAL","10-49","G47","D1111","BG",2008,105549793
"EUR","TOTAL","10-49","H","D01","BG",2008,113740331
"EUR","TOTAL","10-49","H","D111","BG",2008,94680419
"EUR","TOTAL","10-49","H","D1111","BG",2008,84389311
"EUR","TOTAL","10-49","H49","D01","BG",2008,54715491
"EUR","TOTAL","10-49","H49","D111","BG",2008,43580031
"EUR","TOTAL","10-49","H49","D1111","BG",2008,40429678
"EUR","TOTAL","10-49","H50","D01","BG",2008,979024
"EUR","TOTAL","10-49","H50","D111","BG",2008,766857
"EUR","TOTAL","10-49","H50","D1111","BG",2008,727732
"EUR","TOTAL","10-49","H51","D01","BG",2008,1468830
"EUR","TOTAL","10-49","H51","D111","BG",2008,1176578
"EUR","TOTAL","10-49","H51","D1111","BG",2008,1106472
"EUR","TOTAL","10-49","H52","D01","BG",2008,44028008
"EUR","TOTAL","10-49","H52","D111","BG",2008,38869972
"EUR","TOTAL","10-49","H52","D1111","BG",2008,34504948
"EUR","TOTAL","10-49","H53","D01","BG",2008,12548977
"EUR","TOTAL","10-49","H53","D111","BG",2008,10286981
"EUR","TOTAL","10-49","H53","D1111","BG",2008,7620481
"EUR","TOTAL","10-49","I","D01","BG",2008,78813273
"EUR","TOTAL","10-49","I","D111","BG",2008,64862216
"EUR","TOTAL","10-49","I","D1111","BG",2008,61301304
"EUR","TOTAL","10-49","I55","D01","BG",2008,26723558
"EUR","TOTAL","10-49","I55","D111","BG",2008,21895691
"EUR","TOTAL","10-49","I55","D1111","BG",2008,20514174
"EUR","TOTAL","10-49","I56","D01","BG",2008,52089715
"EUR","TOTAL","10-49","I56","D111","BG",2008,42966525
"EUR","TOTAL","10-49","I56","D1111","BG",2008,40787131
"EUR","TOTAL","10-49","J","D01","BG",2008,94198413
"EUR","TOTAL","10-49","J","D111","BG",2008,80162229
"EUR","TOTAL","10-49","J","D1111","BG",2008,74856450
"EUR","TOTAL","10-49","J58","D01","BG",2008,12356178
"EUR","TOTAL","10-49","J58","D111","BG",2008,10442900
"EUR","TOTAL","10-49","J58","D1111","BG",2008,9716959
"EUR","TOTAL","10-49","J59","D01","BG",2008,2736586
"EUR","TOTAL","10-49","J59","D111","BG",2008,2285798
"EUR","TOTAL","10-49","J59","D1111","BG",2008,2131402
"EUR","TOTAL","10-49","J60","D01","BG",2008,4631054
"EUR","TOTAL","10-49","J60","D111","BG",2008,3886185
"EUR","TOTAL","10-49","J60","D1111","BG",2008,3602540
"EUR","TOTAL","10-49","J61","D01","BG",2008,14634845
"EUR","TOTAL","10-49","J61","D111","BG",2008,11978609
"EUR","TOTAL","10-49","J61","D1111","BG",2008,11081645
"EUR","TOTAL","10-49","J62","D01","BG",2008,51537698
"EUR","TOTAL","10-49","J62","D111","BG",2008,44417622
"EUR","TOTAL","10-49","J62","D1111","BG",2008,41648282
"EUR","TOTAL","10-49","J63","D01","BG",2008,8302052
"EUR","TOTAL","10-49","J63","D111","BG",2008,7151115
"EUR","TOTAL","10-49","J63","D1111","BG",2008,6675622
"EUR","TOTAL","10-49","K","D01","BG",2008,77149523
"EUR","TOTAL","10-49","K","D111","BG",2008,65516562
"EUR","TOTAL","10-49","K","D1111","BG",2008,60065565
"EUR","TOTAL","10-49","K-N","D01","BG",2008,287448404
"EUR","TOTAL","10-49","K-N","D111","BG",2008,244695594
"EUR","TOTAL","10-49","K-N","D1111","BG",2008,226727576
"EUR","TOTAL","10-49","K64","D01","BG",2008,57893613
"EUR","TOTAL","10-49","K64","D111","BG",2008,49043782
"EUR","TOTAL","10-49","K64","D1111","BG",2008,44634839
"EUR","TOTAL","10-49","K65","D01","BG",2008,9132040
"EUR","TOTAL","10-49","K65","D111","BG",2008,7760264
"EUR","TOTAL","10-49","K65","D1111","BG",2008,7177983
"EUR","TOTAL","10-49","K66","D01","BG",2008,10123871
"EUR","TOTAL","10-49","K66","D111","BG",2008,8712517
"EUR","TOTAL","10-49","K66","D1111","BG",2008,8252743
"EUR","TOTAL","10-49","L","D01","BG",2008,40360834
"EUR","TOTAL","10-49","L","D111","BG",2008,33913686
"EUR","TOTAL","10-49","L","D1111","BG",2008,31211733
"EUR","TOTAL","10-49","L68","D01","BG",2008,40360834
"EUR","TOTAL","10-49","L68","D111","BG",2008,33913686
"EUR","TOTAL","10-49","L68","D1111","BG",2008,31211733
"EUR","TOTAL","10-49","M","D01","BG",2008,125141926
"EUR","TOTAL","10-49","M","D111","BG",2008,107684866
"EUR","TOTAL","10-49","M","D1111","BG",2008,100222430
"EUR","TOTAL","10-49","M69","D01","BG",2008,12794749
"EUR","TOTAL","10-49","M69","D111","BG",2008,10837070
"EUR","TOTAL","10-49","M69","D1111","BG",2008,10130906
"EUR","TOTAL","10-49","M70","D01","BG",2008,23458165
"EUR","TOTAL","10-49","M70","D111","BG",2008,20906070
"EUR","TOTAL","10-49","M70","D1111","BG",2008,19664404
"EUR","TOTAL","10-49","M71","D01","BG",2008,38575710
"EUR","TOTAL","10-49","M71","D111","BG",2008,32692443
"EUR","TOTAL","10-49","M71","D1111","BG",2008,30017685
"EUR","TOTAL","10-49","M72","D01","BG",2008,10318978
"EUR","TOTAL","10-49","M72","D111","BG",2008,8460138
"EUR","TOTAL","10-49","M72","D1111","BG",2008,7611393
"EUR","TOTAL","10-49","M73","D01","BG",2008,17957925
"EUR","TOTAL","10-49","M73","D111","BG",2008,15244462
"EUR","TOTAL","10-49","M73","D1111","BG",2008,14235977
"EUR","TOTAL","10-49","M74","D01","BG",2008,22036399
"EUR","TOTAL","10-49","M74","D111","BG",2008,19544683
"EUR","TOTAL","10-49","M74","D1111","BG",2008,18562065
"EUR","TOTAL","10-49","M75","D01","BG",2008,NA
"EUR","TOTAL","10-49","M75","D111","BG",2008,NA
"EUR","TOTAL","10-49","M75","D1111","BG",2008,NA
"EUR","TOTAL","10-49","N","D01","BG",2008,44796121
"EUR","TOTAL","10-49","N","D111","BG",2008,37580480
"EUR","TOTAL","10-49","N","D1111","BG",2008,35227848
"EUR","TOTAL","10-49","N77","D01","BG",2008,5267712
"EUR","TOTAL","10-49","N77","D111","BG",2008,4445720
"EUR","TOTAL","10-49","N77","D1111","BG",2008,4134385
"EUR","TOTAL","10-49","N78","D01","BG",2008,5554813
"EUR","TOTAL","10-49","N78","D111","BG",2008,4619399
"EUR","TOTAL","10-49","N78","D1111","BG",2008,4245886
"EUR","TOTAL","10-49","N79","D01","BG",2008,6067320
"EUR","TOTAL","10-49","N79","D111","BG",2008,5133910
"EUR","TOTAL","10-49","N79","D1111","BG",2008,4841579
"EUR","TOTAL","10-49","N80","D01","BG",2008,15651435
"EUR","TOTAL","10-49","N80","D111","BG",2008,13126374
"EUR","TOTAL","10-49","N80","D1111","BG",2008,12480184
"EUR","TOTAL","10-49","N81","D01","BG",2008,8041709
"EUR","TOTAL","10-49","N81","D111","BG",2008,6767336
"EUR","TOTAL","10-49","N81","D1111","BG",2008,6259221
"EUR","TOTAL","10-49","N82","D01","BG",2008,4213132
"EUR","TOTAL","10-49","N82","D111","BG",2008,3487741
"EUR","TOTAL","10-49","N82","D1111","BG",2008,3266593
"EUR","TOTAL","10-49","O","D01","BG",2008,158051564
"EUR","TOTAL","10-49","O","D111","BG",2008,123405399
"EUR","TOTAL","10-49","O","D1111","BG",2008,109526003
"EUR","TOTAL","10-49","O-S","D01","BG",2008,554677943
"EUR","TOTAL","10-49","O-S","D111","BG",2008,443197987
"EUR","TOTAL","10-49","O-S","D1111","BG",2008,384071873
"EUR","TOTAL","10-49","O84","D01","BG",2008,158051564
"EUR","TOTAL","10-49","O84","D111","BG",2008,123405399
"EUR","TOTAL","10-49","O84","D1111","BG",2008,109526003
"EUR","TOTAL","10-49","P","D01","BG",2008,268534396
"EUR","TOTAL","10-49","P","D111","BG",2008,212873329
"EUR","TOTAL","10-49","P","D1111","BG",2008,177015539
"EUR","TOTAL","10-49","P-S","D01","BG",2008,396626378
"EUR","TOTAL","10-49","P-S","D111","BG",2008,319792588
"EUR","TOTAL","10-49","P-S","D1111","BG",2008,274545870
"EUR","TOTAL","10-49","P85","D01","BG",2008,268534396
"EUR","TOTAL","10-49","P85","D111","BG",2008,212873329
"EUR","TOTAL","10-49","P85","D1111","BG",2008,177015539
"EUR","TOTAL","10-49","Q","D01","BG",2008,74118993
"EUR","TOTAL","10-49","Q","D111","BG",2008,61321696
"EUR","TOTAL","10-49","Q","D1111","BG",2008,55799603
"EUR","TOTAL","10-49","Q86","D01","BG",2008,51714829
"EUR","TOTAL","10-49","Q86","D111","BG",2008,43013972
"EUR","TOTAL","10-49","Q86","D1111","BG",2008,39506414
"EUR","TOTAL","10-49","Q87","D01","BG",2008,NA
"EUR","TOTAL","10-49","Q87","D111","BG",2008,NA
"EUR","TOTAL","10-49","Q87","D1111","BG",2008,NA
"EUR","TOTAL","10-49","Q88","D01","BG",2008,NA
"EUR","TOTAL","10-49","Q88","D111","BG",2008,NA
"EUR","TOTAL","10-49","Q88","D1111","BG",2008,NA
"EUR","TOTAL","10-49","R","D01","BG",2008,26439424
"EUR","TOTAL","10-49","R","D111","BG",2008,21782907
"EUR","TOTAL","10-49","R","D1111","BG",2008,19923341
"EUR","TOTAL","10-49","R90","D01","BG",2008,5017248
"EUR","TOTAL","10-49","R90","D111","BG",2008,4122029
"EUR","TOTAL","10-49","R90","D1111","BG",2008,3685086
"EUR","TOTAL","10-49","R91","D01","BG",2008,6319769
"EUR","TOTAL","10-49","R91","D111","BG",2008,5189482
"EUR","TOTAL","10-49","R91","D1111","BG",2008,4574575
"EUR","TOTAL","10-49","R92","D01","BG",2008,7722386
"EUR","TOTAL","10-49","R92","D111","BG",2008,6362650
"EUR","TOTAL","10-49","R92","D1111","BG",2008,5945001
"EUR","TOTAL","10-49","R93","D01","BG",2008,7380020
"EUR","TOTAL","10-49","R93","D111","BG",2008,6108746
"EUR","TOTAL","10-49","R93","D1111","BG",2008,5718679
"EUR","TOTAL","10-49","S","D01","BG",2008,27533566
"EUR","TOTAL","10-49","S","D111","BG",2008,23814655
"EUR","TOTAL","10-49","S","D1111","BG",2008,21807387
"EUR","TOTAL","10-49","S94","D01","BG",2008,17654837
"EUR","TOTAL","10-49","S94","D111","BG",2008,15658634
"EUR","TOTAL","10-49","S94","D1111","BG",2008,14240655
"EUR","TOTAL","10-49","S95","D01","BG",2008,2192037
"EUR","TOTAL","10-49","S95","D111","BG",2008,1828642
"EUR","TOTAL","10-49","S95","D1111","BG",2008,1705896
"EUR","TOTAL","10-49","S96","D01","BG",2008,7686692
"EUR","TOTAL","10-49","S96","D111","BG",2008,6327379
"EUR","TOTAL","10-49","S96","D1111","BG",2008,5860835
"EUR","TOTAL","250-499","B","D01","BG",2008,22315519
"EUR","TOTAL","250-499","B","D111","BG",2008,16086762
"EUR","TOTAL","250-499","B","D1111","BG",2008,14106884
"EUR","TOTAL","250-499","B-E","D01","BG",2008,394627357
"EUR","TOTAL","250-499","B-E","D111","BG",2008,316482661
"EUR","TOTAL","250-499","B-E","D1111","BG",2008,274132802
"EUR","TOTAL","250-499","B-F","D01","BG",2008,502394195
"EUR","TOTAL","250-499","B-F","D111","BG",2008,404578312
"EUR","TOTAL","250-499","B-F","D1111","BG",2008,355322277
"EUR","TOTAL","250-499","B-N","D01","BG",2008,892094595
"EUR","TOTAL","250-499","B-N","D111","BG",2008,729216762
"EUR","TOTAL","250-499","B-N","D1111","BG",2008,645952879
"EUR","TOTAL","250-499","B-S","D01","BG",2008,1155661632
"EUR","TOTAL","250-499","B-S","D111","BG",2008,940529799
"EUR","TOTAL","250-499","B-S","D1111","BG",2008,833061436
"EUR","TOTAL","250-499","B-S_X_O","D01","BG",2008,1023748711
"EUR","TOTAL","250-499","B-S_X_O","D111","BG",2008,836735987
"EUR","TOTAL","250-499","B-S_X_O","D1111","BG",2008,739731091
"EUR","TOTAL","250-499","B05","D01","BG",2008,10517946
"EUR","TOTAL","250-499","B05","D111","BG",2008,7185572
"EUR","TOTAL","250-499","B05","D1111","BG",2008,6142837
"EUR","TOTAL","250-499","B06","D01","BG",2008,NA
"EUR","TOTAL","250-499","B06","D111","BG",2008,NA
"EUR","TOTAL","250-499","B06","D1111","BG",2008,NA
"EUR","TOTAL","250-499","B07","D01","BG",2008,5906373
"EUR","TOTAL","250-499","B07","D111","BG",2008,4326087
"EUR","TOTAL","250-499","B07","D1111","BG",2008,3876736
"EUR","TOTAL","250-499","B08","D01","BG",2008,NA
"EUR","TOTAL","250-499","B08","D111","BG",2008,NA
"EUR","TOTAL","250-499","B08","D1111","BG",2008,NA
"EUR","TOTAL","250-499","B09","D01","BG",2008,NA
"EUR","TOTAL","250-499","B09","D111","BG",2008,NA
"EUR","TOTAL","250-499","B09","D1111","BG",2008,NA
"EUR","TOTAL","250-499","C","D01","BG",2008,297978519
"EUR","TOTAL","250-499","C","D111","BG",2008,242681887
"EUR","TOTAL","250-499","C","D1111","BG",2008,216335436
"EUR","TOTAL","250-499","C10","D01","BG",2008,27681342
"EUR","TOTAL","250-499","C10","D111","BG",2008,22484706
"EUR","TOTAL","250-499","C10","D1111","BG",2008,20881050
"EUR","TOTAL","250-499","C11","D01","BG",2008,16455011
"EUR","TOTAL","250-499","C11","D111","BG",2008,13894560
"EUR","TOTAL","250-499","C11","D1111","BG",2008,12899472
"EUR","TOTAL","250-499","C12","D01","BG",2008,11527143
"EUR","TOTAL","250-499","C12","D111","BG",2008,9327564
"EUR","TOTAL","250-499","C12","D1111","BG",2008,7845163
"EUR","TOTAL","250-499","C13","D01","BG",2008,NA
"EUR","TOTAL","250-499","C13","D111","BG",2008,NA
"EUR","TOTAL","250-499","C13","D1111","BG",2008,NA
"EUR","TOTAL","250-499","C14","D01","BG",2008,42568842
"EUR","TOTAL","250-499","C14","D111","BG",2008,35111873
"EUR","TOTAL","250-499","C14","D1111","BG",2008,31128025
"EUR","TOTAL","250-499","C15","D01","BG",2008,4681296
"EUR","TOTAL","250-499","C15","D111","BG",2008,3786317
"EUR","TOTAL","250-499","C15","D1111","BG",2008,3451515
"EUR","TOTAL","250-499","C16","D01","BG",2008,NA
"EUR","TOTAL","250-499","C16","D111","BG",2008,NA
"EUR","TOTAL","250-499","C16","D1111","BG",2008,NA
"EUR","TOTAL","250-499","C17","D01","BG",2008,5639075
"EUR","TOTAL","250-499","C17","D111","BG",2008,4497020
"EUR","TOTAL","250-499","C17","D1111","BG",2008,4082612
"EUR","TOTAL","250-499","C18","D01","BG",2008,10998340
"EUR","TOTAL","250-499","C18","D111","BG",2008,9053768
"EUR","TOTAL","250-499","C18","D1111","BG",2008,7995574
"EUR","TOTAL","250-499","C19","D01","BG",2008,NA
"EUR","TOTAL","250-499","C19","D111","BG",2008,NA
"EUR","TOTAL","250-499","C19","D1111","BG",2008,NA
"EUR","TOTAL","250-499","C20","D01","BG",2008,NA
"EUR","TOTAL","250-499","C20","D111","BG",2008,NA
"EUR","TOTAL","250-499","C20","D1111","BG",2008,NA
"EUR","TOTAL","250-499","C21","D01","BG",2008,7688678
"EUR","TOTAL","250-499","C21","D111","BG",2008,6108739
"EUR","TOTAL","250-499","C21","D1111","BG",2008,5336331
"EUR","TOTAL","250-499","C22","D01","BG",2008,8946874
"EUR","TOTAL","250-499","C22","D111","BG",2008,7239487
"EUR","TOTAL","250-499","C22","D1111","BG",2008,6500206
"EUR","TOTAL","250-499","C23","D01","BG",2008,NA
"EUR","TOTAL","250-499","C23","D111","BG",2008,NA
"EUR","TOTAL","250-499","C23","D1111","BG",2008,NA
"EUR","TOTAL","250-499","C24","D01","BG",2008,NA
"EUR","TOTAL","250-499","C24","D111","BG",2008,NA
"EUR","TOTAL","250-499","C24","D1111","BG",2008,NA
"EUR","TOTAL","250-499","C25","D01","BG",2008,21118915
"EUR","TOTAL","250-499","C25","D111","BG",2008,17411367
"EUR","TOTAL","250-499","C25","D1111","BG",2008,15204988
"EUR","TOTAL","250-499","C26","D01","BG",2008,14836168
"EUR","TOTAL","250-499","C26","D111","BG",2008,12249349
"EUR","TOTAL","250-499","C26","D1111","BG",2008,10680295
"EUR","TOTAL","250-499","C27","D01","BG",2008,20020223
"EUR","TOTAL","250-499","C27","D111","BG",2008,16394267
"EUR","TOTAL","250-499","C27","D1111","BG",2008,14301760
"EUR","TOTAL","250-499","C28","D01","BG",2008,22600664
"EUR","TOTAL","250-499","C28","D111","BG",2008,18432381
"EUR","TOTAL","250-499","C28","D1111","BG",2008,16554005
"EUR","TOTAL","250-499","C29","D01","BG",2008,NA
"EUR","TOTAL","250-499","C29","D111","BG",2008,NA
"EUR","TOTAL","250-499","C29","D1111","BG",2008,NA
"EUR","TOTAL","250-499","C30","D01","BG",2008,NA
"EUR","TOTAL","250-499","C30","D111","BG",2008,NA
"EUR","TOTAL","250-499","C30","D1111","BG",2008,NA
"EUR","TOTAL","250-499","C31","D01","BG",2008,8532328
"EUR","TOTAL","250-499","C31","D111","BG",2008,6969624
"EUR","TOTAL","250-499","C31","D1111","BG",2008,6368243
"EUR","TOTAL","250-499","C32","D01","BG",2008,NA
"EUR","TOTAL","250-499","C32","D111","BG",2008,NA
"EUR","TOTAL","250-499","C32","D1111","BG",2008,NA
"EUR","TOTAL","250-499","C33","D01","BG",2008,NA
"EUR","TOTAL","250-499","C33","D111","BG",2008,NA
"EUR","TOTAL","250-499","C33","D1111","BG",2008,NA
"EUR","TOTAL","250-499","D","D01","BG",2008,44939343
"EUR","TOTAL","250-499","D","D111","BG",2008,33938108
"EUR","TOTAL","250-499","D","D1111","BG",2008,24249197
"EUR","TOTAL","250-499","D35","D01","BG",2008,44939343
"EUR","TOTAL","250-499","D35","D111","BG",2008,33938108
"EUR","TOTAL","250-499","D35","D1111","BG",2008,24249197
"EUR","TOTAL","250-499","E","D01","BG",2008,NA
"EUR","TOTAL","250-499","E","D111","BG",2008,NA
"EUR","TOTAL","250-499","E","D1111","BG",2008,NA
"EUR","TOTAL","250-499","E36","D01","BG",2008,NA
"EUR","TOTAL","250-499","E36","D111","BG",2008,NA
"EUR","TOTAL","250-499","E36","D1111","BG",2008,NA
"EUR","TOTAL","250-499","E37","D01","BG",2008,NA
"EUR","TOTAL","250-499","E37","D111","BG",2008,NA
"EUR","TOTAL","250-499","E37","D1111","BG",2008,NA
"EUR","TOTAL","250-499","E38","D01","BG",2008,9973889
"EUR","TOTAL","250-499","E38","D111","BG",2008,8080746
"EUR","TOTAL","250-499","E38","D1111","BG",2008,7125797
"EUR","TOTAL","250-499","E39","D01","BG",2008,NA
"EUR","TOTAL","250-499","E39","D111","BG",2008,NA
"EUR","TOTAL","250-499","E39","D1111","BG",2008,NA
"EUR","TOTAL","250-499","F","D01","BG",2008,107766838
"EUR","TOTAL","250-499","F","D111","BG",2008,88095650
"EUR","TOTAL","250-499","F","D1111","BG",2008,81189474
"EUR","TOTAL","250-499","F41","D01","BG",2008,43743576
"EUR","TOTAL","250-499","F41","D111","BG",2008,36303917
"EUR","TOTAL","250-499","F41","D1111","BG",2008,33410086
"EUR","TOTAL","250-499","F42","D01","BG",2008,NA
"EUR","TOTAL","250-499","F42","D111","BG",2008,NA
"EUR","TOTAL","250-499","F42","D1111","BG",2008,NA
"EUR","TOTAL","250-499","F43","D01","BG",2008,NA
"EUR","TOTAL","250-499","F43","D111","BG",2008,NA
"EUR","TOTAL","250-499","F43","D1111","BG",2008,NA
"EUR","TOTAL","250-499","G","D01","BG",2008,61972107
"EUR","TOTAL","250-499","G","D111","BG",2008,51909251
"EUR","TOTAL","250-499","G","D1111","BG",2008,48757603
"EUR","TOTAL","250-499","G-J","D01","BG",2008,242077733
"EUR","TOTAL","250-499","G-J","D111","BG",2008,200202037
"EUR","TOTAL","250-499","G-J","D1111","BG",2008,176433715
"EUR","TOTAL","250-499","G-N","D01","BG",2008,389700400
"EUR","TOTAL","250-499","G-N","D111","BG",2008,324638451
"EUR","TOTAL","250-499","G-N","D1111","BG",2008,290630602
"EUR","TOTAL","250-499","G-S_X_O","D01","BG",2008,521354516
"EUR","TOTAL","250-499","G-S_X_O","D111","BG",2008,432157675
"EUR","TOTAL","250-499","G-S_X_O","D1111","BG",2008,384408814
"EUR","TOTAL","250-499","G45","D01","BG",2008,NA
"EUR","TOTAL","250-499","G45","D111","BG",2008,NA
"EUR","TOTAL","250-499","G45","D1111","BG",2008,NA
"EUR","TOTAL","250-499","G46","D01","BG",2008,34582868
"EUR","TOTAL","250-499","G46","D111","BG",2008,29361587
"EUR","TOTAL","250-499","G46","D1111","BG",2008,27597872
"EUR","TOTAL","250-499","G47","D01","BG",2008,27389239
"EUR","TOTAL","250-499","G47","D111","BG",2008,22547665
"EUR","TOTAL","250-499","G47","D1111","BG",2008,21159730
"EUR","TOTAL","250-499","H","D01","BG",2008,84377539
"EUR","TOTAL","250-499","H","D111","BG",2008,68897505
"EUR","TOTAL","250-499","H","D1111","BG",2008,56806544
"EUR","TOTAL","250-499","H49","D01","BG",2008,45793949
"EUR","TOTAL","250-499","H49","D111","BG",2008,36806445
"EUR","TOTAL","250-499","H49","D1111","BG",2008,30571072
"EUR","TOTAL","250-499","H50","D01","BG",2008,NA
"EUR","TOTAL","250-499","H50","D111","BG",2008,NA
"EUR","TOTAL","250-499","H50","D1111","BG",2008,NA
"EUR","TOTAL","250-499","H51","D01","BG",2008,NA
"EUR","TOTAL","250-499","H51","D111","BG",2008,NA
"EUR","TOTAL","250-499","H51","D1111","BG",2008,NA
"EUR","TOTAL","250-499","H52","D01","BG",2008,15153509
"EUR","TOTAL","250-499","H52","D111","BG",2008,13148259
"EUR","TOTAL","250-499","H52","D1111","BG",2008,10430801
"EUR","TOTAL","250-499","H53","D01","BG",2008,13416636
"EUR","TOTAL","250-499","H53","D111","BG",2008,11134934
"EUR","TOTAL","250-499","H53","D1111","BG",2008,9101137
"EUR","TOTAL","250-499","I","D01","BG",2008,22446386
"EUR","TOTAL","250-499","I","D111","BG",2008,18407162
"EUR","TOTAL","250-499","I","D1111","BG",2008,16999701
"EUR","TOTAL","250-499","I55","D01","BG",2008,NA
"EUR","TOTAL","250-499","I55","D111","BG",2008,NA
"EUR","TOTAL","250-499","I55","D1111","BG",2008,NA
"EUR","TOTAL","250-499","I56","D01","BG",2008,NA
"EUR","TOTAL","250-499","I56","D111","BG",2008,NA
"EUR","TOTAL","250-499","I56","D1111","BG",2008,NA
"EUR","TOTAL","250-499","J","D01","BG",2008,73281703
"EUR","TOTAL","250-499","J","D111","BG",2008,60988117
"EUR","TOTAL","250-499","J","D1111","BG",2008,53869868
"EUR","TOTAL","250-499","J58","D01","BG",2008,NA
"EUR","TOTAL","250-499","J58","D111","BG",2008,NA
"EUR","TOTAL","250-499","J58","D1111","BG",2008,NA
"EUR","TOTAL","250-499","J59","D01","BG",2008,NA
"EUR","TOTAL","250-499","J59","D111","BG",2008,NA
"EUR","TOTAL","250-499","J59","D1111","BG",2008,NA
"EUR","TOTAL","250-499","J60","D01","BG",2008,NA
"EUR","TOTAL","250-499","J60","D111","BG",2008,NA
"EUR","TOTAL","250-499","J60","D1111","BG",2008,NA
"EUR","TOTAL","250-499","J61","D01","BG",2008,11303091
"EUR","TOTAL","250-499","J61","D111","BG",2008,9152342
"EUR","TOTAL","250-499","J61","D1111","BG",2008,8481502
"EUR","TOTAL","250-499","J62","D01","BG",2008,NA
"EUR","TOTAL","250-499","J62","D111","BG",2008,NA
"EUR","TOTAL","250-499","J62","D1111","BG",2008,NA
"EUR","TOTAL","250-499","J63","D01","BG",2008,7583426
"EUR","TOTAL","250-499","J63","D111","BG",2008,6520064
"EUR","TOTAL","250-499","J63","D1111","BG",2008,5989019
"EUR","TOTAL","250-499","K","D01","BG",2008,78130706
"EUR","TOTAL","250-499","K","D111","BG",2008,65924982
"EUR","TOTAL","250-499","K","D1111","BG",2008,60359435
"EUR","TOTAL","250-499","K-N","D01","BG",2008,147622666
"EUR","TOTAL","250-499","K-N","D111","BG",2008,124436414
"EUR","TOTAL","250-499","K-N","D1111","BG",2008,114196887
"EUR","TOTAL","250-499","K64","D01","BG",2008,48837389
"EUR","TOTAL","250-499","K64","D111","BG",2008,40879846
"EUR","TOTAL","250-499","K64","D1111","BG",2008,37063910
"EUR","TOTAL","250-499","K65","D01","BG",2008,29293317
"EUR","TOTAL","250-499","K65","D111","BG",2008,25045135
"EUR","TOTAL","250-499","K65","D1111","BG",2008,23295525
"EUR","TOTAL","250-499","K66","D01","BG",2008,NA
"EUR","TOTAL","250-499","K66","D111","BG",2008,NA
"EUR","TOTAL","250-499","K66","D1111","BG",2008,NA
"EUR","TOTAL","250-499","L","D01","BG",2008,NA
"EUR","TOTAL","250-499","L","D111","BG",2008,NA
"EUR","TOTAL","250-499","L","D1111","BG",2008,NA
"EUR","TOTAL","250-499","L68","D01","BG",2008,NA
"EUR","TOTAL","250-499","L68","D111","BG",2008,NA
"EUR","TOTAL","250-499","L68","D1111","BG",2008,NA
"EUR","TOTAL","250-499","M","D01","BG",2008,NA
"EUR","TOTAL","250-499","M","D111","BG",2008,NA
"EUR","TOTAL","250-499","M","D1111","BG",2008,NA
"EUR","TOTAL","250-499","M69","D01","BG",2008,NA
"EUR","TOTAL","250-499","M69","D111","BG",2008,NA
"EUR","TOTAL","250-499","M69","D1111","BG",2008,NA
"EUR","TOTAL","250-499","M70","D01","BG",2008,NA
"EUR","TOTAL","250-499","M70","D111","BG",2008,NA
"EUR","TOTAL","250-499","M70","D1111","BG",2008,NA
"EUR","TOTAL","250-499","M71","D01","BG",2008,7287339
"EUR","TOTAL","250-499","M71","D111","BG",2008,5850725
"EUR","TOTAL","250-499","M71","D1111","BG",2008,5062136
"EUR","TOTAL","250-499","M72","D01","BG",2008,6412236
"EUR","TOTAL","250-499","M72","D111","BG",2008,5227322
"EUR","TOTAL","250-499","M72","D1111","BG",2008,4533259
"EUR","TOTAL","250-499","M73","D01","BG",2008,NA
"EUR","TOTAL","250-499","M73","D111","BG",2008,NA
"EUR","TOTAL","250-499","M73","D1111","BG",2008,NA
"EUR","TOTAL","250-499","M74","D01","BG",2008,NA
"EUR","TOTAL","250-499","M74","D111","BG",2008,NA
"EUR","TOTAL","250-499","M74","D1111","BG",2008,NA
"EUR","TOTAL","250-499","M75","D01","BG",2008,NA
"EUR","TOTAL","250-499","M75","D111","BG",2008,NA
"EUR","TOTAL","250-499","M75","D1111","BG",2008,NA
"EUR","TOTAL","250-499","N","D01","BG",2008,43120772
"EUR","TOTAL","250-499","N","D111","BG",2008,36845379
"EUR","TOTAL","250-499","N","D1111","BG",2008,34499797
"EUR","TOTAL","250-499","N77","D01","BG",2008,NA
"EUR","TOTAL","250-499","N77","D111","BG",2008,NA
"EUR","TOTAL","250-499","N77","D1111","BG",2008,NA
"EUR","TOTAL","250-499","N78","D01","BG",2008,NA
"EUR","TOTAL","250-499","N78","D111","BG",2008,NA
"EUR","TOTAL","250-499","N78","D1111","BG",2008,NA
"EUR","TOTAL","250-499","N79","D01","BG",2008,NA
"EUR","TOTAL","250-499","N79","D111","BG",2008,NA
"EUR","TOTAL","250-499","N79","D1111","BG",2008,NA
"EUR","TOTAL","250-499","N80","D01","BG",2008,20607789
"EUR","TOTAL","250-499","N80","D111","BG",2008,17004207
"EUR","TOTAL","250-499","N80","D1111","BG",2008,15868136
"EUR","TOTAL","250-499","N81","D01","BG",2008,NA
"EUR","TOTAL","250-499","N81","D111","BG",2008,NA
"EUR","TOTAL","250-499","N81","D1111","BG",2008,NA
"EUR","TOTAL","250-499","N82","D01","BG",2008,NA
"EUR","TOTAL","250-499","N82","D111","BG",2008,NA
"EUR","TOTAL","250-499","N82","D1111","BG",2008,NA
"EUR","TOTAL","250-499","O","D01","BG",2008,131912921
"EUR","TOTAL","250-499","O","D111","BG",2008,103793812
"EUR","TOTAL","250-499","O","D1111","BG",2008,93330345
"EUR","TOTAL","250-499","O-S","D01","BG",2008,263567037
"EUR","TOTAL","250-499","O-S","D111","BG",2008,211313037
"EUR","TOTAL","250-499","O-S","D1111","BG",2008,187108558
"EUR","TOTAL","250-499","O84","D01","BG",2008,131912921
"EUR","TOTAL","250-499","O84","D111","BG",2008,103793812
"EUR","TOTAL","250-499","O84","D1111","BG",2008,93330345
"EUR","TOTAL","250-499","P","D01","BG",2008,57241967
"EUR","TOTAL","250-499","P","D111","BG",2008,46900466
"EUR","TOTAL","250-499","P","D1111","BG",2008,39650856
"EUR","TOTAL","250-499","P-S","D01","BG",2008,131654116
"EUR","TOTAL","250-499","P-S","D111","BG",2008,107519224
"EUR","TOTAL","250-499","P-S","D1111","BG",2008,93778212
"EUR","TOTAL","250-499","P85","D01","BG",2008,57241967
"EUR","TOTAL","250-499","P85","D111","BG",2008,46900466
"EUR","TOTAL","250-499","P85","D1111","BG",2008,39650856
"EUR","TOTAL","250-499","Q","D01","BG",2008,62787883
"EUR","TOTAL","250-499","Q","D111","BG",2008,51160258
"EUR","TOTAL","250-499","Q","D1111","BG",2008,45724211
"EUR","TOTAL","250-499","Q86","D01","BG",2008,56399619
"EUR","TOTAL","250-499","Q86","D111","BG",2008,46058456
"EUR","TOTAL","250-499","Q86","D1111","BG",2008,41256155
"EUR","TOTAL","250-499","Q87","D01","BG",2008,NA
"EUR","TOTAL","250-499","Q87","D111","BG",2008,NA
"EUR","TOTAL","250-499","Q87","D1111","BG",2008,NA
"EUR","TOTAL","250-499","Q88","D01","BG",2008,NA
"EUR","TOTAL","250-499","Q88","D111","BG",2008,NA
"EUR","TOTAL","250-499","Q88","D1111","BG",2008,NA
"EUR","TOTAL","250-499","R","D01","BG",2008,10954094
"EUR","TOTAL","250-499","R","D111","BG",2008,8899559
"EUR","TOTAL","250-499","R","D1111","BG",2008,7869769
"EUR","TOTAL","250-499","R90","D01","BG",2008,5737824
"EUR","TOTAL","250-499","R90","D111","BG",2008,4629626
"EUR","TOTAL","250-499","R90","D1111","BG",2008,3937728
"EUR","TOTAL","250-499","R91","D01","BG",2008,NA
"EUR","TOTAL","250-499","R91","D111","BG",2008,NA
"EUR","TOTAL","250-499","R91","D1111","BG",2008,NA
"EUR","TOTAL","250-499","R92","D01","BG",2008,3520093
"EUR","TOTAL","250-499","R92","D111","BG",2008,2872365
"EUR","TOTAL","250-499","R92","D1111","BG",2008,2671817
"EUR","TOTAL","250-499","R93","D01","BG",2008,NA
"EUR","TOTAL","250-499","R93","D111","BG",2008,NA
"EUR","TOTAL","250-499","R93","D1111","BG",2008,NA
"EUR","TOTAL","250-499","S","D01","BG",2008,NA
"EUR","TOTAL","250-499","S","D111","BG",2008,NA
"EUR","TOTAL","250-499","S","D1111","BG",2008,NA
"EUR","TOTAL","250-499","S94","D01","BG",2008,NA
"EUR","TOTAL","250-499","S94","D111","BG",2008,NA
"EUR","TOTAL","250-499","S94","D1111","BG",2008,NA
"EUR","TOTAL","250-499","S95","D01","BG",2008,NA
"EUR","TOTAL","250-499","S95","D111","BG",2008,NA
"EUR","TOTAL","250-499","S95","D1111","BG",2008,NA
"EUR","TOTAL","250-499","S96","D01","BG",2008,NA
"EUR","TOTAL","250-499","S96","D111","BG",2008,NA
"EUR","TOTAL","250-499","S96","D1111","BG",2008,NA
"EUR","TOTAL","50-249","B","D01","BG",2008,28964568
"EUR","TOTAL","50-249","B","D111","BG",2008,22284721
"EUR","TOTAL","50-249","B","D1111","BG",2008,19960717
"EUR","TOTAL","50-249","B-E","D01","BG",2008,865196421
"EUR","TOTAL","50-249","B-E","D111","BG",2008,699714201
"EUR","TOTAL","50-249","B-E","D1111","BG",2008,623861328
"EUR","TOTAL","50-249","B-F","D01","BG",2008,1193193096
"EUR","TOTAL","50-249","B-F","D111","BG",2008,967579040
"EUR","TOTAL","50-249","B-F","D1111","BG",2008,872656045
"EUR","TOTAL","50-249","B-N","D01","BG",2008,2292618047
"EUR","TOTAL","50-249","B-N","D111","BG",2008,1893278192
"EUR","TOTAL","50-249","B-N","D1111","BG",2008,1715635134
"EUR","TOTAL","50-249","B-S","D01","BG",2008,3203914942
"EUR","TOTAL","50-249","B-S","D111","BG",2008,2624127605
"EUR","TOTAL","50-249","B-S","D1111","BG",2008,2355110032
"EUR","TOTAL","50-249","B-S_X_O","D01","BG",2008,2862392645
"EUR","TOTAL","50-249","B-S_X_O","D111","BG",2008,2353780084
"EUR","TOTAL","50-249","B-S_X_O","D1111","BG",2008,2111826362
"EUR","TOTAL","50-249","B05","D01","BG",2008,1622126
"EUR","TOTAL","50-249","B05","D111","BG",2008,1181888
"EUR","TOTAL","50-249","B05","D1111","BG",2008,1096672
"EUR","TOTAL","50-249","B06","D01","BG",2008,NA
"EUR","TOTAL","50-249","B06","D111","BG",2008,NA
"EUR","TOTAL","50-249","B06","D1111","BG",2008,NA
"EUR","TOTAL","50-249","B07","D01","BG",2008,NA
"EUR","TOTAL","50-249","B07","D111","BG",2008,NA
"EUR","TOTAL","50-249","B07","D1111","BG",2008,NA
"EUR","TOTAL","50-249","B08","D01","BG",2008,22394580
"EUR","TOTAL","50-249","B08","D111","BG",2008,17428825
"EUR","TOTAL","50-249","B08","D1111","BG",2008,15533525
"EUR","TOTAL","50-249","B09","D01","BG",2008,NA
"EUR","TOTAL","50-249","B09","D111","BG",2008,NA
"EUR","TOTAL","50-249","B09","D1111","BG",2008,NA
"EUR","TOTAL","50-249","C","D01","BG",2008,723088048
"EUR","TOTAL","50-249","C","D111","BG",2008,587505803
"EUR","TOTAL","50-249","C","D1111","BG",2008,532079701
"EUR","TOTAL","50-249","C10","D01","BG",2008,116154281
"EUR","TOTAL","50-249","C10","D111","BG",2008,95541795
"EUR","TOTAL","50-249","C10","D1111","BG",2008,88590746
"EUR","TOTAL","50-249","C11","D01","BG",2008,16748734
"EUR","TOTAL","50-249","C11","D111","BG",2008,13705506
"EUR","TOTAL","50-249","C11","D1111","BG",2008,12205368
"EUR","TOTAL","50-249","C12","D01","BG",2008,8732653
"EUR","TOTAL","50-249","C12","D111","BG",2008,3352290
"EUR","TOTAL","50-249","C12","D1111","BG",2008,2807304
"EUR","TOTAL","50-249","C13","D01","BG",2008,14342491
"EUR","TOTAL","50-249","C13","D111","BG",2008,11487003
"EUR","TOTAL","50-249","C13","D1111","BG",2008,10487360
"EUR","TOTAL","50-249","C14","D01","BG",2008,135484825
"EUR","TOTAL","50-249","C14","D111","BG",2008,110990117
"EUR","TOTAL","50-249","C14","D1111","BG",2008,100418723
"EUR","TOTAL","50-249","C15","D01","BG",2008,19223014
"EUR","TOTAL","50-249","C15","D111","BG",2008,15759301
"EUR","TOTAL","50-249","C15","D1111","BG",2008,14361679
"EUR","TOTAL","50-249","C16","D01","BG",2008,13482906
"EUR","TOTAL","50-249","C16","D111","BG",2008,10995900
"EUR","TOTAL","50-249","C16","D1111","BG",2008,10000528
"EUR","TOTAL","50-249","C17","D01","BG",2008,10366572
"EUR","TOTAL","50-249","C17","D111","BG",2008,8461108
"EUR","TOTAL","50-249","C17","D1111","BG",2008,7414954
"EUR","TOTAL","50-249","C18","D01","BG",2008,13976344
"EUR","TOTAL","50-249","C18","D111","BG",2008,11700305
"EUR","TOTAL","50-249","C18","D1111","BG",2008,10673474
"EUR","TOTAL","50-249","C19","D01","BG",2008,1206488
"EUR","TOTAL","50-249","C19","D111","BG",2008,985758
"EUR","TOTAL","50-249","C19","D1111","BG",2008,907921
"EUR","TOTAL","50-249","C20","D01","BG",2008,23386464
"EUR","TOTAL","50-249","C20","D111","BG",2008,19152612
"EUR","TOTAL","50-249","C20","D1111","BG",2008,17007430
"EUR","TOTAL","50-249","C21","D01","BG",2008,5800152
"EUR","TOTAL","50-249","C21","D111","BG",2008,4771481
"EUR","TOTAL","50-249","C21","D1111","BG",2008,4323019
"EUR","TOTAL","50-249","C22","D01","BG",2008,29889998
"EUR","TOTAL","50-249","C22","D111","BG",2008,24676947
"EUR","TOTAL","50-249","C22","D1111","BG",2008,22650448
"EUR","TOTAL","50-249","C23","D01","BG",2008,57591783
"EUR","TOTAL","50-249","C23","D111","BG",2008,46529859
"EUR","TOTAL","50-249","C23","D1111","BG",2008,42302665
"EUR","TOTAL","50-249","C24","D01","BG",2008,17011490
"EUR","TOTAL","50-249","C24","D111","BG",2008,13375568
"EUR","TOTAL","50-249","C24","D1111","BG",2008,11824978
"EUR","TOTAL","50-249","C25","D01","BG",2008,71369981
"EUR","TOTAL","50-249","C25","D111","BG",2008,57966202
"EUR","TOTAL","50-249","C25","D1111","BG",2008,52391424
"EUR","TOTAL","50-249","C26","D01","BG",2008,22475819
"EUR","TOTAL","50-249","C26","D111","BG",2008,18559697
"EUR","TOTAL","50-249","C26","D1111","BG",2008,16139523
"EUR","TOTAL","50-249","C27","D01","BG",2008,23505059
"EUR","TOTAL","50-249","C27","D111","BG",2008,19255478
"EUR","TOTAL","50-249","C27","D1111","BG",2008,17310271
"EUR","TOTAL","50-249","C28","D01","BG",2008,51477991
"EUR","TOTAL","50-249","C28","D111","BG",2008,42227887
"EUR","TOTAL","50-249","C28","D1111","BG",2008,37921899
"EUR","TOTAL","50-249","C29","D01","BG",2008,4311874
"EUR","TOTAL","50-249","C29","D111","BG",2008,3554945
"EUR","TOTAL","50-249","C29","D1111","BG",2008,3123886
"EUR","TOTAL","50-249","C30","D01","BG",2008,10434875
"EUR","TOTAL","50-249","C30","D111","BG",2008,8451856
"EUR","TOTAL","50-249","C30","D1111","BG",2008,7513854
"EUR","TOTAL","50-249","C31","D01","BG",2008,24056056
"EUR","TOTAL","50-249","C31","D111","BG",2008,19700321
"EUR","TOTAL","50-249","C31","D1111","BG",2008,17991299
"EUR","TOTAL","50-249","C32","D01","BG",2008,7694934
"EUR","TOTAL","50-249","C32","D111","BG",2008,6415842
"EUR","TOTAL","50-249","C32","D1111","BG",2008,5758683
"EUR","TOTAL","50-249","C33","D01","BG",2008,24363263
"EUR","TOTAL","50-249","C33","D111","BG",2008,19888024
"EUR","TOTAL","50-249","C33","D1111","BG",2008,17952266
"EUR","TOTAL","50-249","D","D01","BG",2008,60852786
"EUR","TOTAL","50-249","D","D111","BG",2008,47521931
"EUR","TOTAL","50-249","D","D1111","BG",2008,36800510
"EUR","TOTAL","50-249","D35","D01","BG",2008,60852786
"EUR","TOTAL","50-249","D35","D111","BG",2008,47521931
"EUR","TOTAL","50-249","D35","D1111","BG",2008,36800510
"EUR","TOTAL","50-249","E","D01","BG",2008,52291020
"EUR","TOTAL","50-249","E","D111","BG",2008,42401746
"EUR","TOTAL","50-249","E","D1111","BG",2008,35020399
"EUR","TOTAL","50-249","E36","D01","BG",2008,32771061
"EUR","TOTAL","50-249","E36","D111","BG",2008,26467300
"EUR","TOTAL","50-249","E36","D1111","BG",2008,20385580
"EUR","TOTAL","50-249","E37","D01","BG",2008,NA
"EUR","TOTAL","50-249","E37","D111","BG",2008,NA
"EUR","TOTAL","50-249","E37","D1111","BG",2008,NA
"EUR","TOTAL","50-249","E38","D01","BG",2008,18474280
"EUR","TOTAL","50-249","E38","D111","BG",2008,15076754
"EUR","TOTAL","50-249","E38","D1111","BG",2008,13875193
"EUR","TOTAL","50-249","E39","D01","BG",2008,1045679
"EUR","TOTAL","50-249","E39","D111","BG",2008,857691
"EUR","TOTAL","50-249","E39","D1111","BG",2008,759627
"EUR","TOTAL","50-249","F","D01","BG",2008,327996675
"EUR","TOTAL","50-249","F","D111","BG",2008,267864839
"EUR","TOTAL","50-249","F","D1111","BG",2008,248794717
"EUR","TOTAL","50-249","F41","D01","BG",2008,171514596
"EUR","TOTAL","50-249","F41","D111","BG",2008,140595245
"EUR","TOTAL","50-249","F41","D1111","BG",2008,131125834
"EUR","TOTAL","50-249","F42","D01","BG",2008,90845974
"EUR","TOTAL","50-249","F42","D111","BG",2008,73166887
"EUR","TOTAL","50-249","F42","D1111","BG",2008,67250844
"EUR","TOTAL","50-249","F43","D01","BG",2008,65636105
"EUR","TOTAL","50-249","F43","D111","BG",2008,54102707
"EUR","TOTAL","50-249","F43","D1111","BG",2008,50418038
"EUR","TOTAL","50-249","G","D01","BG",2008,332310302
"EUR","TOTAL","50-249","G","D111","BG",2008,280171967
"EUR","TOTAL","50-249","G","D1111","BG",2008,260808879
"EUR","TOTAL","50-249","G-J","D01","BG",2008,751041123
"EUR","TOTAL","50-249","G-J","D111","BG",2008,629051635
"EUR","TOTAL","50-249","G-J","D1111","BG",2008,574333180
"EUR","TOTAL","50-249","G-N","D01","BG",2008,1099424951
"EUR","TOTAL","50-249","G-N","D111","BG",2008,925699151
"EUR","TOTAL","50-249","G-N","D1111","BG",2008,842979090
"EUR","TOTAL","50-249","G-S_X_O","D01","BG",2008,1669199549
"EUR","TOTAL","50-249","G-S_X_O","D111","BG",2008,1386201044
"EUR","TOTAL","50-249","G-S_X_O","D1111","BG",2008,1239170317
"EUR","TOTAL","50-249","G45","D01","BG",2008,54470334
"EUR","TOTAL","50-249","G45","D111","BG",2008,46122514
"EUR","TOTAL","50-249","G45","D1111","BG",2008,42761418
"EUR","TOTAL","50-249","G46","D01","BG",2008,186424521
"EUR","TOTAL","50-249","G46","D111","BG",2008,158075491
"EUR","TOTAL","50-249","G46","D1111","BG",2008,147379153
"EUR","TOTAL","50-249","G47","D01","BG",2008,91415447
"EUR","TOTAL","50-249","G47","D111","BG",2008,75973962
"EUR","TOTAL","50-249","G47","D1111","BG",2008,70668308
"EUR","TOTAL","50-249","H","D01","BG",2008,180364643
"EUR","TOTAL","50-249","H","D111","BG",2008,148901803
"EUR","TOTAL","50-249","H","D1111","BG",2008,128293233
"EUR","TOTAL","50-249","H49","D01","BG",2008,72592762
"EUR","TOTAL","50-249","H49","D111","BG",2008,57853926
"EUR","TOTAL","50-249","H49","D1111","BG",2008,51853889
"EUR","TOTAL","50-249","H50","D01","BG",2008,2554885
"EUR","TOTAL","50-249","H50","D111","BG",2008,2058691
"EUR","TOTAL","50-249","H50","D1111","BG",2008,1708856
"EUR","TOTAL","50-249","H51","D01","BG",2008,14827786
"EUR","TOTAL","50-249","H51","D111","BG",2008,12010975
"EUR","TOTAL","50-249","H51","D1111","BG",2008,10952717
"EUR","TOTAL","50-249","H52","D01","BG",2008,64887093
"EUR","TOTAL","50-249","H52","D111","BG",2008,56143700
"EUR","TOTAL","50-249","H52","D1111","BG",2008,47112281
"EUR","TOTAL","50-249","H53","D01","BG",2008,25502118
"EUR","TOTAL","50-249","H53","D111","BG",2008,20834511
"EUR","TOTAL","50-249","H53","D1111","BG",2008,16665490
"EUR","TOTAL","50-249","I","D01","BG",2008,84415743
"EUR","TOTAL","50-249","I","D111","BG",2008,69099296
"EUR","TOTAL","50-249","I","D1111","BG",2008,64086353
"EUR","TOTAL","50-249","I55","D01","BG",2008,59599833
"EUR","TOTAL","50-249","I55","D111","BG",2008,48726638
"EUR","TOTAL","50-249","I55","D1111","BG",2008,45147173
"EUR","TOTAL","50-249","I56","D01","BG",2008,24815910
"EUR","TOTAL","50-249","I56","D111","BG",2008,20372659
"EUR","TOTAL","50-249","I56","D1111","BG",2008,18939180
"EUR","TOTAL","50-249","J","D01","BG",2008,153950436
"EUR","TOTAL","50-249","J","D111","BG",2008,130878568
"EUR","TOTAL","50-249","J","D1111","BG",2008,121144715
"EUR","TOTAL","50-249","J58","D01","BG",2008,14508313
"EUR","TOTAL","50-249","J58","D111","BG",2008,12334097
"EUR","TOTAL","50-249","J58","D1111","BG",2008,11437905
"EUR","TOTAL","50-249","J59","D01","BG",2008,4024567
"EUR","TOTAL","50-249","J59","D111","BG",2008,3339465
"EUR","TOTAL","50-249","J59","D1111","BG",2008,3121825
"EUR","TOTAL","50-249","J60","D01","BG",2008,14415782
"EUR","TOTAL","50-249","J60","D111","BG",2008,12088376
"EUR","TOTAL","50-249","J60","D1111","BG",2008,11360414
"EUR","TOTAL","50-249","J61","D01","BG",2008,35495713
"EUR","TOTAL","50-249","J61","D111","BG",2008,29032031
"EUR","TOTAL","50-249","J61","D1111","BG",2008,26913361
"EUR","TOTAL","50-249","J62","D01","BG",2008,74857429
"EUR","TOTAL","50-249","J62","D111","BG",2008,65133808
"EUR","TOTAL","50-249","J62","D1111","BG",2008,60356447
"EUR","TOTAL","50-249","J63","D01","BG",2008,10648632
"EUR","TOTAL","50-249","J63","D111","BG",2008,8950791
"EUR","TOTAL","50-249","J63","D1111","BG",2008,7954762
"EUR","TOTAL","50-249","K","D01","BG",2008,120431691
"EUR","TOTAL","50-249","K","D111","BG",2008,101420757
"EUR","TOTAL","50-249","K","D1111","BG",2008,91068164
"EUR","TOTAL","50-249","K-N","D01","BG",2008,348383828
"EUR","TOTAL","50-249","K-N","D111","BG",2008,296647517
"EUR","TOTAL","50-249","K-N","D1111","BG",2008,268645910
"EUR","TOTAL","50-249","K64","D01","BG",2008,94907233
"EUR","TOTAL","50-249","K64","D111","BG",2008,80255665
"EUR","TOTAL","50-249","K64","D1111","BG",2008,71458955
"EUR","TOTAL","50-249","K65","D01","BG",2008,16548533
"EUR","TOTAL","50-249","K65","D111","BG",2008,13865912
"EUR","TOTAL","50-249","K65","D1111","BG",2008,13014805
"EUR","TOTAL","50-249","K66","D01","BG",2008,8975925
"EUR","TOTAL","50-249","K66","D111","BG",2008,7299180
"EUR","TOTAL","50-249","K66","D1111","BG",2008,6594405
"EUR","TOTAL","50-249","L","D01","BG",2008,NA
"EUR","TOTAL","50-249","L","D111","BG",2008,NA
"EUR","TOTAL","50-249","L","D1111","BG",2008,NA
"EUR","TOTAL","50-249","L68","D01","BG",2008,NA
"EUR","TOTAL","50-249","L68","D111","BG",2008,NA
"EUR","TOTAL","50-249","L68","D1111","BG",2008,NA
"EUR","TOTAL","50-249","M","D01","BG",2008,124344837
"EUR","TOTAL","50-249","M","D111","BG",2008,104726191
"EUR","TOTAL","50-249","M","D1111","BG",2008,93861810
"EUR","TOTAL","50-249","M69","D01","BG",2008,NA
"EUR","TOTAL","50-249","M69","D111","BG",2008,NA
"EUR","TOTAL","50-249","M69","D1111","BG",2008,NA
"EUR","TOTAL","50-249","M70","D01","BG",2008,NA
"EUR","TOTAL","50-249","M70","D111","BG",2008,NA
"EUR","TOTAL","50-249","M70","D1111","BG",2008,NA
"EUR","TOTAL","50-249","M71","D01","BG",2008,24929663
"EUR","TOTAL","50-249","M71","D111","BG",2008,20873404
"EUR","TOTAL","50-249","M71","D1111","BG",2008,18276117
"EUR","TOTAL","50-249","M72","D01","BG",2008,43366417
"EUR","TOTAL","50-249","M72","D111","BG",2008,35614744
"EUR","TOTAL","50-249","M72","D1111","BG",2008,31025954
"EUR","TOTAL","50-249","M73","D01","BG",2008,NA
"EUR","TOTAL","50-249","M73","D111","BG",2008,NA
"EUR","TOTAL","50-249","M73","D1111","BG",2008,NA
"EUR","TOTAL","50-249","M74","D01","BG",2008,NA
"EUR","TOTAL","50-249","M74","D111","BG",2008,NA
"EUR","TOTAL","50-249","M74","D1111","BG",2008,NA
"EUR","TOTAL","50-249","M75","D01","BG",2008,NA
"EUR","TOTAL","50-249","M75","D111","BG",2008,NA
"EUR","TOTAL","50-249","M75","D1111","BG",2008,NA
"EUR","TOTAL","50-249","N","D01","BG",2008,84881476
"EUR","TOTAL","50-249","N","D111","BG",2008,74925484
"EUR","TOTAL","50-249","N","D1111","BG",2008,69826717
"EUR","TOTAL","50-249","N77","D01","BG",2008,2556348
"EUR","TOTAL","50-249","N77","D111","BG",2008,2146667
"EUR","TOTAL","50-249","N77","D1111","BG",2008,1938257
"EUR","TOTAL","50-249","N78","D01","BG",2008,5058698
"EUR","TOTAL","50-249","N78","D111","BG",2008,4211390
"EUR","TOTAL","50-249","N78","D1111","BG",2008,3853639
"EUR","TOTAL","50-249","N79","D01","BG",2008,5462938
"EUR","TOTAL","50-249","N79","D111","BG",2008,4556576
"EUR","TOTAL","50-249","N79","D1111","BG",2008,4332420
"EUR","TOTAL","50-249","N80","D01","BG",2008,30467490
"EUR","TOTAL","50-249","N80","D111","BG",2008,25105536
"EUR","TOTAL","50-249","N80","D1111","BG",2008,23652611
"EUR","TOTAL","50-249","N81","D01","BG",2008,34642848
"EUR","TOTAL","50-249","N81","D111","BG",2008,33400577
"EUR","TOTAL","50-249","N81","D1111","BG",2008,30887236
"EUR","TOTAL","50-249","N82","D01","BG",2008,6693154
"EUR","TOTAL","50-249","N82","D111","BG",2008,5504738
"EUR","TOTAL","50-249","N82","D1111","BG",2008,5162554
"EUR","TOTAL","50-249","O","D01","BG",2008,341522297
"EUR","TOTAL","50-249","O","D111","BG",2008,270347520
"EUR","TOTAL","50-249","O","D1111","BG",2008,243283670
"EUR","TOTAL","50-249","O-S","D01","BG",2008,911296895
"EUR","TOTAL","50-249","O-S","D111","BG",2008,730849413
"EUR","TOTAL","50-249","O-S","D1111","BG",2008,639474897
"EUR","TOTAL","50-249","O84","D01","BG",2008,341522297
"EUR","TOTAL","50-249","O84","D111","BG",2008,270347520
"EUR","TOTAL","50-249","O84","D1111","BG",2008,243283670
"EUR","TOTAL","50-249","P","D01","BG",2008,317732909
"EUR","TOTAL","50-249","P","D111","BG",2008,252600618
"EUR","TOTAL","50-249","P","D1111","BG",2008,209639682
"EUR","TOTAL","50-249","P-S","D01","BG",2008,569774598
"EUR","TOTAL","50-249","P-S","D111","BG",2008,460501893
"EUR","TOTAL","50-249","P-S","D1111","BG",2008,396191227
"EUR","TOTAL","50-249","P85","D01","BG",2008,317732909
"EUR","TOTAL","50-249","P85","D111","BG",2008,252600618
"EUR","TOTAL","50-249","P85","D1111","BG",2008,209639682
"EUR","TOTAL","50-249","Q","D01","BG",2008,178844701
"EUR","TOTAL","50-249","Q","D111","BG",2008,146777171
"EUR","TOTAL","50-249","Q","D1111","BG",2008,131111307
"EUR","TOTAL","50-249","Q86","D01","BG",2008,132042358
"EUR","TOTAL","50-249","Q86","D111","BG",2008,108243738
"EUR","TOTAL","50-249","Q86","D1111","BG",2008,97288204
"EUR","TOTAL","50-249","Q87","D01","BG",2008,25561550
"EUR","TOTAL","50-249","Q87","D111","BG",2008,21024565
"EUR","TOTAL","50-249","Q87","D1111","BG",2008,18356068
"EUR","TOTAL","50-249","Q88","D01","BG",2008,21240793
"EUR","TOTAL","50-249","Q88","D111","BG",2008,17508868
"EUR","TOTAL","50-249","Q88","D1111","BG",2008,15467035
"EUR","TOTAL","50-249","R","D01","BG",2008,58915511
"EUR","TOTAL","50-249","R","D111","BG",2008,49260027
"EUR","TOTAL","50-249","R","D1111","BG",2008,44721329
"EUR","TOTAL","50-249","R90","D01","BG",2008,16001534
"EUR","TOTAL","50-249","R90","D111","BG",2008,12937121
"EUR","TOTAL","50-249","R90","D1111","BG",2008,11291038
"EUR","TOTAL","50-249","R91","D01","BG",2008,NA
"EUR","TOTAL","50-249","R91","D111","BG",2008,NA
"EUR","TOTAL","50-249","R91","D1111","BG",2008,NA
"EUR","TOTAL","50-249","R92","D01","BG",2008,18981698
"EUR","TOTAL","50-249","R92","D111","BG",2008,15741936
"EUR","TOTAL","50-249","R92","D1111","BG",2008,14521282
"EUR","TOTAL","50-249","R93","D01","BG",2008,NA
"EUR","TOTAL","50-249","R93","D111","BG",2008,NA
"EUR","TOTAL","50-249","R93","D1111","BG",2008,NA
"EUR","TOTAL","50-249","S","D01","BG",2008,NA
"EUR","TOTAL","50-249","S","D111","BG",2008,NA
"EUR","TOTAL","50-249","S","D1111","BG",2008,NA
"EUR","TOTAL","50-249","S94","D01","BG",2008,NA
"EUR","TOTAL","50-249","S94","D111","BG",2008,NA
"EUR","TOTAL","50-249","S94","D1111","BG",2008,NA
"EUR","TOTAL","50-249","S95","D01","BG",2008,NA
"EUR","TOTAL","50-249","S95","D111","BG",2008,NA
"EUR","TOTAL","50-249","S95","D1111","BG",2008,NA
"EUR","TOTAL","50-249","S96","D01","BG",2008,3670015
"EUR","TOTAL","50-249","S96","D111","BG",2008,3024306
"EUR","TOTAL","50-249","S96","D1111","BG",2008,2658823
"EUR","TOTAL","500-999","B","D01","BG",2008,43544390
"EUR","TOTAL","500-999","B","D111","BG",2008,32410439
"EUR","TOTAL","500-999","B","D1111","BG",2008,27508959
"EUR","TOTAL","500-999","B-E","D01","BG",2008,464375862
"EUR","TOTAL","500-999","B-E","D111","BG",2008,364991488
"EUR","TOTAL","500-999","B-E","D1111","BG",2008,316551036
"EUR","TOTAL","500-999","B-F","D01","BG",2008,524390904
"EUR","TOTAL","500-999","B-F","D111","BG",2008,414223487
"EUR","TOTAL","500-999","B-F","D1111","BG",2008,362599740
"EUR","TOTAL","500-999","B-N","D01","BG",2008,894368766
"EUR","TOTAL","500-999","B-N","D111","BG",2008,719526460
"EUR","TOTAL","500-999","B-N","D1111","BG",2008,621610436
"EUR","TOTAL","500-999","B-S","D01","BG",2008,1152106138
"EUR","TOTAL","500-999","B-S","D111","BG",2008,929131356
"EUR","TOTAL","500-999","B-S","D1111","BG",2008,809402786
"EUR","TOTAL","500-999","B-S_X_O","D01","BG",2008,1078405900
"EUR","TOTAL","500-999","B-S_X_O","D111","BG",2008,870868683
"EUR","TOTAL","500-999","B-S_X_O","D1111","BG",2008,755590382
"EUR","TOTAL","500-999","B05","D01","BG",2008,NA
"EUR","TOTAL","500-999","B05","D111","BG",2008,NA
"EUR","TOTAL","500-999","B05","D1111","BG",2008,NA
"EUR","TOTAL","500-999","B06","D01","BG",2008,NA
"EUR","TOTAL","500-999","B06","D111","BG",2008,NA
"EUR","TOTAL","500-999","B06","D1111","BG",2008,NA
"EUR","TOTAL","500-999","B07","D01","BG",2008,35712644
"EUR","TOTAL","500-999","B07","D111","BG",2008,26756723
"EUR","TOTAL","500-999","B07","D1111","BG",2008,22384852
"EUR","TOTAL","500-999","B08","D01","BG",2008,NA
"EUR","TOTAL","500-999","B08","D111","BG",2008,NA
"EUR","TOTAL","500-999","B08","D1111","BG",2008,NA
"EUR","TOTAL","500-999","B09","D01","BG",2008,NA
"EUR","TOTAL","500-999","B09","D111","BG",2008,NA
"EUR","TOTAL","500-999","B09","D1111","BG",2008,NA
"EUR","TOTAL","500-999","C","D01","BG",2008,340893192
"EUR","TOTAL","500-999","C","D111","BG",2008,271312538
"EUR","TOTAL","500-999","C","D1111","BG",2008,239356936
"EUR","TOTAL","500-999","C10","D01","BG",2008,NA
"EUR","TOTAL","500-999","C10","D111","BG",2008,NA
"EUR","TOTAL","500-999","C10","D1111","BG",2008,NA
"EUR","TOTAL","500-999","C11","D01","BG",2008,23231319
"EUR","TOTAL","500-999","C11","D111","BG",2008,19418995
"EUR","TOTAL","500-999","C11","D1111","BG",2008,17056966
"EUR","TOTAL","500-999","C12","D01","BG",2008,NA
"EUR","TOTAL","500-999","C12","D111","BG",2008,NA
"EUR","TOTAL","500-999","C12","D1111","BG",2008,NA
"EUR","TOTAL","500-999","C13","D01","BG",2008,13622787
"EUR","TOTAL","500-999","C13","D111","BG",2008,10977241
"EUR","TOTAL","500-999","C13","D1111","BG",2008,9933940
"EUR","TOTAL","500-999","C14","D01","BG",2008,29489555
"EUR","TOTAL","500-999","C14","D111","BG",2008,24095704
"EUR","TOTAL","500-999","C14","D1111","BG",2008,21860286
"EUR","TOTAL","500-999","C15","D01","BG",2008,4544802
"EUR","TOTAL","500-999","C15","D111","BG",2008,3692229
"EUR","TOTAL","500-999","C15","D1111","BG",2008,3409488
"EUR","TOTAL","500-999","C16","D01","BG",2008,NA
"EUR","TOTAL","500-999","C16","D111","BG",2008,NA
"EUR","TOTAL","500-999","C16","D1111","BG",2008,NA
"EUR","TOTAL","500-999","C17","D01","BG",2008,12544150
"EUR","TOTAL","500-999","C17","D111","BG",2008,10100148
"EUR","TOTAL","500-999","C17","D1111","BG",2008,8724593
"EUR","TOTAL","500-999","C18","D01","BG",2008,NA
"EUR","TOTAL","500-999","C18","D111","BG",2008,NA
"EUR","TOTAL","500-999","C18","D1111","BG",2008,NA
"EUR","TOTAL","500-999","C19","D01","BG",2008,NA
"EUR","TOTAL","500-999","C19","D111","BG",2008,NA
"EUR","TOTAL","500-999","C19","D1111","BG",2008,NA
"EUR","TOTAL","500-999","C20","D01","BG",2008,18944007
"EUR","TOTAL","500-999","C20","D111","BG",2008,12636534
"EUR","TOTAL","500-999","C20","D1111","BG",2008,10184558
"EUR","TOTAL","500-999","C21","D01","BG",2008,15543001
"EUR","TOTAL","500-999","C21","D111","BG",2008,11971274
"EUR","TOTAL","500-999","C21","D1111","BG",2008,10709349
"EUR","TOTAL","500-999","C22","D01","BG",2008,NA
"EUR","TOTAL","500-999","C22","D111","BG",2008,NA
"EUR","TOTAL","500-999","C22","D1111","BG",2008,NA
"EUR","TOTAL","500-999","C23","D01","BG",2008,20729114
"EUR","TOTAL","500-999","C23","D111","BG",2008,16305418
"EUR","TOTAL","500-999","C23","D1111","BG",2008,14456626
"EUR","TOTAL","500-999","C24","D01","BG",2008,43354051
"EUR","TOTAL","500-999","C24","D111","BG",2008,33824639
"EUR","TOTAL","500-999","C24","D1111","BG",2008,29513752
"EUR","TOTAL","500-999","C25","D01","BG",2008,16379483
"EUR","TOTAL","500-999","C25","D111","BG",2008,13293950
"EUR","TOTAL","500-999","C25","D1111","BG",2008,12009821
"EUR","TOTAL","500-999","C26","D01","BG",2008,NA
"EUR","TOTAL","500-999","C26","D111","BG",2008,NA
"EUR","TOTAL","500-999","C26","D1111","BG",2008,NA
"EUR","TOTAL","500-999","C27","D01","BG",2008,NA
"EUR","TOTAL","500-999","C27","D111","BG",2008,NA
"EUR","TOTAL","500-999","C27","D1111","BG",2008,NA
"EUR","TOTAL","500-999","C28","D01","BG",2008,26992635
"EUR","TOTAL","500-999","C28","D111","BG",2008,21793450
"EUR","TOTAL","500-999","C28","D1111","BG",2008,19300638
"EUR","TOTAL","500-999","C29","D01","BG",2008,5697467
"EUR","TOTAL","500-999","C29","D111","BG",2008,4628409
"EUR","TOTAL","500-999","C29","D1111","BG",2008,4001830
"EUR","TOTAL","500-999","C30","D01","BG",2008,NA
"EUR","TOTAL","500-999","C30","D111","BG",2008,NA
"EUR","TOTAL","500-999","C30","D1111","BG",2008,NA
"EUR","TOTAL","500-999","C31","D01","BG",2008,5486710
"EUR","TOTAL","500-999","C31","D111","BG",2008,4416620
"EUR","TOTAL","500-999","C31","D1111","BG",2008,4084934
"EUR","TOTAL","500-999","C32","D01","BG",2008,NA
"EUR","TOTAL","500-999","C32","D111","BG",2008,NA
"EUR","TOTAL","500-999","C32","D1111","BG",2008,NA
"EUR","TOTAL","500-999","C33","D01","BG",2008,39763546
"EUR","TOTAL","500-999","C33","D111","BG",2008,31807115
"EUR","TOTAL","500-999","C33","D1111","BG",2008,27535204
"EUR","TOTAL","500-999","D","D01","BG",2008,50663677
"EUR","TOTAL","500-999","D","D111","BG",2008,37194198
"EUR","TOTAL","500-999","D","D1111","BG",2008,28960972
"EUR","TOTAL","500-999","D35","D01","BG",2008,50663677
"EUR","TOTAL","500-999","D35","D111","BG",2008,37194198
"EUR","TOTAL","500-999","D35","D1111","BG",2008,28960972
"EUR","TOTAL","500-999","E","D01","BG",2008,29274604
"EUR","TOTAL","500-999","E","D111","BG",2008,24074314
"EUR","TOTAL","500-999","E","D1111","BG",2008,20724168
"EUR","TOTAL","500-999","E36","D01","BG",2008,10301879
"EUR","TOTAL","500-999","E36","D111","BG",2008,8402685
"EUR","TOTAL","500-999","E36","D1111","BG",2008,6363559
"EUR","TOTAL","500-999","E37","D01","BG",2008,NA
"EUR","TOTAL","500-999","E37","D111","BG",2008,NA
"EUR","TOTAL","500-999","E37","D1111","BG",2008,NA
"EUR","TOTAL","500-999","E38","D01","BG",2008,18972725
"EUR","TOTAL","500-999","E38","D111","BG",2008,15671629
"EUR","TOTAL","500-999","E38","D1111","BG",2008,14360609
"EUR","TOTAL","500-999","E39","D01","BG",2008,NA
"EUR","TOTAL","500-999","E39","D111","BG",2008,NA
"EUR","TOTAL","500-999","E39","D1111","BG",2008,NA
"EUR","TOTAL","500-999","F","D01","BG",2008,60015043
"EUR","TOTAL","500-999","F","D111","BG",2008,49231999
"EUR","TOTAL","500-999","F","D1111","BG",2008,46048704
"EUR","TOTAL","500-999","F41","D01","BG",2008,33036776
"EUR","TOTAL","500-999","F41","D111","BG",2008,27654591
"EUR","TOTAL","500-999","F41","D1111","BG",2008,26224181
"EUR","TOTAL","500-999","F42","D01","BG",2008,NA
"EUR","TOTAL","500-999","F42","D111","BG",2008,NA
"EUR","TOTAL","500-999","F42","D1111","BG",2008,NA
"EUR","TOTAL","500-999","F43","D01","BG",2008,NA
"EUR","TOTAL","500-999","F43","D111","BG",2008,NA
"EUR","TOTAL","500-999","F43","D1111","BG",2008,NA
"EUR","TOTAL","500-999","G","D01","BG",2008,72456875
"EUR","TOTAL","500-999","G","D111","BG",2008,60265045
"EUR","TOTAL","500-999","G","D1111","BG",2008,55759410
"EUR","TOTAL","500-999","G-J","D01","BG",2008,243436800
"EUR","TOTAL","500-999","G-J","D111","BG",2008,199728879
"EUR","TOTAL","500-999","G-J","D1111","BG",2008,167204834
"EUR","TOTAL","500-999","G-N","D01","BG",2008,369977861
"EUR","TOTAL","500-999","G-N","D111","BG",2008,305302973
"EUR","TOTAL","500-999","G-N","D1111","BG",2008,259010696
"EUR","TOTAL","500-999","G-S_X_O","D01","BG",2008,554014995
"EUR","TOTAL","500-999","G-S_X_O","D111","BG",2008,456645196
"EUR","TOTAL","500-999","G-S_X_O","D1111","BG",2008,392990643
"EUR","TOTAL","500-999","G45","D01","BG",2008,18192120
"EUR","TOTAL","500-999","G45","D111","BG",2008,15402860
"EUR","TOTAL","500-999","G45","D1111","BG",2008,14011845
"EUR","TOTAL","500-999","G46","D01","BG",2008,24099214
"EUR","TOTAL","500-999","G46","D111","BG",2008,20187977
"EUR","TOTAL","500-999","G46","D1111","BG",2008,18664640
"EUR","TOTAL","500-999","G47","D01","BG",2008,30165541
"EUR","TOTAL","500-999","G47","D111","BG",2008,24674208
"EUR","TOTAL","500-999","G47","D1111","BG",2008,23082925
"EUR","TOTAL","500-999","H","D01","BG",2008,139757380
"EUR","TOTAL","500-999","H","D111","BG",2008,113177304
"EUR","TOTAL","500-999","H","D1111","BG",2008,87398956
"EUR","TOTAL","500-999","H49","D01","BG",2008,37376893
"EUR","TOTAL","500-999","H49","D111","BG",2008,29317139
"EUR","TOTAL","500-999","H49","D1111","BG",2008,22411811
"EUR","TOTAL","500-999","H50","D01","BG",2008,NA
"EUR","TOTAL","500-999","H50","D111","BG",2008,NA
"EUR","TOTAL","500-999","H50","D1111","BG",2008,NA
"EUR","TOTAL","500-999","H51","D01","BG",2008,NA
"EUR","TOTAL","500-999","H51","D111","BG",2008,NA
"EUR","TOTAL","500-999","H51","D1111","BG",2008,NA
"EUR","TOTAL","500-999","H52","D01","BG",2008,75712015
"EUR","TOTAL","500-999","H52","D111","BG",2008,62216345
"EUR","TOTAL","500-999","H52","D1111","BG",2008,47134439
"EUR","TOTAL","500-999","H53","D01","BG",2008,NA
"EUR","TOTAL","500-999","H53","D111","BG",2008,NA
"EUR","TOTAL","500-999","H53","D1111","BG",2008,NA
"EUR","TOTAL","500-999","I","D01","BG",2008,NA
"EUR","TOTAL","500-999","I","D111","BG",2008,NA
"EUR","TOTAL","500-999","I","D1111","BG",2008,NA
"EUR","TOTAL","500-999","I55","D01","BG",2008,NA
"EUR","TOTAL","500-999","I55","D111","BG",2008,NA
"EUR","TOTAL","500-999","I55","D1111","BG",2008,NA
"EUR","TOTAL","500-999","I56","D01","BG",2008,NA
"EUR","TOTAL","500-999","I56","D111","BG",2008,NA
"EUR","TOTAL","500-999","I56","D1111","BG",2008,NA
"EUR","TOTAL","500-999","J","D01","BG",2008,24024628
"EUR","TOTAL","500-999","J","D111","BG",2008,20383452
"EUR","TOTAL","500-999","J","D1111","BG",2008,18556708
"EUR","TOTAL","500-999","J58","D01","BG",2008,NA
"EUR","TOTAL","500-999","J58","D111","BG",2008,NA
"EUR","TOTAL","500-999","J58","D1111","BG",2008,NA
"EUR","TOTAL","500-999","J59","D01","BG",2008,NA
"EUR","TOTAL","500-999","J59","D111","BG",2008,NA
"EUR","TOTAL","500-999","J59","D1111","BG",2008,NA
"EUR","TOTAL","500-999","J60","D01","BG",2008,NA
"EUR","TOTAL","500-999","J60","D111","BG",2008,NA
"EUR","TOTAL","500-999","J60","D1111","BG",2008,NA
"EUR","TOTAL","500-999","J61","D01","BG",2008,NA
"EUR","TOTAL","500-999","J61","D111","BG",2008,NA
"EUR","TOTAL","500-999","J61","D1111","BG",2008,NA
"EUR","TOTAL","500-999","J62","D01","BG",2008,NA
"EUR","TOTAL","500-999","J62","D111","BG",2008,NA
"EUR","TOTAL","500-999","J62","D1111","BG",2008,NA
"EUR","TOTAL","500-999","J63","D01","BG",2008,NA
"EUR","TOTAL","500-999","J63","D111","BG",2008,NA
"EUR","TOTAL","500-999","J63","D1111","BG",2008,NA
"EUR","TOTAL","500-999","K","D01","BG",2008,89938763
"EUR","TOTAL","500-999","K","D111","BG",2008,76042884
"EUR","TOTAL","500-999","K","D1111","BG",2008,66061978
"EUR","TOTAL","500-999","K-N","D01","BG",2008,126541061
"EUR","TOTAL","500-999","K-N","D111","BG",2008,105574094
"EUR","TOTAL","500-999","K-N","D1111","BG",2008,91805862
"EUR","TOTAL","500-999","K64","D01","BG",2008,89938763
"EUR","TOTAL","500-999","K64","D111","BG",2008,76042884
"EUR","TOTAL","500-999","K64","D1111","BG",2008,66061978
"EUR","TOTAL","500-999","K65","D01","BG",2008,NA
"EUR","TOTAL","500-999","K65","D111","BG",2008,NA
"EUR","TOTAL","500-999","K65","D1111","BG",2008,NA
"EUR","TOTAL","500-999","K66","D01","BG",2008,NA
"EUR","TOTAL","500-999","K66","D111","BG",2008,NA
"EUR","TOTAL","500-999","K66","D1111","BG",2008,NA
"EUR","TOTAL","500-999","L","D01","BG",2008,NA
"EUR","TOTAL","500-999","L","D111","BG",2008,NA
"EUR","TOTAL","500-999","L","D1111","BG",2008,NA
"EUR","TOTAL","500-999","L68","D01","BG",2008,NA
"EUR","TOTAL","500-999","L68","D111","BG",2008,NA
"EUR","TOTAL","500-999","L68","D1111","BG",2008,NA
"EUR","TOTAL","500-999","M","D01","BG",2008,NA
"EUR","TOTAL","500-999","M","D111","BG",2008,NA
"EUR","TOTAL","500-999","M","D1111","BG",2008,NA
"EUR","TOTAL","500-999","M69","D01","BG",2008,NA
"EUR","TOTAL","500-999","M69","D111","BG",2008,NA
"EUR","TOTAL","500-999","M69","D1111","BG",2008,NA
"EUR","TOTAL","500-999","M70","D01","BG",2008,NA
"EUR","TOTAL","500-999","M70","D111","BG",2008,NA
"EUR","TOTAL","500-999","M70","D1111","BG",2008,NA
"EUR","TOTAL","500-999","M71","D01","BG",2008,NA
"EUR","TOTAL","500-999","M71","D111","BG",2008,NA
"EUR","TOTAL","500-999","M71","D1111","BG",2008,NA
"EUR","TOTAL","500-999","M72","D01","BG",2008,NA
"EUR","TOTAL","500-999","M72","D111","BG",2008,NA
"EUR","TOTAL","500-999","M72","D1111","BG",2008,NA
"EUR","TOTAL","500-999","M73","D01","BG",2008,NA
"EUR","TOTAL","500-999","M73","D111","BG",2008,NA
"EUR","TOTAL","500-999","M73","D1111","BG",2008,NA
"EUR","TOTAL","500-999","M74","D01","BG",2008,NA
"EUR","TOTAL","500-999","M74","D111","BG",2008,NA
"EUR","TOTAL","500-999","M74","D1111","BG",2008,NA
"EUR","TOTAL","500-999","M75","D01","BG",2008,NA
"EUR","TOTAL","500-999","M75","D111","BG",2008,NA
"EUR","TOTAL","500-999","M75","D1111","BG",2008,NA
"EUR","TOTAL","500-999","N","D01","BG",2008,22235106
"EUR","TOTAL","500-999","N","D111","BG",2008,18075815
"EUR","TOTAL","500-999","N","D1111","BG",2008,16702721
"EUR","TOTAL","500-999","N77","D01","BG",2008,NA
"EUR","TOTAL","500-999","N77","D111","BG",2008,NA
"EUR","TOTAL","500-999","N77","D1111","BG",2008,NA
"EUR","TOTAL","500-999","N78","D01","BG",2008,NA
"EUR","TOTAL","500-999","N78","D111","BG",2008,NA
"EUR","TOTAL","500-999","N78","D1111","BG",2008,NA
"EUR","TOTAL","500-999","N79","D01","BG",2008,NA
"EUR","TOTAL","500-999","N79","D111","BG",2008,NA
"EUR","TOTAL","500-999","N79","D1111","BG",2008,NA
"EUR","TOTAL","500-999","N80","D01","BG",2008,11819056
"EUR","TOTAL","500-999","N80","D111","BG",2008,9659707
"EUR","TOTAL","500-999","N80","D1111","BG",2008,9133377
"EUR","TOTAL","500-999","N81","D01","BG",2008,NA
"EUR","TOTAL","500-999","N81","D111","BG",2008,NA
"EUR","TOTAL","500-999","N81","D1111","BG",2008,NA
"EUR","TOTAL","500-999","N82","D01","BG",2008,NA
"EUR","TOTAL","500-999","N82","D111","BG",2008,NA
"EUR","TOTAL","500-999","N82","D1111","BG",2008,NA
"EUR","TOTAL","500-999","O","D01","BG",2008,73700238
"EUR","TOTAL","500-999","O","D111","BG",2008,58262673
"EUR","TOTAL","500-999","O","D1111","BG",2008,53812404
"EUR","TOTAL","500-999","O-S","D01","BG",2008,257737372
"EUR","TOTAL","500-999","O-S","D111","BG",2008,209604896
"EUR","TOTAL","500-999","O-S","D1111","BG",2008,187792350
"EUR","TOTAL","500-999","O84","D01","BG",2008,73700238
"EUR","TOTAL","500-999","O84","D111","BG",2008,58262673
"EUR","TOTAL","500-999","O84","D1111","BG",2008,53812404
"EUR","TOTAL","500-999","P","D01","BG",2008,65539985
"EUR","TOTAL","500-999","P","D111","BG",2008,53925046
"EUR","TOTAL","500-999","P","D1111","BG",2008,45983213
"EUR","TOTAL","500-999","P-S","D01","BG",2008,184037134
"EUR","TOTAL","500-999","P-S","D111","BG",2008,151342223
"EUR","TOTAL","500-999","P-S","D1111","BG",2008,133979947
"EUR","TOTAL","500-999","P85","D01","BG",2008,65539985
"EUR","TOTAL","500-999","P85","D111","BG",2008,53925046
"EUR","TOTAL","500-999","P85","D1111","BG",2008,45983213
"EUR","TOTAL","500-999","Q","D01","BG",2008,118497149
"EUR","TOTAL","500-999","Q","D111","BG",2008,97417177
"EUR","TOTAL","500-999","Q","D1111","BG",2008,87996734
"EUR","TOTAL","500-999","Q86","D01","BG",2008,118497149
"EUR","TOTAL","500-999","Q86","D111","BG",2008,97417177
"EUR","TOTAL","500-999","Q86","D1111","BG",2008,87996734
"EUR","TOTAL","500-999","Q87","D01","BG",2008,NA
"EUR","TOTAL","500-999","Q87","D111","BG",2008,NA
"EUR","TOTAL","500-999","Q87","D1111","BG",2008,NA
"EUR","TOTAL","500-999","Q88","D01","BG",2008,NA
"EUR","TOTAL","500-999","Q88","D111","BG",2008,NA
"EUR","TOTAL","500-999","Q88","D1111","BG",2008,NA
"EUR","TOTAL","500-999","R","D01","BG",2008,NA
"EUR","TOTAL","500-999","R","D111","BG",2008,NA
"EUR","TOTAL","500-999","R","D1111","BG",2008,NA
"EUR","TOTAL","500-999","R90","D01","BG",2008,NA
"EUR","TOTAL","500-999","R90","D111","BG",2008,NA
"EUR","TOTAL","500-999","R90","D1111","BG",2008,NA
"EUR","TOTAL","500-999","R91","D01","BG",2008,NA
"EUR","TOTAL","500-999","R91","D111","BG",2008,NA
"EUR","TOTAL","500-999","R91","D1111","BG",2008,NA
"EUR","TOTAL","500-999","R92","D01","BG",2008,NA
"EUR","TOTAL","500-999","R92","D111","BG",2008,NA
"EUR","TOTAL","500-999","R92","D1111","BG",2008,NA
"EUR","TOTAL","500-999","R93","D01","BG",2008,NA
"EUR","TOTAL","500-999","R93","D111","BG",2008,NA
"EUR","TOTAL","500-999","R93","D1111","BG",2008,NA
"EUR","TOTAL","500-999","S","D01","BG",2008,NA
"EUR","TOTAL","500-999","S","D111","BG",2008,NA
"EUR","TOTAL","500-999","S","D1111","BG",2008,NA
"EUR","TOTAL","500-999","S94","D01","BG",2008,NA
"EUR","TOTAL","500-999","S94","D111","BG",2008,NA
"EUR","TOTAL","500-999","S94","D1111","BG",2008,NA
"EUR","TOTAL","500-999","S95","D01","BG",2008,NA
"EUR","TOTAL","500-999","S95","D111","BG",2008,NA
"EUR","TOTAL","500-999","S95","D1111","BG",2008,NA
"EUR","TOTAL","500-999","S96","D01","BG",2008,NA
"EUR","TOTAL","500-999","S96","D111","BG",2008,NA
"EUR","TOTAL","500-999","S96","D1111","BG",2008,NA
"EUR","TOTAL","GE10","B","D01","BG",2008,221372205
"EUR","TOTAL","GE10","B","D111","BG",2008,162369279
"EUR","TOTAL","GE10","B","D1111","BG",2008,137665410
"EUR","TOTAL","GE10","B-E","D01","BG",2008,2833007347
"EUR","TOTAL","GE10","B-E","D111","BG",2008,2255908440
"EUR","TOTAL","GE10","B-E","D1111","BG",2008,1967581428
"EUR","TOTAL","GE10","B-F","D01","BG",2008,3579610605
"EUR","TOTAL","GE10","B-F","D111","BG",2008,2867707571
"EUR","TOTAL","GE10","B-F","D1111","BG",2008,2537898475
"EUR","TOTAL","GE10","B-N","D01","BG",2008,6899768742
"EUR","TOTAL","GE10","B-N","D111","BG",2008,5640057269
"EUR","TOTAL","GE10","B-N","D1111","BG",2008,5038446412
"EUR","TOTAL","GE10","B-S","D01","BG",2008,9044547710
"EUR","TOTAL","GE10","B-S","D111","BG",2008,7362697632
"EUR","TOTAL","GE10","B-S","D1111","BG",2008,6549931854
"EUR","TOTAL","GE10","B-S_X_O","D01","BG",2008,8292569826
"EUR","TOTAL","GE10","B-S_X_O","D111","BG",2008,6769790270
"EUR","TOTAL","GE10","B-S_X_O","D1111","BG",2008,6015948293
"EUR","TOTAL","GE10","B05","D01","BG",2008,114401455
"EUR","TOTAL","GE10","B05","D111","BG",2008,80694185
"EUR","TOTAL","GE10","B05","D1111","BG",2008,65209884
"EUR","TOTAL","GE10","B06","D01","BG",2008,NA
"EUR","TOTAL","GE10","B06","D111","BG",2008,NA
"EUR","TOTAL","GE10","B06","D1111","BG",2008,NA
"EUR","TOTAL","GE10","B07","D01","BG",2008,63920600
"EUR","TOTAL","GE10","B07","D111","BG",2008,48178074
"EUR","TOTAL","GE10","B07","D1111","BG",2008,42329153
"EUR","TOTAL","GE10","B08","D01","BG",2008,39888017
"EUR","TOTAL","GE10","B08","D111","BG",2008,30868554
"EUR","TOTAL","GE10","B08","D1111","BG",2008,27747889
"EUR","TOTAL","GE10","B09","D01","BG",2008,NA
"EUR","TOTAL","GE10","B09","D111","BG",2008,NA
"EUR","TOTAL","GE10","B09","D1111","BG",2008,NA
"EUR","TOTAL","GE10","C","D01","BG",2008,2107243072
"EUR","TOTAL","GE10","C","D111","BG",2008,1699381765
"EUR","TOTAL","GE10","C","D1111","BG",2008,1525338729
"EUR","TOTAL","GE10","C10","D01","BG",2008,231901410
"EUR","TOTAL","GE10","C10","D111","BG",2008,190679734
"EUR","TOTAL","GE10","C10","D1111","BG",2008,176170206
"EUR","TOTAL","GE10","C11","D01","BG",2008,79180285
"EUR","TOTAL","GE10","C11","D111","BG",2008,66063518
"EUR","TOTAL","GE10","C11","D1111","BG",2008,58324801
"EUR","TOTAL","GE10","C12","D01","BG",2008,NA
"EUR","TOTAL","GE10","C12","D111","BG",2008,NA
"EUR","TOTAL","GE10","C12","D1111","BG",2008,NA
"EUR","TOTAL","GE10","C13","D01","BG",2008,52743636
"EUR","TOTAL","GE10","C13","D111","BG",2008,42488483
"EUR","TOTAL","GE10","C13","D1111","BG",2008,38580171
"EUR","TOTAL","GE10","C14","D01","BG",2008,278781566
"EUR","TOTAL","GE10","C14","D111","BG",2008,228574406
"EUR","TOTAL","GE10","C14","D1111","BG",2008,207544150
"EUR","TOTAL","GE10","C15","D01","BG",2008,35677338
"EUR","TOTAL","GE10","C15","D111","BG",2008,29188103
"EUR","TOTAL","GE10","C15","D1111","BG",2008,26755889
"EUR","TOTAL","GE10","C16","D01","BG",2008,41176650
"EUR","TOTAL","GE10","C16","D111","BG",2008,33733686
"EUR","TOTAL","GE10","C16","D1111","BG",2008,30723359
"EUR","TOTAL","GE10","C17","D01","BG",2008,35632044
"EUR","TOTAL","GE10","C17","D111","BG",2008,28874104
"EUR","TOTAL","GE10","C17","D1111","BG",2008,25594565
"EUR","TOTAL","GE10","C18","D01","BG",2008,33731120
"EUR","TOTAL","GE10","C18","D111","BG",2008,27988374
"EUR","TOTAL","GE10","C18","D1111","BG",2008,25360346
"EUR","TOTAL","GE10","C19","D01","BG",2008,NA
"EUR","TOTAL","GE10","C19","D111","BG",2008,NA
"EUR","TOTAL","GE10","C19","D1111","BG",2008,NA
"EUR","TOTAL","GE10","C20","D01","BG",2008,80216985
"EUR","TOTAL","GE10","C20","D111","BG",2008,62307630
"EUR","TOTAL","GE10","C20","D1111","BG",2008,54811906
"EUR","TOTAL","GE10","C21","D01","BG",2008,43888200
"EUR","TOTAL","GE10","C21","D111","BG",2008,34778910
"EUR","TOTAL","GE10","C21","D1111","BG",2008,30710845
"EUR","TOTAL","GE10","C22","D01","BG",2008,65655467
"EUR","TOTAL","GE10","C22","D111","BG",2008,53857565
"EUR","TOTAL","GE10","C22","D1111","BG",2008,49446277
"EUR","TOTAL","GE10","C23","D01","BG",2008,133290800
"EUR","TOTAL","GE10","C23","D111","BG",2008,107001140
"EUR","TOTAL","GE10","C23","D1111","BG",2008,96356015
"EUR","TOTAL","GE10","C24","D01","BG",2008,149380778
"EUR","TOTAL","GE10","C24","D111","BG",2008,115532802
"EUR","TOTAL","GE10","C24","D1111","BG",2008,100850930
"EUR","TOTAL","GE10","C25","D01","BG",2008,196730664
"EUR","TOTAL","GE10","C25","D111","BG",2008,159099783
"EUR","TOTAL","GE10","C25","D1111","BG",2008,144391337
"EUR","TOTAL","GE10","C26","D01","BG",2008,44940454
"EUR","TOTAL","GE10","C26","D111","BG",2008,37147152
"EUR","TOTAL","GE10","C26","D1111","BG",2008,32687140
"EUR","TOTAL","GE10","C27","D01","BG",2008,90092304
"EUR","TOTAL","GE10","C27","D111","BG",2008,73358853
"EUR","TOTAL","GE10","C27","D1111","BG",2008,65217177
"EUR","TOTAL","GE10","C28","D01","BG",2008,159834364
"EUR","TOTAL","GE10","C28","D111","BG",2008,130018435
"EUR","TOTAL","GE10","C28","D1111","BG",2008,114923061
"EUR","TOTAL","GE10","C29","D01","BG",2008,37216014
"EUR","TOTAL","GE10","C29","D111","BG",2008,30342910
"EUR","TOTAL","GE10","C29","D1111","BG",2008,27488857
"EUR","TOTAL","GE10","C30","D01","BG",2008,39756494
"EUR","TOTAL","GE10","C30","D111","BG",2008,31669592
"EUR","TOTAL","GE10","C30","D1111","BG",2008,28329698
"EUR","TOTAL","GE10","C31","D01","BG",2008,55847102
"EUR","TOTAL","GE10","C31","D111","BG",2008,45700388
"EUR","TOTAL","GE10","C31","D1111","BG",2008,42048646
"EUR","TOTAL","GE10","C32","D01","BG",2008,18527440
"EUR","TOTAL","GE10","C32","D111","BG",2008,15268951
"EUR","TOTAL","GE10","C32","D1111","BG",2008,13842013
"EUR","TOTAL","GE10","C33","D01","BG",2008,105085829
"EUR","TOTAL","GE10","C33","D111","BG",2008,84459929
"EUR","TOTAL","GE10","C33","D1111","BG",2008,75032887
"EUR","TOTAL","GE10","D","D01","BG",2008,351261630
"EUR","TOTAL","GE10","D","D111","BG",2008,269319174
"EUR","TOTAL","GE10","D","D1111","BG",2008,200465424
"EUR","TOTAL","GE10","D35","D01","BG",2008,351261630
"EUR","TOTAL","GE10","D35","D111","BG",2008,269319174
"EUR","TOTAL","GE10","D35","D1111","BG",2008,200465424
"EUR","TOTAL","GE10","E","D01","BG",2008,153130440
"EUR","TOTAL","GE10","E","D111","BG",2008,124838222
"EUR","TOTAL","GE10","E","D1111","BG",2008,104111865
"EUR","TOTAL","GE10","E36","D01","BG",2008,94141337
"EUR","TOTAL","GE10","E36","D111","BG",2008,76361349
"EUR","TOTAL","GE10","E36","D1111","BG",2008,59791028
"EUR","TOTAL","GE10","E37","D01","BG",2008,2130677
"EUR","TOTAL","GE10","E37","D111","BG",2008,1849624
"EUR","TOTAL","GE10","E37","D1111","BG",2008,1746224
"EUR","TOTAL","GE10","E38","D01","BG",2008,55209939
"EUR","TOTAL","GE10","E38","D111","BG",2008,45284353
"EUR","TOTAL","GE10","E38","D1111","BG",2008,41370736
"EUR","TOTAL","GE10","E39","D01","BG",2008,1648487
"EUR","TOTAL","GE10","E39","D111","BG",2008,1342897
"EUR","TOTAL","GE10","E39","D1111","BG",2008,1203877
"EUR","TOTAL","GE10","F","D01","BG",2008,746603259
"EUR","TOTAL","GE10","F","D111","BG",2008,611799131
"EUR","TOTAL","GE10","F","D1111","BG",2008,570317047
"EUR","TOTAL","GE10","F41","D01","BG",2008,389615129
"EUR","TOTAL","GE10","F41","D111","BG",2008,321098870
"EUR","TOTAL","GE10","F41","D1111","BG",2008,300327446
"EUR","TOTAL","GE10","F42","D01","BG",2008,194390794
"EUR","TOTAL","GE10","F42","D111","BG",2008,156338884
"EUR","TOTAL","GE10","F42","D1111","BG",2008,143905020
"EUR","TOTAL","GE10","F43","D01","BG",2008,162597336
"EUR","TOTAL","GE10","F43","D111","BG",2008,134361377
"EUR","TOTAL","GE10","F43","D1111","BG",2008,126084581
"EUR","TOTAL","GE10","G","D01","BG",2008,950845698
"EUR","TOTAL","GE10","G","D111","BG",2008,795205788
"EUR","TOTAL","GE10","G","D1111","BG",2008,740358894
"EUR","TOTAL","GE10","G-J","D01","BG",2008,2294837049
"EUR","TOTAL","GE10","G-J","D111","BG",2008,1905790002
"EUR","TOTAL","GE10","G-J","D1111","BG",2008,1709498216
"EUR","TOTAL","GE10","G-N","D01","BG",2008,3320158136
"EUR","TOTAL","GE10","G-N","D111","BG",2008,2772349698
"EUR","TOTAL","GE10","G-N","D1111","BG",2008,2500547937
"EUR","TOTAL","GE10","G-S_X_O","D01","BG",2008,4712959221
"EUR","TOTAL","GE10","G-S_X_O","D111","BG",2008,3902082700
"EUR","TOTAL","GE10","G-S_X_O","D1111","BG",2008,3478049818
"EUR","TOTAL","GE10","G45","D01","BG",2008,110873463
"EUR","TOTAL","GE10","G45","D111","BG",2008,93396442
"EUR","TOTAL","GE10","G45","D1111","BG",2008,86601802
"EUR","TOTAL","GE10","G46","D01","BG",2008,512628297
"EUR","TOTAL","GE10","G46","D111","BG",2008,432485885
"EUR","TOTAL","GE10","G46","D1111","BG",2008,402584438
"EUR","TOTAL","GE10","G47","D01","BG",2008,327343939
"EUR","TOTAL","GE10","G47","D111","BG",2008,269323461
"EUR","TOTAL","GE10","G47","D1111","BG",2008,251172654
"EUR","TOTAL","GE10","H","D01","BG",2008,672016440
"EUR","TOTAL","GE10","H","D111","BG",2008,547037802
"EUR","TOTAL","GE10","H","D1111","BG",2008,449877546
"EUR","TOTAL","GE10","H49","D01","BG",2008,277348437
"EUR","TOTAL","GE10","H49","D111","BG",2008,218774810
"EUR","TOTAL","GE10","H49","D1111","BG",2008,186271740
"EUR","TOTAL","GE10","H50","D01","BG",2008,44530402
"EUR","TOTAL","GE10","H50","D111","BG",2008,33290320
"EUR","TOTAL","GE10","H50","D1111","BG",2008,27278433
"EUR","TOTAL","GE10","H51","D01","BG",2008,34195099
"EUR","TOTAL","GE10","H51","D111","BG",2008,28031784
"EUR","TOTAL","GE10","H51","D1111","BG",2008,25006720
"EUR","TOTAL","GE10","H52","D01","BG",2008,239357530
"EUR","TOTAL","GE10","H52","D111","BG",2008,204169273
"EUR","TOTAL","GE10","H52","D1111","BG",2008,162158575
"EUR","TOTAL","GE10","H53","D01","BG",2008,76584972
"EUR","TOTAL","GE10","H53","D111","BG",2008,62771614
"EUR","TOTAL","GE10","H53","D1111","BG",2008,49162078
"EUR","TOTAL","GE10","I","D01","BG",2008,206135516
"EUR","TOTAL","GE10","I","D111","BG",2008,169218628
"EUR","TOTAL","GE10","I","D1111","BG",2008,158350178
"EUR","TOTAL","GE10","I55","D01","BG",2008,105672499
"EUR","TOTAL","GE10","I55","D111","BG",2008,86460499
"EUR","TOTAL","GE10","I55","D1111","BG",2008,80191182
"EUR","TOTAL","GE10","I56","D01","BG",2008,100463017
"EUR","TOTAL","GE10","I56","D111","BG",2008,82758129
"EUR","TOTAL","GE10","I56","D1111","BG",2008,78158996
"EUR","TOTAL","GE10","J","D01","BG",2008,465839395
"EUR","TOTAL","GE10","J","D111","BG",2008,394327784
"EUR","TOTAL","GE10","J","D1111","BG",2008,360911597
"EUR","TOTAL","GE10","J58","D01","BG",2008,31055519
"EUR","TOTAL","GE10","J58","D111","BG",2008,26294023
"EUR","TOTAL","GE10","J58","D1111","BG",2008,24454445
"EUR","TOTAL","GE10","J59","D01","BG",2008,6761153
"EUR","TOTAL","GE10","J59","D111","BG",2008,5625263
"EUR","TOTAL","GE10","J59","D1111","BG",2008,5253228
"EUR","TOTAL","GE10","J60","D01","BG",2008,47319099
"EUR","TOTAL","GE10","J60","D111","BG",2008,39415469
"EUR","TOTAL","GE10","J60","D1111","BG",2008,36280710
"EUR","TOTAL","GE10","J61","D01","BG",2008,170353682
"EUR","TOTAL","GE10","J61","D111","BG",2008,142936276
"EUR","TOTAL","GE10","J61","D1111","BG",2008,130811420
"EUR","TOTAL","GE10","J62","D01","BG",2008,183815831
"EUR","TOTAL","GE10","J62","D111","BG",2008,157434783
"EUR","TOTAL","GE10","J62","D1111","BG",2008,143492390
"EUR","TOTAL","GE10","J63","D01","BG",2008,26534110
"EUR","TOTAL","GE10","J63","D111","BG",2008,22621970
"EUR","TOTAL","GE10","J63","D1111","BG",2008,20619404
"EUR","TOTAL","GE10","K","D01","BG",2008,447138850
"EUR","TOTAL","GE10","K","D111","BG",2008,376602936
"EUR","TOTAL","GE10","K","D1111","BG",2008,341460293
"EUR","TOTAL","GE10","K-N","D01","BG",2008,1025321088
"EUR","TOTAL","GE10","K-N","D111","BG",2008,866559696
"EUR","TOTAL","GE10","K-N","D1111","BG",2008,791049722
"EUR","TOTAL","GE10","K64","D01","BG",2008,373065165
"EUR","TOTAL","GE10","K64","D111","BG",2008,313919928
"EUR","TOTAL","GE10","K64","D1111","BG",2008,283124834
"EUR","TOTAL","GE10","K65","D01","BG",2008,54973889
"EUR","TOTAL","GE10","K65","D111","BG",2008,46671311
"EUR","TOTAL","GE10","K65","D1111","BG",2008,43488312
"EUR","TOTAL","GE10","K66","D01","BG",2008,19099796
"EUR","TOTAL","GE10","K66","D111","BG",2008,16011696
"EUR","TOTAL","GE10","K66","D1111","BG",2008,14847147
"EUR","TOTAL","GE10","L","D01","BG",2008,61215843
"EUR","TOTAL","GE10","L","D111","BG",2008,51258615
"EUR","TOTAL","GE10","L","D1111","BG",2008,46766757
"EUR","TOTAL","GE10","L68","D01","BG",2008,61215843
"EUR","TOTAL","GE10","L68","D111","BG",2008,51258615
"EUR","TOTAL","GE10","L68","D1111","BG",2008,46766757
"EUR","TOTAL","GE10","M","D01","BG",2008,288095960
"EUR","TOTAL","GE10","M","D111","BG",2008,243762661
"EUR","TOTAL","GE10","M","D1111","BG",2008,220797253
"EUR","TOTAL","GE10","M69","D01","BG",2008,38818946
"EUR","TOTAL","GE10","M69","D111","BG",2008,33325242
"EUR","TOTAL","GE10","M69","D1111","BG",2008,30789962
"EUR","TOTAL","GE10","M70","D01","BG",2008,46095238
"EUR","TOTAL","GE10","M70","D111","BG",2008,39458992
"EUR","TOTAL","GE10","M70","D1111","BG",2008,35254015
"EUR","TOTAL","GE10","M71","D01","BG",2008,70792712
"EUR","TOTAL","GE10","M71","D111","BG",2008,59416572
"EUR","TOTAL","GE10","M71","D1111","BG",2008,53355938
"EUR","TOTAL","GE10","M72","D01","BG",2008,60097631
"EUR","TOTAL","GE10","M72","D111","BG",2008,49302204
"EUR","TOTAL","GE10","M72","D1111","BG",2008,43170605
"EUR","TOTAL","GE10","M73","D01","BG",2008,37713220
"EUR","TOTAL","GE10","M73","D111","BG",2008,32163368
"EUR","TOTAL","GE10","M73","D1111","BG",2008,29818021
"EUR","TOTAL","GE10","M74","D01","BG",2008,34578212
"EUR","TOTAL","GE10","M74","D111","BG",2008,30096283
"EUR","TOTAL","GE10","M74","D1111","BG",2008,28408712
"EUR","TOTAL","GE10","M75","D01","BG",2008,NA
"EUR","TOTAL","GE10","M75","D111","BG",2008,NA
"EUR","TOTAL","GE10","M75","D1111","BG",2008,NA
"EUR","TOTAL","GE10","N","D01","BG",2008,228870435
"EUR","TOTAL","GE10","N","D111","BG",2008,194935484
"EUR","TOTAL","GE10","N","D1111","BG",2008,182025418
"EUR","TOTAL","GE10","N77","D01","BG",2008,7824061
"EUR","TOTAL","GE10","N77","D111","BG",2008,6592387
"EUR","TOTAL","GE10","N77","D1111","BG",2008,6072642
"EUR","TOTAL","GE10","N78","D01","BG",2008,18977223
"EUR","TOTAL","GE10","N78","D111","BG",2008,15621933
"EUR","TOTAL","GE10","N78","D1111","BG",2008,14446979
"EUR","TOTAL","GE10","N79","D01","BG",2008,11530258
"EUR","TOTAL","GE10","N79","D111","BG",2008,9690487
"EUR","TOTAL","GE10","N79","D1111","BG",2008,9173999
"EUR","TOTAL","GE10","N80","D01","BG",2008,112382731
"EUR","TOTAL","GE10","N80","D111","BG",2008,92404150
"EUR","TOTAL","GE10","N80","D1111","BG",2008,86902642
"EUR","TOTAL","GE10","N81","D01","BG",2008,54110707
"EUR","TOTAL","GE10","N81","D111","BG",2008,50787528
"EUR","TOTAL","GE10","N81","D1111","BG",2008,46946128
"EUR","TOTAL","GE10","N82","D01","BG",2008,24045455
"EUR","TOTAL","GE10","N82","D111","BG",2008,19838999
"EUR","TOTAL","GE10","N82","D1111","BG",2008,18483027
"EUR","TOTAL","GE10","O","D01","BG",2008,751977884
"EUR","TOTAL","GE10","O","D111","BG",2008,592907361
"EUR","TOTAL","GE10","O","D1111","BG",2008,533983561
"EUR","TOTAL","GE10","O-S","D01","BG",2008,2144778968
"EUR","TOTAL","GE10","O-S","D111","BG",2008,1722640363
"EUR","TOTAL","GE10","O-S","D1111","BG",2008,1511485442
"EUR","TOTAL","GE10","O84","D01","BG",2008,751977884
"EUR","TOTAL","GE10","O84","D111","BG",2008,592907361
"EUR","TOTAL","GE10","O84","D1111","BG",2008,533983561
"EUR","TOTAL","GE10","P","D01","BG",2008,743701658
"EUR","TOTAL","GE10","P","D111","BG",2008,594494829
"EUR","TOTAL","GE10","P","D1111","BG",2008,496809909
"EUR","TOTAL","GE10","P-S","D01","BG",2008,1392801084
"EUR","TOTAL","GE10","P-S","D111","BG",2008,1129733002
"EUR","TOTAL","GE10","P-S","D1111","BG",2008,977501881
"EUR","TOTAL","GE10","P85","D01","BG",2008,743701658
"EUR","TOTAL","GE10","P85","D111","BG",2008,594494829
"EUR","TOTAL","GE10","P85","D1111","BG",2008,496809909
"EUR","TOTAL","GE10","Q","D01","BG",2008,510305185
"EUR","TOTAL","GE10","Q","D111","BG",2008,419058006
"EUR","TOTAL","GE10","Q","D1111","BG",2008,375117862
"EUR","TOTAL","GE10","Q86","D01","BG",2008,434710413
"EUR","TOTAL","GE10","Q86","D111","BG",2008,357115047
"EUR","TOTAL","GE10","Q86","D1111","BG",2008,320533512
"EUR","TOTAL","GE10","Q87","D01","BG",2008,39014497
"EUR","TOTAL","GE10","Q87","D111","BG",2008,31988601
"EUR","TOTAL","GE10","Q87","D1111","BG",2008,28112915
"EUR","TOTAL","GE10","Q88","D01","BG",2008,36580275
"EUR","TOTAL","GE10","Q88","D111","BG",2008,29954358
"EUR","TOTAL","GE10","Q88","D1111","BG",2008,26471435
"EUR","TOTAL","GE10","R","D01","BG",2008,96309029
"EUR","TOTAL","GE10","R","D111","BG",2008,79942494
"EUR","TOTAL","GE10","R","D1111","BG",2008,72514439
"EUR","TOTAL","GE10","R90","D01","BG",2008,26756607
"EUR","TOTAL","GE10","R90","D111","BG",2008,21688776
"EUR","TOTAL","GE10","R90","D1111","BG",2008,18913852
"EUR","TOTAL","GE10","R91","D01","BG",2008,13885953
"EUR","TOTAL","GE10","R91","D111","BG",2008,11333538
"EUR","TOTAL","GE10","R91","D1111","BG",2008,9936485
"EUR","TOTAL","GE10","R92","D01","BG",2008,30224177
"EUR","TOTAL","GE10","R92","D111","BG",2008,24976950
"EUR","TOTAL","GE10","R92","D1111","BG",2008,23138100
"EUR","TOTAL","GE10","R93","D01","BG",2008,25442293
"EUR","TOTAL","GE10","R93","D111","BG",2008,21943229
"EUR","TOTAL","GE10","R93","D1111","BG",2008,20526002
"EUR","TOTAL","GE10","S","D01","BG",2008,42485213
"EUR","TOTAL","GE10","S","D111","BG",2008,36237673
"EUR","TOTAL","GE10","S","D1111","BG",2008,33059671
"EUR","TOTAL","GE10","S94","D01","BG",2008,28668691
"EUR","TOTAL","GE10","S94","D111","BG",2008,24834435
"EUR","TOTAL","GE10","S94","D1111","BG",2008,22624028
"EUR","TOTAL","GE10","S95","D01","BG",2008,2459814
"EUR","TOTAL","GE10","S95","D111","BG",2008,2051554
"EUR","TOTAL","GE10","S95","D1111","BG",2008,1915985
"EUR","TOTAL","GE10","S96","D01","BG",2008,11356708
"EUR","TOTAL","GE10","S96","D111","BG",2008,9351684
"EUR","TOTAL","GE10","S96","D1111","BG",2008,8519658
"EUR","TOTAL","GE1000","B","D01","BG",2008,116424266
"EUR","TOTAL","GE1000","B","D111","BG",2008,83479656
"EUR","TOTAL","GE1000","B","D1111","BG",2008,68689822
"EUR","TOTAL","GE1000","B-E","D01","BG",2008,713148952
"EUR","TOTAL","GE1000","B-E","D111","BG",2008,550068391
"EUR","TOTAL","GE1000","B-E","D1111","BG",2008,455514199
"EUR","TOTAL","GE1000","B-F","D01","BG",2008,730438514
"EUR","TOTAL","GE1000","B-F","D111","BG",2008,564414778
"EUR","TOTAL","GE1000","B-F","D1111","BG",2008,468712792
"EUR","TOTAL","GE1000","B-N","D01","BG",2008,1218344009
"EUR","TOTAL","GE1000","B-N","D111","BG",2008,963491931
"EUR","TOTAL","GE1000","B-N","D1111","BG",2008,817896904
"EUR","TOTAL","GE1000","B-S","D01","BG",2008,1375843731
"EUR","TOTAL","GE1000","B-S","D111","BG",2008,1091166962
"EUR","TOTAL","GE1000","B-S","D1111","BG",2008,930934667
"EUR","TOTAL","GE1000","B-S_X_O","D01","BG",2008,1329052867
"EUR","TOTAL","GE1000","B-S_X_O","D111","BG",2008,1054069006
"EUR","TOTAL","GE1000","B-S_X_O","D1111","BG",2008,896903527
"EUR","TOTAL","GE1000","B05","D01","BG",2008,NA
"EUR","TOTAL","GE1000","B05","D111","BG",2008,NA
"EUR","TOTAL","GE1000","B05","D1111","BG",2008,NA
"EUR","TOTAL","GE1000","B06","D01","BG",2008,NA
"EUR","TOTAL","GE1000","B06","D111","BG",2008,NA
"EUR","TOTAL","GE1000","B06","D1111","BG",2008,NA
"EUR","TOTAL","GE1000","B07","D01","BG",2008,NA
"EUR","TOTAL","GE1000","B07","D111","BG",2008,NA
"EUR","TOTAL","GE1000","B07","D1111","BG",2008,NA
"EUR","TOTAL","GE1000","B08","D01","BG",2008,NA
"EUR","TOTAL","GE1000","B08","D111","BG",2008,NA
"EUR","TOTAL","GE1000","B08","D1111","BG",2008,NA
"EUR","TOTAL","GE1000","B09","D01","BG",2008,NA
"EUR","TOTAL","GE1000","B09","D111","BG",2008,NA
"EUR","TOTAL","GE1000","B09","D1111","BG",2008,NA
"EUR","TOTAL","GE1000","C","D01","BG",2008,406146883
"EUR","TOTAL","GE1000","C","D111","BG",2008,319292938
"EUR","TOTAL","GE1000","C","D1111","BG",2008,278615742
"EUR","TOTAL","GE1000","C10","D01","BG",2008,NA
"EUR","TOTAL","GE1000","C10","D111","BG",2008,NA
"EUR","TOTAL","GE1000","C10","D1111","BG",2008,NA
"EUR","TOTAL","GE1000","C11","D01","BG",2008,NA
"EUR","TOTAL","GE1000","C11","D111","BG",2008,NA
"EUR","TOTAL","GE1000","C11","D1111","BG",2008,NA
"EUR","TOTAL","GE1000","C12","D01","BG",2008,NA
"EUR","TOTAL","GE1000","C12","D111","BG",2008,NA
"EUR","TOTAL","GE1000","C12","D1111","BG",2008,NA
"EUR","TOTAL","GE1000","C13","D01","BG",2008,NA
"EUR","TOTAL","GE1000","C13","D111","BG",2008,NA
"EUR","TOTAL","GE1000","C13","D1111","BG",2008,NA
"EUR","TOTAL","GE1000","C14","D01","BG",2008,17733620
"EUR","TOTAL","GE1000","C14","D111","BG",2008,14413120
"EUR","TOTAL","GE1000","C14","D1111","BG",2008,13232314
"EUR","TOTAL","GE1000","C15","D01","BG",2008,NA
"EUR","TOTAL","GE1000","C15","D111","BG",2008,NA
"EUR","TOTAL","GE1000","C15","D1111","BG",2008,NA
"EUR","TOTAL","GE1000","C16","D01","BG",2008,NA
"EUR","TOTAL","GE1000","C16","D111","BG",2008,NA
"EUR","TOTAL","GE1000","C16","D1111","BG",2008,NA
"EUR","TOTAL","GE1000","C17","D01","BG",2008,NA
"EUR","TOTAL","GE1000","C17","D111","BG",2008,NA
"EUR","TOTAL","GE1000","C17","D1111","BG",2008,NA
"EUR","TOTAL","GE1000","C18","D01","BG",2008,NA
"EUR","TOTAL","GE1000","C18","D111","BG",2008,NA
"EUR","TOTAL","GE1000","C18","D1111","BG",2008,NA
"EUR","TOTAL","GE1000","C19","D01","BG",2008,NA
"EUR","TOTAL","GE1000","C19","D111","BG",2008,NA
"EUR","TOTAL","GE1000","C19","D1111","BG",2008,NA
"EUR","TOTAL","GE1000","C20","D01","BG",2008,NA
"EUR","TOTAL","GE1000","C20","D111","BG",2008,NA
"EUR","TOTAL","GE1000","C20","D1111","BG",2008,NA
"EUR","TOTAL","GE1000","C21","D01","BG",2008,NA
"EUR","TOTAL","GE1000","C21","D111","BG",2008,NA
"EUR","TOTAL","GE1000","C21","D1111","BG",2008,NA
"EUR","TOTAL","GE1000","C22","D01","BG",2008,NA
"EUR","TOTAL","GE1000","C22","D111","BG",2008,NA
"EUR","TOTAL","GE1000","C22","D1111","BG",2008,NA
"EUR","TOTAL","GE1000","C23","D01","BG",2008,NA
"EUR","TOTAL","GE1000","C23","D111","BG",2008,NA
"EUR","TOTAL","GE1000","C23","D1111","BG",2008,NA
"EUR","TOTAL","GE1000","C24","D01","BG",2008,78772007
"EUR","TOTAL","GE1000","C24","D111","BG",2008,59774151
"EUR","TOTAL","GE1000","C24","D1111","BG",2008,51495111
"EUR","TOTAL","GE1000","C25","D01","BG",2008,44979396
"EUR","TOTAL","GE1000","C25","D111","BG",2008,35138536
"EUR","TOTAL","GE1000","C25","D1111","BG",2008,32107485
"EUR","TOTAL","GE1000","C26","D01","BG",2008,NA
"EUR","TOTAL","GE1000","C26","D111","BG",2008,NA
"EUR","TOTAL","GE1000","C26","D1111","BG",2008,NA
"EUR","TOTAL","GE1000","C27","D01","BG",2008,NA
"EUR","TOTAL","GE1000","C27","D111","BG",2008,NA
"EUR","TOTAL","GE1000","C27","D1111","BG",2008,NA
"EUR","TOTAL","GE1000","C28","D01","BG",2008,36874515
"EUR","TOTAL","GE1000","C28","D111","BG",2008,29572816
"EUR","TOTAL","GE1000","C28","D1111","BG",2008,24589112
"EUR","TOTAL","GE1000","C29","D01","BG",2008,22949580
"EUR","TOTAL","GE1000","C29","D111","BG",2008,18688287
"EUR","TOTAL","GE1000","C29","D1111","BG",2008,17183891
"EUR","TOTAL","GE1000","C30","D01","BG",2008,NA
"EUR","TOTAL","GE1000","C30","D111","BG",2008,NA
"EUR","TOTAL","GE1000","C30","D1111","BG",2008,NA
"EUR","TOTAL","GE1000","C31","D01","BG",2008,NA
"EUR","TOTAL","GE1000","C31","D111","BG",2008,NA
"EUR","TOTAL","GE1000","C31","D1111","BG",2008,NA
"EUR","TOTAL","GE1000","C32","D01","BG",2008,NA
"EUR","TOTAL","GE1000","C32","D111","BG",2008,NA
"EUR","TOTAL","GE1000","C32","D1111","BG",2008,NA
"EUR","TOTAL","GE1000","C33","D01","BG",2008,NA
"EUR","TOTAL","GE1000","C33","D111","BG",2008,NA
"EUR","TOTAL","GE1000","C33","D1111","BG",2008,NA
"EUR","TOTAL","GE1000","D","D01","BG",2008,175936012
"EUR","TOTAL","GE1000","D","D111","BG",2008,135273684
"EUR","TOTAL","GE1000","D","D1111","BG",2008,97946170
"EUR","TOTAL","GE1000","D35","D01","BG",2008,175936012
"EUR","TOTAL","GE1000","D35","D111","BG",2008,135273684
"EUR","TOTAL","GE1000","D35","D1111","BG",2008,97946170
"EUR","TOTAL","GE1000","E","D01","BG",2008,NA
"EUR","TOTAL","GE1000","E","D111","BG",2008,NA
"EUR","TOTAL","GE1000","E","D1111","BG",2008,NA
"EUR","TOTAL","GE1000","E36","D01","BG",2008,NA
"EUR","TOTAL","GE1000","E36","D111","BG",2008,NA
"EUR","TOTAL","GE1000","E36","D1111","BG",2008,NA
"EUR","TOTAL","GE1000","E37","D01","BG",2008,NA
"EUR","TOTAL","GE1000","E37","D111","BG",2008,NA
"EUR","TOTAL","GE1000","E37","D1111","BG",2008,NA
"EUR","TOTAL","GE1000","E38","D01","BG",2008,NA
"EUR","TOTAL","GE1000","E38","D111","BG",2008,NA
"EUR","TOTAL","GE1000","E38","D1111","BG",2008,NA
"EUR","TOTAL","GE1000","E39","D01","BG",2008,NA
"EUR","TOTAL","GE1000","E39","D111","BG",2008,NA
"EUR","TOTAL","GE1000","E39","D1111","BG",2008,NA
"EUR","TOTAL","GE1000","F","D01","BG",2008,17289562
"EUR","TOTAL","GE1000","F","D111","BG",2008,14346387
"EUR","TOTAL","GE1000","F","D1111","BG",2008,13198593
"EUR","TOTAL","GE1000","F41","D01","BG",2008,17289562
"EUR","TOTAL","GE1000","F41","D111","BG",2008,14346387
"EUR","TOTAL","GE1000","F41","D1111","BG",2008,13198593
"EUR","TOTAL","GE1000","F42","D01","BG",2008,NA
"EUR","TOTAL","GE1000","F42","D111","BG",2008,NA
"EUR","TOTAL","GE1000","F42","D1111","BG",2008,NA
"EUR","TOTAL","GE1000","F43","D01","BG",2008,NA
"EUR","TOTAL","GE1000","F43","D111","BG",2008,NA
"EUR","TOTAL","GE1000","F43","D1111","BG",2008,NA
"EUR","TOTAL","GE1000","G","D01","BG",2008,85157406
"EUR","TOTAL","GE1000","G","D111","BG",2008,69628014
"EUR","TOTAL","GE1000","G","D1111","BG",2008,63564206
"EUR","TOTAL","GE1000","G-J","D01","BG",2008,372580367
"EUR","TOTAL","GE1000","G-J","D111","BG",2008,303871076
"EUR","TOTAL","GE1000","G-J","D1111","BG",2008,259510624
"EUR","TOTAL","GE1000","G-N","D01","BG",2008,487905495
"EUR","TOTAL","GE1000","G-N","D111","BG",2008,399077153
"EUR","TOTAL","GE1000","G-N","D1111","BG",2008,349184112
"EUR","TOTAL","GE1000","G-S_X_O","D01","BG",2008,598614353
"EUR","TOTAL","GE1000","G-S_X_O","D111","BG",2008,489654227
"EUR","TOTAL","GE1000","G-S_X_O","D1111","BG",2008,428190736
"EUR","TOTAL","GE1000","G45","D01","BG",2008,NA
"EUR","TOTAL","GE1000","G45","D111","BG",2008,NA
"EUR","TOTAL","GE1000","G45","D1111","BG",2008,NA
"EUR","TOTAL","GE1000","G46","D01","BG",2008,43354026
"EUR","TOTAL","GE1000","G46","D111","BG",2008,36249124
"EUR","TOTAL","GE1000","G46","D1111","BG",2008,32852307
"EUR","TOTAL","GE1000","G47","D01","BG",2008,41803380
"EUR","TOTAL","GE1000","G47","D111","BG",2008,33378890
"EUR","TOTAL","GE1000","G47","D1111","BG",2008,30711898
"EUR","TOTAL","GE1000","H","D01","BG",2008,153776548
"EUR","TOTAL","GE1000","H","D111","BG",2008,121380771
"EUR","TOTAL","GE1000","H","D1111","BG",2008,92989502
"EUR","TOTAL","GE1000","H49","D01","BG",2008,66869342
"EUR","TOTAL","GE1000","H49","D111","BG",2008,51217269
"EUR","TOTAL","GE1000","H49","D1111","BG",2008,41005290
"EUR","TOTAL","GE1000","H50","D01","BG",2008,NA
"EUR","TOTAL","GE1000","H50","D111","BG",2008,NA
"EUR","TOTAL","GE1000","H50","D1111","BG",2008,NA
"EUR","TOTAL","GE1000","H51","D01","BG",2008,NA
"EUR","TOTAL","GE1000","H51","D111","BG",2008,NA
"EUR","TOTAL","GE1000","H51","D1111","BG",2008,NA
"EUR","TOTAL","GE1000","H52","D01","BG",2008,39576906
"EUR","TOTAL","GE1000","H52","D111","BG",2008,33790998
"EUR","TOTAL","GE1000","H52","D1111","BG",2008,22976106
"EUR","TOTAL","GE1000","H53","D01","BG",2008,NA
"EUR","TOTAL","GE1000","H53","D111","BG",2008,NA
"EUR","TOTAL","GE1000","H53","D1111","BG",2008,NA
"EUR","TOTAL","GE1000","I","D01","BG",2008,NA
"EUR","TOTAL","GE1000","I","D111","BG",2008,NA
"EUR","TOTAL","GE1000","I","D1111","BG",2008,NA
"EUR","TOTAL","GE1000","I55","D01","BG",2008,NA
"EUR","TOTAL","GE1000","I55","D111","BG",2008,NA
"EUR","TOTAL","GE1000","I55","D1111","BG",2008,NA
"EUR","TOTAL","GE1000","I56","D01","BG",2008,NA
"EUR","TOTAL","GE1000","I56","D111","BG",2008,NA
"EUR","TOTAL","GE1000","I56","D1111","BG",2008,NA
"EUR","TOTAL","GE1000","J","D01","BG",2008,120384216
"EUR","TOTAL","GE1000","J","D111","BG",2008,101915417
"EUR","TOTAL","GE1000","J","D1111","BG",2008,92483856
"EUR","TOTAL","GE1000","J58","D01","BG",2008,NA
"EUR","TOTAL","GE1000","J58","D111","BG",2008,NA
"EUR","TOTAL","GE1000","J58","D1111","BG",2008,NA
"EUR","TOTAL","GE1000","J59","D01","BG",2008,NA
"EUR","TOTAL","GE1000","J59","D111","BG",2008,NA
"EUR","TOTAL","GE1000","J59","D1111","BG",2008,NA
"EUR","TOTAL","GE1000","J60","D01","BG",2008,NA
"EUR","TOTAL","GE1000","J60","D111","BG",2008,NA
"EUR","TOTAL","GE1000","J60","D1111","BG",2008,NA
"EUR","TOTAL","GE1000","J61","D01","BG",2008,NA
"EUR","TOTAL","GE1000","J61","D111","BG",2008,NA
"EUR","TOTAL","GE1000","J61","D1111","BG",2008,NA
"EUR","TOTAL","GE1000","J62","D01","BG",2008,NA
"EUR","TOTAL","GE1000","J62","D111","BG",2008,NA
"EUR","TOTAL","GE1000","J62","D1111","BG",2008,NA
"EUR","TOTAL","GE1000","J63","D01","BG",2008,NA
"EUR","TOTAL","GE1000","J63","D111","BG",2008,NA
"EUR","TOTAL","GE1000","J63","D1111","BG",2008,NA
"EUR","TOTAL","GE1000","K","D01","BG",2008,81488167
"EUR","TOTAL","GE1000","K","D111","BG",2008,67697751
"EUR","TOTAL","GE1000","K","D1111","BG",2008,63905152
"EUR","TOTAL","GE1000","K-N","D01","BG",2008,115325128
"EUR","TOTAL","GE1000","K-N","D111","BG",2008,95206077
"EUR","TOTAL","GE1000","K-N","D1111","BG",2008,89673488
"EUR","TOTAL","GE1000","K64","D01","BG",2008,81488167
"EUR","TOTAL","GE1000","K64","D111","BG",2008,67697751
"EUR","TOTAL","GE1000","K64","D1111","BG",2008,63905152
"EUR","TOTAL","GE1000","K65","D01","BG",2008,NA
"EUR","TOTAL","GE1000","K65","D111","BG",2008,NA
"EUR","TOTAL","GE1000","K65","D1111","BG",2008,NA
"EUR","TOTAL","GE1000","K66","D01","BG",2008,NA
"EUR","TOTAL","GE1000","K66","D111","BG",2008,NA
"EUR","TOTAL","GE1000","K66","D1111","BG",2008,NA
"EUR","TOTAL","GE1000","L","D01","BG",2008,NA
"EUR","TOTAL","GE1000","L","D111","BG",2008,NA
"EUR","TOTAL","GE1000","L","D1111","BG",2008,NA
"EUR","TOTAL","GE1000","L68","D01","BG",2008,NA
"EUR","TOTAL","GE1000","L68","D111","BG",2008,NA
"EUR","TOTAL","GE1000","L68","D1111","BG",2008,NA
"EUR","TOTAL","GE1000","M","D01","BG",2008,NA
"EUR","TOTAL","GE1000","M","D111","BG",2008,NA
"EUR","TOTAL","GE1000","M","D1111","BG",2008,NA
"EUR","TOTAL","GE1000","M69","D01","BG",2008,NA
"EUR","TOTAL","GE1000","M69","D111","BG",2008,NA
"EUR","TOTAL","GE1000","M69","D1111","BG",2008,NA
"EUR","TOTAL","GE1000","M70","D01","BG",2008,NA
"EUR","TOTAL","GE1000","M70","D111","BG",2008,NA
"EUR","TOTAL","GE1000","M70","D1111","BG",2008,NA
"EUR","TOTAL","GE1000","M71","D01","BG",2008,NA
"EUR","TOTAL","GE1000","M71","D111","BG",2008,NA
"EUR","TOTAL","GE1000","M71","D1111","BG",2008,NA
"EUR","TOTAL","GE1000","M72","D01","BG",2008,NA
"EUR","TOTAL","GE1000","M72","D111","BG",2008,NA
"EUR","TOTAL","GE1000","M72","D1111","BG",2008,NA
"EUR","TOTAL","GE1000","M73","D01","BG",2008,NA
"EUR","TOTAL","GE1000","M73","D111","BG",2008,NA
"EUR","TOTAL","GE1000","M73","D1111","BG",2008,NA
"EUR","TOTAL","GE1000","M74","D01","BG",2008,NA
"EUR","TOTAL","GE1000","M74","D111","BG",2008,NA
"EUR","TOTAL","GE1000","M74","D1111","BG",2008,NA
"EUR","TOTAL","GE1000","M75","D01","BG",2008,NA
"EUR","TOTAL","GE1000","M75","D111","BG",2008,NA
"EUR","TOTAL","GE1000","M75","D1111","BG",2008,NA
"EUR","TOTAL","GE1000","N","D01","BG",2008,33836961
"EUR","TOTAL","GE1000","N","D111","BG",2008,27508326
"EUR","TOTAL","GE1000","N","D1111","BG",2008,25768336
"EUR","TOTAL","GE1000","N77","D01","BG",2008,NA
"EUR","TOTAL","GE1000","N77","D111","BG",2008,NA
"EUR","TOTAL","GE1000","N77","D1111","BG",2008,NA
"EUR","TOTAL","GE1000","N78","D01","BG",2008,NA
"EUR","TOTAL","GE1000","N78","D111","BG",2008,NA
"EUR","TOTAL","GE1000","N78","D1111","BG",2008,NA
"EUR","TOTAL","GE1000","N79","D01","BG",2008,NA
"EUR","TOTAL","GE1000","N79","D111","BG",2008,NA
"EUR","TOTAL","GE1000","N79","D1111","BG",2008,NA
"EUR","TOTAL","GE1000","N80","D01","BG",2008,33836961
"EUR","TOTAL","GE1000","N80","D111","BG",2008,27508326
"EUR","TOTAL","GE1000","N80","D1111","BG",2008,25768336
"EUR","TOTAL","GE1000","N81","D01","BG",2008,NA
"EUR","TOTAL","GE1000","N81","D111","BG",2008,NA
"EUR","TOTAL","GE1000","N81","D1111","BG",2008,NA
"EUR","TOTAL","GE1000","N82","D01","BG",2008,NA
"EUR","TOTAL","GE1000","N82","D111","BG",2008,NA
"EUR","TOTAL","GE1000","N82","D1111","BG",2008,NA
"EUR","TOTAL","GE1000","O","D01","BG",2008,46790864
"EUR","TOTAL","GE1000","O","D111","BG",2008,37097957
"EUR","TOTAL","GE1000","O","D1111","BG",2008,34031140
"EUR","TOTAL","GE1000","O-S","D01","BG",2008,157499722
"EUR","TOTAL","GE1000","O-S","D111","BG",2008,127675031
"EUR","TOTAL","GE1000","O-S","D1111","BG",2008,113037764
"EUR","TOTAL","GE1000","O84","D01","BG",2008,46790864
"EUR","TOTAL","GE1000","O84","D111","BG",2008,37097957
"EUR","TOTAL","GE1000","O84","D1111","BG",2008,34031140
"EUR","TOTAL","GE1000","P","D01","BG",2008,34652400
"EUR","TOTAL","GE1000","P","D111","BG",2008,28195370
"EUR","TOTAL","GE1000","P","D1111","BG",2008,24520618
"EUR","TOTAL","GE1000","P-S","D01","BG",2008,110708858
"EUR","TOTAL","GE1000","P-S","D111","BG",2008,90577074
"EUR","TOTAL","GE1000","P-S","D1111","BG",2008,79006624
"EUR","TOTAL","GE1000","P85","D01","BG",2008,34652400
"EUR","TOTAL","GE1000","P85","D111","BG",2008,28195370
"EUR","TOTAL","GE1000","P85","D1111","BG",2008,24520618
"EUR","TOTAL","GE1000","Q","D01","BG",2008,76056458
"EUR","TOTAL","GE1000","Q","D111","BG",2008,62381704
"EUR","TOTAL","GE1000","Q","D1111","BG",2008,54486006
"EUR","TOTAL","GE1000","Q86","D01","BG",2008,76056458
"EUR","TOTAL","GE1000","Q86","D111","BG",2008,62381704
"EUR","TOTAL","GE1000","Q86","D1111","BG",2008,54486006
"EUR","TOTAL","GE1000","Q87","D01","BG",2008,NA
"EUR","TOTAL","GE1000","Q87","D111","BG",2008,NA
"EUR","TOTAL","GE1000","Q87","D1111","BG",2008,NA
"EUR","TOTAL","GE1000","Q88","D01","BG",2008,NA
"EUR","TOTAL","GE1000","Q88","D111","BG",2008,NA
"EUR","TOTAL","GE1000","Q88","D1111","BG",2008,NA
"EUR","TOTAL","GE1000","R","D01","BG",2008,NA
"EUR","TOTAL","GE1000","R","D111","BG",2008,NA
"EUR","TOTAL","GE1000","R","D1111","BG",2008,NA
"EUR","TOTAL","GE1000","R90","D01","BG",2008,NA
"EUR","TOTAL","GE1000","R90","D111","BG",2008,NA
"EUR","TOTAL","GE1000","R90","D1111","BG",2008,NA
"EUR","TOTAL","GE1000","R91","D01","BG",2008,NA
"EUR","TOTAL","GE1000","R91","D111","BG",2008,NA
"EUR","TOTAL","GE1000","R91","D1111","BG",2008,NA
"EUR","TOTAL","GE1000","R92","D01","BG",2008,NA
"EUR","TOTAL","GE1000","R92","D111","BG",2008,NA
"EUR","TOTAL","GE1000","R92","D1111","BG",2008,NA
"EUR","TOTAL","GE1000","R93","D01","BG",2008,NA
"EUR","TOTAL","GE1000","R93","D111","BG",2008,NA
"EUR","TOTAL","GE1000","R93","D1111","BG",2008,NA
"EUR","TOTAL","GE1000","S","D01","BG",2008,NA
"EUR","TOTAL","GE1000","S","D111","BG",2008,NA
"EUR","TOTAL","GE1000","S","D1111","BG",2008,NA
"EUR","TOTAL","GE1000","S94","D01","BG",2008,NA
"EUR","TOTAL","GE1000","S94","D111","BG",2008,NA
"EUR","TOTAL","GE1000","S94","D1111","BG",2008,NA
"EUR","TOTAL","GE1000","S95","D01","BG",2008,NA
"EUR","TOTAL","GE1000","S95","D111","BG",2008,NA
"EUR","TOTAL","GE1000","S95","D1111","BG",2008,NA
"EUR","TOTAL","GE1000","S96","D01","BG",2008,NA
"EUR","TOTAL","GE1000","S96","D111","BG",2008,NA
"EUR","TOTAL","GE1000","S96","D1111","BG",2008,NA
"EUR","TOTAL","LT10","B","D01","BG",2008,1502777
"EUR","TOTAL","LT10","B","D111","BG",2008,1225464
"EUR","TOTAL","LT10","B","D1111","BG",2008,1163083
"EUR","TOTAL","LT10","B-E","D01","BG",2008,110879491
"EUR","TOTAL","LT10","B-E","D111","BG",2008,91271050
"EUR","TOTAL","LT10","B-E","D1111","BG",2008,86522801
"EUR","TOTAL","LT10","B-F","D01","BG",2008,198293505
"EUR","TOTAL","LT10","B-F","D111","BG",2008,163345383
"EUR","TOTAL","LT10","B-F","D1111","BG",2008,155127804
"EUR","TOTAL","LT10","B-N","D01","BG",2008,870013022
"EUR","TOTAL","LT10","B-N","D111","BG",2008,721834732
"EUR","TOTAL","LT10","B-N","D1111","BG",2008,686438725
"EUR","TOTAL","LT10","B-S","D01","BG",2008,976771630
"EUR","TOTAL","LT10","B-S","D111","BG",2008,811288509
"EUR","TOTAL","LT10","B-S","D1111","BG",2008,769634961
"EUR","TOTAL","LT10","B-S_X_O","D01","BG",2008,966266999
"EUR","TOTAL","LT10","B-S_X_O","D111","BG",2008,803102990
"EUR","TOTAL","LT10","B-S_X_O","D1111","BG",2008,762245428
"EUR","TOTAL","LT10","B05","D01","BG",2008,NA
"EUR","TOTAL","LT10","B05","D111","BG",2008,NA
"EUR","TOTAL","LT10","B05","D1111","BG",2008,NA
"EUR","TOTAL","LT10","B06","D01","BG",2008,NA
"EUR","TOTAL","LT10","B06","D111","BG",2008,NA
"EUR","TOTAL","LT10","B06","D1111","BG",2008,NA
"EUR","TOTAL","LT10","B07","D01","BG",2008,88245
"EUR","TOTAL","LT10","B07","D111","BG",2008,71404
"EUR","TOTAL","LT10","B07","D1111","BG",2008,68699
"EUR","TOTAL","LT10","B08","D01","BG",2008,1309374
"EUR","TOTAL","LT10","B08","D111","BG",2008,1068434
"EUR","TOTAL","LT10","B08","D1111","BG",2008,1011392
"EUR","TOTAL","LT10","B09","D01","BG",2008,63346
"EUR","TOTAL","LT10","B09","D111","BG",2008,52254
"EUR","TOTAL","LT10","B09","D1111","BG",2008,50687
"EUR","TOTAL","LT10","C","D01","BG",2008,101859650
"EUR","TOTAL","LT10","C","D111","BG",2008,83674801
"EUR","TOTAL","LT10","C","D1111","BG",2008,79586209
"EUR","TOTAL","LT10","C10","D01","BG",2008,16073656
"EUR","TOTAL","LT10","C10","D111","BG",2008,13205887
"EUR","TOTAL","LT10","C10","D1111","BG",2008,12706423
"EUR","TOTAL","LT10","C11","D01","BG",2008,1378124
"EUR","TOTAL","LT10","C11","D111","BG",2008,1129750
"EUR","TOTAL","LT10","C11","D1111","BG",2008,1085269
"EUR","TOTAL","LT10","C12","D01","BG",2008,175667
"EUR","TOTAL","LT10","C12","D111","BG",2008,80537
"EUR","TOTAL","LT10","C12","D1111","BG",2008,65984
"EUR","TOTAL","LT10","C13","D01","BG",2008,2353390
"EUR","TOTAL","LT10","C13","D111","BG",2008,1928608
"EUR","TOTAL","LT10","C13","D1111","BG",2008,1819089
"EUR","TOTAL","LT10","C14","D01","BG",2008,13653751
"EUR","TOTAL","LT10","C14","D111","BG",2008,11237935
"EUR","TOTAL","LT10","C14","D1111","BG",2008,10873671
"EUR","TOTAL","LT10","C15","D01","BG",2008,1160503
"EUR","TOTAL","LT10","C15","D111","BG",2008,954227
"EUR","TOTAL","LT10","C15","D1111","BG",2008,912930
"EUR","TOTAL","LT10","C16","D01","BG",2008,6033304
"EUR","TOTAL","LT10","C16","D111","BG",2008,4940953
"EUR","TOTAL","LT10","C16","D1111","BG",2008,4698742
"EUR","TOTAL","LT10","C17","D01","BG",2008,1912467
"EUR","TOTAL","LT10","C17","D111","BG",2008,1569662
"EUR","TOTAL","LT10","C17","D1111","BG",2008,1471872
"EUR","TOTAL","LT10","C18","D01","BG",2008,3210460
"EUR","TOTAL","LT10","C18","D111","BG",2008,2659971
"EUR","TOTAL","LT10","C18","D1111","BG",2008,2493140
"EUR","TOTAL","LT10","C19","D01","BG",2008,67213
"EUR","TOTAL","LT10","C19","D111","BG",2008,54891
"EUR","TOTAL","LT10","C19","D1111","BG",2008,50073
"EUR","TOTAL","LT10","C20","D01","BG",2008,1989856
"EUR","TOTAL","LT10","C20","D111","BG",2008,1625950
"EUR","TOTAL","LT10","C20","D1111","BG",2008,1527723
"EUR","TOTAL","LT10","C21","D01","BG",2008,206202
"EUR","TOTAL","LT10","C21","D111","BG",2008,169982
"EUR","TOTAL","LT10","C21","D1111","BG",2008,159373
"EUR","TOTAL","LT10","C22","D01","BG",2008,7226868
"EUR","TOTAL","LT10","C22","D111","BG",2008,5948144
"EUR","TOTAL","LT10","C22","D1111","BG",2008,5605919
"EUR","TOTAL","LT10","C23","D01","BG",2008,5606518
"EUR","TOTAL","LT10","C23","D111","BG",2008,4575118
"EUR","TOTAL","LT10","C23","D1111","BG",2008,4325196
"EUR","TOTAL","LT10","C24","D01","BG",2008,1099213
"EUR","TOTAL","LT10","C24","D111","BG",2008,895594
"EUR","TOTAL","LT10","C24","D1111","BG",2008,826918
"EUR","TOTAL","LT10","C25","D01","BG",2008,13655959
"EUR","TOTAL","LT10","C25","D111","BG",2008,11218187
"EUR","TOTAL","LT10","C25","D1111","BG",2008,10611831
"EUR","TOTAL","LT10","C26","D01","BG",2008,1522270
"EUR","TOTAL","LT10","C26","D111","BG",2008,1246515
"EUR","TOTAL","LT10","C26","D1111","BG",2008,1152350
"EUR","TOTAL","LT10","C27","D01","BG",2008,1808628
"EUR","TOTAL","LT10","C27","D111","BG",2008,1507721
"EUR","TOTAL","LT10","C27","D1111","BG",2008,1425351
"EUR","TOTAL","LT10","C28","D01","BG",2008,4463794
"EUR","TOTAL","LT10","C28","D111","BG",2008,3730199
"EUR","TOTAL","LT10","C28","D1111","BG",2008,3511611
"EUR","TOTAL","LT10","C29","D01","BG",2008,384217
"EUR","TOTAL","LT10","C29","D111","BG",2008,319642
"EUR","TOTAL","LT10","C29","D1111","BG",2008,302354
"EUR","TOTAL","LT10","C30","D01","BG",2008,341149
"EUR","TOTAL","LT10","C30","D111","BG",2008,281659
"EUR","TOTAL","LT10","C30","D1111","BG",2008,264620
"EUR","TOTAL","LT10","C31","D01","BG",2008,7148651
"EUR","TOTAL","LT10","C31","D111","BG",2008,5885099
"EUR","TOTAL","LT10","C31","D1111","BG",2008,5622060
"EUR","TOTAL","LT10","C32","D01","BG",2008,3398500
"EUR","TOTAL","LT10","C32","D111","BG",2008,2786510
"EUR","TOTAL","LT10","C32","D1111","BG",2008,2626030
"EUR","TOTAL","LT10","C33","D01","BG",2008,6989293
"EUR","TOTAL","LT10","C33","D111","BG",2008,5722058
"EUR","TOTAL","LT10","C33","D1111","BG",2008,5447681
"EUR","TOTAL","LT10","D","D01","BG",2008,5107153
"EUR","TOTAL","LT10","D","D111","BG",2008,4383039
"EUR","TOTAL","LT10","D","D1111","BG",2008,3939164
"EUR","TOTAL","LT10","D35","D01","BG",2008,5107153
"EUR","TOTAL","LT10","D35","D111","BG",2008,4383039
"EUR","TOTAL","LT10","D35","D1111","BG",2008,3939164
"EUR","TOTAL","LT10","E","D01","BG",2008,2409911
"EUR","TOTAL","LT10","E","D111","BG",2008,1987746
"EUR","TOTAL","LT10","E","D1111","BG",2008,1834346
"EUR","TOTAL","LT10","E36","D01","BG",2008,433242
"EUR","TOTAL","LT10","E36","D111","BG",2008,356868
"EUR","TOTAL","LT10","E36","D1111","BG",2008,291358
"EUR","TOTAL","LT10","E37","D01","BG",2008,202937
"EUR","TOTAL","LT10","E37","D111","BG",2008,168772
"EUR","TOTAL","LT10","E37","D1111","BG",2008,160360
"EUR","TOTAL","LT10","E38","D01","BG",2008,1716934
"EUR","TOTAL","LT10","E38","D111","BG",2008,1415595
"EUR","TOTAL","LT10","E38","D1111","BG",2008,1339229
"EUR","TOTAL","LT10","E39","D01","BG",2008,56799
"EUR","TOTAL","LT10","E39","D111","BG",2008,46512
"EUR","TOTAL","LT10","E39","D1111","BG",2008,43398
"EUR","TOTAL","LT10","F","D01","BG",2008,87414014
"EUR","TOTAL","LT10","F","D111","BG",2008,72074333
"EUR","TOTAL","LT10","F","D1111","BG",2008,68605003
"EUR","TOTAL","LT10","F41","D01","BG",2008,36055259
"EUR","TOTAL","LT10","F41","D111","BG",2008,29743308
"EUR","TOTAL","LT10","F41","D1111","BG",2008,28374935
"EUR","TOTAL","LT10","F42","D01","BG",2008,6573776
"EUR","TOTAL","LT10","F42","D111","BG",2008,5441718
"EUR","TOTAL","LT10","F42","D1111","BG",2008,5176429
"EUR","TOTAL","LT10","F43","D01","BG",2008,44784979
"EUR","TOTAL","LT10","F43","D111","BG",2008,36889307
"EUR","TOTAL","LT10","F43","D1111","BG",2008,35053639
"EUR","TOTAL","LT10","G","D01","BG",2008,333431862
"EUR","TOTAL","LT10","G","D111","BG",2008,276059806
"EUR","TOTAL","LT10","G","D1111","BG",2008,263441007
"EUR","TOTAL","LT10","G-J","D01","BG",2008,482825168
"EUR","TOTAL","LT10","G-J","D111","BG",2008,399770809
"EUR","TOTAL","LT10","G-J","D1111","BG",2008,381656680
"EUR","TOTAL","LT10","G-N","D01","BG",2008,671719517
"EUR","TOTAL","LT10","G-N","D111","BG",2008,558489349
"EUR","TOTAL","LT10","G-N","D1111","BG",2008,531310921
"EUR","TOTAL","LT10","G-S_X_O","D01","BG",2008,767973494
"EUR","TOTAL","LT10","G-S_X_O","D111","BG",2008,639757607
"EUR","TOTAL","LT10","G-S_X_O","D1111","BG",2008,607117624
"EUR","TOTAL","LT10","G45","D01","BG",2008,31696760
"EUR","TOTAL","LT10","G45","D111","BG",2008,26163887
"EUR","TOTAL","LT10","G45","D1111","BG",2008,24905799
"EUR","TOTAL","LT10","G46","D01","BG",2008,113535788
"EUR","TOTAL","LT10","G46","D111","BG",2008,94771392
"EUR","TOTAL","LT10","G46","D1111","BG",2008,89416754
"EUR","TOTAL","LT10","G47","D01","BG",2008,188199313
"EUR","TOTAL","LT10","G47","D111","BG",2008,155124527
"EUR","TOTAL","LT10","G47","D1111","BG",2008,149118454
"EUR","TOTAL","LT10","H","D01","BG",2008,51949470
"EUR","TOTAL","LT10","H","D111","BG",2008,42196746
"EUR","TOTAL","LT10","H","D1111","BG",2008,39864264
"EUR","TOTAL","LT10","H49","D01","BG",2008,39990578
"EUR","TOTAL","LT10","H49","D111","BG",2008,32089919
"EUR","TOTAL","LT10","H49","D1111","BG",2008,30597353
"EUR","TOTAL","LT10","H50","D01","BG",2008,181489
"EUR","TOTAL","LT10","H50","D111","BG",2008,146461
"EUR","TOTAL","LT10","H50","D1111","BG",2008,138899
"EUR","TOTAL","LT10","H51","D01","BG",2008,202925
"EUR","TOTAL","LT10","H51","D111","BG",2008,162261
"EUR","TOTAL","LT10","H51","D1111","BG",2008,151884
"EUR","TOTAL","LT10","H52","D01","BG",2008,10262966
"EUR","TOTAL","LT10","H52","D111","BG",2008,8716154
"EUR","TOTAL","LT10","H52","D1111","BG",2008,8086518
"EUR","TOTAL","LT10","H53","D01","BG",2008,1311512
"EUR","TOTAL","LT10","H53","D111","BG",2008,1081951
"EUR","TOTAL","LT10","H53","D1111","BG",2008,889610
"EUR","TOTAL","LT10","I","D01","BG",2008,60018525
"EUR","TOTAL","LT10","I","D111","BG",2008,49448842
"EUR","TOTAL","LT10","I","D1111","BG",2008,47993555
"EUR","TOTAL","LT10","I55","D01","BG",2008,7730937
"EUR","TOTAL","LT10","I55","D111","BG",2008,6358240
"EUR","TOTAL","LT10","I55","D1111","BG",2008,6077785
"EUR","TOTAL","LT10","I56","D01","BG",2008,52287588
"EUR","TOTAL","LT10","I56","D111","BG",2008,43090602
"EUR","TOTAL","LT10","I56","D1111","BG",2008,41915770
"EUR","TOTAL","LT10","J","D01","BG",2008,37425311
"EUR","TOTAL","LT10","J","D111","BG",2008,32065415
"EUR","TOTAL","LT10","J","D1111","BG",2008,30357854
"EUR","TOTAL","LT10","J58","D01","BG",2008,3938400
"EUR","TOTAL","LT10","J58","D111","BG",2008,3261831
"EUR","TOTAL","LT10","J58","D1111","BG",2008,3062102
"EUR","TOTAL","LT10","J59","D01","BG",2008,1677467
"EUR","TOTAL","LT10","J59","D111","BG",2008,1414636
"EUR","TOTAL","LT10","J59","D1111","BG",2008,1335333
"EUR","TOTAL","LT10","J60","D01","BG",2008,1480831
"EUR","TOTAL","LT10","J60","D111","BG",2008,1210808
"EUR","TOTAL","LT10","J60","D1111","BG",2008,1129184
"EUR","TOTAL","LT10","J61","D01","BG",2008,8411572
"EUR","TOTAL","LT10","J61","D111","BG",2008,7597421
"EUR","TOTAL","LT10","J61","D1111","BG",2008,7359414
"EUR","TOTAL","LT10","J62","D01","BG",2008,19401255
"EUR","TOTAL","LT10","J62","D111","BG",2008,16483974
"EUR","TOTAL","LT10","J62","D1111","BG",2008,15503577
"EUR","TOTAL","LT10","J63","D01","BG",2008,2515788
"EUR","TOTAL","LT10","J63","D111","BG",2008,2096745
"EUR","TOTAL","LT10","J63","D1111","BG",2008,1968243
"EUR","TOTAL","LT10","K","D01","BG",2008,24303997
"EUR","TOTAL","LT10","K","D111","BG",2008,20456935
"EUR","TOTAL","LT10","K","D1111","BG",2008,19157508
"EUR","TOTAL","LT10","K-N","D01","BG",2008,188894349
"EUR","TOTAL","LT10","K-N","D111","BG",2008,158718540
"EUR","TOTAL","LT10","K-N","D1111","BG",2008,149654241
"EUR","TOTAL","LT10","K64","D01","BG",2008,16002537
"EUR","TOTAL","LT10","K64","D111","BG",2008,13488601
"EUR","TOTAL","LT10","K64","D1111","BG",2008,12541635
"EUR","TOTAL","LT10","K65","D01","BG",2008,1596535
"EUR","TOTAL","LT10","K65","D111","BG",2008,1361803
"EUR","TOTAL","LT10","K65","D1111","BG",2008,1279969
"EUR","TOTAL","LT10","K66","D01","BG",2008,6704925
"EUR","TOTAL","LT10","K66","D111","BG",2008,5606530
"EUR","TOTAL","LT10","K66","D1111","BG",2008,5335904
"EUR","TOTAL","LT10","L","D01","BG",2008,42105910
"EUR","TOTAL","LT10","L","D111","BG",2008,35611898
"EUR","TOTAL","LT10","L","D1111","BG",2008,33696246
"EUR","TOTAL","LT10","L68","D01","BG",2008,42105910
"EUR","TOTAL","LT10","L68","D111","BG",2008,35611898
"EUR","TOTAL","LT10","L68","D1111","BG",2008,33696246
"EUR","TOTAL","LT10","M","D01","BG",2008,100858457
"EUR","TOTAL","LT10","M","D111","BG",2008,84588398
"EUR","TOTAL","LT10","M","D1111","BG",2008,79746775
"EUR","TOTAL","LT10","M69","D01","BG",2008,26778611
"EUR","TOTAL","LT10","M69","D111","BG",2008,22105767
"EUR","TOTAL","LT10","M69","D1111","BG",2008,20842125
"EUR","TOTAL","LT10","M70","D01","BG",2008,14960585
"EUR","TOTAL","LT10","M70","D111","BG",2008,12985898
"EUR","TOTAL","LT10","M70","D1111","BG",2008,12241866
"EUR","TOTAL","LT10","M71","D01","BG",2008,27833568
"EUR","TOTAL","LT10","M71","D111","BG",2008,23239334
"EUR","TOTAL","LT10","M71","D1111","BG",2008,21838273
"EUR","TOTAL","LT10","M72","D01","BG",2008,1401717
"EUR","TOTAL","LT10","M72","D111","BG",2008,1186615
"EUR","TOTAL","LT10","M72","D1111","BG",2008,1112136
"EUR","TOTAL","LT10","M73","D01","BG",2008,13390634
"EUR","TOTAL","LT10","M73","D111","BG",2008,11236987
"EUR","TOTAL","LT10","M73","D1111","BG",2008,10598436
"EUR","TOTAL","LT10","M74","D01","BG",2008,16064335
"EUR","TOTAL","LT10","M74","D111","BG",2008,13479362
"EUR","TOTAL","LT10","M74","D1111","BG",2008,12772585
"EUR","TOTAL","LT10","M75","D01","BG",2008,429007
"EUR","TOTAL","LT10","M75","D111","BG",2008,354433
"EUR","TOTAL","LT10","M75","D1111","BG",2008,341353
"EUR","TOTAL","LT10","N","D01","BG",2008,21625984
"EUR","TOTAL","LT10","N","D111","BG",2008,18061309
"EUR","TOTAL","LT10","N","D1111","BG",2008,17053713
"EUR","TOTAL","LT10","N77","D01","BG",2008,3649867
"EUR","TOTAL","LT10","N77","D111","BG",2008,3057581
"EUR","TOTAL","LT10","N77","D1111","BG",2008,2905085
"EUR","TOTAL","LT10","N78","D01","BG",2008,3001140
"EUR","TOTAL","LT10","N78","D111","BG",2008,2531832
"EUR","TOTAL","LT10","N78","D1111","BG",2008,2374043
"EUR","TOTAL","LT10","N79","D01","BG",2008,5228173
"EUR","TOTAL","LT10","N79","D111","BG",2008,4315551
"EUR","TOTAL","LT10","N79","D1111","BG",2008,4081274
"EUR","TOTAL","LT10","N80","D01","BG",2008,2758836
"EUR","TOTAL","LT10","N80","D111","BG",2008,2294821
"EUR","TOTAL","LT10","N80","D1111","BG",2008,2186943
"EUR","TOTAL","LT10","N81","D01","BG",2008,3067536
"EUR","TOTAL","LT10","N81","D111","BG",2008,2546695
"EUR","TOTAL","LT10","N81","D1111","BG",2008,2410915
"EUR","TOTAL","LT10","N82","D01","BG",2008,3920432
"EUR","TOTAL","LT10","N82","D111","BG",2008,3314829
"EUR","TOTAL","LT10","N82","D1111","BG",2008,3095453
"EUR","TOTAL","LT10","O","D01","BG",2008,10504631
"EUR","TOTAL","LT10","O","D111","BG",2008,8185519
"EUR","TOTAL","LT10","O","D1111","BG",2008,7389533
"EUR","TOTAL","LT10","O-S","D01","BG",2008,106758608
"EUR","TOTAL","LT10","O-S","D111","BG",2008,89453777
"EUR","TOTAL","LT10","O-S","D1111","BG",2008,83196235
"EUR","TOTAL","LT10","O84","D01","BG",2008,10504631
"EUR","TOTAL","LT10","O84","D111","BG",2008,8185519
"EUR","TOTAL","LT10","O84","D1111","BG",2008,7389533
"EUR","TOTAL","LT10","P","D01","BG",2008,21170879
"EUR","TOTAL","LT10","P","D111","BG",2008,16632882
"EUR","TOTAL","LT10","P","D1111","BG",2008,14536724
"EUR","TOTAL","LT10","P-S","D01","BG",2008,96253977
"EUR","TOTAL","LT10","P-S","D111","BG",2008,81268258
"EUR","TOTAL","LT10","P-S","D1111","BG",2008,75806703
"EUR","TOTAL","LT10","P85","D01","BG",2008,21170879
"EUR","TOTAL","LT10","P85","D111","BG",2008,16632882
"EUR","TOTAL","LT10","P85","D1111","BG",2008,14536724
"EUR","TOTAL","LT10","Q","D01","BG",2008,25673856
"EUR","TOTAL","LT10","Q","D111","BG",2008,21224072
"EUR","TOTAL","LT10","Q","D1111","BG",2008,20406112
"EUR","TOTAL","LT10","Q86","D01","BG",2008,23964052
"EUR","TOTAL","LT10","Q86","D111","BG",2008,19816622
"EUR","TOTAL","LT10","Q86","D1111","BG",2008,19125587
"EUR","TOTAL","LT10","Q87","D01","BG",2008,402126
"EUR","TOTAL","LT10","Q87","D111","BG",2008,342147
"EUR","TOTAL","LT10","Q87","D1111","BG",2008,316888
"EUR","TOTAL","LT10","Q88","D01","BG",2008,1307678
"EUR","TOTAL","LT10","Q88","D111","BG",2008,1065302
"EUR","TOTAL","LT10","Q88","D1111","BG",2008,963637
"EUR","TOTAL","LT10","R","D01","BG",2008,10400860
"EUR","TOTAL","LT10","R","D111","BG",2008,8582023
"EUR","TOTAL","LT10","R","D1111","BG",2008,8114602
"EUR","TOTAL","LT10","R90","D01","BG",2008,915992
"EUR","TOTAL","LT10","R90","D111","BG",2008,759466
"EUR","TOTAL","LT10","R90","D1111","BG",2008,719664
"EUR","TOTAL","LT10","R91","D01","BG",2008,800349
"EUR","TOTAL","LT10","R91","D111","BG",2008,655235
"EUR","TOTAL","LT10","R91","D1111","BG",2008,590029
"EUR","TOTAL","LT10","R92","D01","BG",2008,3499460
"EUR","TOTAL","LT10","R92","D111","BG",2008,2886341
"EUR","TOTAL","LT10","R92","D1111","BG",2008,2742011
"EUR","TOTAL","LT10","R93","D01","BG",2008,5185059
"EUR","TOTAL","LT10","R93","D111","BG",2008,4280981
"EUR","TOTAL","LT10","R93","D1111","BG",2008,4062898
"EUR","TOTAL","LT10","S","D01","BG",2008,39008382
"EUR","TOTAL","LT10","S","D111","BG",2008,34829282
"EUR","TOTAL","LT10","S","D1111","BG",2008,32749265
"EUR","TOTAL","LT10","S94","D01","BG",2008,22377131
"EUR","TOTAL","LT10","S94","D111","BG",2008,21101486
"EUR","TOTAL","LT10","S94","D1111","BG",2008,19591733
"EUR","TOTAL","LT10","S95","D01","BG",2008,3619911
"EUR","TOTAL","LT10","S95","D111","BG",2008,2989149
"EUR","TOTAL","LT10","S95","D1111","BG",2008,2867422
"EUR","TOTAL","LT10","S96","D01","BG",2008,13011340
"EUR","TOTAL","LT10","S96","D111","BG",2008,10738646
"EUR","TOTAL","LT10","S96","D1111","BG",2008,10290109
"EUR","TOTAL","TOTAL","B","D01","BG",2008,222874982
"EUR","TOTAL","TOTAL","B","D111","BG",2008,163594743
"EUR","TOTAL","TOTAL","B","D1111","BG",2008,138828493
"EUR","TOTAL","TOTAL","B-E","D01","BG",2008,2943886838
"EUR","TOTAL","TOTAL","B-E","D111","BG",2008,2347179490
"EUR","TOTAL","TOTAL","B-E","D1111","BG",2008,2054104229
"EUR","TOTAL","TOTAL","B-F","D01","BG",2008,3777904111
"EUR","TOTAL","TOTAL","B-F","D111","BG",2008,3031052954
"EUR","TOTAL","TOTAL","B-F","D1111","BG",2008,2693026279
"EUR","TOTAL","TOTAL","B-N","D01","BG",2008,7769781764
"EUR","TOTAL","TOTAL","B-N","D111","BG",2008,6361892000
"EUR","TOTAL","TOTAL","B-N","D1111","BG",2008,5724885138
"EUR","TOTAL","TOTAL","B-S","D01","BG",2008,10021319340
"EUR","TOTAL","TOTAL","B-S","D111","BG",2008,8173986141
"EUR","TOTAL","TOTAL","B-S","D1111","BG",2008,7319566815
"EUR","TOTAL","TOTAL","B-S_X_O","D01","BG",2008,9258836825
"EUR","TOTAL","TOTAL","B-S_X_O","D111","BG",2008,7572893260
"EUR","TOTAL","TOTAL","B-S_X_O","D1111","BG",2008,6778193721
"EUR","TOTAL","TOTAL","B05","D01","BG",2008,114436943
"EUR","TOTAL","TOTAL","B05","D111","BG",2008,80722375
"EUR","TOTAL","TOTAL","B05","D1111","BG",2008,65237008
"EUR","TOTAL","TOTAL","B06","D01","BG",2008,2545881
"EUR","TOTAL","TOTAL","B06","D111","BG",2008,2108931
"EUR","TOTAL","TOTAL","B06","D1111","BG",2008,1873068
"EUR","TOTAL","TOTAL","B07","D01","BG",2008,64008845
"EUR","TOTAL","TOTAL","B07","D111","BG",2008,48249478
"EUR","TOTAL","TOTAL","B07","D1111","BG",2008,42397852
"EUR","TOTAL","TOTAL","B08","D01","BG",2008,41197390
"EUR","TOTAL","TOTAL","B08","D111","BG",2008,31936988
"EUR","TOTAL","TOTAL","B08","D1111","BG",2008,28759281
"EUR","TOTAL","TOTAL","B09","D01","BG",2008,685922
"EUR","TOTAL","TOTAL","B09","D111","BG",2008,576971
"EUR","TOTAL","TOTAL","B09","D1111","BG",2008,561284
"EUR","TOTAL","TOTAL","C","D01","BG",2008,2209102723
"EUR","TOTAL","TOTAL","C","D111","BG",2008,1783056566
"EUR","TOTAL","TOTAL","C","D1111","BG",2008,1604924938
"EUR","TOTAL","TOTAL","C10","D01","BG",2008,247975066
"EUR","TOTAL","TOTAL","C10","D111","BG",2008,203885621
"EUR","TOTAL","TOTAL","C10","D1111","BG",2008,188876629
"EUR","TOTAL","TOTAL","C11","D01","BG",2008,80558408
"EUR","TOTAL","TOTAL","C11","D111","BG",2008,67193268
"EUR","TOTAL","TOTAL","C11","D1111","BG",2008,59410070
"EUR","TOTAL","TOTAL","C12","D01","BG",2008,44831417
"EUR","TOTAL","TOTAL","C12","D111","BG",2008,33317233
"EUR","TOTAL","TOTAL","C12","D1111","BG",2008,28678611
"EUR","TOTAL","TOTAL","C13","D01","BG",2008,55097026
"EUR","TOTAL","TOTAL","C13","D111","BG",2008,44417092
"EUR","TOTAL","TOTAL","C13","D1111","BG",2008,40399261
"EUR","TOTAL","TOTAL","C14","D01","BG",2008,292435316
"EUR","TOTAL","TOTAL","C14","D111","BG",2008,239812342
"EUR","TOTAL","TOTAL","C14","D1111","BG",2008,218417821
"EUR","TOTAL","TOTAL","C15","D01","BG",2008,36837841
"EUR","TOTAL","TOTAL","C15","D111","BG",2008,30142329
"EUR","TOTAL","TOTAL","C15","D1111","BG",2008,27668819
"EUR","TOTAL","TOTAL","C16","D01","BG",2008,47209953
"EUR","TOTAL","TOTAL","C16","D111","BG",2008,38674640
"EUR","TOTAL","TOTAL","C16","D1111","BG",2008,35422101
"EUR","TOTAL","TOTAL","C17","D01","BG",2008,37544511
"EUR","TOTAL","TOTAL","C17","D111","BG",2008,30443766
"EUR","TOTAL","TOTAL","C17","D1111","BG",2008,27066437
"EUR","TOTAL","TOTAL","C18","D01","BG",2008,36941580
"EUR","TOTAL","TOTAL","C18","D111","BG",2008,30648345
"EUR","TOTAL","TOTAL","C18","D1111","BG",2008,27853486
"EUR","TOTAL","TOTAL","C19","D01","BG",2008,53367593
"EUR","TOTAL","TOTAL","C19","D111","BG",2008,38065512
"EUR","TOTAL","TOTAL","C19","D1111","BG",2008,31585898
"EUR","TOTAL","TOTAL","C20","D01","BG",2008,82206841
"EUR","TOTAL","TOTAL","C20","D111","BG",2008,63933580
"EUR","TOTAL","TOTAL","C20","D1111","BG",2008,56339629
"EUR","TOTAL","TOTAL","C21","D01","BG",2008,44094401
"EUR","TOTAL","TOTAL","C21","D111","BG",2008,34948892
"EUR","TOTAL","TOTAL","C21","D1111","BG",2008,30870218
"EUR","TOTAL","TOTAL","C22","D01","BG",2008,72882335
"EUR","TOTAL","TOTAL","C22","D111","BG",2008,59805709
"EUR","TOTAL","TOTAL","C22","D1111","BG",2008,55052196
"EUR","TOTAL","TOTAL","C23","D01","BG",2008,138897317
"EUR","TOTAL","TOTAL","C23","D111","BG",2008,111576258
"EUR","TOTAL","TOTAL","C23","D1111","BG",2008,100681211
"EUR","TOTAL","TOTAL","C24","D01","BG",2008,150479990
"EUR","TOTAL","TOTAL","C24","D111","BG",2008,116428397
"EUR","TOTAL","TOTAL","C24","D1111","BG",2008,101677847
"EUR","TOTAL","TOTAL","C25","D01","BG",2008,210386623
"EUR","TOTAL","TOTAL","C25","D111","BG",2008,170317970
"EUR","TOTAL","TOTAL","C25","D1111","BG",2008,155003168
"EUR","TOTAL","TOTAL","C26","D01","BG",2008,46462724
"EUR","TOTAL","TOTAL","C26","D111","BG",2008,38393667
"EUR","TOTAL","TOTAL","C26","D1111","BG",2008,33839490
"EUR","TOTAL","TOTAL","C27","D01","BG",2008,91900932
"EUR","TOTAL","TOTAL","C27","D111","BG",2008,74866574
"EUR","TOTAL","TOTAL","C27","D1111","BG",2008,66642527
"EUR","TOTAL","TOTAL","C28","D01","BG",2008,164298158
"EUR","TOTAL","TOTAL","C28","D111","BG",2008,133748634
"EUR","TOTAL","TOTAL","C28","D1111","BG",2008,118434672
"EUR","TOTAL","TOTAL","C29","D01","BG",2008,37600231
"EUR","TOTAL","TOTAL","C29","D111","BG",2008,30662552
"EUR","TOTAL","TOTAL","C29","D1111","BG",2008,27791211
"EUR","TOTAL","TOTAL","C30","D01","BG",2008,40097643
"EUR","TOTAL","TOTAL","C30","D111","BG",2008,31951252
"EUR","TOTAL","TOTAL","C30","D1111","BG",2008,28594318
"EUR","TOTAL","TOTAL","C31","D01","BG",2008,62995753
"EUR","TOTAL","TOTAL","C31","D111","BG",2008,51585487
"EUR","TOTAL","TOTAL","C31","D1111","BG",2008,47670706
"EUR","TOTAL","TOTAL","C32","D01","BG",2008,21925940
"EUR","TOTAL","TOTAL","C32","D111","BG",2008,18055461
"EUR","TOTAL","TOTAL","C32","D1111","BG",2008,16468043
"EUR","TOTAL","TOTAL","C33","D01","BG",2008,112075123
"EUR","TOTAL","TOTAL","C33","D111","BG",2008,90181987
"EUR","TOTAL","TOTAL","C33","D1111","BG",2008,80480568
"EUR","TOTAL","TOTAL","D","D01","BG",2008,356368783
"EUR","TOTAL","TOTAL","D","D111","BG",2008,273702213
"EUR","TOTAL","TOTAL","D","D1111","BG",2008,204404588
"EUR","TOTAL","TOTAL","D35","D01","BG",2008,356368783
"EUR","TOTAL","TOTAL","D35","D111","BG",2008,273702213
"EUR","TOTAL","TOTAL","D35","D1111","BG",2008,204404588
"EUR","TOTAL","TOTAL","E","D01","BG",2008,155540351
"EUR","TOTAL","TOTAL","E","D111","BG",2008,126825968
"EUR","TOTAL","TOTAL","E","D1111","BG",2008,105946210
"EUR","TOTAL","TOTAL","E36","D01","BG",2008,94574578
"EUR","TOTAL","TOTAL","E36","D111","BG",2008,76718217
"EUR","TOTAL","TOTAL","E36","D1111","BG",2008,60082385
"EUR","TOTAL","TOTAL","E37","D01","BG",2008,2333614
"EUR","TOTAL","TOTAL","E37","D111","BG",2008,2018396
"EUR","TOTAL","TOTAL","E37","D1111","BG",2008,1906584
"EUR","TOTAL","TOTAL","E38","D01","BG",2008,56926872
"EUR","TOTAL","TOTAL","E38","D111","BG",2008,46699947
"EUR","TOTAL","TOTAL","E38","D1111","BG",2008,42709966
"EUR","TOTAL","TOTAL","E39","D01","BG",2008,1705286
"EUR","TOTAL","TOTAL","E39","D111","BG",2008,1389408
"EUR","TOTAL","TOTAL","E39","D1111","BG",2008,1247275
"EUR","TOTAL","TOTAL","F","D01","BG",2008,834017273
"EUR","TOTAL","TOTAL","F","D111","BG",2008,683873464
"EUR","TOTAL","TOTAL","F","D1111","BG",2008,638922049
"EUR","TOTAL","TOTAL","F41","D01","BG",2008,425670388
"EUR","TOTAL","TOTAL","F41","D111","BG",2008,350842178
"EUR","TOTAL","TOTAL","F41","D1111","BG",2008,328702381
"EUR","TOTAL","TOTAL","F42","D01","BG",2008,200964570
"EUR","TOTAL","TOTAL","F42","D111","BG",2008,161780602
"EUR","TOTAL","TOTAL","F42","D1111","BG",2008,149081449
"EUR","TOTAL","TOTAL","F43","D01","BG",2008,207382315
"EUR","TOTAL","TOTAL","F43","D111","BG",2008,171250684
"EUR","TOTAL","TOTAL","F43","D1111","BG",2008,161138220
"EUR","TOTAL","TOTAL","G","D01","BG",2008,1284277561
"EUR","TOTAL","TOTAL","G","D111","BG",2008,1071265595
"EUR","TOTAL","TOTAL","G","D1111","BG",2008,1003799901
"EUR","TOTAL","TOTAL","G-J","D01","BG",2008,2777662217
"EUR","TOTAL","TOTAL","G-J","D111","BG",2008,2305560811
"EUR","TOTAL","TOTAL","G-J","D1111","BG",2008,2091154896
"EUR","TOTAL","TOTAL","G-N","D01","BG",2008,3991877653
"EUR","TOTAL","TOTAL","G-N","D111","BG",2008,3330839046
"EUR","TOTAL","TOTAL","G-N","D1111","BG",2008,3031858859
"EUR","TOTAL","TOTAL","G-S_X_O","D01","BG",2008,5480932714
"EUR","TOTAL","TOTAL","G-S_X_O","D111","BG",2008,4541840306
"EUR","TOTAL","TOTAL","G-S_X_O","D1111","BG",2008,4085167442
"EUR","TOTAL","TOTAL","G45","D01","BG",2008,142570223
"EUR","TOTAL","TOTAL","G45","D111","BG",2008,119560330
"EUR","TOTAL","TOTAL","G45","D1111","BG",2008,111507600
"EUR","TOTAL","TOTAL","G46","D01","BG",2008,626164085
"EUR","TOTAL","TOTAL","G46","D111","BG",2008,527257277
"EUR","TOTAL","TOTAL","G46","D1111","BG",2008,492001192
"EUR","TOTAL","TOTAL","G47","D01","BG",2008,515543252
"EUR","TOTAL","TOTAL","G47","D111","BG",2008,424447988
"EUR","TOTAL","TOTAL","G47","D1111","BG",2008,400291108
"EUR","TOTAL","TOTAL","H","D01","BG",2008,723965910
"EUR","TOTAL","TOTAL","H","D111","BG",2008,589234548
"EUR","TOTAL","TOTAL","H","D1111","BG",2008,489741810
"EUR","TOTAL","TOTAL","H49","D01","BG",2008,317339015
"EUR","TOTAL","TOTAL","H49","D111","BG",2008,250864729
"EUR","TOTAL","TOTAL","H49","D1111","BG",2008,216869093
"EUR","TOTAL","TOTAL","H50","D01","BG",2008,44711891
"EUR","TOTAL","TOTAL","H50","D111","BG",2008,33436781
"EUR","TOTAL","TOTAL","H50","D1111","BG",2008,27417332
"EUR","TOTAL","TOTAL","H51","D01","BG",2008,34398023
"EUR","TOTAL","TOTAL","H51","D111","BG",2008,28194045
"EUR","TOTAL","TOTAL","H51","D1111","BG",2008,25158604
"EUR","TOTAL","TOTAL","H52","D01","BG",2008,249620496
"EUR","TOTAL","TOTAL","H52","D111","BG",2008,212885427
"EUR","TOTAL","TOTAL","H52","D1111","BG",2008,170245093
"EUR","TOTAL","TOTAL","H53","D01","BG",2008,77896484
"EUR","TOTAL","TOTAL","H53","D111","BG",2008,63853565
"EUR","TOTAL","TOTAL","H53","D1111","BG",2008,50051688
"EUR","TOTAL","TOTAL","I","D01","BG",2008,266154041
"EUR","TOTAL","TOTAL","I","D111","BG",2008,218667470
"EUR","TOTAL","TOTAL","I","D1111","BG",2008,206343734
"EUR","TOTAL","TOTAL","I55","D01","BG",2008,113403436
"EUR","TOTAL","TOTAL","I55","D111","BG",2008,92818739
"EUR","TOTAL","TOTAL","I55","D1111","BG",2008,86268967
"EUR","TOTAL","TOTAL","I56","D01","BG",2008,152750605
"EUR","TOTAL","TOTAL","I56","D111","BG",2008,125848730
"EUR","TOTAL","TOTAL","I56","D1111","BG",2008,120074766
"EUR","TOTAL","TOTAL","J","D01","BG",2008,503264706
"EUR","TOTAL","TOTAL","J","D111","BG",2008,426393199
"EUR","TOTAL","TOTAL","J","D1111","BG",2008,391269451
"EUR","TOTAL","TOTAL","J58","D01","BG",2008,34993919
"EUR","TOTAL","TOTAL","J58","D111","BG",2008,29555854
"EUR","TOTAL","TOTAL","J58","D1111","BG",2008,27516548
"EUR","TOTAL","TOTAL","J59","D01","BG",2008,8438619
"EUR","TOTAL","TOTAL","J59","D111","BG",2008,7039899
"EUR","TOTAL","TOTAL","J59","D1111","BG",2008,6588561
"EUR","TOTAL","TOTAL","J60","D01","BG",2008,48799930
"EUR","TOTAL","TOTAL","J60","D111","BG",2008,40626277
"EUR","TOTAL","TOTAL","J60","D1111","BG",2008,37409894
"EUR","TOTAL","TOTAL","J61","D01","BG",2008,178765254
"EUR","TOTAL","TOTAL","J61","D111","BG",2008,150533697
"EUR","TOTAL","TOTAL","J61","D1111","BG",2008,138170834
"EUR","TOTAL","TOTAL","J62","D01","BG",2008,203217086
"EUR","TOTAL","TOTAL","J62","D111","BG",2008,173918757
"EUR","TOTAL","TOTAL","J62","D1111","BG",2008,158995966
"EUR","TOTAL","TOTAL","J63","D01","BG",2008,29049898
"EUR","TOTAL","TOTAL","J63","D111","BG",2008,24718715
"EUR","TOTAL","TOTAL","J63","D1111","BG",2008,22587647
"EUR","TOTAL","TOTAL","K","D01","BG",2008,471442847
"EUR","TOTAL","TOTAL","K","D111","BG",2008,397059871
"EUR","TOTAL","TOTAL","K","D1111","BG",2008,360617801
"EUR","TOTAL","TOTAL","K-N","D01","BG",2008,1214215436
"EUR","TOTAL","TOTAL","K-N","D111","BG",2008,1025278236
"EUR","TOTAL","TOTAL","K-N","D1111","BG",2008,940703963
"EUR","TOTAL","TOTAL","K64","D01","BG",2008,389067701
"EUR","TOTAL","TOTAL","K64","D111","BG",2008,327408529
"EUR","TOTAL","TOTAL","K64","D1111","BG",2008,295666468
"EUR","TOTAL","TOTAL","K65","D01","BG",2008,56570425
"EUR","TOTAL","TOTAL","K65","D111","BG",2008,48033115
"EUR","TOTAL","TOTAL","K65","D1111","BG",2008,44768281
"EUR","TOTAL","TOTAL","K66","D01","BG",2008,25804721
"EUR","TOTAL","TOTAL","K66","D111","BG",2008,21618227
"EUR","TOTAL","TOTAL","K66","D1111","BG",2008,20183052
"EUR","TOTAL","TOTAL","L","D01","BG",2008,103321753
"EUR","TOTAL","TOTAL","L","D111","BG",2008,86870513
"EUR","TOTAL","TOTAL","L","D1111","BG",2008,80463003
"EUR","TOTAL","TOTAL","L68","D01","BG",2008,103321753
"EUR","TOTAL","TOTAL","L68","D111","BG",2008,86870513
"EUR","TOTAL","TOTAL","L68","D1111","BG",2008,80463003
"EUR","TOTAL","TOTAL","M","D01","BG",2008,388954417
"EUR","TOTAL","TOTAL","M","D111","BG",2008,328351059
"EUR","TOTAL","TOTAL","M","D1111","BG",2008,300544028
"EUR","TOTAL","TOTAL","M69","D01","BG",2008,65597556
"EUR","TOTAL","TOTAL","M69","D111","BG",2008,55431009
"EUR","TOTAL","TOTAL","M69","D1111","BG",2008,51632087
"EUR","TOTAL","TOTAL","M70","D01","BG",2008,61055824
"EUR","TOTAL","TOTAL","M70","D111","BG",2008,52444891
"EUR","TOTAL","TOTAL","M70","D1111","BG",2008,47495881
"EUR","TOTAL","TOTAL","M71","D01","BG",2008,98626281
"EUR","TOTAL","TOTAL","M71","D111","BG",2008,82655906
"EUR","TOTAL","TOTAL","M71","D1111","BG",2008,75194211
"EUR","TOTAL","TOTAL","M72","D01","BG",2008,61499348
"EUR","TOTAL","TOTAL","M72","D111","BG",2008,50488819
"EUR","TOTAL","TOTAL","M72","D1111","BG",2008,44282741
"EUR","TOTAL","TOTAL","M73","D01","BG",2008,51103854
"EUR","TOTAL","TOTAL","M73","D111","BG",2008,43400355
"EUR","TOTAL","TOTAL","M73","D1111","BG",2008,40416458
"EUR","TOTAL","TOTAL","M74","D01","BG",2008,50642548
"EUR","TOTAL","TOTAL","M74","D111","BG",2008,43575645
"EUR","TOTAL","TOTAL","M74","D1111","BG",2008,41181296
"EUR","TOTAL","TOTAL","M75","D01","BG",2008,429007
"EUR","TOTAL","TOTAL","M75","D111","BG",2008,354433
"EUR","TOTAL","TOTAL","M75","D1111","BG",2008,341353
"EUR","TOTAL","TOTAL","N","D01","BG",2008,250496419
"EUR","TOTAL","TOTAL","N","D111","BG",2008,212996793
"EUR","TOTAL","TOTAL","N","D1111","BG",2008,199079131
"EUR","TOTAL","TOTAL","N77","D01","BG",2008,11473928
"EUR","TOTAL","TOTAL","N77","D111","BG",2008,9649968
"EUR","TOTAL","TOTAL","N77","D1111","BG",2008,8977727
"EUR","TOTAL","TOTAL","N78","D01","BG",2008,21978363
"EUR","TOTAL","TOTAL","N78","D111","BG",2008,18153765
"EUR","TOTAL","TOTAL","N78","D1111","BG",2008,16821022
"EUR","TOTAL","TOTAL","N79","D01","BG",2008,16758431
"EUR","TOTAL","TOTAL","N79","D111","BG",2008,14006037
"EUR","TOTAL","TOTAL","N79","D1111","BG",2008,13255273
"EUR","TOTAL","TOTAL","N80","D01","BG",2008,115141567
"EUR","TOTAL","TOTAL","N80","D111","BG",2008,94698971
"EUR","TOTAL","TOTAL","N80","D1111","BG",2008,89089586
"EUR","TOTAL","TOTAL","N81","D01","BG",2008,57178243
"EUR","TOTAL","TOTAL","N81","D111","BG",2008,53334223
"EUR","TOTAL","TOTAL","N81","D1111","BG",2008,49357043
"EUR","TOTAL","TOTAL","N82","D01","BG",2008,27965887
"EUR","TOTAL","TOTAL","N82","D111","BG",2008,23153828
"EUR","TOTAL","TOTAL","N82","D1111","BG",2008,21578480
"EUR","TOTAL","TOTAL","O","D01","BG",2008,762482515
"EUR","TOTAL","TOTAL","O","D111","BG",2008,601092881
"EUR","TOTAL","TOTAL","O","D1111","BG",2008,541373094
"EUR","TOTAL","TOTAL","O-S","D01","BG",2008,2251537576
"EUR","TOTAL","TOTAL","O-S","D111","BG",2008,1812094141
"EUR","TOTAL","TOTAL","O-S","D1111","BG",2008,1594681677
"EUR","TOTAL","TOTAL","O84","D01","BG",2008,762482515
"EUR","TOTAL","TOTAL","O84","D111","BG",2008,601092881
"EUR","TOTAL","TOTAL","O84","D1111","BG",2008,541373094
"EUR","TOTAL","TOTAL","P","D01","BG",2008,764872537
"EUR","TOTAL","TOTAL","P","D111","BG",2008,611127710
"EUR","TOTAL","TOTAL","P","D1111","BG",2008,511346633
"EUR","TOTAL","TOTAL","P-S","D01","BG",2008,1489055061
"EUR","TOTAL","TOTAL","P-S","D111","BG",2008,1211001260
"EUR","TOTAL","TOTAL","P-S","D1111","BG",2008,1053308583
"EUR","TOTAL","TOTAL","P85","D01","BG",2008,764872537
"EUR","TOTAL","TOTAL","P85","D111","BG",2008,611127710
"EUR","TOTAL","TOTAL","P85","D1111","BG",2008,511346633
"EUR","TOTAL","TOTAL","Q","D01","BG",2008,535979041
"EUR","TOTAL","TOTAL","Q","D111","BG",2008,440282078
"EUR","TOTAL","TOTAL","Q","D1111","BG",2008,395523974
"EUR","TOTAL","TOTAL","Q86","D01","BG",2008,458674464
"EUR","TOTAL","TOTAL","Q86","D111","BG",2008,376931669
"EUR","TOTAL","TOTAL","Q86","D1111","BG",2008,339659100
"EUR","TOTAL","TOTAL","Q87","D01","BG",2008,39416623
"EUR","TOTAL","TOTAL","Q87","D111","BG",2008,32330749
"EUR","TOTAL","TOTAL","Q87","D1111","BG",2008,28429803
"EUR","TOTAL","TOTAL","Q88","D01","BG",2008,37887953
"EUR","TOTAL","TOTAL","Q88","D111","BG",2008,31019660
"EUR","TOTAL","TOTAL","Q88","D1111","BG",2008,27435072
"EUR","TOTAL","TOTAL","R","D01","BG",2008,106709889
"EUR","TOTAL","TOTAL","R","D111","BG",2008,88524516
"EUR","TOTAL","TOTAL","R","D1111","BG",2008,80629041
"EUR","TOTAL","TOTAL","R90","D01","BG",2008,27672599
"EUR","TOTAL","TOTAL","R90","D111","BG",2008,22448242
"EUR","TOTAL","TOTAL","R90","D1111","BG",2008,19633516
"EUR","TOTAL","TOTAL","R91","D01","BG",2008,14686302
"EUR","TOTAL","TOTAL","R91","D111","BG",2008,11988773
"EUR","TOTAL","TOTAL","R91","D1111","BG",2008,10526513
"EUR","TOTAL","TOTAL","R92","D01","BG",2008,33723636
"EUR","TOTAL","TOTAL","R92","D111","BG",2008,27863291
"EUR","TOTAL","TOTAL","R92","D1111","BG",2008,25880111
"EUR","TOTAL","TOTAL","R93","D01","BG",2008,30627352
"EUR","TOTAL","TOTAL","R93","D111","BG",2008,26224211
"EUR","TOTAL","TOTAL","R93","D1111","BG",2008,24588900
"EUR","TOTAL","TOTAL","S","D01","BG",2008,81493594
"EUR","TOTAL","TOTAL","S","D111","BG",2008,71066955
"EUR","TOTAL","TOTAL","S","D1111","BG",2008,65808936
"EUR","TOTAL","TOTAL","S94","D01","BG",2008,51045822
"EUR","TOTAL","TOTAL","S94","D111","BG",2008,45935921
"EUR","TOTAL","TOTAL","S94","D1111","BG",2008,42215761
"EUR","TOTAL","TOTAL","S95","D01","BG",2008,6079725
"EUR","TOTAL","TOTAL","S95","D111","BG",2008,5040704
"EUR","TOTAL","TOTAL","S95","D1111","BG",2008,4783407
"EUR","TOTAL","TOTAL","S96","D01","BG",2008,24368047
"EUR","TOTAL","TOTAL","S96","D111","BG",2008,20090330
"EUR","TOTAL","TOTAL","S96","D1111","BG",2008,18809768
"NAC","P_SAL_H","10-49","B","D01","BG",2008,4.95
"NAC","P_SAL_H","10-49","B","D111","BG",2008,3.96
"NAC","P_SAL_H","10-49","B","D1111","BG",2008,3.62
"NAC","P_SAL_H","10-49","B-E","D01","BG",2008,2.97
"NAC","P_SAL_H","10-49","B-E","D111","BG",2008,2.43
"NAC","P_SAL_H","10-49","B-E","D1111","BG",2008,2.23
"NAC","P_SAL_H","10-49","B-F","D01","BG",2008,3.05
"NAC","P_SAL_H","10-49","B-F","D111","BG",2008,2.51
"NAC","P_SAL_H","10-49","B-F","D1111","BG",2008,2.32
"NAC","P_SAL_H","10-49","B-N","D01","BG",2008,3.57
"NAC","P_SAL_H","10-49","B-N","D111","BG",2008,2.97
"NAC","P_SAL_H","10-49","B-N","D1111","BG",2008,2.76
"NAC","P_SAL_H","10-49","B-S","D01","BG",2008,3.85
"NAC","P_SAL_H","10-49","B-S","D111","BG",2008,3.17
"NAC","P_SAL_H","10-49","B-S","D1111","BG",2008,2.89
"NAC","P_SAL_H","10-49","B-S_X_O","D01","BG",2008,3.71
"NAC","P_SAL_H","10-49","B-S_X_O","D111","BG",2008,3.07
"NAC","P_SAL_H","10-49","B-S_X_O","D1111","BG",2008,2.8
"NAC","P_SAL_H","10-49","B05","D01","BG",2008,4.76
"NAC","P_SAL_H","10-49","B05","D111","BG",2008,3.75
"NAC","P_SAL_H","10-49","B05","D1111","BG",2008,3.53
"NAC","P_SAL_H","10-49","B06","D01","BG",2008,NA
"NAC","P_SAL_H","10-49","B06","D111","BG",2008,NA
"NAC","P_SAL_H","10-49","B06","D1111","BG",2008,NA
"NAC","P_SAL_H","10-49","B07","D01","BG",2008,5.89
"NAC","P_SAL_H","10-49","B07","D111","BG",2008,4.49
"NAC","P_SAL_H","10-49","B07","D1111","BG",2008,3.84
"NAC","P_SAL_H","10-49","B08","D01","BG",2008,4.64
"NAC","P_SAL_H","10-49","B08","D111","BG",2008,3.7
"NAC","P_SAL_H","10-49","B08","D1111","BG",2008,3.37
"NAC","P_SAL_H","10-49","B09","D01","BG",2008,NA
"NAC","P_SAL_H","10-49","B09","D111","BG",2008,NA
"NAC","P_SAL_H","10-49","B09","D1111","BG",2008,NA
"NAC","P_SAL_H","10-49","C","D01","BG",2008,2.74
"NAC","P_SAL_H","10-49","C","D111","BG",2008,2.25
"NAC","P_SAL_H","10-49","C","D1111","BG",2008,2.09
"NAC","P_SAL_H","10-49","C10","D01","BG",2008,2.45
"NAC","P_SAL_H","10-49","C10","D111","BG",2008,2.01
"NAC","P_SAL_H","10-49","C10","D1111","BG",2008,1.88
"NAC","P_SAL_H","10-49","C11","D01","BG",2008,NA
"NAC","P_SAL_H","10-49","C11","D111","BG",2008,NA
"NAC","P_SAL_H","10-49","C11","D1111","BG",2008,NA
"NAC","P_SAL_H","10-49","C12","D01","BG",2008,3.93
"NAC","P_SAL_H","10-49","C12","D111","BG",2008,3.21
"NAC","P_SAL_H","10-49","C12","D1111","BG",2008,2.97
"NAC","P_SAL_H","10-49","C13","D01","BG",2008,2.64
"NAC","P_SAL_H","10-49","C13","D111","BG",2008,2.13
"NAC","P_SAL_H","10-49","C13","D1111","BG",2008,1.97
"NAC","P_SAL_H","10-49","C14","D01","BG",2008,2.14
"NAC","P_SAL_H","10-49","C14","D111","BG",2008,1.75
"NAC","P_SAL_H","10-49","C14","D1111","BG",2008,1.63
"NAC","P_SAL_H","10-49","C15","D01","BG",2008,2.07
"NAC","P_SAL_H","10-49","C15","D111","BG",2008,1.7
"NAC","P_SAL_H","10-49","C15","D1111","BG",2008,1.58
"NAC","P_SAL_H","10-49","C16","D01","BG",2008,2.22
"NAC","P_SAL_H","10-49","C16","D111","BG",2008,1.82
"NAC","P_SAL_H","10-49","C16","D1111","BG",2008,1.7
"NAC","P_SAL_H","10-49","C17","D01","BG",2008,2.69
"NAC","P_SAL_H","10-49","C17","D111","BG",2008,2.21
"NAC","P_SAL_H","10-49","C17","D1111","BG",2008,2.04
"NAC","P_SAL_H","10-49","C18","D01","BG",2008,3.01
"NAC","P_SAL_H","10-49","C18","D111","BG",2008,2.49
"NAC","P_SAL_H","10-49","C18","D1111","BG",2008,2.3
"NAC","P_SAL_H","10-49","C19","D01","BG",2008,NA
"NAC","P_SAL_H","10-49","C19","D111","BG",2008,NA
"NAC","P_SAL_H","10-49","C19","D1111","BG",2008,NA
"NAC","P_SAL_H","10-49","C20","D01","BG",2008,3.37
"NAC","P_SAL_H","10-49","C20","D111","BG",2008,2.74
"NAC","P_SAL_H","10-49","C20","D1111","BG",2008,2.53
"NAC","P_SAL_H","10-49","C21","D01","BG",2008,NA
"NAC","P_SAL_H","10-49","C21","D111","BG",2008,NA
"NAC","P_SAL_H","10-49","C21","D1111","BG",2008,NA
"NAC","P_SAL_H","10-49","C22","D01","BG",2008,2.73
"NAC","P_SAL_H","10-49","C22","D111","BG",2008,2.24
"NAC","P_SAL_H","10-49","C22","D1111","BG",2008,2.09
"NAC","P_SAL_H","10-49","C23","D01","BG",2008,3.31
"NAC","P_SAL_H","10-49","C23","D111","BG",2008,2.68
"NAC","P_SAL_H","10-49","C23","D1111","BG",2008,2.5
"NAC","P_SAL_H","10-49","C24","D01","BG",2008,NA
"NAC","P_SAL_H","10-49","C24","D111","BG",2008,NA
"NAC","P_SAL_H","10-49","C24","D1111","BG",2008,NA
"NAC","P_SAL_H","10-49","C25","D01","BG",2008,3.01
"NAC","P_SAL_H","10-49","C25","D111","BG",2008,2.48
"NAC","P_SAL_H","10-49","C25","D1111","BG",2008,2.29
"NAC","P_SAL_H","10-49","C26","D01","BG",2008,4.55
"NAC","P_SAL_H","10-49","C26","D111","BG",2008,3.78
"NAC","P_SAL_H","10-49","C26","D1111","BG",2008,3.5
"NAC","P_SAL_H","10-49","C27","D01","BG",2008,3.56
"NAC","P_SAL_H","10-49","C27","D111","BG",2008,2.94
"NAC","P_SAL_H","10-49","C27","D1111","BG",2008,2.69
"NAC","P_SAL_H","10-49","C28","D01","BG",2008,3.74
"NAC","P_SAL_H","10-49","C28","D111","BG",2008,3.08
"NAC","P_SAL_H","10-49","C28","D1111","BG",2008,2.83
"NAC","P_SAL_H","10-49","C29","D01","BG",2008,NA
"NAC","P_SAL_H","10-49","C29","D111","BG",2008,NA
"NAC","P_SAL_H","10-49","C29","D1111","BG",2008,NA
"NAC","P_SAL_H","10-49","C30","D01","BG",2008,4.51
"NAC","P_SAL_H","10-49","C30","D111","BG",2008,3.78
"NAC","P_SAL_H","10-49","C30","D1111","BG",2008,3.55
"NAC","P_SAL_H","10-49","C31","D01","BG",2008,2.17
"NAC","P_SAL_H","10-49","C31","D111","BG",2008,1.78
"NAC","P_SAL_H","10-49","C31","D1111","BG",2008,1.66
"NAC","P_SAL_H","10-49","C32","D01","BG",2008,2.78
"NAC","P_SAL_H","10-49","C32","D111","BG",2008,2.27
"NAC","P_SAL_H","10-49","C32","D1111","BG",2008,2.08
"NAC","P_SAL_H","10-49","C33","D01","BG",2008,4.14
"NAC","P_SAL_H","10-49","C33","D111","BG",2008,3.41
"NAC","P_SAL_H","10-49","C33","D1111","BG",2008,3.2
"NAC","P_SAL_H","10-49","D","D01","BG",2008,9.51
"NAC","P_SAL_H","10-49","D","D111","BG",2008,7.75
"NAC","P_SAL_H","10-49","D","D1111","BG",2008,6.3
"NAC","P_SAL_H","10-49","D35","D01","BG",2008,9.51
"NAC","P_SAL_H","10-49","D35","D111","BG",2008,7.75
"NAC","P_SAL_H","10-49","D35","D1111","BG",2008,6.3
"NAC","P_SAL_H","10-49","E","D01","BG",2008,4.98
"NAC","P_SAL_H","10-49","E","D111","BG",2008,4.09
"NAC","P_SAL_H","10-49","E","D1111","BG",2008,3.38
"NAC","P_SAL_H","10-49","E36","D01","BG",2008,5.38
"NAC","P_SAL_H","10-49","E36","D111","BG",2008,4.37
"NAC","P_SAL_H","10-49","E36","D1111","BG",2008,3.35
"NAC","P_SAL_H","10-49","E37","D01","BG",2008,11.62
"NAC","P_SAL_H","10-49","E37","D111","BG",2008,10.5
"NAC","P_SAL_H","10-49","E37","D1111","BG",2008,10.22
"NAC","P_SAL_H","10-49","E38","D01","BG",2008,3.99
"NAC","P_SAL_H","10-49","E38","D111","BG",2008,3.31
"NAC","P_SAL_H","10-49","E38","D1111","BG",2008,3.08
"NAC","P_SAL_H","10-49","E39","D01","BG",2008,4.78
"NAC","P_SAL_H","10-49","E39","D111","BG",2008,3.85
"NAC","P_SAL_H","10-49","E39","D1111","BG",2008,3.53
"NAC","P_SAL_H","10-49","F","D01","BG",2008,3.2
"NAC","P_SAL_H","10-49","F","D111","BG",2008,2.64
"NAC","P_SAL_H","10-49","F","D1111","BG",2008,2.48
"NAC","P_SAL_H","10-49","F41","D01","BG",2008,2.96
"NAC","P_SAL_H","10-49","F41","D111","BG",2008,2.44
"NAC","P_SAL_H","10-49","F41","D1111","BG",2008,2.3
"NAC","P_SAL_H","10-49","F42","D01","BG",2008,3.86
"NAC","P_SAL_H","10-49","F42","D111","BG",2008,3.14
"NAC","P_SAL_H","10-49","F42","D1111","BG",2008,2.93
"NAC","P_SAL_H","10-49","F43","D01","BG",2008,3.43
"NAC","P_SAL_H","10-49","F43","D111","BG",2008,2.83
"NAC","P_SAL_H","10-49","F43","D1111","BG",2008,2.67
"NAC","P_SAL_H","10-49","G","D01","BG",2008,3.38
"NAC","P_SAL_H","10-49","G","D111","BG",2008,2.83
"NAC","P_SAL_H","10-49","G","D1111","BG",2008,2.64
"NAC","P_SAL_H","10-49","G-J","D01","BG",2008,3.53
"NAC","P_SAL_H","10-49","G-J","D111","BG",2008,2.95
"NAC","P_SAL_H","10-49","G-J","D1111","BG",2008,2.74
"NAC","P_SAL_H","10-49","G-N","D01","BG",2008,4.01
"NAC","P_SAL_H","10-49","G-N","D111","BG",2008,3.37
"NAC","P_SAL_H","10-49","G-N","D1111","BG",2008,3.13
"NAC","P_SAL_H","10-49","G-S_X_O","D01","BG",2008,4.12
"NAC","P_SAL_H","10-49","G-S_X_O","D111","BG",2008,3.42
"NAC","P_SAL_H","10-49","G-S_X_O","D1111","BG",2008,3.11
"NAC","P_SAL_H","10-49","G45","D01","BG",2008,3.53
"NAC","P_SAL_H","10-49","G45","D111","BG",2008,2.94
"NAC","P_SAL_H","10-49","G45","D1111","BG",2008,2.75
"NAC","P_SAL_H","10-49","G46","D01","BG",2008,4.05
"NAC","P_SAL_H","10-49","G46","D111","BG",2008,3.41
"NAC","P_SAL_H","10-49","G46","D1111","BG",2008,3.18
"NAC","P_SAL_H","10-49","G47","D01","BG",2008,2.64
"NAC","P_SAL_H","10-49","G47","D111","BG",2008,2.18
"NAC","P_SAL_H","10-49","G47","D1111","BG",2008,2.04
"NAC","P_SAL_H","10-49","H","D01","BG",2008,3.78
"NAC","P_SAL_H","10-49","H","D111","BG",2008,3.15
"NAC","P_SAL_H","10-49","H","D1111","BG",2008,2.8
"NAC","P_SAL_H","10-49","H49","D01","BG",2008,2.81
"NAC","P_SAL_H","10-49","H49","D111","BG",2008,2.23
"NAC","P_SAL_H","10-49","H49","D1111","BG",2008,2.07
"NAC","P_SAL_H","10-49","H50","D01","BG",2008,4.13
"NAC","P_SAL_H","10-49","H50","D111","BG",2008,3.23
"NAC","P_SAL_H","10-49","H50","D1111","BG",2008,3.07
"NAC","P_SAL_H","10-49","H51","D01","BG",2008,8.91
"NAC","P_SAL_H","10-49","H51","D111","BG",2008,7.14
"NAC","P_SAL_H","10-49","H51","D1111","BG",2008,6.72
"NAC","P_SAL_H","10-49","H52","D01","BG",2008,6.14
"NAC","P_SAL_H","10-49","H52","D111","BG",2008,5.42
"NAC","P_SAL_H","10-49","H52","D1111","BG",2008,4.82
"NAC","P_SAL_H","10-49","H53","D01","BG",2008,4.15
"NAC","P_SAL_H","10-49","H53","D111","BG",2008,3.4
"NAC","P_SAL_H","10-49","H53","D1111","BG",2008,2.52
"NAC","P_SAL_H","10-49","I","D01","BG",2008,2.4
"NAC","P_SAL_H","10-49","I","D111","BG",2008,1.97
"NAC","P_SAL_H","10-49","I","D1111","BG",2008,1.86
"NAC","P_SAL_H","10-49","I55","D01","BG",2008,2.88
"NAC","P_SAL_H","10-49","I55","D111","BG",2008,2.36
"NAC","P_SAL_H","10-49","I55","D1111","BG",2008,2.21
"NAC","P_SAL_H","10-49","I56","D01","BG",2008,2.21
"NAC","P_SAL_H","10-49","I56","D111","BG",2008,1.82
"NAC","P_SAL_H","10-49","I56","D1111","BG",2008,1.73
"NAC","P_SAL_H","10-49","J","D01","BG",2008,7.14
"NAC","P_SAL_H","10-49","J","D111","BG",2008,6.08
"NAC","P_SAL_H","10-49","J","D1111","BG",2008,5.68
"NAC","P_SAL_H","10-49","J58","D01","BG",2008,4.91
"NAC","P_SAL_H","10-49","J58","D111","BG",2008,4.15
"NAC","P_SAL_H","10-49","J58","D1111","BG",2008,3.86
"NAC","P_SAL_H","10-49","J59","D01","BG",2008,5.62
"NAC","P_SAL_H","10-49","J59","D111","BG",2008,4.7
"NAC","P_SAL_H","10-49","J59","D1111","BG",2008,4.38
"NAC","P_SAL_H","10-49","J60","D01","BG",2008,4.7
"NAC","P_SAL_H","10-49","J60","D111","BG",2008,3.94
"NAC","P_SAL_H","10-49","J60","D1111","BG",2008,3.65
"NAC","P_SAL_H","10-49","J61","D01","BG",2008,5.12
"NAC","P_SAL_H","10-49","J61","D111","BG",2008,4.19
"NAC","P_SAL_H","10-49","J61","D1111","BG",2008,3.88
"NAC","P_SAL_H","10-49","J62","D01","BG",2008,9.65
"NAC","P_SAL_H","10-49","J62","D111","BG",2008,8.32
"NAC","P_SAL_H","10-49","J62","D1111","BG",2008,7.8
"NAC","P_SAL_H","10-49","J63","D01","BG",2008,8.3
"NAC","P_SAL_H","10-49","J63","D111","BG",2008,7.15
"NAC","P_SAL_H","10-49","J63","D1111","BG",2008,6.67
"NAC","P_SAL_H","10-49","K","D01","BG",2008,8.6
"NAC","P_SAL_H","10-49","K","D111","BG",2008,7.31
"NAC","P_SAL_H","10-49","K","D1111","BG",2008,6.7
"NAC","P_SAL_H","10-49","K-N","D01","BG",2008,5.91
"NAC","P_SAL_H","10-49","K-N","D111","BG",2008,5.03
"NAC","P_SAL_H","10-49","K-N","D1111","BG",2008,4.66
"NAC","P_SAL_H","10-49","K64","D01","BG",2008,8.49
"NAC","P_SAL_H","10-49","K64","D111","BG",2008,7.19
"NAC","P_SAL_H","10-49","K64","D1111","BG",2008,6.55
"NAC","P_SAL_H","10-49","K65","D01","BG",2008,10.43
"NAC","P_SAL_H","10-49","K65","D111","BG",2008,8.86
"NAC","P_SAL_H","10-49","K65","D1111","BG",2008,8.2
"NAC","P_SAL_H","10-49","K66","D01","BG",2008,7.96
"NAC","P_SAL_H","10-49","K66","D111","BG",2008,6.85
"NAC","P_SAL_H","10-49","K66","D1111","BG",2008,6.49
"NAC","P_SAL_H","10-49","L","D01","BG",2008,5.06
"NAC","P_SAL_H","10-49","L","D111","BG",2008,4.25
"NAC","P_SAL_H","10-49","L","D1111","BG",2008,3.91
"NAC","P_SAL_H","10-49","L68","D01","BG",2008,5.06
"NAC","P_SAL_H","10-49","L68","D111","BG",2008,4.25
"NAC","P_SAL_H","10-49","L68","D1111","BG",2008,3.91
"NAC","P_SAL_H","10-49","M","D01","BG",2008,7.35
"NAC","P_SAL_H","10-49","M","D111","BG",2008,6.32
"NAC","P_SAL_H","10-49","M","D1111","BG",2008,5.88
"NAC","P_SAL_H","10-49","M69","D01","BG",2008,5.74
"NAC","P_SAL_H","10-49","M69","D111","BG",2008,4.86
"NAC","P_SAL_H","10-49","M69","D1111","BG",2008,4.54
"NAC","P_SAL_H","10-49","M70","D01","BG",2008,13.49
"NAC","P_SAL_H","10-49","M70","D111","BG",2008,12.02
"NAC","P_SAL_H","10-49","M70","D1111","BG",2008,11.31
"NAC","P_SAL_H","10-49","M71","D01","BG",2008,7.1
"NAC","P_SAL_H","10-49","M71","D111","BG",2008,6.02
"NAC","P_SAL_H","10-49","M71","D1111","BG",2008,5.53
"NAC","P_SAL_H","10-49","M72","D01","BG",2008,5.79
"NAC","P_SAL_H","10-49","M72","D111","BG",2008,4.74
"NAC","P_SAL_H","10-49","M72","D1111","BG",2008,4.27
"NAC","P_SAL_H","10-49","M73","D01","BG",2008,5.66
"NAC","P_SAL_H","10-49","M73","D111","BG",2008,4.81
"NAC","P_SAL_H","10-49","M73","D1111","BG",2008,4.49
"NAC","P_SAL_H","10-49","M74","D01","BG",2008,8.21
"NAC","P_SAL_H","10-49","M74","D111","BG",2008,7.28
"NAC","P_SAL_H","10-49","M74","D1111","BG",2008,6.92
"NAC","P_SAL_H","10-49","M75","D01","BG",2008,NA
"NAC","P_SAL_H","10-49","M75","D111","BG",2008,NA
"NAC","P_SAL_H","10-49","M75","D1111","BG",2008,NA
"NAC","P_SAL_H","10-49","N","D01","BG",2008,3.05
"NAC","P_SAL_H","10-49","N","D111","BG",2008,2.56
"NAC","P_SAL_H","10-49","N","D1111","BG",2008,2.4
"NAC","P_SAL_H","10-49","N77","D01","BG",2008,6.03
"NAC","P_SAL_H","10-49","N77","D111","BG",2008,5.09
"NAC","P_SAL_H","10-49","N77","D1111","BG",2008,4.73
"NAC","P_SAL_H","10-49","N78","D01","BG",2008,4.67
"NAC","P_SAL_H","10-49","N78","D111","BG",2008,3.88
"NAC","P_SAL_H","10-49","N78","D1111","BG",2008,3.57
"NAC","P_SAL_H","10-49","N79","D01","BG",2008,4.36
"NAC","P_SAL_H","10-49","N79","D111","BG",2008,3.69
"NAC","P_SAL_H","10-49","N79","D1111","BG",2008,3.48
"NAC","P_SAL_H","10-49","N80","D01","BG",2008,2.25
"NAC","P_SAL_H","10-49","N80","D111","BG",2008,1.89
"NAC","P_SAL_H","10-49","N80","D1111","BG",2008,1.8
"NAC","P_SAL_H","10-49","N81","D01","BG",2008,2.38
"NAC","P_SAL_H","10-49","N81","D111","BG",2008,2
"NAC","P_SAL_H","10-49","N81","D1111","BG",2008,1.85
"NAC","P_SAL_H","10-49","N82","D01","BG",2008,4.65
"NAC","P_SAL_H","10-49","N82","D111","BG",2008,3.85
"NAC","P_SAL_H","10-49","N82","D1111","BG",2008,3.61
"NAC","P_SAL_H","10-49","O","D01","BG",2008,7.33
"NAC","P_SAL_H","10-49","O","D111","BG",2008,5.72
"NAC","P_SAL_H","10-49","O","D1111","BG",2008,5.08
"NAC","P_SAL_H","10-49","O-S","D01","BG",2008,4.97
"NAC","P_SAL_H","10-49","O-S","D111","BG",2008,3.97
"NAC","P_SAL_H","10-49","O-S","D1111","BG",2008,3.44
"NAC","P_SAL_H","10-49","O84","D01","BG",2008,7.33
"NAC","P_SAL_H","10-49","O84","D111","BG",2008,5.72
"NAC","P_SAL_H","10-49","O84","D1111","BG",2008,5.08
"NAC","P_SAL_H","10-49","P","D01","BG",2008,4.93
"NAC","P_SAL_H","10-49","P","D111","BG",2008,3.91
"NAC","P_SAL_H","10-49","P","D1111","BG",2008,3.25
"NAC","P_SAL_H","10-49","P-S","D01","BG",2008,4.41
"NAC","P_SAL_H","10-49","P-S","D111","BG",2008,3.55
"NAC","P_SAL_H","10-49","P-S","D1111","BG",2008,3.05
"NAC","P_SAL_H","10-49","P85","D01","BG",2008,4.93
"NAC","P_SAL_H","10-49","P85","D111","BG",2008,3.91
"NAC","P_SAL_H","10-49","P85","D1111","BG",2008,3.25
"NAC","P_SAL_H","10-49","Q","D01","BG",2008,4.05
"NAC","P_SAL_H","10-49","Q","D111","BG",2008,3.35
"NAC","P_SAL_H","10-49","Q","D1111","BG",2008,3.05
"NAC","P_SAL_H","10-49","Q86","D01","BG",2008,4.54
"NAC","P_SAL_H","10-49","Q86","D111","BG",2008,3.77
"NAC","P_SAL_H","10-49","Q86","D1111","BG",2008,3.47
"NAC","P_SAL_H","10-49","Q87","D01","BG",2008,NA
"NAC","P_SAL_H","10-49","Q87","D111","BG",2008,NA
"NAC","P_SAL_H","10-49","Q87","D1111","BG",2008,NA
"NAC","P_SAL_H","10-49","Q88","D01","BG",2008,NA
"NAC","P_SAL_H","10-49","Q88","D111","BG",2008,NA
"NAC","P_SAL_H","10-49","Q88","D1111","BG",2008,NA
"NAC","P_SAL_H","10-49","R","D01","BG",2008,3.05
"NAC","P_SAL_H","10-49","R","D111","BG",2008,2.52
"NAC","P_SAL_H","10-49","R","D1111","BG",2008,2.3
"NAC","P_SAL_H","10-49","R90","D01","BG",2008,3.75
"NAC","P_SAL_H","10-49","R90","D111","BG",2008,3.08
"NAC","P_SAL_H","10-49","R90","D1111","BG",2008,2.75
"NAC","P_SAL_H","10-49","R91","D01","BG",2008,3.67
"NAC","P_SAL_H","10-49","R91","D111","BG",2008,3.01
"NAC","P_SAL_H","10-49","R91","D1111","BG",2008,2.66
"NAC","P_SAL_H","10-49","R92","D01","BG",2008,2.35
"NAC","P_SAL_H","10-49","R92","D111","BG",2008,1.94
"NAC","P_SAL_H","10-49","R92","D1111","BG",2008,1.81
"NAC","P_SAL_H","10-49","R93","D01","BG",2008,3.19
"NAC","P_SAL_H","10-49","R93","D111","BG",2008,2.64
"NAC","P_SAL_H","10-49","R93","D1111","BG",2008,2.47
"NAC","P_SAL_H","10-49","S","D01","BG",2008,3.22
"NAC","P_SAL_H","10-49","S","D111","BG",2008,2.79
"NAC","P_SAL_H","10-49","S","D1111","BG",2008,2.55
"NAC","P_SAL_H","10-49","S94","D01","BG",2008,3.45
"NAC","P_SAL_H","10-49","S94","D111","BG",2008,3.06
"NAC","P_SAL_H","10-49","S94","D1111","BG",2008,2.78
"NAC","P_SAL_H","10-49","S95","D01","BG",2008,4.48
"NAC","P_SAL_H","10-49","S95","D111","BG",2008,3.74
"NAC","P_SAL_H","10-49","S95","D1111","BG",2008,3.49
"NAC","P_SAL_H","10-49","S96","D01","BG",2008,2.62
"NAC","P_SAL_H","10-49","S96","D111","BG",2008,2.15
"NAC","P_SAL_H","10-49","S96","D1111","BG",2008,1.99
"NAC","P_SAL_H","250-499","B","D01","BG",2008,6.3
"NAC","P_SAL_H","250-499","B","D111","BG",2008,4.54
"NAC","P_SAL_H","250-499","B","D1111","BG",2008,3.98
"NAC","P_SAL_H","250-499","B-E","D01","BG",2008,5.42
"NAC","P_SAL_H","250-499","B-E","D111","BG",2008,4.35
"NAC","P_SAL_H","250-499","B-E","D1111","BG",2008,3.76
"NAC","P_SAL_H","250-499","B-F","D01","BG",2008,5.29
"NAC","P_SAL_H","250-499","B-F","D111","BG",2008,4.26
"NAC","P_SAL_H","250-499","B-F","D1111","BG",2008,3.74
"NAC","P_SAL_H","250-499","B-N","D01","BG",2008,5.65
"NAC","P_SAL_H","250-499","B-N","D111","BG",2008,4.62
"NAC","P_SAL_H","250-499","B-N","D1111","BG",2008,4.09
"NAC","P_SAL_H","250-499","B-S","D01","BG",2008,5.79
"NAC","P_SAL_H","250-499","B-S","D111","BG",2008,4.71
"NAC","P_SAL_H","250-499","B-S","D1111","BG",2008,4.17
"NAC","P_SAL_H","250-499","B-S_X_O","D01","BG",2008,5.64
"NAC","P_SAL_H","250-499","B-S_X_O","D111","BG",2008,4.61
"NAC","P_SAL_H","250-499","B-S_X_O","D1111","BG",2008,4.08
"NAC","P_SAL_H","250-499","B05","D01","BG",2008,5.82
"NAC","P_SAL_H","250-499","B05","D111","BG",2008,3.98
"NAC","P_SAL_H","250-499","B05","D1111","BG",2008,3.4
"NAC","P_SAL_H","250-499","B06","D01","BG",2008,NA
"NAC","P_SAL_H","250-499","B06","D111","BG",2008,NA
"NAC","P_SAL_H","250-499","B06","D1111","BG",2008,NA
"NAC","P_SAL_H","250-499","B07","D01","BG",2008,7.04
"NAC","P_SAL_H","250-499","B07","D111","BG",2008,5.16
"NAC","P_SAL_H","250-499","B07","D1111","BG",2008,4.62
"NAC","P_SAL_H","250-499","B08","D01","BG",2008,NA
"NAC","P_SAL_H","250-499","B08","D111","BG",2008,NA
"NAC","P_SAL_H","250-499","B08","D1111","BG",2008,NA
"NAC","P_SAL_H","250-499","C","D01","BG",2008,4.91
"NAC","P_SAL_H","250-499","C","D111","BG",2008,4
"NAC","P_SAL_H","250-499","C","D1111","BG",2008,3.57
"NAC","P_SAL_H","250-499","C10","D01","BG",2008,4.19
"NAC","P_SAL_H","250-499","C10","D111","BG",2008,3.4
"NAC","P_SAL_H","250-499","C10","D1111","BG",2008,3.16
"NAC","P_SAL_H","250-499","C11","D01","BG",2008,6.98
"NAC","P_SAL_H","250-499","C11","D111","BG",2008,5.89
"NAC","P_SAL_H","250-499","C11","D1111","BG",2008,5.47
"NAC","P_SAL_H","250-499","C12","D01","BG",2008,11.85
"NAC","P_SAL_H","250-499","C12","D111","BG",2008,9.59
"NAC","P_SAL_H","250-499","C12","D1111","BG",2008,8.06
"NAC","P_SAL_H","250-499","C13","D01","BG",2008,NA
"NAC","P_SAL_H","250-499","C13","D111","BG",2008,NA
"NAC","P_SAL_H","250-499","C13","D1111","BG",2008,NA
"NAC","P_SAL_H","250-499","C14","D01","BG",2008,3.08
"NAC","P_SAL_H","250-499","C14","D111","BG",2008,2.54
"NAC","P_SAL_H","250-499","C14","D1111","BG",2008,2.25
"NAC","P_SAL_H","250-499","C15","D01","BG",2008,2.86
"NAC","P_SAL_H","250-499","C15","D111","BG",2008,2.32
"NAC","P_SAL_H","250-499","C15","D1111","BG",2008,2.11
"NAC","P_SAL_H","250-499","C16","D01","BG",2008,NA
"NAC","P_SAL_H","250-499","C16","D111","BG",2008,NA
"NAC","P_SAL_H","250-499","C16","D1111","BG",2008,NA
"NAC","P_SAL_H","250-499","C17","D01","BG",2008,4.36
"NAC","P_SAL_H","250-499","C17","D111","BG",2008,3.48
"NAC","P_SAL_H","250-499","C17","D1111","BG",2008,3.16
"NAC","P_SAL_H","250-499","C18","D01","BG",2008,8.7
"NAC","P_SAL_H","250-499","C18","D111","BG",2008,7.16
"NAC","P_SAL_H","250-499","C18","D1111","BG",2008,6.32
"NAC","P_SAL_H","250-499","C19","D01","BG",2008,NA
"NAC","P_SAL_H","250-499","C19","D111","BG",2008,NA
"NAC","P_SAL_H","250-499","C19","D1111","BG",2008,NA
"NAC","P_SAL_H","250-499","C20","D01","BG",2008,NA
"NAC","P_SAL_H","250-499","C20","D111","BG",2008,NA
"NAC","P_SAL_H","250-499","C20","D1111","BG",2008,NA
"NAC","P_SAL_H","250-499","C21","D01","BG",2008,6.85
"NAC","P_SAL_H","250-499","C21","D111","BG",2008,5.44
"NAC","P_SAL_H","250-499","C21","D1111","BG",2008,4.75
"NAC","P_SAL_H","250-499","C22","D01","BG",2008,3.34
"NAC","P_SAL_H","250-499","C22","D111","BG",2008,2.71
"NAC","P_SAL_H","250-499","C22","D1111","BG",2008,2.43
"NAC","P_SAL_H","250-499","C23","D01","BG",2008,NA
"NAC","P_SAL_H","250-499","C23","D111","BG",2008,NA
"NAC","P_SAL_H","250-499","C23","D1111","BG",2008,NA
"NAC","P_SAL_H","250-499","C24","D01","BG",2008,NA
"NAC","P_SAL_H","250-499","C24","D111","BG",2008,NA
"NAC","P_SAL_H","250-499","C24","D1111","BG",2008,NA
"NAC","P_SAL_H","250-499","C25","D01","BG",2008,5.27
"NAC","P_SAL_H","250-499","C25","D111","BG",2008,4.34
"NAC","P_SAL_H","250-499","C25","D1111","BG",2008,3.79
"NAC","P_SAL_H","250-499","C26","D01","BG",2008,6.06
"NAC","P_SAL_H","250-499","C26","D111","BG",2008,5
"NAC","P_SAL_H","250-499","C26","D1111","BG",2008,4.36
"NAC","P_SAL_H","250-499","C27","D01","BG",2008,5.41
"NAC","P_SAL_H","250-499","C27","D111","BG",2008,4.43
"NAC","P_SAL_H","250-499","C27","D1111","BG",2008,3.87
"NAC","P_SAL_H","250-499","C28","D01","BG",2008,5.24
"NAC","P_SAL_H","250-499","C28","D111","BG",2008,4.27
"NAC","P_SAL_H","250-499","C28","D1111","BG",2008,3.84
"NAC","P_SAL_H","250-499","C29","D01","BG",2008,NA
"NAC","P_SAL_H","250-499","C29","D111","BG",2008,NA
"NAC","P_SAL_H","250-499","C29","D1111","BG",2008,NA
"NAC","P_SAL_H","250-499","C30","D01","BG",2008,NA
"NAC","P_SAL_H","250-499","C30","D111","BG",2008,NA
"NAC","P_SAL_H","250-499","C30","D1111","BG",2008,NA
"NAC","P_SAL_H","250-499","C31","D01","BG",2008,3.07
"NAC","P_SAL_H","250-499","C31","D111","BG",2008,2.51
"NAC","P_SAL_H","250-499","C31","D1111","BG",2008,2.29
"NAC","P_SAL_H","250-499","C32","D01","BG",2008,NA
"NAC","P_SAL_H","250-499","C32","D111","BG",2008,NA
"NAC","P_SAL_H","250-499","C32","D1111","BG",2008,NA
"NAC","P_SAL_H","250-499","C33","D01","BG",2008,NA
"NAC","P_SAL_H","250-499","C33","D111","BG",2008,NA
"NAC","P_SAL_H","250-499","C33","D1111","BG",2008,NA
"NAC","P_SAL_H","250-499","D","D01","BG",2008,13.99
"NAC","P_SAL_H","250-499","D","D111","BG",2008,10.57
"NAC","P_SAL_H","250-499","D","D1111","BG",2008,7.55
"NAC","P_SAL_H","250-499","D35","D01","BG",2008,13.99
"NAC","P_SAL_H","250-499","D35","D111","BG",2008,10.57
"NAC","P_SAL_H","250-499","D35","D1111","BG",2008,7.55
"NAC","P_SAL_H","250-499","E","D01","BG",2008,NA
"NAC","P_SAL_H","250-499","E","D111","BG",2008,NA
"NAC","P_SAL_H","250-499","E","D1111","BG",2008,NA
"NAC","P_SAL_H","250-499","E36","D01","BG",2008,NA
"NAC","P_SAL_H","250-499","E36","D111","BG",2008,NA
"NAC","P_SAL_H","250-499","E36","D1111","BG",2008,NA
"NAC","P_SAL_H","250-499","E37","D01","BG",2008,NA
"NAC","P_SAL_H","250-499","E37","D111","BG",2008,NA
"NAC","P_SAL_H","250-499","E37","D1111","BG",2008,NA
"NAC","P_SAL_H","250-499","E38","D01","BG",2008,5.96
"NAC","P_SAL_H","250-499","E38","D111","BG",2008,4.83
"NAC","P_SAL_H","250-499","E38","D1111","BG",2008,4.26
"NAC","P_SAL_H","250-499","F","D01","BG",2008,4.86
"NAC","P_SAL_H","250-499","F","D111","BG",2008,3.97
"NAC","P_SAL_H","250-499","F","D1111","BG",2008,3.66
"NAC","P_SAL_H","250-499","F41","D01","BG",2008,3.96
"NAC","P_SAL_H","250-499","F41","D111","BG",2008,3.29
"NAC","P_SAL_H","250-499","F41","D1111","BG",2008,3.03
"NAC","P_SAL_H","250-499","F42","D01","BG",2008,NA
"NAC","P_SAL_H","250-499","F42","D111","BG",2008,NA
"NAC","P_SAL_H","250-499","F42","D1111","BG",2008,NA
"NAC","P_SAL_H","250-499","F43","D01","BG",2008,NA
"NAC","P_SAL_H","250-499","F43","D111","BG",2008,NA
"NAC","P_SAL_H","250-499","F43","D1111","BG",2008,NA
"NAC","P_SAL_H","250-499","G","D01","BG",2008,5.32
"NAC","P_SAL_H","250-499","G","D111","BG",2008,4.46
"NAC","P_SAL_H","250-499","G","D1111","BG",2008,4.19
"NAC","P_SAL_H","250-499","G-J","D01","BG",2008,6.65
"NAC","P_SAL_H","250-499","G-J","D111","BG",2008,5.5
"NAC","P_SAL_H","250-499","G-J","D1111","BG",2008,4.85
"NAC","P_SAL_H","250-499","G-N","D01","BG",2008,6.19
"NAC","P_SAL_H","250-499","G-N","D111","BG",2008,5.15
"NAC","P_SAL_H","250-499","G-N","D1111","BG",2008,4.61
"NAC","P_SAL_H","250-499","G-S_X_O","D01","BG",2008,6.03
"NAC","P_SAL_H","250-499","G-S_X_O","D111","BG",2008,5
"NAC","P_SAL_H","250-499","G-S_X_O","D1111","BG",2008,4.45
"NAC","P_SAL_H","250-499","G45","D01","BG",2008,NA
"NAC","P_SAL_H","250-499","G45","D111","BG",2008,NA
"NAC","P_SAL_H","250-499","G45","D1111","BG",2008,NA
"NAC","P_SAL_H","250-499","G46","D01","BG",2008,7.85
"NAC","P_SAL_H","250-499","G46","D111","BG",2008,6.66
"NAC","P_SAL_H","250-499","G46","D1111","BG",2008,6.26
"NAC","P_SAL_H","250-499","G47","D01","BG",2008,3.78
"NAC","P_SAL_H","250-499","G47","D111","BG",2008,3.12
"NAC","P_SAL_H","250-499","G47","D1111","BG",2008,2.92
"NAC","P_SAL_H","250-499","H","D01","BG",2008,6.31
"NAC","P_SAL_H","250-499","H","D111","BG",2008,5.15
"NAC","P_SAL_H","250-499","H","D1111","BG",2008,4.25
"NAC","P_SAL_H","250-499","H49","D01","BG",2008,5.9
"NAC","P_SAL_H","250-499","H49","D111","BG",2008,4.74
"NAC","P_SAL_H","250-499","H49","D1111","BG",2008,3.94
"NAC","P_SAL_H","250-499","H50","D01","BG",2008,NA
"NAC","P_SAL_H","250-499","H50","D111","BG",2008,NA
"NAC","P_SAL_H","250-499","H50","D1111","BG",2008,NA
"NAC","P_SAL_H","250-499","H51","D01","BG",2008,NA
"NAC","P_SAL_H","250-499","H51","D111","BG",2008,NA
"NAC","P_SAL_H","250-499","H51","D1111","BG",2008,NA
"NAC","P_SAL_H","250-499","H52","D01","BG",2008,5.77
"NAC","P_SAL_H","250-499","H52","D111","BG",2008,5.01
"NAC","P_SAL_H","250-499","H52","D1111","BG",2008,3.97
"NAC","P_SAL_H","250-499","H53","D01","BG",2008,5.64
"NAC","P_SAL_H","250-499","H53","D111","BG",2008,4.68
"NAC","P_SAL_H","250-499","H53","D1111","BG",2008,3.82
"NAC","P_SAL_H","250-499","I","D01","BG",2008,3.83
"NAC","P_SAL_H","250-499","I","D111","BG",2008,3.14
"NAC","P_SAL_H","250-499","I","D1111","BG",2008,2.9
"NAC","P_SAL_H","250-499","I55","D01","BG",2008,NA
"NAC","P_SAL_H","250-499","I55","D111","BG",2008,NA
"NAC","P_SAL_H","250-499","I55","D1111","BG",2008,NA
"NAC","P_SAL_H","250-499","I56","D01","BG",2008,NA
"NAC","P_SAL_H","250-499","I56","D111","BG",2008,NA
"NAC","P_SAL_H","250-499","I56","D1111","BG",2008,NA
"NAC","P_SAL_H","250-499","J","D01","BG",2008,13.28
"NAC","P_SAL_H","250-499","J","D111","BG",2008,11.06
"NAC","P_SAL_H","250-499","J","D1111","BG",2008,9.77
"NAC","P_SAL_H","250-499","J58","D01","BG",2008,NA
"NAC","P_SAL_H","250-499","J58","D111","BG",2008,NA
"NAC","P_SAL_H","250-499","J58","D1111","BG",2008,NA
"NAC","P_SAL_H","250-499","J60","D01","BG",2008,NA
"NAC","P_SAL_H","250-499","J60","D111","BG",2008,NA
"NAC","P_SAL_H","250-499","J60","D1111","BG",2008,NA
"NAC","P_SAL_H","250-499","J61","D01","BG",2008,7.19
"NAC","P_SAL_H","250-499","J61","D111","BG",2008,5.82
"NAC","P_SAL_H","250-499","J61","D1111","BG",2008,5.4
"NAC","P_SAL_H","250-499","J62","D01","BG",2008,NA
"NAC","P_SAL_H","250-499","J62","D111","BG",2008,NA
"NAC","P_SAL_H","250-499","J62","D1111","BG",2008,NA
"NAC","P_SAL_H","250-499","J63","D01","BG",2008,10.77
"NAC","P_SAL_H","250-499","J63","D111","BG",2008,9.26
"NAC","P_SAL_H","250-499","J63","D1111","BG",2008,8.5
"NAC","P_SAL_H","250-499","K","D01","BG",2008,9.79
"NAC","P_SAL_H","250-499","K","D111","BG",2008,8.26
"NAC","P_SAL_H","250-499","K","D1111","BG",2008,7.56
"NAC","P_SAL_H","250-499","K-N","D01","BG",2008,5.55
"NAC","P_SAL_H","250-499","K-N","D111","BG",2008,4.68
"NAC","P_SAL_H","250-499","K-N","D1111","BG",2008,4.29
"NAC","P_SAL_H","250-499","K64","D01","BG",2008,9.71
"NAC","P_SAL_H","250-499","K64","D111","BG",2008,8.12
"NAC","P_SAL_H","250-499","K64","D1111","BG",2008,7.37
"NAC","P_SAL_H","250-499","K65","D01","BG",2008,9.93
"NAC","P_SAL_H","250-499","K65","D111","BG",2008,8.49
"NAC","P_SAL_H","250-499","K65","D1111","BG",2008,7.9
"NAC","P_SAL_H","250-499","K66","D01","BG",2008,NA
"NAC","P_SAL_H","250-499","K66","D111","BG",2008,NA
"NAC","P_SAL_H","250-499","K66","D1111","BG",2008,NA
"NAC","P_SAL_H","250-499","L","D01","BG",2008,NA
"NAC","P_SAL_H","250-499","L","D111","BG",2008,NA
"NAC","P_SAL_H","250-499","L","D1111","BG",2008,NA
"NAC","P_SAL_H","250-499","L68","D01","BG",2008,NA
"NAC","P_SAL_H","250-499","L68","D111","BG",2008,NA
"NAC","P_SAL_H","250-499","L68","D1111","BG",2008,NA
"NAC","P_SAL_H","250-499","M","D01","BG",2008,NA
"NAC","P_SAL_H","250-499","M","D111","BG",2008,NA
"NAC","P_SAL_H","250-499","M","D1111","BG",2008,NA
"NAC","P_SAL_H","250-499","M69","D01","BG",2008,NA
"NAC","P_SAL_H","250-499","M69","D111","BG",2008,NA
"NAC","P_SAL_H","250-499","M69","D1111","BG",2008,NA
"NAC","P_SAL_H","250-499","M70","D01","BG",2008,NA
"NAC","P_SAL_H","250-499","M70","D111","BG",2008,NA
"NAC","P_SAL_H","250-499","M70","D1111","BG",2008,NA
"NAC","P_SAL_H","250-499","M71","D01","BG",2008,8.06
"NAC","P_SAL_H","250-499","M71","D111","BG",2008,6.47
"NAC","P_SAL_H","250-499","M71","D1111","BG",2008,5.6
"NAC","P_SAL_H","250-499","M72","D01","BG",2008,5.23
"NAC","P_SAL_H","250-499","M72","D111","BG",2008,4.26
"NAC","P_SAL_H","250-499","M72","D1111","BG",2008,3.7
"NAC","P_SAL_H","250-499","M73","D01","BG",2008,NA
"NAC","P_SAL_H","250-499","M73","D111","BG",2008,NA
"NAC","P_SAL_H","250-499","M73","D1111","BG",2008,NA
"NAC","P_SAL_H","250-499","M74","D01","BG",2008,NA
"NAC","P_SAL_H","250-499","M74","D111","BG",2008,NA
"NAC","P_SAL_H","250-499","M74","D1111","BG",2008,NA
"NAC","P_SAL_H","250-499","N","D01","BG",2008,2.95
"NAC","P_SAL_H","250-499","N","D111","BG",2008,2.52
"NAC","P_SAL_H","250-499","N","D1111","BG",2008,2.36
"NAC","P_SAL_H","250-499","N78","D01","BG",2008,NA
"NAC","P_SAL_H","250-499","N78","D111","BG",2008,NA
"NAC","P_SAL_H","250-499","N78","D1111","BG",2008,NA
"NAC","P_SAL_H","250-499","N80","D01","BG",2008,2.78
"NAC","P_SAL_H","250-499","N80","D111","BG",2008,2.29
"NAC","P_SAL_H","250-499","N80","D1111","BG",2008,2.14
"NAC","P_SAL_H","250-499","N81","D01","BG",2008,NA
"NAC","P_SAL_H","250-499","N81","D111","BG",2008,NA
"NAC","P_SAL_H","250-499","N81","D1111","BG",2008,NA
"NAC","P_SAL_H","250-499","N82","D01","BG",2008,NA
"NAC","P_SAL_H","250-499","N82","D111","BG",2008,NA
"NAC","P_SAL_H","250-499","N82","D1111","BG",2008,NA
"NAC","P_SAL_H","250-499","O","D01","BG",2008,7.26
"NAC","P_SAL_H","250-499","O","D111","BG",2008,5.71
"NAC","P_SAL_H","250-499","O","D1111","BG",2008,5.13
"NAC","P_SAL_H","250-499","O-S","D01","BG",2008,6.33
"NAC","P_SAL_H","250-499","O-S","D111","BG",2008,5.07
"NAC","P_SAL_H","250-499","O-S","D1111","BG",2008,4.49
"NAC","P_SAL_H","250-499","O84","D01","BG",2008,7.26
"NAC","P_SAL_H","250-499","O84","D111","BG",2008,5.71
"NAC","P_SAL_H","250-499","O84","D1111","BG",2008,5.13
"NAC","P_SAL_H","250-499","P","D01","BG",2008,6.03
"NAC","P_SAL_H","250-499","P","D111","BG",2008,4.94
"NAC","P_SAL_H","250-499","P","D1111","BG",2008,4.18
"NAC","P_SAL_H","250-499","P-S","D01","BG",2008,5.61
"NAC","P_SAL_H","250-499","P-S","D111","BG",2008,4.58
"NAC","P_SAL_H","250-499","P-S","D1111","BG",2008,3.99
"NAC","P_SAL_H","250-499","P85","D01","BG",2008,6.03
"NAC","P_SAL_H","250-499","P85","D111","BG",2008,4.94
"NAC","P_SAL_H","250-499","P85","D1111","BG",2008,4.18
"NAC","P_SAL_H","250-499","Q","D01","BG",2008,5.7
"NAC","P_SAL_H","250-499","Q","D111","BG",2008,4.65
"NAC","P_SAL_H","250-499","Q","D1111","BG",2008,4.15
"NAC","P_SAL_H","250-499","Q86","D01","BG",2008,6.13
"NAC","P_SAL_H","250-499","Q86","D111","BG",2008,5
"NAC","P_SAL_H","250-499","Q86","D1111","BG",2008,4.48
"NAC","P_SAL_H","250-499","Q87","D01","BG",2008,NA
"NAC","P_SAL_H","250-499","Q87","D111","BG",2008,NA
"NAC","P_SAL_H","250-499","Q87","D1111","BG",2008,NA
"NAC","P_SAL_H","250-499","Q88","D01","BG",2008,NA
"NAC","P_SAL_H","250-499","Q88","D111","BG",2008,NA
"NAC","P_SAL_H","250-499","Q88","D1111","BG",2008,NA
"NAC","P_SAL_H","250-499","R","D01","BG",2008,4.01
"NAC","P_SAL_H","250-499","R","D111","BG",2008,3.26
"NAC","P_SAL_H","250-499","R","D1111","BG",2008,2.88
"NAC","P_SAL_H","250-499","R90","D01","BG",2008,5.74
"NAC","P_SAL_H","250-499","R90","D111","BG",2008,4.63
"NAC","P_SAL_H","250-499","R90","D1111","BG",2008,3.94
"NAC","P_SAL_H","250-499","R91","D01","BG",2008,NA
"NAC","P_SAL_H","250-499","R91","D111","BG",2008,NA
"NAC","P_SAL_H","250-499","R91","D1111","BG",2008,NA
"NAC","P_SAL_H","250-499","R92","D01","BG",2008,3.08
"NAC","P_SAL_H","250-499","R92","D111","BG",2008,2.51
"NAC","P_SAL_H","250-499","R92","D1111","BG",2008,2.33
"NAC","P_SAL_H","250-499","R93","D01","BG",2008,NA
"NAC","P_SAL_H","250-499","R93","D111","BG",2008,NA
"NAC","P_SAL_H","250-499","R93","D1111","BG",2008,NA
"NAC","P_SAL_H","250-499","S","D01","BG",2008,NA
"NAC","P_SAL_H","250-499","S","D111","BG",2008,NA
"NAC","P_SAL_H","250-499","S","D1111","BG",2008,NA
"NAC","P_SAL_H","250-499","S94","D01","BG",2008,NA
"NAC","P_SAL_H","250-499","S94","D111","BG",2008,NA
"NAC","P_SAL_H","250-499","S94","D1111","BG",2008,NA
"NAC","P_SAL_H","50-249","B","D01","BG",2008,5.58
"NAC","P_SAL_H","50-249","B","D111","BG",2008,4.29
"NAC","P_SAL_H","50-249","B","D1111","BG",2008,3.84
"NAC","P_SAL_H","50-249","B-E","D01","BG",2008,3.98
"NAC","P_SAL_H","50-249","B-E","D111","BG",2008,3.22
"NAC","P_SAL_H","50-249","B-E","D1111","BG",2008,2.87
"NAC","P_SAL_H","50-249","B-F","D01","BG",2008,4.01
"NAC","P_SAL_H","50-249","B-F","D111","BG",2008,3.25
"NAC","P_SAL_H","50-249","B-F","D1111","BG",2008,2.94
"NAC","P_SAL_H","50-249","B-N","D01","BG",2008,4.57
"NAC","P_SAL_H","50-249","B-N","D111","BG",2008,3.78
"NAC","P_SAL_H","50-249","B-N","D1111","BG",2008,3.42
"NAC","P_SAL_H","50-249","B-S","D01","BG",2008,4.79
"NAC","P_SAL_H","50-249","B-S","D111","BG",2008,3.92
"NAC","P_SAL_H","50-249","B-S","D1111","BG",2008,3.52
"NAC","P_SAL_H","50-249","B-S_X_O","D01","BG",2008,4.69
"NAC","P_SAL_H","50-249","B-S_X_O","D111","BG",2008,3.85
"NAC","P_SAL_H","50-249","B-S_X_O","D1111","BG",2008,3.46
"NAC","P_SAL_H","50-249","B05","D01","BG",2008,3.75
"NAC","P_SAL_H","50-249","B05","D111","BG",2008,2.73
"NAC","P_SAL_H","50-249","B05","D1111","BG",2008,2.54
"NAC","P_SAL_H","50-249","B07","D01","BG",2008,NA
"NAC","P_SAL_H","50-249","B07","D111","BG",2008,NA
"NAC","P_SAL_H","50-249","B07","D1111","BG",2008,NA
"NAC","P_SAL_H","50-249","B08","D01","BG",2008,5.78
"NAC","P_SAL_H","50-249","B08","D111","BG",2008,4.49
"NAC","P_SAL_H","50-249","B08","D1111","BG",2008,4.01
"NAC","P_SAL_H","50-249","B09","D01","BG",2008,NA
"NAC","P_SAL_H","50-249","B09","D111","BG",2008,NA
"NAC","P_SAL_H","50-249","B09","D1111","BG",2008,NA
"NAC","P_SAL_H","50-249","C","D01","BG",2008,3.71
"NAC","P_SAL_H","50-249","C","D111","BG",2008,3.01
"NAC","P_SAL_H","50-249","C","D1111","BG",2008,2.73
"NAC","P_SAL_H","50-249","C10","D01","BG",2008,3.45
"NAC","P_SAL_H","50-249","C10","D111","BG",2008,2.83
"NAC","P_SAL_H","50-249","C10","D1111","BG",2008,2.63
"NAC","P_SAL_H","50-249","C11","D01","BG",2008,3.9
"NAC","P_SAL_H","50-249","C11","D111","BG",2008,3.19
"NAC","P_SAL_H","50-249","C11","D1111","BG",2008,2.85
"NAC","P_SAL_H","50-249","C12","D01","BG",2008,12.56
"NAC","P_SAL_H","50-249","C12","D111","BG",2008,4.82
"NAC","P_SAL_H","50-249","C12","D1111","BG",2008,4.04
"NAC","P_SAL_H","50-249","C13","D01","BG",2008,3.64
"NAC","P_SAL_H","50-249","C13","D111","BG",2008,2.91
"NAC","P_SAL_H","50-249","C13","D1111","BG",2008,2.66
"NAC","P_SAL_H","50-249","C14","D01","BG",2008,2.64
"NAC","P_SAL_H","50-249","C14","D111","BG",2008,2.16
"NAC","P_SAL_H","50-249","C14","D1111","BG",2008,1.96
"NAC","P_SAL_H","50-249","C15","D01","BG",2008,2.57
"NAC","P_SAL_H","50-249","C15","D111","BG",2008,2.11
"NAC","P_SAL_H","50-249","C15","D1111","BG",2008,1.92
"NAC","P_SAL_H","50-249","C16","D01","BG",2008,3.63
"NAC","P_SAL_H","50-249","C16","D111","BG",2008,2.96
"NAC","P_SAL_H","50-249","C16","D1111","BG",2008,2.69
"NAC","P_SAL_H","50-249","C17","D01","BG",2008,3.47
"NAC","P_SAL_H","50-249","C17","D111","BG",2008,2.83
"NAC","P_SAL_H","50-249","C17","D1111","BG",2008,2.48
"NAC","P_SAL_H","50-249","C18","D01","BG",2008,4.9
"NAC","P_SAL_H","50-249","C18","D111","BG",2008,4.11
"NAC","P_SAL_H","50-249","C18","D1111","BG",2008,3.75
"NAC","P_SAL_H","50-249","C19","D01","BG",2008,5.2
"NAC","P_SAL_H","50-249","C19","D111","BG",2008,4.25
"NAC","P_SAL_H","50-249","C19","D1111","BG",2008,3.91
"NAC","P_SAL_H","50-249","C20","D01","BG",2008,4.81
"NAC","P_SAL_H","50-249","C20","D111","BG",2008,3.94
"NAC","P_SAL_H","50-249","C20","D1111","BG",2008,3.5
"NAC","P_SAL_H","50-249","C21","D01","BG",2008,5.4
"NAC","P_SAL_H","50-249","C21","D111","BG",2008,4.44
"NAC","P_SAL_H","50-249","C21","D1111","BG",2008,4.03
"NAC","P_SAL_H","50-249","C22","D01","BG",2008,3.58
"NAC","P_SAL_H","50-249","C22","D111","BG",2008,2.95
"NAC","P_SAL_H","50-249","C22","D1111","BG",2008,2.71
"NAC","P_SAL_H","50-249","C23","D01","BG",2008,5.15
"NAC","P_SAL_H","50-249","C23","D111","BG",2008,4.16
"NAC","P_SAL_H","50-249","C23","D1111","BG",2008,3.78
"NAC","P_SAL_H","50-249","C24","D01","BG",2008,5.26
"NAC","P_SAL_H","50-249","C24","D111","BG",2008,4.13
"NAC","P_SAL_H","50-249","C24","D1111","BG",2008,3.65
"NAC","P_SAL_H","50-249","C25","D01","BG",2008,4.14
"NAC","P_SAL_H","50-249","C25","D111","BG",2008,3.37
"NAC","P_SAL_H","50-249","C25","D1111","BG",2008,3.04
"NAC","P_SAL_H","50-249","C26","D01","BG",2008,5.62
"NAC","P_SAL_H","50-249","C26","D111","BG",2008,4.64
"NAC","P_SAL_H","50-249","C26","D1111","BG",2008,4.04
"NAC","P_SAL_H","50-249","C27","D01","BG",2008,4.33
"NAC","P_SAL_H","50-249","C27","D111","BG",2008,3.54
"NAC","P_SAL_H","50-249","C27","D1111","BG",2008,3.19
"NAC","P_SAL_H","50-249","C28","D01","BG",2008,4.72
"NAC","P_SAL_H","50-249","C28","D111","BG",2008,3.88
"NAC","P_SAL_H","50-249","C28","D1111","BG",2008,3.48
"NAC","P_SAL_H","50-249","C29","D01","BG",2008,4.38
"NAC","P_SAL_H","50-249","C29","D111","BG",2008,3.61
"NAC","P_SAL_H","50-249","C29","D1111","BG",2008,3.17
"NAC","P_SAL_H","50-249","C30","D01","BG",2008,5.25
"NAC","P_SAL_H","50-249","C30","D111","BG",2008,4.25
"NAC","P_SAL_H","50-249","C30","D1111","BG",2008,3.78
"NAC","P_SAL_H","50-249","C31","D01","BG",2008,2.85
"NAC","P_SAL_H","50-249","C31","D111","BG",2008,2.33
"NAC","P_SAL_H","50-249","C31","D1111","BG",2008,2.13
"NAC","P_SAL_H","50-249","C32","D01","BG",2008,4.51
"NAC","P_SAL_H","50-249","C32","D111","BG",2008,3.76
"NAC","P_SAL_H","50-249","C32","D1111","BG",2008,3.37
"NAC","P_SAL_H","50-249","C33","D01","BG",2008,5.7
"NAC","P_SAL_H","50-249","C33","D111","BG",2008,4.65
"NAC","P_SAL_H","50-249","C33","D1111","BG",2008,4.2
"NAC","P_SAL_H","50-249","D","D01","BG",2008,10.71
"NAC","P_SAL_H","50-249","D","D111","BG",2008,8.37
"NAC","P_SAL_H","50-249","D","D1111","BG",2008,6.48
"NAC","P_SAL_H","50-249","D35","D01","BG",2008,10.71
"NAC","P_SAL_H","50-249","D35","D111","BG",2008,8.37
"NAC","P_SAL_H","50-249","D35","D1111","BG",2008,6.48
"NAC","P_SAL_H","50-249","E","D01","BG",2008,4.57
"NAC","P_SAL_H","50-249","E","D111","BG",2008,3.71
"NAC","P_SAL_H","50-249","E","D1111","BG",2008,3.06
"NAC","P_SAL_H","50-249","E36","D01","BG",2008,5.59
"NAC","P_SAL_H","50-249","E36","D111","BG",2008,4.51
"NAC","P_SAL_H","50-249","E36","D1111","BG",2008,3.48
"NAC","P_SAL_H","50-249","E37","D01","BG",2008,NA
"NAC","P_SAL_H","50-249","E37","D111","BG",2008,NA
"NAC","P_SAL_H","50-249","E37","D1111","BG",2008,NA
"NAC","P_SAL_H","50-249","E38","D01","BG",2008,3.44
"NAC","P_SAL_H","50-249","E38","D111","BG",2008,2.81
"NAC","P_SAL_H","50-249","E38","D1111","BG",2008,2.58
"NAC","P_SAL_H","50-249","E39","D01","BG",2008,5.34
"NAC","P_SAL_H","50-249","E39","D111","BG",2008,4.38
"NAC","P_SAL_H","50-249","E39","D1111","BG",2008,3.88
"NAC","P_SAL_H","50-249","F","D01","BG",2008,4.1
"NAC","P_SAL_H","50-249","F","D111","BG",2008,3.35
"NAC","P_SAL_H","50-249","F","D1111","BG",2008,3.11
"NAC","P_SAL_H","50-249","F41","D01","BG",2008,3.55
"NAC","P_SAL_H","50-249","F41","D111","BG",2008,2.91
"NAC","P_SAL_H","50-249","F41","D1111","BG",2008,2.71
"NAC","P_SAL_H","50-249","F42","D01","BG",2008,4.96
"NAC","P_SAL_H","50-249","F42","D111","BG",2008,4
"NAC","P_SAL_H","50-249","F42","D1111","BG",2008,3.67
"NAC","P_SAL_H","50-249","F43","D01","BG",2008,4.89
"NAC","P_SAL_H","50-249","F43","D111","BG",2008,4.03
"NAC","P_SAL_H","50-249","F43","D1111","BG",2008,3.75
"NAC","P_SAL_H","50-249","G","D01","BG",2008,5.1
"NAC","P_SAL_H","50-249","G","D111","BG",2008,4.3
"NAC","P_SAL_H","50-249","G","D1111","BG",2008,4
"NAC","P_SAL_H","50-249","G-J","D01","BG",2008,5.45
"NAC","P_SAL_H","50-249","G-J","D111","BG",2008,4.56
"NAC","P_SAL_H","50-249","G-J","D1111","BG",2008,4.17
"NAC","P_SAL_H","50-249","G-N","D01","BG",2008,5.39
"NAC","P_SAL_H","50-249","G-N","D111","BG",2008,4.54
"NAC","P_SAL_H","50-249","G-N","D1111","BG",2008,4.13
"NAC","P_SAL_H","50-249","G-S_X_O","D01","BG",2008,5.33
"NAC","P_SAL_H","50-249","G-S_X_O","D111","BG",2008,4.42
"NAC","P_SAL_H","50-249","G-S_X_O","D1111","BG",2008,3.95
"NAC","P_SAL_H","50-249","G45","D01","BG",2008,7.27
"NAC","P_SAL_H","50-249","G45","D111","BG",2008,6.15
"NAC","P_SAL_H","50-249","G45","D1111","BG",2008,5.7
"NAC","P_SAL_H","50-249","G46","D01","BG",2008,5.48
"NAC","P_SAL_H","50-249","G46","D111","BG",2008,4.64
"NAC","P_SAL_H","50-249","G46","D1111","BG",2008,4.33
"NAC","P_SAL_H","50-249","G47","D01","BG",2008,3.86
"NAC","P_SAL_H","50-249","G47","D111","BG",2008,3.21
"NAC","P_SAL_H","50-249","G47","D1111","BG",2008,2.99
"NAC","P_SAL_H","50-249","H","D01","BG",2008,5.59
"NAC","P_SAL_H","50-249","H","D111","BG",2008,4.62
"NAC","P_SAL_H","50-249","H","D1111","BG",2008,3.98
"NAC","P_SAL_H","50-249","H49","D01","BG",2008,4.22
"NAC","P_SAL_H","50-249","H49","D111","BG",2008,3.36
"NAC","P_SAL_H","50-249","H49","D1111","BG",2008,3.01
"NAC","P_SAL_H","50-249","H50","D01","BG",2008,8.22
"NAC","P_SAL_H","50-249","H50","D111","BG",2008,6.62
"NAC","P_SAL_H","50-249","H50","D1111","BG",2008,5.49
"NAC","P_SAL_H","50-249","H51","D01","BG",2008,14.21
"NAC","P_SAL_H","50-249","H51","D111","BG",2008,11.51
"NAC","P_SAL_H","50-249","H51","D1111","BG",2008,10.5
"NAC","P_SAL_H","50-249","H52","D01","BG",2008,7.82
"NAC","P_SAL_H","50-249","H52","D111","BG",2008,6.77
"NAC","P_SAL_H","50-249","H52","D1111","BG",2008,5.68
"NAC","P_SAL_H","50-249","H53","D01","BG",2008,4.73
"NAC","P_SAL_H","50-249","H53","D111","BG",2008,3.87
"NAC","P_SAL_H","50-249","H53","D1111","BG",2008,3.09
"NAC","P_SAL_H","50-249","I","D01","BG",2008,3.35
"NAC","P_SAL_H","50-249","I","D111","BG",2008,2.74
"NAC","P_SAL_H","50-249","I","D1111","BG",2008,2.54
"NAC","P_SAL_H","50-249","I55","D01","BG",2008,3.77
"NAC","P_SAL_H","50-249","I55","D111","BG",2008,3.08
"NAC","P_SAL_H","50-249","I55","D1111","BG",2008,2.85
"NAC","P_SAL_H","50-249","I56","D01","BG",2008,2.65
"NAC","P_SAL_H","50-249","I56","D111","BG",2008,2.17
"NAC","P_SAL_H","50-249","I56","D1111","BG",2008,2.02
"NAC","P_SAL_H","50-249","J","D01","BG",2008,10.15
"NAC","P_SAL_H","50-249","J","D111","BG",2008,8.63
"NAC","P_SAL_H","50-249","J","D1111","BG",2008,7.98
"NAC","P_SAL_H","50-249","J58","D01","BG",2008,6.68
"NAC","P_SAL_H","50-249","J58","D111","BG",2008,5.68
"NAC","P_SAL_H","50-249","J58","D1111","BG",2008,5.27
"NAC","P_SAL_H","50-249","J59","D01","BG",2008,7.68
"NAC","P_SAL_H","50-249","J59","D111","BG",2008,6.38
"NAC","P_SAL_H","50-249","J59","D1111","BG",2008,5.96
"NAC","P_SAL_H","50-249","J60","D01","BG",2008,6.33
"NAC","P_SAL_H","50-249","J60","D111","BG",2008,5.3
"NAC","P_SAL_H","50-249","J60","D1111","BG",2008,4.99
"NAC","P_SAL_H","50-249","J61","D01","BG",2008,8.81
"NAC","P_SAL_H","50-249","J61","D111","BG",2008,7.21
"NAC","P_SAL_H","50-249","J61","D1111","BG",2008,6.68
"NAC","P_SAL_H","50-249","J62","D01","BG",2008,15.06
"NAC","P_SAL_H","50-249","J62","D111","BG",2008,13.1
"NAC","P_SAL_H","50-249","J62","D1111","BG",2008,12.14
"NAC","P_SAL_H","50-249","J63","D01","BG",2008,8.9
"NAC","P_SAL_H","50-249","J63","D111","BG",2008,7.48
"NAC","P_SAL_H","50-249","J63","D1111","BG",2008,6.65
"NAC","P_SAL_H","50-249","K","D01","BG",2008,10.77
"NAC","P_SAL_H","50-249","K","D111","BG",2008,9.07
"NAC","P_SAL_H","50-249","K","D1111","BG",2008,8.15
"NAC","P_SAL_H","50-249","K-N","D01","BG",2008,5.27
"NAC","P_SAL_H","50-249","K-N","D111","BG",2008,4.49
"NAC","P_SAL_H","50-249","K-N","D1111","BG",2008,4.07
"NAC","P_SAL_H","50-249","K64","D01","BG",2008,10.48
"NAC","P_SAL_H","50-249","K64","D111","BG",2008,8.86
"NAC","P_SAL_H","50-249","K64","D1111","BG",2008,7.89
"NAC","P_SAL_H","50-249","K65","D01","BG",2008,12.76
"NAC","P_SAL_H","50-249","K65","D111","BG",2008,10.69
"NAC","P_SAL_H","50-249","K65","D1111","BG",2008,10.03
"NAC","P_SAL_H","50-249","K66","D01","BG",2008,10.94
"NAC","P_SAL_H","50-249","K66","D111","BG",2008,8.89
"NAC","P_SAL_H","50-249","K66","D1111","BG",2008,8.04
"NAC","P_SAL_H","50-249","L","D01","BG",2008,NA
"NAC","P_SAL_H","50-249","L","D111","BG",2008,NA
"NAC","P_SAL_H","50-249","L","D1111","BG",2008,NA
"NAC","P_SAL_H","50-249","L68","D01","BG",2008,NA
"NAC","P_SAL_H","50-249","L68","D111","BG",2008,NA
"NAC","P_SAL_H","50-249","L68","D1111","BG",2008,NA
"NAC","P_SAL_H","50-249","M","D01","BG",2008,8.46
"NAC","P_SAL_H","50-249","M","D111","BG",2008,7.12
"NAC","P_SAL_H","50-249","M","D1111","BG",2008,6.39
"NAC","P_SAL_H","50-249","M69","D01","BG",2008,NA
"NAC","P_SAL_H","50-249","M69","D111","BG",2008,NA
"NAC","P_SAL_H","50-249","M69","D1111","BG",2008,NA
"NAC","P_SAL_H","50-249","M70","D01","BG",2008,NA
"NAC","P_SAL_H","50-249","M70","D111","BG",2008,NA
"NAC","P_SAL_H","50-249","M70","D1111","BG",2008,NA
"NAC","P_SAL_H","50-249","M71","D01","BG",2008,9.83
"NAC","P_SAL_H","50-249","M71","D111","BG",2008,8.23
"NAC","P_SAL_H","50-249","M71","D1111","BG",2008,7.2
"NAC","P_SAL_H","50-249","M72","D01","BG",2008,5.35
"NAC","P_SAL_H","50-249","M72","D111","BG",2008,4.39
"NAC","P_SAL_H","50-249","M72","D1111","BG",2008,3.83
"NAC","P_SAL_H","50-249","M73","D01","BG",2008,NA
"NAC","P_SAL_H","50-249","M73","D111","BG",2008,NA
"NAC","P_SAL_H","50-249","M73","D1111","BG",2008,NA
"NAC","P_SAL_H","50-249","M74","D01","BG",2008,NA
"NAC","P_SAL_H","50-249","M74","D111","BG",2008,NA
"NAC","P_SAL_H","50-249","M74","D1111","BG",2008,NA
"NAC","P_SAL_H","50-249","N","D01","BG",2008,2.31
"NAC","P_SAL_H","50-249","N","D111","BG",2008,2.04
"NAC","P_SAL_H","50-249","N","D1111","BG",2008,1.9
"NAC","P_SAL_H","50-249","N77","D01","BG",2008,7.61
"NAC","P_SAL_H","50-249","N77","D111","BG",2008,6.39
"NAC","P_SAL_H","50-249","N77","D1111","BG",2008,5.77
"NAC","P_SAL_H","50-249","N78","D01","BG",2008,6.82
"NAC","P_SAL_H","50-249","N78","D111","BG",2008,5.68
"NAC","P_SAL_H","50-249","N78","D1111","BG",2008,5.19
"NAC","P_SAL_H","50-249","N79","D01","BG",2008,3.93
"NAC","P_SAL_H","50-249","N79","D111","BG",2008,3.28
"NAC","P_SAL_H","50-249","N79","D1111","BG",2008,3.11
"NAC","P_SAL_H","50-249","N80","D01","BG",2008,2.21
"NAC","P_SAL_H","50-249","N80","D111","BG",2008,1.82
"NAC","P_SAL_H","50-249","N80","D1111","BG",2008,1.72
"NAC","P_SAL_H","50-249","N81","D01","BG",2008,1.78
"NAC","P_SAL_H","50-249","N81","D111","BG",2008,1.72
"NAC","P_SAL_H","50-249","N81","D1111","BG",2008,1.59
"NAC","P_SAL_H","50-249","N82","D01","BG",2008,6.04
"NAC","P_SAL_H","50-249","N82","D111","BG",2008,4.97
"NAC","P_SAL_H","50-249","N82","D1111","BG",2008,4.66
"NAC","P_SAL_H","50-249","O","D01","BG",2008,5.9
"NAC","P_SAL_H","50-249","O","D111","BG",2008,4.67
"NAC","P_SAL_H","50-249","O","D1111","BG",2008,4.2
"NAC","P_SAL_H","50-249","O-S","D01","BG",2008,5.44
"NAC","P_SAL_H","50-249","O-S","D111","BG",2008,4.36
"NAC","P_SAL_H","50-249","O-S","D1111","BG",2008,3.82
"NAC","P_SAL_H","50-249","O84","D01","BG",2008,5.9
"NAC","P_SAL_H","50-249","O84","D111","BG",2008,4.67
"NAC","P_SAL_H","50-249","O84","D1111","BG",2008,4.2
"NAC","P_SAL_H","50-249","P","D01","BG",2008,5.64
"NAC","P_SAL_H","50-249","P","D111","BG",2008,4.49
"NAC","P_SAL_H","50-249","P","D1111","BG",2008,3.72
"NAC","P_SAL_H","50-249","P-S","D01","BG",2008,5.2
"NAC","P_SAL_H","50-249","P-S","D111","BG",2008,4.2
"NAC","P_SAL_H","50-249","P-S","D1111","BG",2008,3.62
"NAC","P_SAL_H","50-249","P85","D01","BG",2008,5.64
"NAC","P_SAL_H","50-249","P85","D111","BG",2008,4.49
"NAC","P_SAL_H","50-249","P85","D1111","BG",2008,3.72
"NAC","P_SAL_H","50-249","Q","D01","BG",2008,4.8
"NAC","P_SAL_H","50-249","Q","D111","BG",2008,3.94
"NAC","P_SAL_H","50-249","Q","D1111","BG",2008,3.52
"NAC","P_SAL_H","50-249","Q86","D01","BG",2008,5.51
"NAC","P_SAL_H","50-249","Q86","D111","BG",2008,4.52
"NAC","P_SAL_H","50-249","Q86","D1111","BG",2008,4.06
"NAC","P_SAL_H","50-249","Q87","D01","BG",2008,3.84
"NAC","P_SAL_H","50-249","Q87","D111","BG",2008,3.16
"NAC","P_SAL_H","50-249","Q87","D1111","BG",2008,2.76
"NAC","P_SAL_H","50-249","Q88","D01","BG",2008,3.18
"NAC","P_SAL_H","50-249","Q88","D111","BG",2008,2.63
"NAC","P_SAL_H","50-249","Q88","D1111","BG",2008,2.32
"NAC","P_SAL_H","50-249","R","D01","BG",2008,4.65
"NAC","P_SAL_H","50-249","R","D111","BG",2008,3.89
"NAC","P_SAL_H","50-249","R","D1111","BG",2008,3.53
"NAC","P_SAL_H","50-249","R90","D01","BG",2008,4.17
"NAC","P_SAL_H","50-249","R90","D111","BG",2008,3.37
"NAC","P_SAL_H","50-249","R90","D1111","BG",2008,2.94
"NAC","P_SAL_H","50-249","R91","D01","BG",2008,NA
"NAC","P_SAL_H","50-249","R91","D111","BG",2008,NA
"NAC","P_SAL_H","50-249","R91","D1111","BG",2008,NA
"NAC","P_SAL_H","50-249","R92","D01","BG",2008,4.06
"NAC","P_SAL_H","50-249","R92","D111","BG",2008,3.37
"NAC","P_SAL_H","50-249","R92","D1111","BG",2008,3.11
"NAC","P_SAL_H","50-249","R93","D01","BG",2008,NA
"NAC","P_SAL_H","50-249","R93","D111","BG",2008,NA
"NAC","P_SAL_H","50-249","R93","D1111","BG",2008,NA
"NAC","P_SAL_H","50-249","S","D01","BG",2008,NA
"NAC","P_SAL_H","50-249","S","D111","BG",2008,NA
"NAC","P_SAL_H","50-249","S","D1111","BG",2008,NA
"NAC","P_SAL_H","50-249","S94","D01","BG",2008,NA
"NAC","P_SAL_H","50-249","S94","D111","BG",2008,NA
"NAC","P_SAL_H","50-249","S94","D1111","BG",2008,NA
"NAC","P_SAL_H","50-249","S95","D01","BG",2008,NA
"NAC","P_SAL_H","50-249","S95","D111","BG",2008,NA
"NAC","P_SAL_H","50-249","S95","D1111","BG",2008,NA
"NAC","P_SAL_H","50-249","S96","D01","BG",2008,4.19
"NAC","P_SAL_H","50-249","S96","D111","BG",2008,3.45
"NAC","P_SAL_H","50-249","S96","D1111","BG",2008,3.04
"NAC","P_SAL_H","500-999","B","D01","BG",2008,9.97
"NAC","P_SAL_H","500-999","B","D111","BG",2008,7.42
"NAC","P_SAL_H","500-999","B","D1111","BG",2008,6.3
"NAC","P_SAL_H","500-999","B-E","D01","BG",2008,6.47
"NAC","P_SAL_H","500-999","B-E","D111","BG",2008,5.09
"NAC","P_SAL_H","500-999","B-E","D1111","BG",2008,4.41
"NAC","P_SAL_H","500-999","B-F","D01","BG",2008,6.4
"NAC","P_SAL_H","500-999","B-F","D111","BG",2008,5.06
"NAC","P_SAL_H","500-999","B-F","D1111","BG",2008,4.43
"NAC","P_SAL_H","500-999","B-N","D01","BG",2008,6.95
"NAC","P_SAL_H","500-999","B-N","D111","BG",2008,5.59
"NAC","P_SAL_H","500-999","B-N","D1111","BG",2008,4.83
"NAC","P_SAL_H","500-999","B-S","D01","BG",2008,6.94
"NAC","P_SAL_H","500-999","B-S","D111","BG",2008,5.6
"NAC","P_SAL_H","500-999","B-S","D1111","BG",2008,4.88
"NAC","P_SAL_H","500-999","B-S_X_O","D01","BG",2008,6.83
"NAC","P_SAL_H","500-999","B-S_X_O","D111","BG",2008,5.52
"NAC","P_SAL_H","500-999","B-S_X_O","D1111","BG",2008,4.79
"NAC","P_SAL_H","500-999","B05","D01","BG",2008,NA
"NAC","P_SAL_H","500-999","B05","D111","BG",2008,NA
"NAC","P_SAL_H","500-999","B05","D1111","BG",2008,NA
"NAC","P_SAL_H","500-999","B06","D01","BG",2008,NA
"NAC","P_SAL_H","500-999","B06","D111","BG",2008,NA
"NAC","P_SAL_H","500-999","B06","D1111","BG",2008,NA
"NAC","P_SAL_H","500-999","B07","D01","BG",2008,11.79
"NAC","P_SAL_H","500-999","B07","D111","BG",2008,8.83
"NAC","P_SAL_H","500-999","B07","D1111","BG",2008,7.39
"NAC","P_SAL_H","500-999","B08","D01","BG",2008,NA
"NAC","P_SAL_H","500-999","B08","D111","BG",2008,NA
"NAC","P_SAL_H","500-999","B08","D1111","BG",2008,NA
"NAC","P_SAL_H","500-999","C","D01","BG",2008,5.95
"NAC","P_SAL_H","500-999","C","D111","BG",2008,4.74
"NAC","P_SAL_H","500-999","C","D1111","BG",2008,4.18
"NAC","P_SAL_H","500-999","C10","D01","BG",2008,NA
"NAC","P_SAL_H","500-999","C10","D111","BG",2008,NA
"NAC","P_SAL_H","500-999","C10","D1111","BG",2008,NA
"NAC","P_SAL_H","500-999","C11","D01","BG",2008,6.07
"NAC","P_SAL_H","500-999","C11","D111","BG",2008,5.08
"NAC","P_SAL_H","500-999","C11","D1111","BG",2008,4.46
"NAC","P_SAL_H","500-999","C12","D01","BG",2008,NA
"NAC","P_SAL_H","500-999","C12","D111","BG",2008,NA
"NAC","P_SAL_H","500-999","C12","D1111","BG",2008,NA
"NAC","P_SAL_H","500-999","C13","D01","BG",2008,4.12
"NAC","P_SAL_H","500-999","C13","D111","BG",2008,3.32
"NAC","P_SAL_H","500-999","C13","D1111","BG",2008,3
"NAC","P_SAL_H","500-999","C14","D01","BG",2008,3.69
"NAC","P_SAL_H","500-999","C14","D111","BG",2008,3.02
"NAC","P_SAL_H","500-999","C14","D1111","BG",2008,2.74
"NAC","P_SAL_H","500-999","C15","D01","BG",2008,2.43
"NAC","P_SAL_H","500-999","C15","D111","BG",2008,1.97
"NAC","P_SAL_H","500-999","C15","D1111","BG",2008,1.82
"NAC","P_SAL_H","500-999","C16","D01","BG",2008,NA
"NAC","P_SAL_H","500-999","C16","D111","BG",2008,NA
"NAC","P_SAL_H","500-999","C16","D1111","BG",2008,NA
"NAC","P_SAL_H","500-999","C17","D01","BG",2008,7.31
"NAC","P_SAL_H","500-999","C17","D111","BG",2008,5.88
"NAC","P_SAL_H","500-999","C17","D1111","BG",2008,5.08
"NAC","P_SAL_H","500-999","C20","D01","BG",2008,10.43
"NAC","P_SAL_H","500-999","C20","D111","BG",2008,6.96
"NAC","P_SAL_H","500-999","C20","D1111","BG",2008,5.61
"NAC","P_SAL_H","500-999","C21","D01","BG",2008,6.39
"NAC","P_SAL_H","500-999","C21","D111","BG",2008,4.93
"NAC","P_SAL_H","500-999","C21","D1111","BG",2008,4.41
"NAC","P_SAL_H","500-999","C22","D01","BG",2008,NA
"NAC","P_SAL_H","500-999","C22","D111","BG",2008,NA
"NAC","P_SAL_H","500-999","C22","D1111","BG",2008,NA
"NAC","P_SAL_H","500-999","C23","D01","BG",2008,6.79
"NAC","P_SAL_H","500-999","C23","D111","BG",2008,5.34
"NAC","P_SAL_H","500-999","C23","D1111","BG",2008,4.74
"NAC","P_SAL_H","500-999","C24","D01","BG",2008,9.32
"NAC","P_SAL_H","500-999","C24","D111","BG",2008,7.27
"NAC","P_SAL_H","500-999","C24","D1111","BG",2008,6.35
"NAC","P_SAL_H","500-999","C25","D01","BG",2008,5.31
"NAC","P_SAL_H","500-999","C25","D111","BG",2008,4.31
"NAC","P_SAL_H","500-999","C25","D1111","BG",2008,3.89
"NAC","P_SAL_H","500-999","C27","D01","BG",2008,NA
"NAC","P_SAL_H","500-999","C27","D111","BG",2008,NA
"NAC","P_SAL_H","500-999","C27","D1111","BG",2008,NA
"NAC","P_SAL_H","500-999","C28","D01","BG",2008,5.38
"NAC","P_SAL_H","500-999","C28","D111","BG",2008,4.35
"NAC","P_SAL_H","500-999","C28","D1111","BG",2008,3.85
"NAC","P_SAL_H","500-999","C29","D01","BG",2008,3.27
"NAC","P_SAL_H","500-999","C29","D111","BG",2008,2.66
"NAC","P_SAL_H","500-999","C29","D1111","BG",2008,2.3
"NAC","P_SAL_H","500-999","C30","D01","BG",2008,NA
"NAC","P_SAL_H","500-999","C30","D111","BG",2008,NA
"NAC","P_SAL_H","500-999","C30","D1111","BG",2008,NA
"NAC","P_SAL_H","500-999","C31","D01","BG",2008,3.73
"NAC","P_SAL_H","500-999","C31","D111","BG",2008,3
"NAC","P_SAL_H","500-999","C31","D1111","BG",2008,2.77
"NAC","P_SAL_H","500-999","C32","D01","BG",2008,NA
"NAC","P_SAL_H","500-999","C32","D111","BG",2008,NA
"NAC","P_SAL_H","500-999","C32","D1111","BG",2008,NA
"NAC","P_SAL_H","500-999","C33","D01","BG",2008,8.78
"NAC","P_SAL_H","500-999","C33","D111","BG",2008,7.02
"NAC","P_SAL_H","500-999","C33","D1111","BG",2008,6.08
"NAC","P_SAL_H","500-999","D","D01","BG",2008,10.86
"NAC","P_SAL_H","500-999","D","D111","BG",2008,7.98
"NAC","P_SAL_H","500-999","D","D1111","BG",2008,6.21
"NAC","P_SAL_H","500-999","D35","D01","BG",2008,10.86
"NAC","P_SAL_H","500-999","D35","D111","BG",2008,7.98
"NAC","P_SAL_H","500-999","D35","D1111","BG",2008,6.21
"NAC","P_SAL_H","500-999","E","D01","BG",2008,5.38
"NAC","P_SAL_H","500-999","E","D111","BG",2008,4.43
"NAC","P_SAL_H","500-999","E","D1111","BG",2008,3.81
"NAC","P_SAL_H","500-999","E36","D01","BG",2008,6.29
"NAC","P_SAL_H","500-999","E36","D111","BG",2008,5.13
"NAC","P_SAL_H","500-999","E36","D1111","BG",2008,3.88
"NAC","P_SAL_H","500-999","E38","D01","BG",2008,4.99
"NAC","P_SAL_H","500-999","E38","D111","BG",2008,4.12
"NAC","P_SAL_H","500-999","E38","D1111","BG",2008,3.78
"NAC","P_SAL_H","500-999","F","D01","BG",2008,5.89
"NAC","P_SAL_H","500-999","F","D111","BG",2008,4.83
"NAC","P_SAL_H","500-999","F","D1111","BG",2008,4.52
"NAC","P_SAL_H","500-999","F41","D01","BG",2008,5.13
"NAC","P_SAL_H","500-999","F41","D111","BG",2008,4.29
"NAC","P_SAL_H","500-999","F41","D1111","BG",2008,4.07
"NAC","P_SAL_H","500-999","F42","D01","BG",2008,NA
"NAC","P_SAL_H","500-999","F42","D111","BG",2008,NA
"NAC","P_SAL_H","500-999","F42","D1111","BG",2008,NA
"NAC","P_SAL_H","500-999","F43","D01","BG",2008,NA
"NAC","P_SAL_H","500-999","F43","D111","BG",2008,NA
"NAC","P_SAL_H","500-999","F43","D1111","BG",2008,NA
"NAC","P_SAL_H","500-999","G","D01","BG",2008,7.25
"NAC","P_SAL_H","500-999","G","D111","BG",2008,6.03
"NAC","P_SAL_H","500-999","G","D1111","BG",2008,5.58
"NAC","P_SAL_H","500-999","G-J","D01","BG",2008,8.16
"NAC","P_SAL_H","500-999","G-J","D111","BG",2008,6.69
"NAC","P_SAL_H","500-999","G-J","D1111","BG",2008,5.6
"NAC","P_SAL_H","500-999","G-N","D01","BG",2008,7.92
"NAC","P_SAL_H","500-999","G-N","D111","BG",2008,6.54
"NAC","P_SAL_H","500-999","G-N","D1111","BG",2008,5.55
"NAC","P_SAL_H","500-999","G-S_X_O","D01","BG",2008,7.3
"NAC","P_SAL_H","500-999","G-S_X_O","D111","BG",2008,6.01
"NAC","P_SAL_H","500-999","G-S_X_O","D1111","BG",2008,5.17
"NAC","P_SAL_H","500-999","G45","D01","BG",2008,10.59
"NAC","P_SAL_H","500-999","G45","D111","BG",2008,8.97
"NAC","P_SAL_H","500-999","G45","D1111","BG",2008,8.16
"NAC","P_SAL_H","500-999","G46","D01","BG",2008,7.89
"NAC","P_SAL_H","500-999","G46","D111","BG",2008,6.61
"NAC","P_SAL_H","500-999","G46","D1111","BG",2008,6.11
"NAC","P_SAL_H","500-999","G47","D01","BG",2008,5.78
"NAC","P_SAL_H","500-999","G47","D111","BG",2008,4.73
"NAC","P_SAL_H","500-999","G47","D1111","BG",2008,4.42
"NAC","P_SAL_H","500-999","H","D01","BG",2008,8.91
"NAC","P_SAL_H","500-999","H","D111","BG",2008,7.21
"NAC","P_SAL_H","500-999","H","D1111","BG",2008,5.57
"NAC","P_SAL_H","500-999","H49","D01","BG",2008,6.15
"NAC","P_SAL_H","500-999","H49","D111","BG",2008,4.82
"NAC","P_SAL_H","500-999","H49","D1111","BG",2008,3.69
"NAC","P_SAL_H","500-999","H50","D01","BG",2008,NA
"NAC","P_SAL_H","500-999","H50","D111","BG",2008,NA
"NAC","P_SAL_H","500-999","H50","D1111","BG",2008,NA
"NAC","P_SAL_H","500-999","H51","D01","BG",2008,NA
"NAC","P_SAL_H","500-999","H51","D111","BG",2008,NA
"NAC","P_SAL_H","500-999","H51","D1111","BG",2008,NA
"NAC","P_SAL_H","500-999","H52","D01","BG",2008,13.22
"NAC","P_SAL_H","500-999","H52","D111","BG",2008,10.86
"NAC","P_SAL_H","500-999","H52","D1111","BG",2008,8.23
"NAC","P_SAL_H","500-999","H53","D01","BG",2008,NA
"NAC","P_SAL_H","500-999","H53","D111","BG",2008,NA
"NAC","P_SAL_H","500-999","H53","D1111","BG",2008,NA
"NAC","P_SAL_H","500-999","I","D01","BG",2008,NA
"NAC","P_SAL_H","500-999","I","D111","BG",2008,NA
"NAC","P_SAL_H","500-999","I","D1111","BG",2008,NA
"NAC","P_SAL_H","500-999","I55","D01","BG",2008,NA
"NAC","P_SAL_H","500-999","I55","D111","BG",2008,NA
"NAC","P_SAL_H","500-999","I55","D1111","BG",2008,NA
"NAC","P_SAL_H","500-999","I56","D01","BG",2008,NA
"NAC","P_SAL_H","500-999","I56","D111","BG",2008,NA
"NAC","P_SAL_H","500-999","I56","D1111","BG",2008,NA
"NAC","P_SAL_H","500-999","J","D01","BG",2008,9.49
"NAC","P_SAL_H","500-999","J","D111","BG",2008,8.05
"NAC","P_SAL_H","500-999","J","D1111","BG",2008,7.33
"NAC","P_SAL_H","500-999","J58","D01","BG",2008,NA
"NAC","P_SAL_H","500-999","J58","D111","BG",2008,NA
"NAC","P_SAL_H","500-999","J58","D1111","BG",2008,NA
"NAC","P_SAL_H","500-999","J60","D01","BG",2008,NA
"NAC","P_SAL_H","500-999","J60","D111","BG",2008,NA
"NAC","P_SAL_H","500-999","J60","D1111","BG",2008,NA
"NAC","P_SAL_H","500-999","J61","D01","BG",2008,NA
"NAC","P_SAL_H","500-999","J61","D111","BG",2008,NA
"NAC","P_SAL_H","500-999","J61","D1111","BG",2008,NA
"NAC","P_SAL_H","500-999","J62","D01","BG",2008,NA
"NAC","P_SAL_H","500-999","J62","D111","BG",2008,NA
"NAC","P_SAL_H","500-999","J62","D1111","BG",2008,NA
"NAC","P_SAL_H","500-999","K","D01","BG",2008,12.05
"NAC","P_SAL_H","500-999","K","D111","BG",2008,10.19
"NAC","P_SAL_H","500-999","K","D1111","BG",2008,8.85
"NAC","P_SAL_H","500-999","K-N","D01","BG",2008,7.51
"NAC","P_SAL_H","500-999","K-N","D111","BG",2008,6.26
"NAC","P_SAL_H","500-999","K-N","D1111","BG",2008,5.45
"NAC","P_SAL_H","500-999","K64","D01","BG",2008,12.05
"NAC","P_SAL_H","500-999","K64","D111","BG",2008,10.19
"NAC","P_SAL_H","500-999","K64","D1111","BG",2008,8.85
"NAC","P_SAL_H","500-999","K65","D01","BG",2008,NA
"NAC","P_SAL_H","500-999","K65","D111","BG",2008,NA
"NAC","P_SAL_H","500-999","K65","D1111","BG",2008,NA
"NAC","P_SAL_H","500-999","M","D01","BG",2008,NA
"NAC","P_SAL_H","500-999","M","D111","BG",2008,NA
"NAC","P_SAL_H","500-999","M","D1111","BG",2008,NA
"NAC","P_SAL_H","500-999","M70","D01","BG",2008,NA
"NAC","P_SAL_H","500-999","M70","D111","BG",2008,NA
"NAC","P_SAL_H","500-999","M70","D1111","BG",2008,NA
"NAC","P_SAL_H","500-999","M73","D01","BG",2008,NA
"NAC","P_SAL_H","500-999","M73","D111","BG",2008,NA
"NAC","P_SAL_H","500-999","M73","D1111","BG",2008,NA
"NAC","P_SAL_H","500-999","N","D01","BG",2008,2.76
"NAC","P_SAL_H","500-999","N","D111","BG",2008,2.24
"NAC","P_SAL_H","500-999","N","D1111","BG",2008,2.07
"NAC","P_SAL_H","500-999","N78","D01","BG",2008,NA
"NAC","P_SAL_H","500-999","N78","D111","BG",2008,NA
"NAC","P_SAL_H","500-999","N78","D1111","BG",2008,NA
"NAC","P_SAL_H","500-999","N80","D01","BG",2008,2.11
"NAC","P_SAL_H","500-999","N80","D111","BG",2008,1.73
"NAC","P_SAL_H","500-999","N80","D1111","BG",2008,1.63
"NAC","P_SAL_H","500-999","N81","D01","BG",2008,NA
"NAC","P_SAL_H","500-999","N81","D111","BG",2008,NA
"NAC","P_SAL_H","500-999","N81","D1111","BG",2008,NA
"NAC","P_SAL_H","500-999","N82","D01","BG",2008,NA
"NAC","P_SAL_H","500-999","N82","D111","BG",2008,NA
"NAC","P_SAL_H","500-999","N82","D1111","BG",2008,NA
"NAC","P_SAL_H","500-999","O","D01","BG",2008,9.15
"NAC","P_SAL_H","500-999","O","D111","BG",2008,7.23
"NAC","P_SAL_H","500-999","O","D1111","BG",2008,6.68
"NAC","P_SAL_H","500-999","O-S","D01","BG",2008,6.91
"NAC","P_SAL_H","500-999","O-S","D111","BG",2008,5.62
"NAC","P_SAL_H","500-999","O-S","D1111","BG",2008,5.03
"NAC","P_SAL_H","500-999","O84","D01","BG",2008,9.15
"NAC","P_SAL_H","500-999","O84","D111","BG",2008,7.23
"NAC","P_SAL_H","500-999","O84","D1111","BG",2008,6.68
"NAC","P_SAL_H","500-999","P","D01","BG",2008,6.99
"NAC","P_SAL_H","500-999","P","D111","BG",2008,5.75
"NAC","P_SAL_H","500-999","P","D1111","BG",2008,4.91
"NAC","P_SAL_H","500-999","P-S","D01","BG",2008,6.29
"NAC","P_SAL_H","500-999","P-S","D111","BG",2008,5.18
"NAC","P_SAL_H","500-999","P-S","D1111","BG",2008,4.58
"NAC","P_SAL_H","500-999","P85","D01","BG",2008,6.99
"NAC","P_SAL_H","500-999","P85","D111","BG",2008,5.75
"NAC","P_SAL_H","500-999","P85","D1111","BG",2008,4.91
"NAC","P_SAL_H","500-999","Q","D01","BG",2008,5.96
"NAC","P_SAL_H","500-999","Q","D111","BG",2008,4.9
"NAC","P_SAL_H","500-999","Q","D1111","BG",2008,4.43
"NAC","P_SAL_H","500-999","Q86","D01","BG",2008,5.96
"NAC","P_SAL_H","500-999","Q86","D111","BG",2008,4.9
"NAC","P_SAL_H","500-999","Q86","D1111","BG",2008,4.43
"NAC","P_SAL_H","500-999","Q87","D01","BG",2008,NA
"NAC","P_SAL_H","500-999","Q87","D111","BG",2008,NA
"NAC","P_SAL_H","500-999","Q87","D1111","BG",2008,NA
"NAC","P_SAL_H","500-999","Q88","D01","BG",2008,NA
"NAC","P_SAL_H","500-999","Q88","D111","BG",2008,NA
"NAC","P_SAL_H","500-999","Q88","D1111","BG",2008,NA
"NAC","P_SAL_H","GE10","B","D01","BG",2008,8.78
"NAC","P_SAL_H","GE10","B","D111","BG",2008,6.44
"NAC","P_SAL_H","GE10","B","D1111","BG",2008,5.46
"NAC","P_SAL_H","GE10","B-E","D01","BG",2008,4.96
"NAC","P_SAL_H","GE10","B-E","D111","BG",2008,3.95
"NAC","P_SAL_H","GE10","B-E","D1111","BG",2008,3.44
"NAC","P_SAL_H","GE10","B-F","D01","BG",2008,4.7
"NAC","P_SAL_H","GE10","B-F","D111","BG",2008,3.77
"NAC","P_SAL_H","GE10","B-F","D1111","BG",2008,3.33
"NAC","P_SAL_H","GE10","B-N","D01","BG",2008,4.98
"NAC","P_SAL_H","GE10","B-N","D111","BG",2008,4.07
"NAC","P_SAL_H","GE10","B-N","D1111","BG",2008,3.63
"NAC","P_SAL_H","GE10","B-S","D01","BG",2008,5.12
"NAC","P_SAL_H","GE10","B-S","D111","BG",2008,4.17
"NAC","P_SAL_H","GE10","B-S","D1111","BG",2008,3.71
"NAC","P_SAL_H","GE10","B-S_X_O","D01","BG",2008,5.01
"NAC","P_SAL_H","GE10","B-S_X_O","D111","BG",2008,4.09
"NAC","P_SAL_H","GE10","B-S_X_O","D1111","BG",2008,3.64
"NAC","P_SAL_H","GE10","B05","D01","BG",2008,9.68
"NAC","P_SAL_H","GE10","B05","D111","BG",2008,6.83
"NAC","P_SAL_H","GE10","B05","D1111","BG",2008,5.52
"NAC","P_SAL_H","GE10","B06","D01","BG",2008,NA
"NAC","P_SAL_H","GE10","B06","D111","BG",2008,NA
"NAC","P_SAL_H","GE10","B06","D1111","BG",2008,NA
"NAC","P_SAL_H","GE10","B07","D01","BG",2008,11.04
"NAC","P_SAL_H","GE10","B07","D111","BG",2008,8.32
"NAC","P_SAL_H","GE10","B07","D1111","BG",2008,7.31
"NAC","P_SAL_H","GE10","B08","D01","BG",2008,5.71
"NAC","P_SAL_H","GE10","B08","D111","BG",2008,4.42
"NAC","P_SAL_H","GE10","B08","D1111","BG",2008,3.98
"NAC","P_SAL_H","GE10","B09","D01","BG",2008,NA
"NAC","P_SAL_H","GE10","B09","D111","BG",2008,NA
"NAC","P_SAL_H","GE10","B09","D1111","BG",2008,NA
"NAC","P_SAL_H","GE10","C","D01","BG",2008,4.32
"NAC","P_SAL_H","GE10","C","D111","BG",2008,3.49
"NAC","P_SAL_H","GE10","C","D1111","BG",2008,3.13
"NAC","P_SAL_H","GE10","C10","D01","BG",2008,3.46
"NAC","P_SAL_H","GE10","C10","D111","BG",2008,2.84
"NAC","P_SAL_H","GE10","C10","D1111","BG",2008,2.63
"NAC","P_SAL_H","GE10","C11","D01","BG",2008,5.62
"NAC","P_SAL_H","GE10","C11","D111","BG",2008,4.69
"NAC","P_SAL_H","GE10","C11","D1111","BG",2008,4.14
"NAC","P_SAL_H","GE10","C12","D01","BG",2008,NA
"NAC","P_SAL_H","GE10","C12","D111","BG",2008,NA
"NAC","P_SAL_H","GE10","C12","D1111","BG",2008,NA
"NAC","P_SAL_H","GE10","C13","D01","BG",2008,3.92
"NAC","P_SAL_H","GE10","C13","D111","BG",2008,3.16
"NAC","P_SAL_H","GE10","C13","D1111","BG",2008,2.87
"NAC","P_SAL_H","GE10","C14","D01","BG",2008,2.72
"NAC","P_SAL_H","GE10","C14","D111","BG",2008,2.23
"NAC","P_SAL_H","GE10","C14","D1111","BG",2008,2.03
"NAC","P_SAL_H","GE10","C15","D01","BG",2008,2.47
"NAC","P_SAL_H","GE10","C15","D111","BG",2008,2.02
"NAC","P_SAL_H","GE10","C15","D1111","BG",2008,1.85
"NAC","P_SAL_H","GE10","C16","D01","BG",2008,3.28
"NAC","P_SAL_H","GE10","C16","D111","BG",2008,2.69
"NAC","P_SAL_H","GE10","C16","D1111","BG",2008,2.45
"NAC","P_SAL_H","GE10","C17","D01","BG",2008,4.13
"NAC","P_SAL_H","GE10","C17","D111","BG",2008,3.34
"NAC","P_SAL_H","GE10","C17","D1111","BG",2008,2.96
"NAC","P_SAL_H","GE10","C18","D01","BG",2008,4.81
"NAC","P_SAL_H","GE10","C18","D111","BG",2008,3.99
"NAC","P_SAL_H","GE10","C18","D1111","BG",2008,3.61
"NAC","P_SAL_H","GE10","C19","D01","BG",2008,NA
"NAC","P_SAL_H","GE10","C19","D111","BG",2008,NA
"NAC","P_SAL_H","GE10","C19","D1111","BG",2008,NA
"NAC","P_SAL_H","GE10","C20","D01","BG",2008,6.46
"NAC","P_SAL_H","GE10","C20","D111","BG",2008,5.02
"NAC","P_SAL_H","GE10","C20","D1111","BG",2008,4.42
"NAC","P_SAL_H","GE10","C21","D01","BG",2008,6.69
"NAC","P_SAL_H","GE10","C21","D111","BG",2008,5.3
"NAC","P_SAL_H","GE10","C21","D1111","BG",2008,4.68
"NAC","P_SAL_H","GE10","C22","D01","BG",2008,3.25
"NAC","P_SAL_H","GE10","C22","D111","BG",2008,2.66
"NAC","P_SAL_H","GE10","C22","D1111","BG",2008,2.45
"NAC","P_SAL_H","GE10","C23","D01","BG",2008,5.26
"NAC","P_SAL_H","GE10","C23","D111","BG",2008,4.22
"NAC","P_SAL_H","GE10","C23","D1111","BG",2008,3.8
"NAC","P_SAL_H","GE10","C24","D01","BG",2008,9.23
"NAC","P_SAL_H","GE10","C24","D111","BG",2008,7.14
"NAC","P_SAL_H","GE10","C24","D1111","BG",2008,6.23
"NAC","P_SAL_H","GE10","C25","D01","BG",2008,4.15
"NAC","P_SAL_H","GE10","C25","D111","BG",2008,3.35
"NAC","P_SAL_H","GE10","C25","D1111","BG",2008,3.04
"NAC","P_SAL_H","GE10","C26","D01","BG",2008,5.53
"NAC","P_SAL_H","GE10","C26","D111","BG",2008,4.57
"NAC","P_SAL_H","GE10","C26","D1111","BG",2008,4.02
"NAC","P_SAL_H","GE10","C27","D01","BG",2008,5.32
"NAC","P_SAL_H","GE10","C27","D111","BG",2008,4.33
"NAC","P_SAL_H","GE10","C27","D1111","BG",2008,3.85
"NAC","P_SAL_H","GE10","C28","D01","BG",2008,5.18
"NAC","P_SAL_H","GE10","C28","D111","BG",2008,4.21
"NAC","P_SAL_H","GE10","C28","D1111","BG",2008,3.72
"NAC","P_SAL_H","GE10","C29","D01","BG",2008,4.06
"NAC","P_SAL_H","GE10","C29","D111","BG",2008,3.31
"NAC","P_SAL_H","GE10","C29","D1111","BG",2008,3
"NAC","P_SAL_H","GE10","C30","D01","BG",2008,6.45
"NAC","P_SAL_H","GE10","C30","D111","BG",2008,5.14
"NAC","P_SAL_H","GE10","C30","D1111","BG",2008,4.6
"NAC","P_SAL_H","GE10","C31","D01","BG",2008,2.67
"NAC","P_SAL_H","GE10","C31","D111","BG",2008,2.19
"NAC","P_SAL_H","GE10","C31","D1111","BG",2008,2.01
"NAC","P_SAL_H","GE10","C32","D01","BG",2008,3.57
"NAC","P_SAL_H","GE10","C32","D111","BG",2008,2.94
"NAC","P_SAL_H","GE10","C32","D1111","BG",2008,2.67
"NAC","P_SAL_H","GE10","C33","D01","BG",2008,6.86
"NAC","P_SAL_H","GE10","C33","D111","BG",2008,5.51
"NAC","P_SAL_H","GE10","C33","D1111","BG",2008,4.9
"NAC","P_SAL_H","GE10","D","D01","BG",2008,11.98
"NAC","P_SAL_H","GE10","D","D111","BG",2008,9.18
"NAC","P_SAL_H","GE10","D","D1111","BG",2008,6.83
"NAC","P_SAL_H","GE10","D35","D01","BG",2008,11.98
"NAC","P_SAL_H","GE10","D35","D111","BG",2008,9.18
"NAC","P_SAL_H","GE10","D35","D1111","BG",2008,6.83
"NAC","P_SAL_H","GE10","E","D01","BG",2008,5.15
"NAC","P_SAL_H","GE10","E","D111","BG",2008,4.2
"NAC","P_SAL_H","GE10","E","D1111","BG",2008,3.5
"NAC","P_SAL_H","GE10","E36","D01","BG",2008,5.81
"NAC","P_SAL_H","GE10","E36","D111","BG",2008,4.71
"NAC","P_SAL_H","GE10","E36","D1111","BG",2008,3.69
"NAC","P_SAL_H","GE10","E37","D01","BG",2008,5.64
"NAC","P_SAL_H","GE10","E37","D111","BG",2008,4.9
"NAC","P_SAL_H","GE10","E37","D1111","BG",2008,4.63
"NAC","P_SAL_H","GE10","E38","D01","BG",2008,4.31
"NAC","P_SAL_H","GE10","E38","D111","BG",2008,3.54
"NAC","P_SAL_H","GE10","E38","D1111","BG",2008,3.23
"NAC","P_SAL_H","GE10","E39","D01","BG",2008,5.13
"NAC","P_SAL_H","GE10","E39","D111","BG",2008,4.18
"NAC","P_SAL_H","GE10","E39","D1111","BG",2008,3.74
"NAC","P_SAL_H","GE10","F","D01","BG",2008,3.94
"NAC","P_SAL_H","GE10","F","D111","BG",2008,3.23
"NAC","P_SAL_H","GE10","F","D1111","BG",2008,3.01
"NAC","P_SAL_H","GE10","F41","D01","BG",2008,3.48
"NAC","P_SAL_H","GE10","F41","D111","BG",2008,2.87
"NAC","P_SAL_H","GE10","F41","D1111","BG",2008,2.68
"NAC","P_SAL_H","GE10","F42","D01","BG",2008,5.15
"NAC","P_SAL_H","GE10","F42","D111","BG",2008,4.14
"NAC","P_SAL_H","GE10","F42","D1111","BG",2008,3.81
"NAC","P_SAL_H","GE10","F43","D01","BG",2008,4.08
"NAC","P_SAL_H","GE10","F43","D111","BG",2008,3.37
"NAC","P_SAL_H","GE10","F43","D1111","BG",2008,3.16
"NAC","P_SAL_H","GE10","G","D01","BG",2008,4.3
"NAC","P_SAL_H","GE10","G","D111","BG",2008,3.6
"NAC","P_SAL_H","GE10","G","D1111","BG",2008,3.35
"NAC","P_SAL_H","GE10","G-J","D01","BG",2008,5.14
"NAC","P_SAL_H","GE10","G-J","D111","BG",2008,4.27
"NAC","P_SAL_H","GE10","G-J","D1111","BG",2008,3.83
"NAC","P_SAL_H","GE10","G-N","D01","BG",2008,5.31
"NAC","P_SAL_H","GE10","G-N","D111","BG",2008,4.43
"NAC","P_SAL_H","GE10","G-N","D1111","BG",2008,4
"NAC","P_SAL_H","GE10","G-S_X_O","D01","BG",2008,5.27
"NAC","P_SAL_H","GE10","G-S_X_O","D111","BG",2008,4.37
"NAC","P_SAL_H","GE10","G-S_X_O","D1111","BG",2008,3.89
"NAC","P_SAL_H","GE10","G45","D01","BG",2008,5.53
"NAC","P_SAL_H","GE10","G45","D111","BG",2008,4.66
"NAC","P_SAL_H","GE10","G45","D1111","BG",2008,4.32
"NAC","P_SAL_H","GE10","G46","D01","BG",2008,4.87
"NAC","P_SAL_H","GE10","G46","D111","BG",2008,4.11
"NAC","P_SAL_H","GE10","G46","D1111","BG",2008,3.82
"NAC","P_SAL_H","GE10","G47","D01","BG",2008,3.42
"NAC","P_SAL_H","GE10","G47","D111","BG",2008,2.81
"NAC","P_SAL_H","GE10","G47","D1111","BG",2008,2.63
"NAC","P_SAL_H","GE10","H","D01","BG",2008,6.04
"NAC","P_SAL_H","GE10","H","D111","BG",2008,4.92
"NAC","P_SAL_H","GE10","H","D1111","BG",2008,4.04
"NAC","P_SAL_H","GE10","H49","D01","BG",2008,4.65
"NAC","P_SAL_H","GE10","H49","D111","BG",2008,3.67
"NAC","P_SAL_H","GE10","H49","D1111","BG",2008,3.12
"NAC","P_SAL_H","GE10","H50","D01","BG",2008,9.29
"NAC","P_SAL_H","GE10","H50","D111","BG",2008,6.95
"NAC","P_SAL_H","GE10","H50","D1111","BG",2008,5.69
"NAC","P_SAL_H","GE10","H51","D01","BG",2008,14.27
"NAC","P_SAL_H","GE10","H51","D111","BG",2008,11.7
"NAC","P_SAL_H","GE10","H51","D1111","BG",2008,10.43
"NAC","P_SAL_H","GE10","H52","D01","BG",2008,8.41
"NAC","P_SAL_H","GE10","H52","D111","BG",2008,7.17
"NAC","P_SAL_H","GE10","H52","D1111","BG",2008,5.7
"NAC","P_SAL_H","GE10","H53","D01","BG",2008,4.79
"NAC","P_SAL_H","GE10","H53","D111","BG",2008,3.93
"NAC","P_SAL_H","GE10","H53","D1111","BG",2008,3.07
"NAC","P_SAL_H","GE10","I","D01","BG",2008,3.02
"NAC","P_SAL_H","GE10","I","D111","BG",2008,2.48
"NAC","P_SAL_H","GE10","I","D1111","BG",2008,2.32
"NAC","P_SAL_H","GE10","I55","D01","BG",2008,3.55
"NAC","P_SAL_H","GE10","I55","D111","BG",2008,2.9
"NAC","P_SAL_H","GE10","I55","D1111","BG",2008,2.69
"NAC","P_SAL_H","GE10","I56","D01","BG",2008,2.62
"NAC","P_SAL_H","GE10","I56","D111","BG",2008,2.16
"NAC","P_SAL_H","GE10","I56","D1111","BG",2008,2.04
"NAC","P_SAL_H","GE10","J","D01","BG",2008,10.1
"NAC","P_SAL_H","GE10","J","D111","BG",2008,8.55
"NAC","P_SAL_H","GE10","J","D1111","BG",2008,7.82
"NAC","P_SAL_H","GE10","J58","D01","BG",2008,5.95
"NAC","P_SAL_H","GE10","J58","D111","BG",2008,5.04
"NAC","P_SAL_H","GE10","J58","D1111","BG",2008,4.68
"NAC","P_SAL_H","GE10","J59","D01","BG",2008,6.69
"NAC","P_SAL_H","GE10","J59","D111","BG",2008,5.57
"NAC","P_SAL_H","GE10","J59","D1111","BG",2008,5.2
"NAC","P_SAL_H","GE10","J60","D01","BG",2008,6.87
"NAC","P_SAL_H","GE10","J60","D111","BG",2008,5.72
"NAC","P_SAL_H","GE10","J60","D1111","BG",2008,5.26
"NAC","P_SAL_H","GE10","J61","D01","BG",2008,10.19
"NAC","P_SAL_H","GE10","J61","D111","BG",2008,8.55
"NAC","P_SAL_H","GE10","J61","D1111","BG",2008,7.82
"NAC","P_SAL_H","GE10","J62","D01","BG",2008,13.73
"NAC","P_SAL_H","GE10","J62","D111","BG",2008,11.76
"NAC","P_SAL_H","GE10","J62","D1111","BG",2008,10.71
"NAC","P_SAL_H","GE10","J63","D01","BG",2008,9.15
"NAC","P_SAL_H","GE10","J63","D111","BG",2008,7.8
"NAC","P_SAL_H","GE10","J63","D1111","BG",2008,7.11
"NAC","P_SAL_H","GE10","K","D01","BG",2008,10.41
"NAC","P_SAL_H","GE10","K","D111","BG",2008,8.77
"NAC","P_SAL_H","GE10","K","D1111","BG",2008,7.95
"NAC","P_SAL_H","GE10","K-N","D01","BG",2008,5.73
"NAC","P_SAL_H","GE10","K-N","D111","BG",2008,4.84
"NAC","P_SAL_H","GE10","K-N","D1111","BG",2008,4.42
"NAC","P_SAL_H","GE10","K64","D01","BG",2008,10.44
"NAC","P_SAL_H","GE10","K64","D111","BG",2008,8.79
"NAC","P_SAL_H","GE10","K64","D1111","BG",2008,7.92
"NAC","P_SAL_H","GE10","K65","D01","BG",2008,10.73
"NAC","P_SAL_H","GE10","K65","D111","BG",2008,9.11
"NAC","P_SAL_H","GE10","K65","D1111","BG",2008,8.49
"NAC","P_SAL_H","GE10","K66","D01","BG",2008,9.13
"NAC","P_SAL_H","GE10","K66","D111","BG",2008,7.65
"NAC","P_SAL_H","GE10","K66","D1111","BG",2008,7.09
"NAC","P_SAL_H","GE10","L","D01","BG",2008,5.13
"NAC","P_SAL_H","GE10","L","D111","BG",2008,4.29
"NAC","P_SAL_H","GE10","L","D1111","BG",2008,3.92
"NAC","P_SAL_H","GE10","L68","D01","BG",2008,5.13
"NAC","P_SAL_H","GE10","L68","D111","BG",2008,4.29
"NAC","P_SAL_H","GE10","L68","D1111","BG",2008,3.92
"NAC","P_SAL_H","GE10","M","D01","BG",2008,7.9
"NAC","P_SAL_H","GE10","M","D111","BG",2008,6.69
"NAC","P_SAL_H","GE10","M","D1111","BG",2008,6.06
"NAC","P_SAL_H","GE10","M69","D01","BG",2008,11.08
"NAC","P_SAL_H","GE10","M69","D111","BG",2008,9.51
"NAC","P_SAL_H","GE10","M69","D1111","BG",2008,8.79
"NAC","P_SAL_H","GE10","M70","D01","BG",2008,11.4
"NAC","P_SAL_H","GE10","M70","D111","BG",2008,9.76
"NAC","P_SAL_H","GE10","M70","D1111","BG",2008,8.72
"NAC","P_SAL_H","GE10","M71","D01","BG",2008,7.98
"NAC","P_SAL_H","GE10","M71","D111","BG",2008,6.7
"NAC","P_SAL_H","GE10","M71","D1111","BG",2008,6.01
"NAC","P_SAL_H","GE10","M72","D01","BG",2008,5.41
"NAC","P_SAL_H","GE10","M72","D111","BG",2008,4.44
"NAC","P_SAL_H","GE10","M72","D1111","BG",2008,3.88
"NAC","P_SAL_H","GE10","M73","D01","BG",2008,7.77
"NAC","P_SAL_H","GE10","M73","D111","BG",2008,6.62
"NAC","P_SAL_H","GE10","M73","D1111","BG",2008,6.14
"NAC","P_SAL_H","GE10","M74","D01","BG",2008,8.48
"NAC","P_SAL_H","GE10","M74","D111","BG",2008,7.38
"NAC","P_SAL_H","GE10","M74","D1111","BG",2008,6.97
"NAC","P_SAL_H","GE10","M75","D01","BG",2008,NA
"NAC","P_SAL_H","GE10","M75","D111","BG",2008,NA
"NAC","P_SAL_H","GE10","M75","D1111","BG",2008,NA
"NAC","P_SAL_H","GE10","N","D01","BG",2008,2.61
"NAC","P_SAL_H","GE10","N","D111","BG",2008,2.22
"NAC","P_SAL_H","GE10","N","D1111","BG",2008,2.08
"NAC","P_SAL_H","GE10","N77","D01","BG",2008,6.47
"NAC","P_SAL_H","GE10","N77","D111","BG",2008,5.45
"NAC","P_SAL_H","GE10","N77","D1111","BG",2008,5.02
"NAC","P_SAL_H","GE10","N78","D01","BG",2008,4.92
"NAC","P_SAL_H","GE10","N78","D111","BG",2008,4.05
"NAC","P_SAL_H","GE10","N78","D1111","BG",2008,3.74
"NAC","P_SAL_H","GE10","N79","D01","BG",2008,4.14
"NAC","P_SAL_H","GE10","N79","D111","BG",2008,3.48
"NAC","P_SAL_H","GE10","N79","D1111","BG",2008,3.3
"NAC","P_SAL_H","GE10","N80","D01","BG",2008,2.38
"NAC","P_SAL_H","GE10","N80","D111","BG",2008,1.96
"NAC","P_SAL_H","GE10","N80","D1111","BG",2008,1.84
"NAC","P_SAL_H","GE10","N81","D01","BG",2008,1.89
"NAC","P_SAL_H","GE10","N81","D111","BG",2008,1.77
"NAC","P_SAL_H","GE10","N81","D1111","BG",2008,1.64
"NAC","P_SAL_H","GE10","N82","D01","BG",2008,6.08
"NAC","P_SAL_H","GE10","N82","D111","BG",2008,5.02
"NAC","P_SAL_H","GE10","N82","D1111","BG",2008,4.68
"NAC","P_SAL_H","GE10","O","D01","BG",2008,6.73
"NAC","P_SAL_H","GE10","O","D111","BG",2008,5.31
"NAC","P_SAL_H","GE10","O","D1111","BG",2008,4.78
"NAC","P_SAL_H","GE10","O-S","D01","BG",2008,5.65
"NAC","P_SAL_H","GE10","O-S","D111","BG",2008,4.53
"NAC","P_SAL_H","GE10","O-S","D1111","BG",2008,3.98
"NAC","P_SAL_H","GE10","O84","D01","BG",2008,6.73
"NAC","P_SAL_H","GE10","O84","D111","BG",2008,5.31
"NAC","P_SAL_H","GE10","O84","D1111","BG",2008,4.78
"NAC","P_SAL_H","GE10","P","D01","BG",2008,5.52
"NAC","P_SAL_H","GE10","P","D111","BG",2008,4.41
"NAC","P_SAL_H","GE10","P","D1111","BG",2008,3.69
"NAC","P_SAL_H","GE10","P-S","D01","BG",2008,5.19
"NAC","P_SAL_H","GE10","P-S","D111","BG",2008,4.21
"NAC","P_SAL_H","GE10","P-S","D1111","BG",2008,3.65
"NAC","P_SAL_H","GE10","P85","D01","BG",2008,5.52
"NAC","P_SAL_H","GE10","P85","D111","BG",2008,4.41
"NAC","P_SAL_H","GE10","P85","D1111","BG",2008,3.69
"NAC","P_SAL_H","GE10","Q","D01","BG",2008,5.25
"NAC","P_SAL_H","GE10","Q","D111","BG",2008,4.31
"NAC","P_SAL_H","GE10","Q","D1111","BG",2008,3.86
"NAC","P_SAL_H","GE10","Q86","D01","BG",2008,5.78
"NAC","P_SAL_H","GE10","Q86","D111","BG",2008,4.75
"NAC","P_SAL_H","GE10","Q86","D1111","BG",2008,4.26
"NAC","P_SAL_H","GE10","Q87","D01","BG",2008,3.73
"NAC","P_SAL_H","GE10","Q87","D111","BG",2008,3.05
"NAC","P_SAL_H","GE10","Q87","D1111","BG",2008,2.68
"NAC","P_SAL_H","GE10","Q88","D01","BG",2008,3.16
"NAC","P_SAL_H","GE10","Q88","D111","BG",2008,2.59
"NAC","P_SAL_H","GE10","Q88","D1111","BG",2008,2.29
"NAC","P_SAL_H","GE10","R","D01","BG",2008,4
"NAC","P_SAL_H","GE10","R","D111","BG",2008,3.32
"NAC","P_SAL_H","GE10","R","D1111","BG",2008,3.01
"NAC","P_SAL_H","GE10","R90","D01","BG",2008,4.33
"NAC","P_SAL_H","GE10","R90","D111","BG",2008,3.51
"NAC","P_SAL_H","GE10","R90","D1111","BG",2008,3.06
"NAC","P_SAL_H","GE10","R91","D01","BG",2008,3.84
"NAC","P_SAL_H","GE10","R91","D111","BG",2008,3.14
"NAC","P_SAL_H","GE10","R91","D1111","BG",2008,2.75
"NAC","P_SAL_H","GE10","R92","D01","BG",2008,3.32
"NAC","P_SAL_H","GE10","R92","D111","BG",2008,2.75
"NAC","P_SAL_H","GE10","R92","D1111","BG",2008,2.54
"NAC","P_SAL_H","GE10","R93","D01","BG",2008,4.92
"NAC","P_SAL_H","GE10","R93","D111","BG",2008,4.25
"NAC","P_SAL_H","GE10","R93","D1111","BG",2008,3.97
"NAC","P_SAL_H","GE10","S","D01","BG",2008,3.52
"NAC","P_SAL_H","GE10","S","D111","BG",2008,3
"NAC","P_SAL_H","GE10","S","D1111","BG",2008,2.74
"NAC","P_SAL_H","GE10","S94","D01","BG",2008,3.72
"NAC","P_SAL_H","GE10","S94","D111","BG",2008,3.22
"NAC","P_SAL_H","GE10","S94","D1111","BG",2008,2.94
"NAC","P_SAL_H","GE10","S95","D01","BG",2008,4.42
"NAC","P_SAL_H","GE10","S95","D111","BG",2008,3.69
"NAC","P_SAL_H","GE10","S95","D1111","BG",2008,3.44
"NAC","P_SAL_H","GE10","S96","D01","BG",2008,2.98
"NAC","P_SAL_H","GE10","S96","D111","BG",2008,2.45
"NAC","P_SAL_H","GE10","S96","D1111","BG",2008,2.23
"NAC","P_SAL_H","GE1000","B","D01","BG",2008,11.57
"NAC","P_SAL_H","GE1000","B","D111","BG",2008,8.3
"NAC","P_SAL_H","GE1000","B","D1111","BG",2008,6.83
"NAC","P_SAL_H","GE1000","B-E","D01","BG",2008,9.34
"NAC","P_SAL_H","GE1000","B-E","D111","BG",2008,7.21
"NAC","P_SAL_H","GE1000","B-E","D1111","BG",2008,5.97
"NAC","P_SAL_H","GE1000","B-F","D01","BG",2008,9.06
"NAC","P_SAL_H","GE1000","B-F","D111","BG",2008,7
"NAC","P_SAL_H","GE1000","B-F","D1111","BG",2008,5.81
"NAC","P_SAL_H","GE1000","B-N","D01","BG",2008,8.12
"NAC","P_SAL_H","GE1000","B-N","D111","BG",2008,6.42
"NAC","P_SAL_H","GE1000","B-N","D1111","BG",2008,5.45
"NAC","P_SAL_H","GE1000","B-S","D01","BG",2008,8
"NAC","P_SAL_H","GE1000","B-S","D111","BG",2008,6.35
"NAC","P_SAL_H","GE1000","B-S","D1111","BG",2008,5.42
"NAC","P_SAL_H","GE1000","B-S_X_O","D01","BG",2008,8.01
"NAC","P_SAL_H","GE1000","B-S_X_O","D111","BG",2008,6.35
"NAC","P_SAL_H","GE1000","B-S_X_O","D1111","BG",2008,5.41
"NAC","P_SAL_H","GE1000","B05","D01","BG",2008,NA
"NAC","P_SAL_H","GE1000","B05","D111","BG",2008,NA
"NAC","P_SAL_H","GE1000","B05","D1111","BG",2008,NA
"NAC","P_SAL_H","GE1000","B07","D01","BG",2008,NA
"NAC","P_SAL_H","GE1000","B07","D111","BG",2008,NA
"NAC","P_SAL_H","GE1000","B07","D1111","BG",2008,NA
"NAC","P_SAL_H","GE1000","C","D01","BG",2008,8.03
"NAC","P_SAL_H","GE1000","C","D111","BG",2008,6.32
"NAC","P_SAL_H","GE1000","C","D1111","BG",2008,5.51
"NAC","P_SAL_H","GE1000","C10","D01","BG",2008,NA
"NAC","P_SAL_H","GE1000","C10","D111","BG",2008,NA
"NAC","P_SAL_H","GE1000","C10","D1111","BG",2008,NA
"NAC","P_SAL_H","GE1000","C11","D01","BG",2008,NA
"NAC","P_SAL_H","GE1000","C11","D111","BG",2008,NA
"NAC","P_SAL_H","GE1000","C11","D1111","BG",2008,NA
"NAC","P_SAL_H","GE1000","C12","D01","BG",2008,NA
"NAC","P_SAL_H","GE1000","C12","D111","BG",2008,NA
"NAC","P_SAL_H","GE1000","C12","D1111","BG",2008,NA
"NAC","P_SAL_H","GE1000","C13","D01","BG",2008,NA
"NAC","P_SAL_H","GE1000","C13","D111","BG",2008,NA
"NAC","P_SAL_H","GE1000","C13","D1111","BG",2008,NA
"NAC","P_SAL_H","GE1000","C14","D01","BG",2008,4.16
"NAC","P_SAL_H","GE1000","C14","D111","BG",2008,3.38
"NAC","P_SAL_H","GE1000","C14","D1111","BG",2008,3.11
"NAC","P_SAL_H","GE1000","C19","D01","BG",2008,NA
"NAC","P_SAL_H","GE1000","C19","D111","BG",2008,NA
"NAC","P_SAL_H","GE1000","C19","D1111","BG",2008,NA
"NAC","P_SAL_H","GE1000","C20","D01","BG",2008,NA
"NAC","P_SAL_H","GE1000","C20","D111","BG",2008,NA
"NAC","P_SAL_H","GE1000","C20","D1111","BG",2008,NA
"NAC","P_SAL_H","GE1000","C21","D01","BG",2008,NA
"NAC","P_SAL_H","GE1000","C21","D111","BG",2008,NA
"NAC","P_SAL_H","GE1000","C21","D1111","BG",2008,NA
"NAC","P_SAL_H","GE1000","C22","D01","BG",2008,NA
"NAC","P_SAL_H","GE1000","C22","D111","BG",2008,NA
"NAC","P_SAL_H","GE1000","C22","D1111","BG",2008,NA
"NAC","P_SAL_H","GE1000","C23","D01","BG",2008,NA
"NAC","P_SAL_H","GE1000","C23","D111","BG",2008,NA
"NAC","P_SAL_H","GE1000","C23","D1111","BG",2008,NA
"NAC","P_SAL_H","GE1000","C24","D01","BG",2008,12.52
"NAC","P_SAL_H","GE1000","C24","D111","BG",2008,9.5
"NAC","P_SAL_H","GE1000","C24","D1111","BG",2008,8.18
"NAC","P_SAL_H","GE1000","C25","D01","BG",2008,5.07
"NAC","P_SAL_H","GE1000","C25","D111","BG",2008,3.96
"NAC","P_SAL_H","GE1000","C25","D1111","BG",2008,3.62
"NAC","P_SAL_H","GE1000","C27","D01","BG",2008,NA
"NAC","P_SAL_H","GE1000","C27","D111","BG",2008,NA
"NAC","P_SAL_H","GE1000","C27","D1111","BG",2008,NA
"NAC","P_SAL_H","GE1000","C28","D01","BG",2008,7.68
"NAC","P_SAL_H","GE1000","C28","D111","BG",2008,6.16
"NAC","P_SAL_H","GE1000","C28","D1111","BG",2008,5.12
"NAC","P_SAL_H","GE1000","C29","D01","BG",2008,4.29
"NAC","P_SAL_H","GE1000","C29","D111","BG",2008,3.5
"NAC","P_SAL_H","GE1000","C29","D1111","BG",2008,3.21
"NAC","P_SAL_H","GE1000","C30","D01","BG",2008,NA
"NAC","P_SAL_H","GE1000","C30","D111","BG",2008,NA
"NAC","P_SAL_H","GE1000","C30","D1111","BG",2008,NA
"NAC","P_SAL_H","GE1000","C33","D01","BG",2008,NA
"NAC","P_SAL_H","GE1000","C33","D111","BG",2008,NA
"NAC","P_SAL_H","GE1000","C33","D1111","BG",2008,NA
"NAC","P_SAL_H","GE1000","D","D01","BG",2008,12.76
"NAC","P_SAL_H","GE1000","D","D111","BG",2008,9.81
"NAC","P_SAL_H","GE1000","D","D1111","BG",2008,7.1
"NAC","P_SAL_H","GE1000","D35","D01","BG",2008,12.76
"NAC","P_SAL_H","GE1000","D35","D111","BG",2008,9.81
"NAC","P_SAL_H","GE1000","D35","D1111","BG",2008,7.1
"NAC","P_SAL_H","GE1000","E","D01","BG",2008,NA
"NAC","P_SAL_H","GE1000","E","D111","BG",2008,NA
"NAC","P_SAL_H","GE1000","E","D1111","BG",2008,NA
"NAC","P_SAL_H","GE1000","E36","D01","BG",2008,NA
"NAC","P_SAL_H","GE1000","E36","D111","BG",2008,NA
"NAC","P_SAL_H","GE1000","E36","D1111","BG",2008,NA
"NAC","P_SAL_H","GE1000","F","D01","BG",2008,3.99
"NAC","P_SAL_H","GE1000","F","D111","BG",2008,3.31
"NAC","P_SAL_H","GE1000","F","D1111","BG",2008,3.05
"NAC","P_SAL_H","GE1000","F41","D01","BG",2008,3.99
"NAC","P_SAL_H","GE1000","F41","D111","BG",2008,3.31
"NAC","P_SAL_H","GE1000","F41","D1111","BG",2008,3.05
"NAC","P_SAL_H","GE1000","G","D01","BG",2008,5.22
"NAC","P_SAL_H","GE1000","G","D111","BG",2008,4.27
"NAC","P_SAL_H","GE1000","G","D1111","BG",2008,3.89
"NAC","P_SAL_H","GE1000","G-J","D01","BG",2008,7.68
"NAC","P_SAL_H","GE1000","G-J","D111","BG",2008,6.26
"NAC","P_SAL_H","GE1000","G-J","D1111","BG",2008,5.35
"NAC","P_SAL_H","GE1000","G-N","D01","BG",2008,7.04
"NAC","P_SAL_H","GE1000","G-N","D111","BG",2008,5.76
"NAC","P_SAL_H","GE1000","G-N","D1111","BG",2008,5.04
"NAC","P_SAL_H","GE1000","G-S_X_O","D01","BG",2008,7.02
"NAC","P_SAL_H","GE1000","G-S_X_O","D111","BG",2008,5.75
"NAC","P_SAL_H","GE1000","G-S_X_O","D1111","BG",2008,5.02
"NAC","P_SAL_H","GE1000","G46","D01","BG",2008,5.1
"NAC","P_SAL_H","GE1000","G46","D111","BG",2008,4.27
"NAC","P_SAL_H","GE1000","G46","D1111","BG",2008,3.87
"NAC","P_SAL_H","GE1000","G47","D01","BG",2008,5.34
"NAC","P_SAL_H","GE1000","G47","D111","BG",2008,4.26
"NAC","P_SAL_H","GE1000","G47","D1111","BG",2008,3.92
"NAC","P_SAL_H","GE1000","H","D01","BG",2008,7.73
"NAC","P_SAL_H","GE1000","H","D111","BG",2008,6.1
"NAC","P_SAL_H","GE1000","H","D1111","BG",2008,4.68
"NAC","P_SAL_H","GE1000","H49","D01","BG",2008,7.35
"NAC","P_SAL_H","GE1000","H49","D111","BG",2008,5.63
"NAC","P_SAL_H","GE1000","H49","D1111","BG",2008,4.51
"NAC","P_SAL_H","GE1000","H50","D01","BG",2008,NA
"NAC","P_SAL_H","GE1000","H50","D111","BG",2008,NA
"NAC","P_SAL_H","GE1000","H50","D1111","BG",2008,NA
"NAC","P_SAL_H","GE1000","H52","D01","BG",2008,8.5
"NAC","P_SAL_H","GE1000","H52","D111","BG",2008,7.26
"NAC","P_SAL_H","GE1000","H52","D1111","BG",2008,4.94
"NAC","P_SAL_H","GE1000","H53","D01","BG",2008,NA
"NAC","P_SAL_H","GE1000","H53","D111","BG",2008,NA
"NAC","P_SAL_H","GE1000","H53","D1111","BG",2008,NA
"NAC","P_SAL_H","GE1000","I","D01","BG",2008,NA
"NAC","P_SAL_H","GE1000","I","D111","BG",2008,NA
"NAC","P_SAL_H","GE1000","I","D1111","BG",2008,NA
"NAC","P_SAL_H","GE1000","I56","D01","BG",2008,NA
"NAC","P_SAL_H","GE1000","I56","D111","BG",2008,NA
"NAC","P_SAL_H","GE1000","I56","D1111","BG",2008,NA
"NAC","P_SAL_H","GE1000","J","D01","BG",2008,12.36
"NAC","P_SAL_H","GE1000","J","D111","BG",2008,10.47
"NAC","P_SAL_H","GE1000","J","D1111","BG",2008,9.5
"NAC","P_SAL_H","GE1000","J60","D01","BG",2008,NA
"NAC","P_SAL_H","GE1000","J60","D111","BG",2008,NA
"NAC","P_SAL_H","GE1000","J60","D1111","BG",2008,NA
"NAC","P_SAL_H","GE1000","J61","D01","BG",2008,NA
"NAC","P_SAL_H","GE1000","J61","D111","BG",2008,NA
"NAC","P_SAL_H","GE1000","J61","D1111","BG",2008,NA
"NAC","P_SAL_H","GE1000","J62","D01","BG",2008,NA
"NAC","P_SAL_H","GE1000","J62","D111","BG",2008,NA
"NAC","P_SAL_H","GE1000","J62","D1111","BG",2008,NA
"NAC","P_SAL_H","GE1000","K","D01","BG",2008,11.08
"NAC","P_SAL_H","GE1000","K","D111","BG",2008,9.21
"NAC","P_SAL_H","GE1000","K","D1111","BG",2008,8.69
"NAC","P_SAL_H","GE1000","K-N","D01","BG",2008,5.55
"NAC","P_SAL_H","GE1000","K-N","D111","BG",2008,4.58
"NAC","P_SAL_H","GE1000","K-N","D1111","BG",2008,4.31
"NAC","P_SAL_H","GE1000","K64","D01","BG",2008,11.08
"NAC","P_SAL_H","GE1000","K64","D111","BG",2008,9.21
"NAC","P_SAL_H","GE1000","K64","D1111","BG",2008,8.69
"NAC","P_SAL_H","GE1000","M","D01","BG",2008,NA
"NAC","P_SAL_H","GE1000","M","D111","BG",2008,NA
"NAC","P_SAL_H","GE1000","M","D1111","BG",2008,NA
"NAC","P_SAL_H","GE1000","M71","D01","BG",2008,NA
"NAC","P_SAL_H","GE1000","M71","D111","BG",2008,NA
"NAC","P_SAL_H","GE1000","M71","D1111","BG",2008,NA
"NAC","P_SAL_H","GE1000","M72","D01","BG",2008,NA
"NAC","P_SAL_H","GE1000","M72","D111","BG",2008,NA
"NAC","P_SAL_H","GE1000","M72","D1111","BG",2008,NA
"NAC","P_SAL_H","GE1000","N","D01","BG",2008,2.52
"NAC","P_SAL_H","GE1000","N","D111","BG",2008,2.05
"NAC","P_SAL_H","GE1000","N","D1111","BG",2008,1.92
"NAC","P_SAL_H","GE1000","N78","D01","BG",2008,NA
"NAC","P_SAL_H","GE1000","N78","D111","BG",2008,NA
"NAC","P_SAL_H","GE1000","N78","D1111","BG",2008,NA
"NAC","P_SAL_H","GE1000","N80","D01","BG",2008,2.52
"NAC","P_SAL_H","GE1000","N80","D111","BG",2008,2.05
"NAC","P_SAL_H","GE1000","N80","D1111","BG",2008,1.92
"NAC","P_SAL_H","GE1000","O","D01","BG",2008,7.74
"NAC","P_SAL_H","GE1000","O","D111","BG",2008,6.14
"NAC","P_SAL_H","GE1000","O","D1111","BG",2008,5.63
"NAC","P_SAL_H","GE1000","O-S","D01","BG",2008,7.18
"NAC","P_SAL_H","GE1000","O-S","D111","BG",2008,5.82
"NAC","P_SAL_H","GE1000","O-S","D1111","BG",2008,5.15
"NAC","P_SAL_H","GE1000","O84","D01","BG",2008,7.74
"NAC","P_SAL_H","GE1000","O84","D111","BG",2008,6.14
"NAC","P_SAL_H","GE1000","O84","D1111","BG",2008,5.63
"NAC","P_SAL_H","GE1000","P","D01","BG",2008,6.77
"NAC","P_SAL_H","GE1000","P","D111","BG",2008,5.5
"NAC","P_SAL_H","GE1000","P","D1111","BG",2008,4.79
"NAC","P_SAL_H","GE1000","P-S","D01","BG",2008,6.96
"NAC","P_SAL_H","GE1000","P-S","D111","BG",2008,5.69
"NAC","P_SAL_H","GE1000","P-S","D1111","BG",2008,4.97
"NAC","P_SAL_H","GE1000","P85","D01","BG",2008,6.77
"NAC","P_SAL_H","GE1000","P85","D111","BG",2008,5.5
"NAC","P_SAL_H","GE1000","P85","D1111","BG",2008,4.79
"NAC","P_SAL_H","GE1000","Q","D01","BG",2008,7.05
"NAC","P_SAL_H","GE1000","Q","D111","BG",2008,5.78
"NAC","P_SAL_H","GE1000","Q","D1111","BG",2008,5.05
"NAC","P_SAL_H","GE1000","Q86","D01","BG",2008,7.05
"NAC","P_SAL_H","GE1000","Q86","D111","BG",2008,5.78
"NAC","P_SAL_H","GE1000","Q86","D1111","BG",2008,5.05
"NAC","P_SAL_H","GE1000","R","D01","BG",2008,NA
"NAC","P_SAL_H","GE1000","R","D111","BG",2008,NA
"NAC","P_SAL_H","GE1000","R","D1111","BG",2008,NA
"NAC","P_SAL_H","GE1000","R92","D01","BG",2008,NA
"NAC","P_SAL_H","GE1000","R92","D111","BG",2008,NA
"NAC","P_SAL_H","GE1000","R92","D1111","BG",2008,NA
"NAC","P_SAL_H","LT10","B","D01","BG",2008,3.8
"NAC","P_SAL_H","LT10","B","D111","BG",2008,3.09
"NAC","P_SAL_H","LT10","B","D1111","BG",2008,2.94
"NAC","P_SAL_H","LT10","B-E","D01","BG",2008,2.43
"NAC","P_SAL_H","LT10","B-E","D111","BG",2008,2
"NAC","P_SAL_H","LT10","B-E","D1111","BG",2008,1.89
"NAC","P_SAL_H","LT10","B-F","D01","BG",2008,2.63
"NAC","P_SAL_H","LT10","B-F","D111","BG",2008,2.17
"NAC","P_SAL_H","LT10","B-F","D1111","BG",2008,2.06
"NAC","P_SAL_H","LT10","B-N","D01","BG",2008,2.77
"NAC","P_SAL_H","LT10","B-N","D111","BG",2008,2.3
"NAC","P_SAL_H","LT10","B-N","D1111","BG",2008,2.19
"NAC","P_SAL_H","LT10","B-S","D01","BG",2008,2.79
"NAC","P_SAL_H","LT10","B-S","D111","BG",2008,2.32
"NAC","P_SAL_H","LT10","B-S","D1111","BG",2008,2.2
"NAC","P_SAL_H","LT10","B-S_X_O","D01","BG",2008,2.77
"NAC","P_SAL_H","LT10","B-S_X_O","D111","BG",2008,2.3
"NAC","P_SAL_H","LT10","B-S_X_O","D1111","BG",2008,2.19
"NAC","P_SAL_H","LT10","B05","D01","BG",2008,NA
"NAC","P_SAL_H","LT10","B05","D111","BG",2008,NA
"NAC","P_SAL_H","LT10","B05","D1111","BG",2008,NA
"NAC","P_SAL_H","LT10","B06","D01","BG",2008,NA
"NAC","P_SAL_H","LT10","B06","D111","BG",2008,NA
"NAC","P_SAL_H","LT10","B06","D1111","BG",2008,NA
"NAC","P_SAL_H","LT10","B07","D01","BG",2008,4.29
"NAC","P_SAL_H","LT10","B07","D111","BG",2008,3.47
"NAC","P_SAL_H","LT10","B07","D1111","BG",2008,3.34
"NAC","P_SAL_H","LT10","B08","D01","BG",2008,3.74
"NAC","P_SAL_H","LT10","B08","D111","BG",2008,3.05
"NAC","P_SAL_H","LT10","B08","D1111","BG",2008,2.89
"NAC","P_SAL_H","LT10","B09","D01","BG",2008,3.69
"NAC","P_SAL_H","LT10","B09","D111","BG",2008,3.04
"NAC","P_SAL_H","LT10","B09","D1111","BG",2008,2.95
"NAC","P_SAL_H","LT10","C","D01","BG",2008,2.32
"NAC","P_SAL_H","LT10","C","D111","BG",2008,1.91
"NAC","P_SAL_H","LT10","C","D1111","BG",2008,1.81
"NAC","P_SAL_H","LT10","C10","D01","BG",2008,2.1
"NAC","P_SAL_H","LT10","C10","D111","BG",2008,1.72
"NAC","P_SAL_H","LT10","C10","D1111","BG",2008,1.66
"NAC","P_SAL_H","LT10","C11","D01","BG",2008,2.43
"NAC","P_SAL_H","LT10","C11","D111","BG",2008,1.99
"NAC","P_SAL_H","LT10","C11","D1111","BG",2008,1.91
"NAC","P_SAL_H","LT10","C12","D01","BG",2008,10.93
"NAC","P_SAL_H","LT10","C12","D111","BG",2008,5.01
"NAC","P_SAL_H","LT10","C12","D1111","BG",2008,4.11
"NAC","P_SAL_H","LT10","C13","D01","BG",2008,2.47
"NAC","P_SAL_H","LT10","C13","D111","BG",2008,2.03
"NAC","P_SAL_H","LT10","C13","D1111","BG",2008,1.91
"NAC","P_SAL_H","LT10","C14","D01","BG",2008,1.99
"NAC","P_SAL_H","LT10","C14","D111","BG",2008,1.64
"NAC","P_SAL_H","LT10","C14","D1111","BG",2008,1.59
"NAC","P_SAL_H","LT10","C15","D01","BG",2008,1.98
"NAC","P_SAL_H","LT10","C15","D111","BG",2008,1.62
"NAC","P_SAL_H","LT10","C15","D1111","BG",2008,1.55
"NAC","P_SAL_H","LT10","C16","D01","BG",2008,1.94
"NAC","P_SAL_H","LT10","C16","D111","BG",2008,1.59
"NAC","P_SAL_H","LT10","C16","D1111","BG",2008,1.51
"NAC","P_SAL_H","LT10","C17","D01","BG",2008,2.19
"NAC","P_SAL_H","LT10","C17","D111","BG",2008,1.8
"NAC","P_SAL_H","LT10","C17","D1111","BG",2008,1.69
"NAC","P_SAL_H","LT10","C18","D01","BG",2008,2.48
"NAC","P_SAL_H","LT10","C18","D111","BG",2008,2.05
"NAC","P_SAL_H","LT10","C18","D1111","BG",2008,1.92
"NAC","P_SAL_H","LT10","C19","D01","BG",2008,3.57
"NAC","P_SAL_H","LT10","C19","D111","BG",2008,2.91
"NAC","P_SAL_H","LT10","C19","D1111","BG",2008,2.66
"NAC","P_SAL_H","LT10","C20","D01","BG",2008,2.75
"NAC","P_SAL_H","LT10","C20","D111","BG",2008,2.25
"NAC","P_SAL_H","LT10","C20","D1111","BG",2008,2.11
"NAC","P_SAL_H","LT10","C21","D01","BG",2008,4.37
"NAC","P_SAL_H","LT10","C21","D111","BG",2008,3.6
"NAC","P_SAL_H","LT10","C21","D1111","BG",2008,3.38
"NAC","P_SAL_H","LT10","C22","D01","BG",2008,2.23
"NAC","P_SAL_H","LT10","C22","D111","BG",2008,1.83
"NAC","P_SAL_H","LT10","C22","D1111","BG",2008,1.73
"NAC","P_SAL_H","LT10","C23","D01","BG",2008,2.78
"NAC","P_SAL_H","LT10","C23","D111","BG",2008,2.27
"NAC","P_SAL_H","LT10","C23","D1111","BG",2008,2.14
"NAC","P_SAL_H","LT10","C24","D01","BG",2008,3.06
"NAC","P_SAL_H","LT10","C24","D111","BG",2008,2.49
"NAC","P_SAL_H","LT10","C24","D1111","BG",2008,2.3
"NAC","P_SAL_H","LT10","C25","D01","BG",2008,2.34
"NAC","P_SAL_H","LT10","C25","D111","BG",2008,1.92
"NAC","P_SAL_H","LT10","C25","D1111","BG",2008,1.82
"NAC","P_SAL_H","LT10","C26","D01","BG",2008,3.36
"NAC","P_SAL_H","LT10","C26","D111","BG",2008,2.75
"NAC","P_SAL_H","LT10","C26","D1111","BG",2008,2.54
"NAC","P_SAL_H","LT10","C27","D01","BG",2008,3.21
"NAC","P_SAL_H","LT10","C27","D111","BG",2008,2.68
"NAC","P_SAL_H","LT10","C27","D1111","BG",2008,2.53
"NAC","P_SAL_H","LT10","C28","D01","BG",2008,3.42
"NAC","P_SAL_H","LT10","C28","D111","BG",2008,2.86
"NAC","P_SAL_H","LT10","C28","D1111","BG",2008,2.69
"NAC","P_SAL_H","LT10","C29","D01","BG",2008,3.61
"NAC","P_SAL_H","LT10","C29","D111","BG",2008,3.01
"NAC","P_SAL_H","LT10","C29","D1111","BG",2008,2.84
"NAC","P_SAL_H","LT10","C30","D01","BG",2008,3.78
"NAC","P_SAL_H","LT10","C30","D111","BG",2008,3.12
"NAC","P_SAL_H","LT10","C30","D1111","BG",2008,2.93
"NAC","P_SAL_H","LT10","C31","D01","BG",2008,1.96
"NAC","P_SAL_H","LT10","C31","D111","BG",2008,1.61
"NAC","P_SAL_H","LT10","C31","D1111","BG",2008,1.54
"NAC","P_SAL_H","LT10","C32","D01","BG",2008,2.19
"NAC","P_SAL_H","LT10","C32","D111","BG",2008,1.8
"NAC","P_SAL_H","LT10","C32","D1111","BG",2008,1.69
"NAC","P_SAL_H","LT10","C33","D01","BG",2008,3.47
"NAC","P_SAL_H","LT10","C33","D111","BG",2008,2.84
"NAC","P_SAL_H","LT10","C33","D1111","BG",2008,2.7
"NAC","P_SAL_H","LT10","D","D01","BG",2008,8.16
"NAC","P_SAL_H","LT10","D","D111","BG",2008,7
"NAC","P_SAL_H","LT10","D","D1111","BG",2008,6.29
"NAC","P_SAL_H","LT10","D35","D01","BG",2008,8.16
"NAC","P_SAL_H","LT10","D35","D111","BG",2008,7
"NAC","P_SAL_H","LT10","D35","D1111","BG",2008,6.29
"NAC","P_SAL_H","LT10","E","D01","BG",2008,3.16
"NAC","P_SAL_H","LT10","E","D111","BG",2008,2.61
"NAC","P_SAL_H","LT10","E","D1111","BG",2008,2.41
"NAC","P_SAL_H","LT10","E36","D01","BG",2008,3.88
"NAC","P_SAL_H","LT10","E36","D111","BG",2008,3.2
"NAC","P_SAL_H","LT10","E36","D1111","BG",2008,2.61
"NAC","P_SAL_H","LT10","E37","D01","BG",2008,3.7
"NAC","P_SAL_H","LT10","E37","D111","BG",2008,3.08
"NAC","P_SAL_H","LT10","E37","D1111","BG",2008,2.92
"NAC","P_SAL_H","LT10","E38","D01","BG",2008,3
"NAC","P_SAL_H","LT10","E38","D111","BG",2008,2.47
"NAC","P_SAL_H","LT10","E38","D1111","BG",2008,2.34
"NAC","P_SAL_H","LT10","E39","D01","BG",2008,2.42
"NAC","P_SAL_H","LT10","E39","D111","BG",2008,1.98
"NAC","P_SAL_H","LT10","E39","D1111","BG",2008,1.85
"NAC","P_SAL_H","LT10","F","D01","BG",2008,2.94
"NAC","P_SAL_H","LT10","F","D111","BG",2008,2.42
"NAC","P_SAL_H","LT10","F","D1111","BG",2008,2.31
"NAC","P_SAL_H","LT10","F41","D01","BG",2008,3.02
"NAC","P_SAL_H","LT10","F41","D111","BG",2008,2.49
"NAC","P_SAL_H","LT10","F41","D1111","BG",2008,2.38
"NAC","P_SAL_H","LT10","F42","D01","BG",2008,3.9
"NAC","P_SAL_H","LT10","F42","D111","BG",2008,3.23
"NAC","P_SAL_H","LT10","F42","D1111","BG",2008,3.07
"NAC","P_SAL_H","LT10","F43","D01","BG",2008,2.78
"NAC","P_SAL_H","LT10","F43","D111","BG",2008,2.29
"NAC","P_SAL_H","LT10","F43","D1111","BG",2008,2.17
"NAC","P_SAL_H","LT10","G","D01","BG",2008,2.46
"NAC","P_SAL_H","LT10","G","D111","BG",2008,2.04
"NAC","P_SAL_H","LT10","G","D1111","BG",2008,1.95
"NAC","P_SAL_H","LT10","G-J","D01","BG",2008,2.51
"NAC","P_SAL_H","LT10","G-J","D111","BG",2008,2.07
"NAC","P_SAL_H","LT10","G-J","D1111","BG",2008,1.98
"NAC","P_SAL_H","LT10","G-N","D01","BG",2008,2.82
"NAC","P_SAL_H","LT10","G-N","D111","BG",2008,2.34
"NAC","P_SAL_H","LT10","G-N","D1111","BG",2008,2.23
"NAC","P_SAL_H","LT10","G-S_X_O","D01","BG",2008,2.81
"NAC","P_SAL_H","LT10","G-S_X_O","D111","BG",2008,2.34
"NAC","P_SAL_H","LT10","G-S_X_O","D1111","BG",2008,2.22
"NAC","P_SAL_H","LT10","G45","D01","BG",2008,2.38
"NAC","P_SAL_H","LT10","G45","D111","BG",2008,1.96
"NAC","P_SAL_H","LT10","G45","D1111","BG",2008,1.87
"NAC","P_SAL_H","LT10","G46","D01","BG",2008,3.38
"NAC","P_SAL_H","LT10","G46","D111","BG",2008,2.82
"NAC","P_SAL_H","LT10","G46","D1111","BG",2008,2.66
"NAC","P_SAL_H","LT10","G47","D01","BG",2008,2.13
"NAC","P_SAL_H","LT10","G47","D111","BG",2008,1.76
"NAC","P_SAL_H","LT10","G47","D1111","BG",2008,1.69
"NAC","P_SAL_H","LT10","H","D01","BG",2008,2.55
"NAC","P_SAL_H","LT10","H","D111","BG",2008,2.07
"NAC","P_SAL_H","LT10","H","D1111","BG",2008,1.96
"NAC","P_SAL_H","LT10","H49","D01","BG",2008,2.29
"NAC","P_SAL_H","LT10","H49","D111","BG",2008,1.84
"NAC","P_SAL_H","LT10","H49","D1111","BG",2008,1.75
"NAC","P_SAL_H","LT10","H50","D01","BG",2008,3.26
"NAC","P_SAL_H","LT10","H50","D111","BG",2008,2.63
"NAC","P_SAL_H","LT10","H50","D1111","BG",2008,2.49
"NAC","P_SAL_H","LT10","H51","D01","BG",2008,6.07
"NAC","P_SAL_H","LT10","H51","D111","BG",2008,4.86
"NAC","P_SAL_H","LT10","H51","D1111","BG",2008,4.55
"NAC","P_SAL_H","LT10","H52","D01","BG",2008,4.22
"NAC","P_SAL_H","LT10","H52","D111","BG",2008,3.58
"NAC","P_SAL_H","LT10","H52","D1111","BG",2008,3.32
"NAC","P_SAL_H","LT10","H53","D01","BG",2008,3.62
"NAC","P_SAL_H","LT10","H53","D111","BG",2008,2.99
"NAC","P_SAL_H","LT10","H53","D1111","BG",2008,2.45
"NAC","P_SAL_H","LT10","I","D01","BG",2008,2.02
"NAC","P_SAL_H","LT10","I","D111","BG",2008,1.66
"NAC","P_SAL_H","LT10","I","D1111","BG",2008,1.61
"NAC","P_SAL_H","LT10","I55","D01","BG",2008,2.39
"NAC","P_SAL_H","LT10","I55","D111","BG",2008,1.96
"NAC","P_SAL_H","LT10","I55","D1111","BG",2008,1.88
"NAC","P_SAL_H","LT10","I56","D01","BG",2008,1.97
"NAC","P_SAL_H","LT10","I56","D111","BG",2008,1.63
"NAC","P_SAL_H","LT10","I56","D1111","BG",2008,1.58
"NAC","P_SAL_H","LT10","J","D01","BG",2008,5.12
"NAC","P_SAL_H","LT10","J","D111","BG",2008,4.38
"NAC","P_SAL_H","LT10","J","D1111","BG",2008,4.15
"NAC","P_SAL_H","LT10","J58","D01","BG",2008,3.31
"NAC","P_SAL_H","LT10","J58","D111","BG",2008,2.74
"NAC","P_SAL_H","LT10","J58","D1111","BG",2008,2.57
"NAC","P_SAL_H","LT10","J59","D01","BG",2008,3.61
"NAC","P_SAL_H","LT10","J59","D111","BG",2008,3.05
"NAC","P_SAL_H","LT10","J59","D1111","BG",2008,2.87
"NAC","P_SAL_H","LT10","J60","D01","BG",2008,2.93
"NAC","P_SAL_H","LT10","J60","D111","BG",2008,2.39
"NAC","P_SAL_H","LT10","J60","D1111","BG",2008,2.23
"NAC","P_SAL_H","LT10","J61","D01","BG",2008,6.41
"NAC","P_SAL_H","LT10","J61","D111","BG",2008,5.79
"NAC","P_SAL_H","LT10","J61","D1111","BG",2008,5.61
"NAC","P_SAL_H","LT10","J62","D01","BG",2008,6.01
"NAC","P_SAL_H","LT10","J62","D111","BG",2008,5.1
"NAC","P_SAL_H","LT10","J62","D1111","BG",2008,4.8
"NAC","P_SAL_H","LT10","J63","D01","BG",2008,4.1
"NAC","P_SAL_H","LT10","J63","D111","BG",2008,3.42
"NAC","P_SAL_H","LT10","J63","D1111","BG",2008,3.21
"NAC","P_SAL_H","LT10","K","D01","BG",2008,6.16
"NAC","P_SAL_H","LT10","K","D111","BG",2008,5.19
"NAC","P_SAL_H","LT10","K","D1111","BG",2008,4.86
"NAC","P_SAL_H","LT10","K-N","D01","BG",2008,4.12
"NAC","P_SAL_H","LT10","K-N","D111","BG",2008,3.46
"NAC","P_SAL_H","LT10","K-N","D1111","BG",2008,3.26
"NAC","P_SAL_H","LT10","K64","D01","BG",2008,7.47
"NAC","P_SAL_H","LT10","K64","D111","BG",2008,6.3
"NAC","P_SAL_H","LT10","K64","D1111","BG",2008,5.85
"NAC","P_SAL_H","LT10","K65","D01","BG",2008,9.7
"NAC","P_SAL_H","LT10","K65","D111","BG",2008,8.27
"NAC","P_SAL_H","LT10","K65","D1111","BG",2008,7.77
"NAC","P_SAL_H","LT10","K66","D01","BG",2008,4.1
"NAC","P_SAL_H","LT10","K66","D111","BG",2008,3.42
"NAC","P_SAL_H","LT10","K66","D1111","BG",2008,3.26
"NAC","P_SAL_H","LT10","L","D01","BG",2008,4.26
"NAC","P_SAL_H","LT10","L","D111","BG",2008,3.61
"NAC","P_SAL_H","LT10","L","D1111","BG",2008,3.41
"NAC","P_SAL_H","LT10","L68","D01","BG",2008,4.26
"NAC","P_SAL_H","LT10","L68","D111","BG",2008,3.61
"NAC","P_SAL_H","LT10","L68","D1111","BG",2008,3.41
"NAC","P_SAL_H","LT10","M","D01","BG",2008,3.99
"NAC","P_SAL_H","LT10","M","D111","BG",2008,3.35
"NAC","P_SAL_H","LT10","M","D1111","BG",2008,3.16
"NAC","P_SAL_H","LT10","M69","D01","BG",2008,3.16
"NAC","P_SAL_H","LT10","M69","D111","BG",2008,2.61
"NAC","P_SAL_H","LT10","M69","D1111","BG",2008,2.46
"NAC","P_SAL_H","LT10","M70","D01","BG",2008,7.13
"NAC","P_SAL_H","LT10","M70","D111","BG",2008,6.19
"NAC","P_SAL_H","LT10","M70","D1111","BG",2008,5.84
"NAC","P_SAL_H","LT10","M71","D01","BG",2008,4.13
"NAC","P_SAL_H","LT10","M71","D111","BG",2008,3.45
"NAC","P_SAL_H","LT10","M71","D1111","BG",2008,3.24
"NAC","P_SAL_H","LT10","M72","D01","BG",2008,5.77
"NAC","P_SAL_H","LT10","M72","D111","BG",2008,4.89
"NAC","P_SAL_H","LT10","M72","D1111","BG",2008,4.58
"NAC","P_SAL_H","LT10","M73","D01","BG",2008,3.61
"NAC","P_SAL_H","LT10","M73","D111","BG",2008,3.03
"NAC","P_SAL_H","LT10","M73","D1111","BG",2008,2.85
"NAC","P_SAL_H","LT10","M74","D01","BG",2008,4.19
"NAC","P_SAL_H","LT10","M74","D111","BG",2008,3.52
"NAC","P_SAL_H","LT10","M74","D1111","BG",2008,3.33
"NAC","P_SAL_H","LT10","M75","D01","BG",2008,2.42
"NAC","P_SAL_H","LT10","M75","D111","BG",2008,2
"NAC","P_SAL_H","LT10","M75","D1111","BG",2008,1.93
"NAC","P_SAL_H","LT10","N","D01","BG",2008,3.2
"NAC","P_SAL_H","LT10","N","D111","BG",2008,2.67
"NAC","P_SAL_H","LT10","N","D1111","BG",2008,2.52
"NAC","P_SAL_H","LT10","N77","D01","BG",2008,3.75
"NAC","P_SAL_H","LT10","N77","D111","BG",2008,3.14
"NAC","P_SAL_H","LT10","N77","D1111","BG",2008,2.98
"NAC","P_SAL_H","LT10","N78","D01","BG",2008,5.41
"NAC","P_SAL_H","LT10","N78","D111","BG",2008,4.57
"NAC","P_SAL_H","LT10","N78","D1111","BG",2008,4.28
"NAC","P_SAL_H","LT10","N79","D01","BG",2008,3.27
"NAC","P_SAL_H","LT10","N79","D111","BG",2008,2.7
"NAC","P_SAL_H","LT10","N79","D1111","BG",2008,2.55
"NAC","P_SAL_H","LT10","N80","D01","BG",2008,2.13
"NAC","P_SAL_H","LT10","N80","D111","BG",2008,1.77
"NAC","P_SAL_H","LT10","N80","D1111","BG",2008,1.69
"NAC","P_SAL_H","LT10","N81","D01","BG",2008,2.37
"NAC","P_SAL_H","LT10","N81","D111","BG",2008,1.97
"NAC","P_SAL_H","LT10","N81","D1111","BG",2008,1.87
"NAC","P_SAL_H","LT10","N82","D01","BG",2008,3.73
"NAC","P_SAL_H","LT10","N82","D111","BG",2008,3.15
"NAC","P_SAL_H","LT10","N82","D1111","BG",2008,2.94
"NAC","P_SAL_H","LT10","O","D01","BG",2008,7.68
"NAC","P_SAL_H","LT10","O","D111","BG",2008,5.98
"NAC","P_SAL_H","LT10","O","D1111","BG",2008,5.4
"NAC","P_SAL_H","LT10","O-S","D01","BG",2008,2.97
"NAC","P_SAL_H","LT10","O-S","D111","BG",2008,2.48
"NAC","P_SAL_H","LT10","O-S","D1111","BG",2008,2.31
"NAC","P_SAL_H","LT10","O84","D01","BG",2008,7.68
"NAC","P_SAL_H","LT10","O84","D111","BG",2008,5.98
"NAC","P_SAL_H","LT10","O84","D1111","BG",2008,5.4
"NAC","P_SAL_H","LT10","P","D01","BG",2008,3.79
"NAC","P_SAL_H","LT10","P","D111","BG",2008,2.98
"NAC","P_SAL_H","LT10","P","D1111","BG",2008,2.6
"NAC","P_SAL_H","LT10","P-S","D01","BG",2008,2.78
"NAC","P_SAL_H","LT10","P-S","D111","BG",2008,2.35
"NAC","P_SAL_H","LT10","P-S","D1111","BG",2008,2.19
"NAC","P_SAL_H","LT10","P85","D01","BG",2008,3.79
"NAC","P_SAL_H","LT10","P85","D111","BG",2008,2.98
"NAC","P_SAL_H","LT10","P85","D1111","BG",2008,2.6
"NAC","P_SAL_H","LT10","Q","D01","BG",2008,2.57
"NAC","P_SAL_H","LT10","Q","D111","BG",2008,2.12
"NAC","P_SAL_H","LT10","Q","D1111","BG",2008,2.04
"NAC","P_SAL_H","LT10","Q86","D01","BG",2008,2.55
"NAC","P_SAL_H","LT10","Q86","D111","BG",2008,2.11
"NAC","P_SAL_H","LT10","Q86","D1111","BG",2008,2.04
"NAC","P_SAL_H","LT10","Q87","D01","BG",2008,2.56
"NAC","P_SAL_H","LT10","Q87","D111","BG",2008,2.18
"NAC","P_SAL_H","LT10","Q87","D1111","BG",2008,2.02
"NAC","P_SAL_H","LT10","Q88","D01","BG",2008,2.94
"NAC","P_SAL_H","LT10","Q88","D111","BG",2008,2.4
"NAC","P_SAL_H","LT10","Q88","D1111","BG",2008,2.17
"NAC","P_SAL_H","LT10","R","D01","BG",2008,2.47
"NAC","P_SAL_H","LT10","R","D111","BG",2008,2.04
"NAC","P_SAL_H","LT10","R","D1111","BG",2008,1.93
"NAC","P_SAL_H","LT10","R90","D01","BG",2008,2.98
"NAC","P_SAL_H","LT10","R90","D111","BG",2008,2.47
"NAC","P_SAL_H","LT10","R90","D1111","BG",2008,2.34
"NAC","P_SAL_H","LT10","R91","D01","BG",2008,3.54
"NAC","P_SAL_H","LT10","R91","D111","BG",2008,2.9
"NAC","P_SAL_H","LT10","R91","D1111","BG",2008,2.61
"NAC","P_SAL_H","LT10","R92","D01","BG",2008,2.07
"NAC","P_SAL_H","LT10","R92","D111","BG",2008,1.71
"NAC","P_SAL_H","LT10","R92","D1111","BG",2008,1.62
"NAC","P_SAL_H","LT10","R93","D01","BG",2008,2.6
"NAC","P_SAL_H","LT10","R93","D111","BG",2008,2.15
"NAC","P_SAL_H","LT10","R93","D1111","BG",2008,2.04
"NAC","P_SAL_H","LT10","S","D01","BG",2008,2.63
"NAC","P_SAL_H","LT10","S","D111","BG",2008,2.35
"NAC","P_SAL_H","LT10","S","D1111","BG",2008,2.21
"NAC","P_SAL_H","LT10","S94","D01","BG",2008,3.2
"NAC","P_SAL_H","LT10","S94","D111","BG",2008,3.02
"NAC","P_SAL_H","LT10","S94","D1111","BG",2008,2.8
"NAC","P_SAL_H","LT10","S95","D01","BG",2008,2.26
"NAC","P_SAL_H","LT10","S95","D111","BG",2008,1.87
"NAC","P_SAL_H","LT10","S95","D1111","BG",2008,1.79
"NAC","P_SAL_H","LT10","S96","D01","BG",2008,2.08
"NAC","P_SAL_H","LT10","S96","D111","BG",2008,1.72
"NAC","P_SAL_H","LT10","S96","D1111","BG",2008,1.65
"NAC","P_SAL_H","TOTAL","B","D01","BG",2008,8.7
"NAC","P_SAL_H","TOTAL","B","D111","BG",2008,6.39
"NAC","P_SAL_H","TOTAL","B","D1111","BG",2008,5.42
"NAC","P_SAL_H","TOTAL","B-E","D01","BG",2008,4.77
"NAC","P_SAL_H","TOTAL","B-E","D111","BG",2008,3.8
"NAC","P_SAL_H","TOTAL","B-E","D1111","BG",2008,3.33
"NAC","P_SAL_H","TOTAL","B-F","D01","BG",2008,4.52
"NAC","P_SAL_H","TOTAL","B-F","D111","BG",2008,3.62
"NAC","P_SAL_H","TOTAL","B-F","D1111","BG",2008,3.22
"NAC","P_SAL_H","TOTAL","B-N","D01","BG",2008,4.57
"NAC","P_SAL_H","TOTAL","B-N","D111","BG",2008,3.74
"NAC","P_SAL_H","TOTAL","B-N","D1111","BG",2008,3.37
"NAC","P_SAL_H","TOTAL","B-S","D01","BG",2008,4.73
"NAC","P_SAL_H","TOTAL","B-S","D111","BG",2008,3.86
"NAC","P_SAL_H","TOTAL","B-S","D1111","BG",2008,3.46
"NAC","P_SAL_H","TOTAL","B-S_X_O","D01","BG",2008,4.62
"NAC","P_SAL_H","TOTAL","B-S_X_O","D111","BG",2008,3.78
"NAC","P_SAL_H","TOTAL","B-S_X_O","D1111","BG",2008,3.38
"NAC","P_SAL_H","TOTAL","B05","D01","BG",2008,9.67
"NAC","P_SAL_H","TOTAL","B05","D111","BG",2008,6.82
"NAC","P_SAL_H","TOTAL","B05","D1111","BG",2008,5.51
"NAC","P_SAL_H","TOTAL","B06","D01","BG",2008,6.71
"NAC","P_SAL_H","TOTAL","B06","D111","BG",2008,5.56
"NAC","P_SAL_H","TOTAL","B06","D1111","BG",2008,4.94
"NAC","P_SAL_H","TOTAL","B07","D01","BG",2008,11.02
"NAC","P_SAL_H","TOTAL","B07","D111","BG",2008,8.3
"NAC","P_SAL_H","TOTAL","B07","D1111","BG",2008,7.3
"NAC","P_SAL_H","TOTAL","B08","D01","BG",2008,5.62
"NAC","P_SAL_H","TOTAL","B08","D111","BG",2008,4.36
"NAC","P_SAL_H","TOTAL","B08","D1111","BG",2008,3.92
"NAC","P_SAL_H","TOTAL","B09","D01","BG",2008,2.61
"NAC","P_SAL_H","TOTAL","B09","D111","BG",2008,2.19
"NAC","P_SAL_H","TOTAL","B09","D1111","BG",2008,2.13
"NAC","P_SAL_H","TOTAL","C","D01","BG",2008,4.16
"NAC","P_SAL_H","TOTAL","C","D111","BG",2008,3.36
"NAC","P_SAL_H","TOTAL","C","D1111","BG",2008,3.02
"NAC","P_SAL_H","TOTAL","C10","D01","BG",2008,3.32
"NAC","P_SAL_H","TOTAL","C10","D111","BG",2008,2.73
"NAC","P_SAL_H","TOTAL","C10","D1111","BG",2008,2.53
"NAC","P_SAL_H","TOTAL","C11","D01","BG",2008,5.5
"NAC","P_SAL_H","TOTAL","C11","D111","BG",2008,4.59
"NAC","P_SAL_H","TOTAL","C11","D1111","BG",2008,4.06
"NAC","P_SAL_H","TOTAL","C12","D01","BG",2008,12.04
"NAC","P_SAL_H","TOTAL","C12","D111","BG",2008,8.95
"NAC","P_SAL_H","TOTAL","C12","D1111","BG",2008,7.7
"NAC","P_SAL_H","TOTAL","C13","D01","BG",2008,3.82
"NAC","P_SAL_H","TOTAL","C13","D111","BG",2008,3.08
"NAC","P_SAL_H","TOTAL","C13","D1111","BG",2008,2.8
"NAC","P_SAL_H","TOTAL","C14","D01","BG",2008,2.67
"NAC","P_SAL_H","TOTAL","C14","D111","BG",2008,2.19
"NAC","P_SAL_H","TOTAL","C14","D1111","BG",2008,2
"NAC","P_SAL_H","TOTAL","C15","D01","BG",2008,2.45
"NAC","P_SAL_H","TOTAL","C15","D111","BG",2008,2
"NAC","P_SAL_H","TOTAL","C15","D1111","BG",2008,1.84
"NAC","P_SAL_H","TOTAL","C16","D01","BG",2008,3.02
"NAC","P_SAL_H","TOTAL","C16","D111","BG",2008,2.47
"NAC","P_SAL_H","TOTAL","C16","D1111","BG",2008,2.26
"NAC","P_SAL_H","TOTAL","C17","D01","BG",2008,3.95
"NAC","P_SAL_H","TOTAL","C17","D111","BG",2008,3.2
"NAC","P_SAL_H","TOTAL","C17","D1111","BG",2008,2.85
"NAC","P_SAL_H","TOTAL","C18","D01","BG",2008,4.44
"NAC","P_SAL_H","TOTAL","C18","D111","BG",2008,3.69
"NAC","P_SAL_H","TOTAL","C18","D1111","BG",2008,3.35
"NAC","P_SAL_H","TOTAL","C19","D01","BG",2008,17.69
"NAC","P_SAL_H","TOTAL","C19","D111","BG",2008,12.62
"NAC","P_SAL_H","TOTAL","C19","D1111","BG",2008,10.47
"NAC","P_SAL_H","TOTAL","C20","D01","BG",2008,6.26
"NAC","P_SAL_H","TOTAL","C20","D111","BG",2008,4.87
"NAC","P_SAL_H","TOTAL","C20","D1111","BG",2008,4.29
"NAC","P_SAL_H","TOTAL","C21","D01","BG",2008,6.67
"NAC","P_SAL_H","TOTAL","C21","D111","BG",2008,5.29
"NAC","P_SAL_H","TOTAL","C21","D1111","BG",2008,4.67
"NAC","P_SAL_H","TOTAL","C22","D01","BG",2008,3.11
"NAC","P_SAL_H","TOTAL","C22","D111","BG",2008,2.55
"NAC","P_SAL_H","TOTAL","C22","D1111","BG",2008,2.35
"NAC","P_SAL_H","TOTAL","C23","D01","BG",2008,5.08
"NAC","P_SAL_H","TOTAL","C23","D111","BG",2008,4.08
"NAC","P_SAL_H","TOTAL","C23","D1111","BG",2008,3.68
"NAC","P_SAL_H","TOTAL","C24","D01","BG",2008,9.09
"NAC","P_SAL_H","TOTAL","C24","D111","BG",2008,7.04
"NAC","P_SAL_H","TOTAL","C24","D1111","BG",2008,6.14
"NAC","P_SAL_H","TOTAL","C25","D01","BG",2008,3.95
"NAC","P_SAL_H","TOTAL","C25","D111","BG",2008,3.2
"NAC","P_SAL_H","TOTAL","C25","D1111","BG",2008,2.91
"NAC","P_SAL_H","TOTAL","C26","D01","BG",2008,5.42
"NAC","P_SAL_H","TOTAL","C26","D111","BG",2008,4.48
"NAC","P_SAL_H","TOTAL","C26","D1111","BG",2008,3.95
"NAC","P_SAL_H","TOTAL","C27","D01","BG",2008,5.25
"NAC","P_SAL_H","TOTAL","C27","D111","BG",2008,4.28
"NAC","P_SAL_H","TOTAL","C27","D1111","BG",2008,3.81
"NAC","P_SAL_H","TOTAL","C28","D01","BG",2008,5.11
"NAC","P_SAL_H","TOTAL","C28","D111","BG",2008,4.16
"NAC","P_SAL_H","TOTAL","C28","D1111","BG",2008,3.68
"NAC","P_SAL_H","TOTAL","C29","D01","BG",2008,4.06
"NAC","P_SAL_H","TOTAL","C29","D111","BG",2008,3.31
"NAC","P_SAL_H","TOTAL","C29","D1111","BG",2008,3
"NAC","P_SAL_H","TOTAL","C30","D01","BG",2008,6.41
"NAC","P_SAL_H","TOTAL","C30","D111","BG",2008,5.11
"NAC","P_SAL_H","TOTAL","C30","D1111","BG",2008,4.57
"NAC","P_SAL_H","TOTAL","C31","D01","BG",2008,2.57
"NAC","P_SAL_H","TOTAL","C31","D111","BG",2008,2.1
"NAC","P_SAL_H","TOTAL","C31","D1111","BG",2008,1.94
"NAC","P_SAL_H","TOTAL","C32","D01","BG",2008,3.25
"NAC","P_SAL_H","TOTAL","C32","D111","BG",2008,2.68
"NAC","P_SAL_H","TOTAL","C32","D1111","BG",2008,2.44
"NAC","P_SAL_H","TOTAL","C33","D01","BG",2008,6.46
"NAC","P_SAL_H","TOTAL","C33","D111","BG",2008,5.2
"NAC","P_SAL_H","TOTAL","C33","D1111","BG",2008,4.64
"NAC","P_SAL_H","TOTAL","D","D01","BG",2008,11.9
"NAC","P_SAL_H","TOTAL","D","D111","BG",2008,9.14
"NAC","P_SAL_H","TOTAL","D","D1111","BG",2008,6.82
"NAC","P_SAL_H","TOTAL","D35","D01","BG",2008,11.9
"NAC","P_SAL_H","TOTAL","D35","D111","BG",2008,9.14
"NAC","P_SAL_H","TOTAL","D35","D1111","BG",2008,6.82
"NAC","P_SAL_H","TOTAL","E","D01","BG",2008,5.1
"NAC","P_SAL_H","TOTAL","E","D111","BG",2008,4.16
"NAC","P_SAL_H","TOTAL","E","D1111","BG",2008,3.48
"NAC","P_SAL_H","TOTAL","E36","D01","BG",2008,5.79
"NAC","P_SAL_H","TOTAL","E36","D111","BG",2008,4.7
"NAC","P_SAL_H","TOTAL","E36","D1111","BG",2008,3.68
"NAC","P_SAL_H","TOTAL","E37","D01","BG",2008,5.4
"NAC","P_SAL_H","TOTAL","E37","D111","BG",2008,4.67
"NAC","P_SAL_H","TOTAL","E37","D1111","BG",2008,4.41
"NAC","P_SAL_H","TOTAL","E38","D01","BG",2008,4.26
"NAC","P_SAL_H","TOTAL","E38","D111","BG",2008,3.49
"NAC","P_SAL_H","TOTAL","E38","D1111","BG",2008,3.19
"NAC","P_SAL_H","TOTAL","E39","D01","BG",2008,4.94
"NAC","P_SAL_H","TOTAL","E39","D111","BG",2008,4.03
"NAC","P_SAL_H","TOTAL","E39","D1111","BG",2008,3.61
"NAC","P_SAL_H","TOTAL","F","D01","BG",2008,3.8
"NAC","P_SAL_H","TOTAL","F","D111","BG",2008,3.12
"NAC","P_SAL_H","TOTAL","F","D1111","BG",2008,2.91
"NAC","P_SAL_H","TOTAL","F41","D01","BG",2008,3.43
"NAC","P_SAL_H","TOTAL","F41","D111","BG",2008,2.83
"NAC","P_SAL_H","TOTAL","F41","D1111","BG",2008,2.65
"NAC","P_SAL_H","TOTAL","F42","D01","BG",2008,5.09
"NAC","P_SAL_H","TOTAL","F42","D111","BG",2008,4.1
"NAC","P_SAL_H","TOTAL","F42","D1111","BG",2008,3.78
"NAC","P_SAL_H","TOTAL","F43","D01","BG",2008,3.7
"NAC","P_SAL_H","TOTAL","F43","D111","BG",2008,3.06
"NAC","P_SAL_H","TOTAL","F43","D1111","BG",2008,2.88
"NAC","P_SAL_H","TOTAL","G","D01","BG",2008,3.6
"NAC","P_SAL_H","TOTAL","G","D111","BG",2008,3.01
"NAC","P_SAL_H","TOTAL","G","D1111","BG",2008,2.82
"NAC","P_SAL_H","TOTAL","G-J","D01","BG",2008,4.34
"NAC","P_SAL_H","TOTAL","G-J","D111","BG",2008,3.61
"NAC","P_SAL_H","TOTAL","G-J","D1111","BG",2008,3.27
"NAC","P_SAL_H","TOTAL","G-N","D01","BG",2008,4.62
"NAC","P_SAL_H","TOTAL","G-N","D111","BG",2008,3.85
"NAC","P_SAL_H","TOTAL","G-N","D1111","BG",2008,3.51
"NAC","P_SAL_H","TOTAL","G-S_X_O","D01","BG",2008,4.7
"NAC","P_SAL_H","TOTAL","G-S_X_O","D111","BG",2008,3.89
"NAC","P_SAL_H","TOTAL","G-S_X_O","D1111","BG",2008,3.5
"NAC","P_SAL_H","TOTAL","G45","D01","BG",2008,4.27
"NAC","P_SAL_H","TOTAL","G45","D111","BG",2008,3.58
"NAC","P_SAL_H","TOTAL","G45","D1111","BG",2008,3.34
"NAC","P_SAL_H","TOTAL","G46","D01","BG",2008,4.51
"NAC","P_SAL_H","TOTAL","G46","D111","BG",2008,3.79
"NAC","P_SAL_H","TOTAL","G46","D1111","BG",2008,3.54
"NAC","P_SAL_H","TOTAL","G47","D01","BG",2008,2.8
"NAC","P_SAL_H","TOTAL","G47","D111","BG",2008,2.31
"NAC","P_SAL_H","TOTAL","G47","D1111","BG",2008,2.17
"NAC","P_SAL_H","TOTAL","H","D01","BG",2008,5.5
"NAC","P_SAL_H","TOTAL","H","D111","BG",2008,4.48
"NAC","P_SAL_H","TOTAL","H","D1111","BG",2008,3.72
"NAC","P_SAL_H","TOTAL","H49","D01","BG",2008,4.12
"NAC","P_SAL_H","TOTAL","H49","D111","BG",2008,3.25
"NAC","P_SAL_H","TOTAL","H49","D1111","BG",2008,2.81
"NAC","P_SAL_H","TOTAL","H50","D01","BG",2008,9.22
"NAC","P_SAL_H","TOTAL","H50","D111","BG",2008,6.9
"NAC","P_SAL_H","TOTAL","H50","D1111","BG",2008,5.66
"NAC","P_SAL_H","TOTAL","H51","D01","BG",2008,14.16
"NAC","P_SAL_H","TOTAL","H51","D111","BG",2008,11.6
"NAC","P_SAL_H","TOTAL","H51","D1111","BG",2008,10.35
"NAC","P_SAL_H","TOTAL","H52","D01","BG",2008,8.08
"NAC","P_SAL_H","TOTAL","H52","D111","BG",2008,6.89
"NAC","P_SAL_H","TOTAL","H52","D1111","BG",2008,5.51
"NAC","P_SAL_H","TOTAL","H53","D01","BG",2008,4.76
"NAC","P_SAL_H","TOTAL","H53","D111","BG",2008,3.9
"NAC","P_SAL_H","TOTAL","H53","D1111","BG",2008,3.06
"NAC","P_SAL_H","TOTAL","I","D01","BG",2008,2.72
"NAC","P_SAL_H","TOTAL","I","D111","BG",2008,2.23
"NAC","P_SAL_H","TOTAL","I","D1111","BG",2008,2.11
"NAC","P_SAL_H","TOTAL","I55","D01","BG",2008,3.43
"NAC","P_SAL_H","TOTAL","I55","D111","BG",2008,2.81
"NAC","P_SAL_H","TOTAL","I55","D1111","BG",2008,2.61
"NAC","P_SAL_H","TOTAL","I56","D01","BG",2008,2.36
"NAC","P_SAL_H","TOTAL","I56","D111","BG",2008,1.94
"NAC","P_SAL_H","TOTAL","I56","D1111","BG",2008,1.85
"NAC","P_SAL_H","TOTAL","J","D01","BG",2008,9.41
"NAC","P_SAL_H","TOTAL","J","D111","BG",2008,7.98
"NAC","P_SAL_H","TOTAL","J","D1111","BG",2008,7.32
"NAC","P_SAL_H","TOTAL","J58","D01","BG",2008,5.46
"NAC","P_SAL_H","TOTAL","J58","D111","BG",2008,4.61
"NAC","P_SAL_H","TOTAL","J58","D1111","BG",2008,4.29
"NAC","P_SAL_H","TOTAL","J59","D01","BG",2008,5.72
"NAC","P_SAL_H","TOTAL","J59","D111","BG",2008,4.77
"NAC","P_SAL_H","TOTAL","J59","D1111","BG",2008,4.47
"NAC","P_SAL_H","TOTAL","J60","D01","BG",2008,6.6
"NAC","P_SAL_H","TOTAL","J60","D111","BG",2008,5.49
"NAC","P_SAL_H","TOTAL","J60","D1111","BG",2008,5.06
"NAC","P_SAL_H","TOTAL","J61","D01","BG",2008,9.91
"NAC","P_SAL_H","TOTAL","J61","D111","BG",2008,8.35
"NAC","P_SAL_H","TOTAL","J61","D1111","BG",2008,7.66
"NAC","P_SAL_H","TOTAL","J62","D01","BG",2008,12.23
"NAC","P_SAL_H","TOTAL","J62","D111","BG",2008,10.46
"NAC","P_SAL_H","TOTAL","J62","D1111","BG",2008,9.57
"NAC","P_SAL_H","TOTAL","J63","D01","BG",2008,8.27
"NAC","P_SAL_H","TOTAL","J63","D111","BG",2008,7.03
"NAC","P_SAL_H","TOTAL","J63","D1111","BG",2008,6.43
"NAC","P_SAL_H","TOTAL","K","D01","BG",2008,10.05
"NAC","P_SAL_H","TOTAL","K","D111","BG",2008,8.47
"NAC","P_SAL_H","TOTAL","K","D1111","BG",2008,7.69
"NAC","P_SAL_H","TOTAL","K-N","D01","BG",2008,5.4
"NAC","P_SAL_H","TOTAL","K-N","D111","BG",2008,4.56
"NAC","P_SAL_H","TOTAL","K-N","D1111","BG",2008,4.18
"NAC","P_SAL_H","TOTAL","K64","D01","BG",2008,10.27
"NAC","P_SAL_H","TOTAL","K64","D111","BG",2008,8.65
"NAC","P_SAL_H","TOTAL","K64","D1111","BG",2008,7.81
"NAC","P_SAL_H","TOTAL","K65","D01","BG",2008,10.7
"NAC","P_SAL_H","TOTAL","K65","D111","BG",2008,9.08
"NAC","P_SAL_H","TOTAL","K65","D1111","BG",2008,8.47
"NAC","P_SAL_H","TOTAL","K66","D01","BG",2008,6.92
"NAC","P_SAL_H","TOTAL","K66","D111","BG",2008,5.8
"NAC","P_SAL_H","TOTAL","K66","D1111","BG",2008,5.41
"NAC","P_SAL_H","TOTAL","L","D01","BG",2008,4.74
"NAC","P_SAL_H","TOTAL","L","D111","BG",2008,3.98
"NAC","P_SAL_H","TOTAL","L","D1111","BG",2008,3.69
"NAC","P_SAL_H","TOTAL","L68","D01","BG",2008,4.74
"NAC","P_SAL_H","TOTAL","L68","D111","BG",2008,3.98
"NAC","P_SAL_H","TOTAL","L68","D1111","BG",2008,3.69
"NAC","P_SAL_H","TOTAL","M","D01","BG",2008,6.3
"NAC","P_SAL_H","TOTAL","M","D111","BG",2008,5.32
"NAC","P_SAL_H","TOTAL","M","D1111","BG",2008,4.87
"NAC","P_SAL_H","TOTAL","M69","D01","BG",2008,5.48
"NAC","P_SAL_H","TOTAL","M69","D111","BG",2008,4.63
"NAC","P_SAL_H","TOTAL","M69","D1111","BG",2008,4.31
"NAC","P_SAL_H","TOTAL","M70","D01","BG",2008,9.94
"NAC","P_SAL_H","TOTAL","M70","D111","BG",2008,8.54
"NAC","P_SAL_H","TOTAL","M70","D1111","BG",2008,7.74
"NAC","P_SAL_H","TOTAL","M71","D01","BG",2008,6.32
"NAC","P_SAL_H","TOTAL","M71","D111","BG",2008,5.3
"NAC","P_SAL_H","TOTAL","M71","D1111","BG",2008,4.82
"NAC","P_SAL_H","TOTAL","M72","D01","BG",2008,5.42
"NAC","P_SAL_H","TOTAL","M72","D111","BG",2008,4.45
"NAC","P_SAL_H","TOTAL","M72","D1111","BG",2008,3.9
"NAC","P_SAL_H","TOTAL","M73","D01","BG",2008,5.96
"NAC","P_SAL_H","TOTAL","M73","D111","BG",2008,5.06
"NAC","P_SAL_H","TOTAL","M73","D1111","BG",2008,4.72
"NAC","P_SAL_H","TOTAL","M74","D01","BG",2008,6.4
"NAC","P_SAL_H","TOTAL","M74","D111","BG",2008,5.51
"NAC","P_SAL_H","TOTAL","M74","D1111","BG",2008,5.21
"NAC","P_SAL_H","TOTAL","M75","D01","BG",2008,2.42
"NAC","P_SAL_H","TOTAL","M75","D111","BG",2008,2
"NAC","P_SAL_H","TOTAL","M75","D1111","BG",2008,1.93
"NAC","P_SAL_H","TOTAL","N","D01","BG",2008,2.65
"NAC","P_SAL_H","TOTAL","N","D111","BG",2008,2.26
"NAC","P_SAL_H","TOTAL","N","D1111","BG",2008,2.11
"NAC","P_SAL_H","TOTAL","N77","D01","BG",2008,5.25
"NAC","P_SAL_H","TOTAL","N77","D111","BG",2008,4.42
"NAC","P_SAL_H","TOTAL","N77","D1111","BG",2008,4.11
"NAC","P_SAL_H","TOTAL","N78","D01","BG",2008,4.98
"NAC","P_SAL_H","TOTAL","N78","D111","BG",2008,4.11
"NAC","P_SAL_H","TOTAL","N78","D1111","BG",2008,3.81
"NAC","P_SAL_H","TOTAL","N79","D01","BG",2008,3.82
"NAC","P_SAL_H","TOTAL","N79","D111","BG",2008,3.2
"NAC","P_SAL_H","TOTAL","N79","D1111","BG",2008,3.02
"NAC","P_SAL_H","TOTAL","N80","D01","BG",2008,2.38
"NAC","P_SAL_H","TOTAL","N80","D111","BG",2008,1.95
"NAC","P_SAL_H","TOTAL","N80","D1111","BG",2008,1.84
"NAC","P_SAL_H","TOTAL","N81","D01","BG",2008,1.91
"NAC","P_SAL_H","TOTAL","N81","D111","BG",2008,1.78
"NAC","P_SAL_H","TOTAL","N81","D1111","BG",2008,1.65
"NAC","P_SAL_H","TOTAL","N82","D01","BG",2008,5.59
"NAC","P_SAL_H","TOTAL","N82","D111","BG",2008,4.63
"NAC","P_SAL_H","TOTAL","N82","D1111","BG",2008,4.31
"NAC","P_SAL_H","TOTAL","O","D01","BG",2008,6.74
"NAC","P_SAL_H","TOTAL","O","D111","BG",2008,5.31
"NAC","P_SAL_H","TOTAL","O","D1111","BG",2008,4.79
"NAC","P_SAL_H","TOTAL","O-S","D01","BG",2008,5.41
"NAC","P_SAL_H","TOTAL","O-S","D111","BG",2008,4.36
"NAC","P_SAL_H","TOTAL","O-S","D1111","BG",2008,3.83
"NAC","P_SAL_H","TOTAL","O84","D01","BG",2008,6.74
"NAC","P_SAL_H","TOTAL","O84","D111","BG",2008,5.31
"NAC","P_SAL_H","TOTAL","O84","D1111","BG",2008,4.79
"NAC","P_SAL_H","TOTAL","P","D01","BG",2008,5.45
"NAC","P_SAL_H","TOTAL","P","D111","BG",2008,4.35
"NAC","P_SAL_H","TOTAL","P","D1111","BG",2008,3.64
"NAC","P_SAL_H","TOTAL","P-S","D01","BG",2008,4.92
"NAC","P_SAL_H","TOTAL","P-S","D111","BG",2008,4
"NAC","P_SAL_H","TOTAL","P-S","D1111","BG",2008,3.48
"NAC","P_SAL_H","TOTAL","P85","D01","BG",2008,5.45
"NAC","P_SAL_H","TOTAL","P85","D111","BG",2008,4.35
"NAC","P_SAL_H","TOTAL","P85","D1111","BG",2008,3.64
"NAC","P_SAL_H","TOTAL","Q","D01","BG",2008,5
"NAC","P_SAL_H","TOTAL","Q","D111","BG",2008,4.11
"NAC","P_SAL_H","TOTAL","Q","D1111","BG",2008,3.69
"NAC","P_SAL_H","TOTAL","Q86","D01","BG",2008,5.42
"NAC","P_SAL_H","TOTAL","Q86","D111","BG",2008,4.46
"NAC","P_SAL_H","TOTAL","Q86","D1111","BG",2008,4.02
"NAC","P_SAL_H","TOTAL","Q87","D01","BG",2008,3.71
"NAC","P_SAL_H","TOTAL","Q87","D111","BG",2008,3.04
"NAC","P_SAL_H","TOTAL","Q87","D1111","BG",2008,2.67
"NAC","P_SAL_H","TOTAL","Q88","D01","BG",2008,3.16
"NAC","P_SAL_H","TOTAL","Q88","D111","BG",2008,2.58
"NAC","P_SAL_H","TOTAL","Q88","D1111","BG",2008,2.28
"NAC","P_SAL_H","TOTAL","R","D01","BG",2008,3.77
"NAC","P_SAL_H","TOTAL","R","D111","BG",2008,3.13
"NAC","P_SAL_H","TOTAL","R","D1111","BG",2008,2.85
"NAC","P_SAL_H","TOTAL","R90","D01","BG",2008,4.27
"NAC","P_SAL_H","TOTAL","R90","D111","BG",2008,3.46
"NAC","P_SAL_H","TOTAL","R90","D1111","BG",2008,3.03
"NAC","P_SAL_H","TOTAL","R91","D01","BG",2008,3.83
"NAC","P_SAL_H","TOTAL","R91","D111","BG",2008,3.12
"NAC","P_SAL_H","TOTAL","R91","D1111","BG",2008,2.74
"NAC","P_SAL_H","TOTAL","R92","D01","BG",2008,3.13
"NAC","P_SAL_H","TOTAL","R92","D111","BG",2008,2.58
"NAC","P_SAL_H","TOTAL","R92","D1111","BG",2008,2.4
"NAC","P_SAL_H","TOTAL","R93","D01","BG",2008,4.28
"NAC","P_SAL_H","TOTAL","R93","D111","BG",2008,3.66
"NAC","P_SAL_H","TOTAL","R93","D1111","BG",2008,3.43
"NAC","P_SAL_H","TOTAL","S","D01","BG",2008,3.03
"NAC","P_SAL_H","TOTAL","S","D111","BG",2008,2.64
"NAC","P_SAL_H","TOTAL","S","D1111","BG",2008,2.45
"NAC","P_SAL_H","TOTAL","S94","D01","BG",2008,3.48
"NAC","P_SAL_H","TOTAL","S94","D111","BG",2008,3.13
"NAC","P_SAL_H","TOTAL","S94","D1111","BG",2008,2.87
"NAC","P_SAL_H","TOTAL","S95","D01","BG",2008,2.82
"NAC","P_SAL_H","TOTAL","S95","D111","BG",2008,2.33
"NAC","P_SAL_H","TOTAL","S95","D1111","BG",2008,2.22
"NAC","P_SAL_H","TOTAL","S96","D01","BG",2008,2.42
"NAC","P_SAL_H","TOTAL","S96","D111","BG",2008,2
"NAC","P_SAL_H","TOTAL","S96","D1111","BG",2008,1.87
"NAC","P_SAL_M","10-49","B","D01","BG",2008,725
"NAC","P_SAL_M","10-49","B","D111","BG",2008,581
"NAC","P_SAL_M","10-49","B","D1111","BG",2008,530
"NAC","P_SAL_M","10-49","B-E","D01","BG",2008,435
"NAC","P_SAL_M","10-49","B-E","D111","BG",2008,357
"NAC","P_SAL_M","10-49","B-E","D1111","BG",2008,327
"NAC","P_SAL_M","10-49","B-F","D01","BG",2008,452
"NAC","P_SAL_M","10-49","B-F","D111","BG",2008,371
"NAC","P_SAL_M","10-49","B-F","D1111","BG",2008,343
"NAC","P_SAL_M","10-49","B-N","D01","BG",2008,532
"NAC","P_SAL_M","10-49","B-N","D111","BG",2008,443
"NAC","P_SAL_M","10-49","B-N","D1111","BG",2008,411
"NAC","P_SAL_M","10-49","B-S","D01","BG",2008,567
"NAC","P_SAL_M","10-49","B-S","D111","BG",2008,467
"NAC","P_SAL_M","10-49","B-S","D1111","BG",2008,426
"NAC","P_SAL_M","10-49","B-S_X_O","D01","BG",2008,547
"NAC","P_SAL_M","10-49","B-S_X_O","D111","BG",2008,452
"NAC","P_SAL_M","10-49","B-S_X_O","D1111","BG",2008,413
"NAC","P_SAL_M","10-49","B05","D01","BG",2008,692
"NAC","P_SAL_M","10-49","B05","D111","BG",2008,546
"NAC","P_SAL_M","10-49","B05","D1111","BG",2008,513
"NAC","P_SAL_M","10-49","B06","D01","BG",2008,NA
"NAC","P_SAL_M","10-49","B06","D111","BG",2008,NA
"NAC","P_SAL_M","10-49","B06","D1111","BG",2008,NA
"NAC","P_SAL_M","10-49","B07","D01","BG",2008,796
"NAC","P_SAL_M","10-49","B07","D111","BG",2008,606
"NAC","P_SAL_M","10-49","B07","D1111","BG",2008,518
"NAC","P_SAL_M","10-49","B08","D01","BG",2008,684
"NAC","P_SAL_M","10-49","B08","D111","BG",2008,544
"NAC","P_SAL_M","10-49","B08","D1111","BG",2008,497
"NAC","P_SAL_M","10-49","B09","D01","BG",2008,NA
"NAC","P_SAL_M","10-49","B09","D111","BG",2008,NA
"NAC","P_SAL_M","10-49","B09","D1111","BG",2008,NA
"NAC","P_SAL_M","10-49","C","D01","BG",2008,402
"NAC","P_SAL_M","10-49","C","D111","BG",2008,330
"NAC","P_SAL_M","10-49","C","D1111","BG",2008,307
"NAC","P_SAL_M","10-49","C10","D01","BG",2008,364
"NAC","P_SAL_M","10-49","C10","D111","BG",2008,299
"NAC","P_SAL_M","10-49","C10","D1111","BG",2008,279
"NAC","P_SAL_M","10-49","C11","D01","BG",2008,NA
"NAC","P_SAL_M","10-49","C11","D111","BG",2008,NA
"NAC","P_SAL_M","10-49","C11","D1111","BG",2008,NA
"NAC","P_SAL_M","10-49","C12","D01","BG",2008,564
"NAC","P_SAL_M","10-49","C12","D111","BG",2008,460
"NAC","P_SAL_M","10-49","C12","D1111","BG",2008,426
"NAC","P_SAL_M","10-49","C13","D01","BG",2008,386
"NAC","P_SAL_M","10-49","C13","D111","BG",2008,312
"NAC","P_SAL_M","10-49","C13","D1111","BG",2008,288
"NAC","P_SAL_M","10-49","C14","D01","BG",2008,305
"NAC","P_SAL_M","10-49","C14","D111","BG",2008,250
"NAC","P_SAL_M","10-49","C14","D1111","BG",2008,233
"NAC","P_SAL_M","10-49","C15","D01","BG",2008,293
"NAC","P_SAL_M","10-49","C15","D111","BG",2008,241
"NAC","P_SAL_M","10-49","C15","D1111","BG",2008,224
"NAC","P_SAL_M","10-49","C16","D01","BG",2008,326
"NAC","P_SAL_M","10-49","C16","D111","BG",2008,268
"NAC","P_SAL_M","10-49","C16","D1111","BG",2008,250
"NAC","P_SAL_M","10-49","C17","D01","BG",2008,382
"NAC","P_SAL_M","10-49","C17","D111","BG",2008,314
"NAC","P_SAL_M","10-49","C17","D1111","BG",2008,290
"NAC","P_SAL_M","10-49","C18","D01","BG",2008,450
"NAC","P_SAL_M","10-49","C18","D111","BG",2008,372
"NAC","P_SAL_M","10-49","C18","D1111","BG",2008,344
"NAC","P_SAL_M","10-49","C19","D01","BG",2008,NA
"NAC","P_SAL_M","10-49","C19","D111","BG",2008,NA
"NAC","P_SAL_M","10-49","C19","D1111","BG",2008,NA
"NAC","P_SAL_M","10-49","C20","D01","BG",2008,500
"NAC","P_SAL_M","10-49","C20","D111","BG",2008,407
"NAC","P_SAL_M","10-49","C20","D1111","BG",2008,376
"NAC","P_SAL_M","10-49","C21","D01","BG",2008,NA
"NAC","P_SAL_M","10-49","C21","D111","BG",2008,NA
"NAC","P_SAL_M","10-49","C21","D1111","BG",2008,NA
"NAC","P_SAL_M","10-49","C22","D01","BG",2008,402
"NAC","P_SAL_M","10-49","C22","D111","BG",2008,330
"NAC","P_SAL_M","10-49","C22","D1111","BG",2008,308
"NAC","P_SAL_M","10-49","C23","D01","BG",2008,486
"NAC","P_SAL_M","10-49","C23","D111","BG",2008,393
"NAC","P_SAL_M","10-49","C23","D1111","BG",2008,368
"NAC","P_SAL_M","10-49","C24","D01","BG",2008,NA
"NAC","P_SAL_M","10-49","C24","D111","BG",2008,NA
"NAC","P_SAL_M","10-49","C24","D1111","BG",2008,NA
"NAC","P_SAL_M","10-49","C25","D01","BG",2008,452
"NAC","P_SAL_M","10-49","C25","D111","BG",2008,372
"NAC","P_SAL_M","10-49","C25","D1111","BG",2008,344
"NAC","P_SAL_M","10-49","C26","D01","BG",2008,666
"NAC","P_SAL_M","10-49","C26","D111","BG",2008,554
"NAC","P_SAL_M","10-49","C26","D1111","BG",2008,512
"NAC","P_SAL_M","10-49","C27","D01","BG",2008,519
"NAC","P_SAL_M","10-49","C27","D111","BG",2008,427
"NAC","P_SAL_M","10-49","C27","D1111","BG",2008,392
"NAC","P_SAL_M","10-49","C28","D01","BG",2008,556
"NAC","P_SAL_M","10-49","C28","D111","BG",2008,457
"NAC","P_SAL_M","10-49","C28","D1111","BG",2008,421
"NAC","P_SAL_M","10-49","C29","D01","BG",2008,NA
"NAC","P_SAL_M","10-49","C29","D111","BG",2008,NA
"NAC","P_SAL_M","10-49","C29","D1111","BG",2008,NA
"NAC","P_SAL_M","10-49","C30","D01","BG",2008,687
"NAC","P_SAL_M","10-49","C30","D111","BG",2008,576
"NAC","P_SAL_M","10-49","C30","D1111","BG",2008,541
"NAC","P_SAL_M","10-49","C31","D01","BG",2008,323
"NAC","P_SAL_M","10-49","C31","D111","BG",2008,265
"NAC","P_SAL_M","10-49","C31","D1111","BG",2008,247
"NAC","P_SAL_M","10-49","C32","D01","BG",2008,408
"NAC","P_SAL_M","10-49","C32","D111","BG",2008,333
"NAC","P_SAL_M","10-49","C32","D1111","BG",2008,306
"NAC","P_SAL_M","10-49","C33","D01","BG",2008,604
"NAC","P_SAL_M","10-49","C33","D111","BG",2008,497
"NAC","P_SAL_M","10-49","C33","D1111","BG",2008,466
"NAC","P_SAL_M","10-49","D","D01","BG",2008,1408
"NAC","P_SAL_M","10-49","D","D111","BG",2008,1148
"NAC","P_SAL_M","10-49","D","D1111","BG",2008,933
"NAC","P_SAL_M","10-49","D35","D01","BG",2008,1408
"NAC","P_SAL_M","10-49","D35","D111","BG",2008,1148
"NAC","P_SAL_M","10-49","D35","D1111","BG",2008,933
"NAC","P_SAL_M","10-49","E","D01","BG",2008,750
"NAC","P_SAL_M","10-49","E","D111","BG",2008,614
"NAC","P_SAL_M","10-49","E","D1111","BG",2008,508
"NAC","P_SAL_M","10-49","E36","D01","BG",2008,800
"NAC","P_SAL_M","10-49","E36","D111","BG",2008,649
"NAC","P_SAL_M","10-49","E36","D1111","BG",2008,498
"NAC","P_SAL_M","10-49","E37","D01","BG",2008,1751
"NAC","P_SAL_M","10-49","E37","D111","BG",2008,1581
"NAC","P_SAL_M","10-49","E37","D1111","BG",2008,1540
"NAC","P_SAL_M","10-49","E38","D01","BG",2008,612
"NAC","P_SAL_M","10-49","E38","D111","BG",2008,507
"NAC","P_SAL_M","10-49","E38","D1111","BG",2008,472
"NAC","P_SAL_M","10-49","E39","D01","BG",2008,744
"NAC","P_SAL_M","10-49","E39","D111","BG",2008,599
"NAC","P_SAL_M","10-49","E39","D1111","BG",2008,549
"NAC","P_SAL_M","10-49","F","D01","BG",2008,482
"NAC","P_SAL_M","10-49","F","D111","BG",2008,397
"NAC","P_SAL_M","10-49","F","D1111","BG",2008,374
"NAC","P_SAL_M","10-49","F41","D01","BG",2008,448
"NAC","P_SAL_M","10-49","F41","D111","BG",2008,369
"NAC","P_SAL_M","10-49","F41","D1111","BG",2008,348
"NAC","P_SAL_M","10-49","F42","D01","BG",2008,578
"NAC","P_SAL_M","10-49","F42","D111","BG",2008,471
"NAC","P_SAL_M","10-49","F42","D1111","BG",2008,439
"NAC","P_SAL_M","10-49","F43","D01","BG",2008,510
"NAC","P_SAL_M","10-49","F43","D111","BG",2008,421
"NAC","P_SAL_M","10-49","F43","D1111","BG",2008,397
"NAC","P_SAL_M","10-49","G","D01","BG",2008,511
"NAC","P_SAL_M","10-49","G","D111","BG",2008,427
"NAC","P_SAL_M","10-49","G","D1111","BG",2008,399
"NAC","P_SAL_M","10-49","G-J","D01","BG",2008,532
"NAC","P_SAL_M","10-49","G-J","D111","BG",2008,445
"NAC","P_SAL_M","10-49","G-J","D1111","BG",2008,413
"NAC","P_SAL_M","10-49","G-N","D01","BG",2008,602
"NAC","P_SAL_M","10-49","G-N","D111","BG",2008,506
"NAC","P_SAL_M","10-49","G-N","D1111","BG",2008,469
"NAC","P_SAL_M","10-49","G-S_X_O","D01","BG",2008,605
"NAC","P_SAL_M","10-49","G-S_X_O","D111","BG",2008,502
"NAC","P_SAL_M","10-49","G-S_X_O","D1111","BG",2008,456
"NAC","P_SAL_M","10-49","G45","D01","BG",2008,540
"NAC","P_SAL_M","10-49","G45","D111","BG",2008,451
"NAC","P_SAL_M","10-49","G45","D1111","BG",2008,422
"NAC","P_SAL_M","10-49","G46","D01","BG",2008,612
"NAC","P_SAL_M","10-49","G46","D111","BG",2008,515
"NAC","P_SAL_M","10-49","G46","D1111","BG",2008,481
"NAC","P_SAL_M","10-49","G47","D01","BG",2008,397
"NAC","P_SAL_M","10-49","G47","D111","BG",2008,328
"NAC","P_SAL_M","10-49","G47","D1111","BG",2008,307
"NAC","P_SAL_M","10-49","H","D01","BG",2008,567
"NAC","P_SAL_M","10-49","H","D111","BG",2008,472
"NAC","P_SAL_M","10-49","H","D1111","BG",2008,421
"NAC","P_SAL_M","10-49","H49","D01","BG",2008,427
"NAC","P_SAL_M","10-49","H49","D111","BG",2008,340
"NAC","P_SAL_M","10-49","H49","D1111","BG",2008,315
"NAC","P_SAL_M","10-49","H50","D01","BG",2008,636
"NAC","P_SAL_M","10-49","H50","D111","BG",2008,498
"NAC","P_SAL_M","10-49","H50","D1111","BG",2008,473
"NAC","P_SAL_M","10-49","H51","D01","BG",2008,1400
"NAC","P_SAL_M","10-49","H51","D111","BG",2008,1121
"NAC","P_SAL_M","10-49","H51","D1111","BG",2008,1055
"NAC","P_SAL_M","10-49","H52","D01","BG",2008,903
"NAC","P_SAL_M","10-49","H52","D111","BG",2008,797
"NAC","P_SAL_M","10-49","H52","D1111","BG",2008,708
"NAC","P_SAL_M","10-49","H53","D01","BG",2008,593
"NAC","P_SAL_M","10-49","H53","D111","BG",2008,486
"NAC","P_SAL_M","10-49","H53","D1111","BG",2008,360
"NAC","P_SAL_M","10-49","I","D01","BG",2008,359
"NAC","P_SAL_M","10-49","I","D111","BG",2008,295
"NAC","P_SAL_M","10-49","I","D1111","BG",2008,279
"NAC","P_SAL_M","10-49","I55","D01","BG",2008,441
"NAC","P_SAL_M","10-49","I55","D111","BG",2008,362
"NAC","P_SAL_M","10-49","I55","D1111","BG",2008,339
"NAC","P_SAL_M","10-49","I56","D01","BG",2008,328
"NAC","P_SAL_M","10-49","I56","D111","BG",2008,270
"NAC","P_SAL_M","10-49","I56","D1111","BG",2008,256
"NAC","P_SAL_M","10-49","J","D01","BG",2008,1079
"NAC","P_SAL_M","10-49","J","D111","BG",2008,918
"NAC","P_SAL_M","10-49","J","D1111","BG",2008,857
"NAC","P_SAL_M","10-49","J58","D01","BG",2008,749
"NAC","P_SAL_M","10-49","J58","D111","BG",2008,633
"NAC","P_SAL_M","10-49","J58","D1111","BG",2008,589
"NAC","P_SAL_M","10-49","J59","D01","BG",2008,885
"NAC","P_SAL_M","10-49","J59","D111","BG",2008,739
"NAC","P_SAL_M","10-49","J59","D1111","BG",2008,689
"NAC","P_SAL_M","10-49","J60","D01","BG",2008,698
"NAC","P_SAL_M","10-49","J60","D111","BG",2008,586
"NAC","P_SAL_M","10-49","J60","D1111","BG",2008,543
"NAC","P_SAL_M","10-49","J61","D01","BG",2008,767
"NAC","P_SAL_M","10-49","J61","D111","BG",2008,628
"NAC","P_SAL_M","10-49","J61","D1111","BG",2008,581
"NAC","P_SAL_M","10-49","J62","D01","BG",2008,1450
"NAC","P_SAL_M","10-49","J62","D111","BG",2008,1249
"NAC","P_SAL_M","10-49","J62","D1111","BG",2008,1172
"NAC","P_SAL_M","10-49","J63","D01","BG",2008,1283
"NAC","P_SAL_M","10-49","J63","D111","BG",2008,1105
"NAC","P_SAL_M","10-49","J63","D1111","BG",2008,1031
"NAC","P_SAL_M","10-49","K","D01","BG",2008,1291
"NAC","P_SAL_M","10-49","K","D111","BG",2008,1096
"NAC","P_SAL_M","10-49","K","D1111","BG",2008,1005
"NAC","P_SAL_M","10-49","K-N","D01","BG",2008,877
"NAC","P_SAL_M","10-49","K-N","D111","BG",2008,747
"NAC","P_SAL_M","10-49","K-N","D1111","BG",2008,692
"NAC","P_SAL_M","10-49","K64","D01","BG",2008,1272
"NAC","P_SAL_M","10-49","K64","D111","BG",2008,1077
"NAC","P_SAL_M","10-49","K64","D1111","BG",2008,981
"NAC","P_SAL_M","10-49","K65","D01","BG",2008,1539
"NAC","P_SAL_M","10-49","K65","D111","BG",2008,1308
"NAC","P_SAL_M","10-49","K65","D1111","BG",2008,1210
"NAC","P_SAL_M","10-49","K66","D01","BG",2008,1217
"NAC","P_SAL_M","10-49","K66","D111","BG",2008,1047
"NAC","P_SAL_M","10-49","K66","D1111","BG",2008,992
"NAC","P_SAL_M","10-49","L","D01","BG",2008,739
"NAC","P_SAL_M","10-49","L","D111","BG",2008,621
"NAC","P_SAL_M","10-49","L","D1111","BG",2008,572
"NAC","P_SAL_M","10-49","L68","D01","BG",2008,739
"NAC","P_SAL_M","10-49","L68","D111","BG",2008,621
"NAC","P_SAL_M","10-49","L68","D1111","BG",2008,572
"NAC","P_SAL_M","10-49","M","D01","BG",2008,1081
"NAC","P_SAL_M","10-49","M","D111","BG",2008,930
"NAC","P_SAL_M","10-49","M","D1111","BG",2008,866
"NAC","P_SAL_M","10-49","M69","D01","BG",2008,840
"NAC","P_SAL_M","10-49","M69","D111","BG",2008,712
"NAC","P_SAL_M","10-49","M69","D1111","BG",2008,665
"NAC","P_SAL_M","10-49","M70","D01","BG",2008,2011
"NAC","P_SAL_M","10-49","M70","D111","BG",2008,1792
"NAC","P_SAL_M","10-49","M70","D1111","BG",2008,1686
"NAC","P_SAL_M","10-49","M71","D01","BG",2008,1035
"NAC","P_SAL_M","10-49","M71","D111","BG",2008,877
"NAC","P_SAL_M","10-49","M71","D1111","BG",2008,805
"NAC","P_SAL_M","10-49","M72","D01","BG",2008,843
"NAC","P_SAL_M","10-49","M72","D111","BG",2008,691
"NAC","P_SAL_M","10-49","M72","D1111","BG",2008,622
"NAC","P_SAL_M","10-49","M73","D01","BG",2008,845
"NAC","P_SAL_M","10-49","M73","D111","BG",2008,717
"NAC","P_SAL_M","10-49","M73","D1111","BG",2008,670
"NAC","P_SAL_M","10-49","M74","D01","BG",2008,1217
"NAC","P_SAL_M","10-49","M74","D111","BG",2008,1079
"NAC","P_SAL_M","10-49","M74","D1111","BG",2008,1025
"NAC","P_SAL_M","10-49","M75","D01","BG",2008,NA
"NAC","P_SAL_M","10-49","M75","D111","BG",2008,NA
"NAC","P_SAL_M","10-49","M75","D1111","BG",2008,NA
"NAC","P_SAL_M","10-49","N","D01","BG",2008,460
"NAC","P_SAL_M","10-49","N","D111","BG",2008,386
"NAC","P_SAL_M","10-49","N","D1111","BG",2008,361
"NAC","P_SAL_M","10-49","N77","D01","BG",2008,879
"NAC","P_SAL_M","10-49","N77","D111","BG",2008,742
"NAC","P_SAL_M","10-49","N77","D1111","BG",2008,690
"NAC","P_SAL_M","10-49","N78","D01","BG",2008,776
"NAC","P_SAL_M","10-49","N78","D111","BG",2008,645
"NAC","P_SAL_M","10-49","N78","D1111","BG",2008,593
"NAC","P_SAL_M","10-49","N79","D01","BG",2008,658
"NAC","P_SAL_M","10-49","N79","D111","BG",2008,557
"NAC","P_SAL_M","10-49","N79","D1111","BG",2008,525
"NAC","P_SAL_M","10-49","N80","D01","BG",2008,343
"NAC","P_SAL_M","10-49","N80","D111","BG",2008,287
"NAC","P_SAL_M","10-49","N80","D1111","BG",2008,273
"NAC","P_SAL_M","10-49","N81","D01","BG",2008,343
"NAC","P_SAL_M","10-49","N81","D111","BG",2008,289
"NAC","P_SAL_M","10-49","N81","D1111","BG",2008,267
"NAC","P_SAL_M","10-49","N82","D01","BG",2008,705
"NAC","P_SAL_M","10-49","N82","D111","BG",2008,584
"NAC","P_SAL_M","10-49","N82","D1111","BG",2008,547
"NAC","P_SAL_M","10-49","O","D01","BG",2008,1064
"NAC","P_SAL_M","10-49","O","D111","BG",2008,831
"NAC","P_SAL_M","10-49","O","D1111","BG",2008,737
"NAC","P_SAL_M","10-49","O-S","D01","BG",2008,696
"NAC","P_SAL_M","10-49","O-S","D111","BG",2008,556
"NAC","P_SAL_M","10-49","O-S","D1111","BG",2008,482
"NAC","P_SAL_M","10-49","O84","D01","BG",2008,1064
"NAC","P_SAL_M","10-49","O84","D111","BG",2008,831
"NAC","P_SAL_M","10-49","O84","D1111","BG",2008,737
"NAC","P_SAL_M","10-49","P","D01","BG",2008,666
"NAC","P_SAL_M","10-49","P","D111","BG",2008,528
"NAC","P_SAL_M","10-49","P","D1111","BG",2008,439
"NAC","P_SAL_M","10-49","P-S","D01","BG",2008,612
"NAC","P_SAL_M","10-49","P-S","D111","BG",2008,493
"NAC","P_SAL_M","10-49","P-S","D1111","BG",2008,424
"NAC","P_SAL_M","10-49","P85","D01","BG",2008,666
"NAC","P_SAL_M","10-49","P85","D111","BG",2008,528
"NAC","P_SAL_M","10-49","P85","D1111","BG",2008,439
"NAC","P_SAL_M","10-49","Q","D01","BG",2008,574
"NAC","P_SAL_M","10-49","Q","D111","BG",2008,475
"NAC","P_SAL_M","10-49","Q","D1111","BG",2008,432
"NAC","P_SAL_M","10-49","Q86","D01","BG",2008,644
"NAC","P_SAL_M","10-49","Q86","D111","BG",2008,536
"NAC","P_SAL_M","10-49","Q86","D1111","BG",2008,492
"NAC","P_SAL_M","10-49","Q87","D01","BG",2008,NA
"NAC","P_SAL_M","10-49","Q87","D111","BG",2008,NA
"NAC","P_SAL_M","10-49","Q87","D1111","BG",2008,NA
"NAC","P_SAL_M","10-49","Q88","D01","BG",2008,NA
"NAC","P_SAL_M","10-49","Q88","D111","BG",2008,NA
"NAC","P_SAL_M","10-49","Q88","D1111","BG",2008,NA
"NAC","P_SAL_M","10-49","R","D01","BG",2008,454
"NAC","P_SAL_M","10-49","R","D111","BG",2008,374
"NAC","P_SAL_M","10-49","R","D1111","BG",2008,342
"NAC","P_SAL_M","10-49","R90","D01","BG",2008,543
"NAC","P_SAL_M","10-49","R90","D111","BG",2008,446
"NAC","P_SAL_M","10-49","R90","D1111","BG",2008,399
"NAC","P_SAL_M","10-49","R91","D01","BG",2008,521
"NAC","P_SAL_M","10-49","R91","D111","BG",2008,428
"NAC","P_SAL_M","10-49","R91","D1111","BG",2008,377
"NAC","P_SAL_M","10-49","R92","D01","BG",2008,360
"NAC","P_SAL_M","10-49","R92","D111","BG",2008,297
"NAC","P_SAL_M","10-49","R92","D1111","BG",2008,277
"NAC","P_SAL_M","10-49","R93","D01","BG",2008,477
"NAC","P_SAL_M","10-49","R93","D111","BG",2008,395
"NAC","P_SAL_M","10-49","R93","D1111","BG",2008,370
"NAC","P_SAL_M","10-49","S","D01","BG",2008,477
"NAC","P_SAL_M","10-49","S","D111","BG",2008,412
"NAC","P_SAL_M","10-49","S","D1111","BG",2008,377
"NAC","P_SAL_M","10-49","S94","D01","BG",2008,515
"NAC","P_SAL_M","10-49","S94","D111","BG",2008,457
"NAC","P_SAL_M","10-49","S94","D1111","BG",2008,416
"NAC","P_SAL_M","10-49","S95","D01","BG",2008,688
"NAC","P_SAL_M","10-49","S95","D111","BG",2008,574
"NAC","P_SAL_M","10-49","S95","D1111","BG",2008,536
"NAC","P_SAL_M","10-49","S96","D01","BG",2008,378
"NAC","P_SAL_M","10-49","S96","D111","BG",2008,311
"NAC","P_SAL_M","10-49","S96","D1111","BG",2008,288
"NAC","P_SAL_M","250-499","B","D01","BG",2008,890
"NAC","P_SAL_M","250-499","B","D111","BG",2008,642
"NAC","P_SAL_M","250-499","B","D1111","BG",2008,563
"NAC","P_SAL_M","250-499","B-E","D01","BG",2008,786
"NAC","P_SAL_M","250-499","B-E","D111","BG",2008,630
"NAC","P_SAL_M","250-499","B-E","D1111","BG",2008,546
"NAC","P_SAL_M","250-499","B-F","D01","BG",2008,771
"NAC","P_SAL_M","250-499","B-F","D111","BG",2008,621
"NAC","P_SAL_M","250-499","B-F","D1111","BG",2008,545
"NAC","P_SAL_M","250-499","B-N","D01","BG",2008,825
"NAC","P_SAL_M","250-499","B-N","D111","BG",2008,675
"NAC","P_SAL_M","250-499","B-N","D1111","BG",2008,598
"NAC","P_SAL_M","250-499","B-S","D01","BG",2008,842
"NAC","P_SAL_M","250-499","B-S","D111","BG",2008,686
"NAC","P_SAL_M","250-499","B-S","D1111","BG",2008,607
"NAC","P_SAL_M","250-499","B-S_X_O","D01","BG",2008,821
"NAC","P_SAL_M","250-499","B-S_X_O","D111","BG",2008,671
"NAC","P_SAL_M","250-499","B-S_X_O","D1111","BG",2008,593
"NAC","P_SAL_M","250-499","B05","D01","BG",2008,829
"NAC","P_SAL_M","250-499","B05","D111","BG",2008,567
"NAC","P_SAL_M","250-499","B05","D1111","BG",2008,484
"NAC","P_SAL_M","250-499","B06","D01","BG",2008,NA
"NAC","P_SAL_M","250-499","B06","D111","BG",2008,NA
"NAC","P_SAL_M","250-499","B06","D1111","BG",2008,NA
"NAC","P_SAL_M","250-499","B07","D01","BG",2008,940
"NAC","P_SAL_M","250-499","B07","D111","BG",2008,689
"NAC","P_SAL_M","250-499","B07","D1111","BG",2008,617
"NAC","P_SAL_M","250-499","B08","D01","BG",2008,NA
"NAC","P_SAL_M","250-499","B08","D111","BG",2008,NA
"NAC","P_SAL_M","250-499","B08","D1111","BG",2008,NA
"NAC","P_SAL_M","250-499","C","D01","BG",2008,711
"NAC","P_SAL_M","250-499","C","D111","BG",2008,579
"NAC","P_SAL_M","250-499","C","D1111","BG",2008,516
"NAC","P_SAL_M","250-499","C10","D01","BG",2008,627
"NAC","P_SAL_M","250-499","C10","D111","BG",2008,510
"NAC","P_SAL_M","250-499","C10","D1111","BG",2008,473
"NAC","P_SAL_M","250-499","C11","D01","BG",2008,1026
"NAC","P_SAL_M","250-499","C11","D111","BG",2008,866
"NAC","P_SAL_M","250-499","C11","D1111","BG",2008,804
"NAC","P_SAL_M","250-499","C12","D01","BG",2008,1743
"NAC","P_SAL_M","250-499","C12","D111","BG",2008,1410
"NAC","P_SAL_M","250-499","C12","D1111","BG",2008,1186
"NAC","P_SAL_M","250-499","C13","D01","BG",2008,NA
"NAC","P_SAL_M","250-499","C13","D111","BG",2008,NA
"NAC","P_SAL_M","250-499","C13","D1111","BG",2008,NA
"NAC","P_SAL_M","250-499","C14","D01","BG",2008,438
"NAC","P_SAL_M","250-499","C14","D111","BG",2008,361
"NAC","P_SAL_M","250-499","C14","D1111","BG",2008,320
"NAC","P_SAL_M","250-499","C15","D01","BG",2008,412
"NAC","P_SAL_M","250-499","C15","D111","BG",2008,333
"NAC","P_SAL_M","250-499","C15","D1111","BG",2008,304
"NAC","P_SAL_M","250-499","C16","D01","BG",2008,NA
"NAC","P_SAL_M","250-499","C16","D111","BG",2008,NA
"NAC","P_SAL_M","250-499","C16","D1111","BG",2008,NA
"NAC","P_SAL_M","250-499","C17","D01","BG",2008,671
"NAC","P_SAL_M","250-499","C17","D111","BG",2008,535
"NAC","P_SAL_M","250-499","C17","D1111","BG",2008,486
"NAC","P_SAL_M","250-499","C18","D01","BG",2008,1231
"NAC","P_SAL_M","250-499","C18","D111","BG",2008,1013
"NAC","P_SAL_M","250-499","C18","D1111","BG",2008,895
"NAC","P_SAL_M","250-499","C19","D01","BG",2008,NA
"NAC","P_SAL_M","250-499","C19","D111","BG",2008,NA
"NAC","P_SAL_M","250-499","C19","D1111","BG",2008,NA
"NAC","P_SAL_M","250-499","C20","D01","BG",2008,NA
"NAC","P_SAL_M","250-499","C20","D111","BG",2008,NA
"NAC","P_SAL_M","250-499","C20","D1111","BG",2008,NA
"NAC","P_SAL_M","250-499","C21","D01","BG",2008,968
"NAC","P_SAL_M","250-499","C21","D111","BG",2008,769
"NAC","P_SAL_M","250-499","C21","D1111","BG",2008,672
"NAC","P_SAL_M","250-499","C22","D01","BG",2008,462
"NAC","P_SAL_M","250-499","C22","D111","BG",2008,374
"NAC","P_SAL_M","250-499","C22","D1111","BG",2008,336
"NAC","P_SAL_M","250-499","C23","D01","BG",2008,NA
"NAC","P_SAL_M","250-499","C23","D111","BG",2008,NA
"NAC","P_SAL_M","250-499","C23","D1111","BG",2008,NA
"NAC","P_SAL_M","250-499","C24","D01","BG",2008,NA
"NAC","P_SAL_M","250-499","C24","D111","BG",2008,NA
"NAC","P_SAL_M","250-499","C24","D1111","BG",2008,NA
"NAC","P_SAL_M","250-499","C25","D01","BG",2008,742
"NAC","P_SAL_M","250-499","C25","D111","BG",2008,612
"NAC","P_SAL_M","250-499","C25","D1111","BG",2008,534
"NAC","P_SAL_M","250-499","C26","D01","BG",2008,851
"NAC","P_SAL_M","250-499","C26","D111","BG",2008,702
"NAC","P_SAL_M","250-499","C26","D1111","BG",2008,612
"NAC","P_SAL_M","250-499","C27","D01","BG",2008,772
"NAC","P_SAL_M","250-499","C27","D111","BG",2008,632
"NAC","P_SAL_M","250-499","C27","D1111","BG",2008,551
"NAC","P_SAL_M","250-499","C28","D01","BG",2008,779
"NAC","P_SAL_M","250-499","C28","D111","BG",2008,636
"NAC","P_SAL_M","250-499","C28","D1111","BG",2008,571
"NAC","P_SAL_M","250-499","C29","D01","BG",2008,NA
"NAC","P_SAL_M","250-499","C29","D111","BG",2008,NA
"NAC","P_SAL_M","250-499","C29","D1111","BG",2008,NA
"NAC","P_SAL_M","250-499","C30","D01","BG",2008,NA
"NAC","P_SAL_M","250-499","C30","D111","BG",2008,NA
"NAC","P_SAL_M","250-499","C30","D1111","BG",2008,NA
"NAC","P_SAL_M","250-499","C31","D01","BG",2008,452
"NAC","P_SAL_M","250-499","C31","D111","BG",2008,369
"NAC","P_SAL_M","250-499","C31","D1111","BG",2008,337
"NAC","P_SAL_M","250-499","C32","D01","BG",2008,NA
"NAC","P_SAL_M","250-499","C32","D111","BG",2008,NA
"NAC","P_SAL_M","250-499","C32","D1111","BG",2008,NA
"NAC","P_SAL_M","250-499","C33","D01","BG",2008,NA
"NAC","P_SAL_M","250-499","C33","D111","BG",2008,NA
"NAC","P_SAL_M","250-499","C33","D1111","BG",2008,NA
"NAC","P_SAL_M","250-499","D","D01","BG",2008,2075
"NAC","P_SAL_M","250-499","D","D111","BG",2008,1567
"NAC","P_SAL_M","250-499","D","D1111","BG",2008,1120
"NAC","P_SAL_M","250-499","D35","D01","BG",2008,2075
"NAC","P_SAL_M","250-499","D35","D111","BG",2008,1567
"NAC","P_SAL_M","250-499","D35","D1111","BG",2008,1120
"NAC","P_SAL_M","250-499","E","D01","BG",2008,NA
"NAC","P_SAL_M","250-499","E","D111","BG",2008,NA
"NAC","P_SAL_M","250-499","E","D1111","BG",2008,NA
"NAC","P_SAL_M","250-499","E36","D01","BG",2008,NA
"NAC","P_SAL_M","250-499","E36","D111","BG",2008,NA
"NAC","P_SAL_M","250-499","E36","D1111","BG",2008,NA
"NAC","P_SAL_M","250-499","E37","D01","BG",2008,NA
"NAC","P_SAL_M","250-499","E37","D111","BG",2008,NA
"NAC","P_SAL_M","250-499","E37","D1111","BG",2008,NA
"NAC","P_SAL_M","250-499","E38","D01","BG",2008,834
"NAC","P_SAL_M","250-499","E38","D111","BG",2008,675
"NAC","P_SAL_M","250-499","E38","D1111","BG",2008,596
"NAC","P_SAL_M","250-499","F","D01","BG",2008,722
"NAC","P_SAL_M","250-499","F","D111","BG",2008,590
"NAC","P_SAL_M","250-499","F","D1111","BG",2008,544
"NAC","P_SAL_M","250-499","F41","D01","BG",2008,582
"NAC","P_SAL_M","250-499","F41","D111","BG",2008,483
"NAC","P_SAL_M","250-499","F41","D1111","BG",2008,445
"NAC","P_SAL_M","250-499","F42","D01","BG",2008,NA
"NAC","P_SAL_M","250-499","F42","D111","BG",2008,NA
"NAC","P_SAL_M","250-499","F42","D1111","BG",2008,NA
"NAC","P_SAL_M","250-499","F43","D01","BG",2008,NA
"NAC","P_SAL_M","250-499","F43","D111","BG",2008,NA
"NAC","P_SAL_M","250-499","F43","D1111","BG",2008,NA
"NAC","P_SAL_M","250-499","G","D01","BG",2008,796
"NAC","P_SAL_M","250-499","G","D111","BG",2008,667
"NAC","P_SAL_M","250-499","G","D1111","BG",2008,626
"NAC","P_SAL_M","250-499","G-J","D01","BG",2008,980
"NAC","P_SAL_M","250-499","G-J","D111","BG",2008,810
"NAC","P_SAL_M","250-499","G-J","D1111","BG",2008,714
"NAC","P_SAL_M","250-499","G-N","D01","BG",2008,908
"NAC","P_SAL_M","250-499","G-N","D111","BG",2008,756
"NAC","P_SAL_M","250-499","G-N","D1111","BG",2008,677
"NAC","P_SAL_M","250-499","G-S_X_O","D01","BG",2008,875
"NAC","P_SAL_M","250-499","G-S_X_O","D111","BG",2008,726
"NAC","P_SAL_M","250-499","G-S_X_O","D1111","BG",2008,646
"NAC","P_SAL_M","250-499","G45","D01","BG",2008,NA
"NAC","P_SAL_M","250-499","G45","D111","BG",2008,NA
"NAC","P_SAL_M","250-499","G45","D1111","BG",2008,NA
"NAC","P_SAL_M","250-499","G46","D01","BG",2008,1177
"NAC","P_SAL_M","250-499","G46","D111","BG",2008,999
"NAC","P_SAL_M","250-499","G46","D1111","BG",2008,939
"NAC","P_SAL_M","250-499","G47","D01","BG",2008,565
"NAC","P_SAL_M","250-499","G47","D111","BG",2008,465
"NAC","P_SAL_M","250-499","G47","D1111","BG",2008,436
"NAC","P_SAL_M","250-499","H","D01","BG",2008,919
"NAC","P_SAL_M","250-499","H","D111","BG",2008,750
"NAC","P_SAL_M","250-499","H","D1111","BG",2008,619
"NAC","P_SAL_M","250-499","H49","D01","BG",2008,873
"NAC","P_SAL_M","250-499","H49","D111","BG",2008,701
"NAC","P_SAL_M","250-499","H49","D1111","BG",2008,583
"NAC","P_SAL_M","250-499","H50","D01","BG",2008,NA
"NAC","P_SAL_M","250-499","H50","D111","BG",2008,NA
"NAC","P_SAL_M","250-499","H50","D1111","BG",2008,NA
"NAC","P_SAL_M","250-499","H51","D01","BG",2008,NA
"NAC","P_SAL_M","250-499","H51","D111","BG",2008,NA
"NAC","P_SAL_M","250-499","H51","D1111","BG",2008,NA
"NAC","P_SAL_M","250-499","H52","D01","BG",2008,808
"NAC","P_SAL_M","250-499","H52","D111","BG",2008,701
"NAC","P_SAL_M","250-499","H52","D1111","BG",2008,556
"NAC","P_SAL_M","250-499","H53","D01","BG",2008,838
"NAC","P_SAL_M","250-499","H53","D111","BG",2008,696
"NAC","P_SAL_M","250-499","H53","D1111","BG",2008,569
"NAC","P_SAL_M","250-499","I","D01","BG",2008,574
"NAC","P_SAL_M","250-499","I","D111","BG",2008,471
"NAC","P_SAL_M","250-499","I","D1111","BG",2008,435
"NAC","P_SAL_M","250-499","I55","D01","BG",2008,NA
"NAC","P_SAL_M","250-499","I55","D111","BG",2008,NA
"NAC","P_SAL_M","250-499","I55","D1111","BG",2008,NA
"NAC","P_SAL_M","250-499","I56","D01","BG",2008,NA
"NAC","P_SAL_M","250-499","I56","D111","BG",2008,NA
"NAC","P_SAL_M","250-499","I56","D1111","BG",2008,NA
"NAC","P_SAL_M","250-499","J","D01","BG",2008,1910
"NAC","P_SAL_M","250-499","J","D111","BG",2008,1589
"NAC","P_SAL_M","250-499","J","D1111","BG",2008,1404
"NAC","P_SAL_M","250-499","J58","D01","BG",2008,NA
"NAC","P_SAL_M","250-499","J58","D111","BG",2008,NA
"NAC","P_SAL_M","250-499","J58","D1111","BG",2008,NA
"NAC","P_SAL_M","250-499","J60","D01","BG",2008,NA
"NAC","P_SAL_M","250-499","J60","D111","BG",2008,NA
"NAC","P_SAL_M","250-499","J60","D1111","BG",2008,NA
"NAC","P_SAL_M","250-499","J61","D01","BG",2008,1043
"NAC","P_SAL_M","250-499","J61","D111","BG",2008,844
"NAC","P_SAL_M","250-499","J61","D1111","BG",2008,782
"NAC","P_SAL_M","250-499","J62","D01","BG",2008,NA
"NAC","P_SAL_M","250-499","J62","D111","BG",2008,NA
"NAC","P_SAL_M","250-499","J62","D1111","BG",2008,NA
"NAC","P_SAL_M","250-499","J63","D01","BG",2008,1434
"NAC","P_SAL_M","250-499","J63","D111","BG",2008,1233
"NAC","P_SAL_M","250-499","J63","D1111","BG",2008,1132
"NAC","P_SAL_M","250-499","K","D01","BG",2008,1434
"NAC","P_SAL_M","250-499","K","D111","BG",2008,1210
"NAC","P_SAL_M","250-499","K","D1111","BG",2008,1108
"NAC","P_SAL_M","250-499","K-N","D01","BG",2008,811
"NAC","P_SAL_M","250-499","K-N","D111","BG",2008,683
"NAC","P_SAL_M","250-499","K-N","D1111","BG",2008,627
"NAC","P_SAL_M","250-499","K64","D01","BG",2008,1411
"NAC","P_SAL_M","250-499","K64","D111","BG",2008,1181
"NAC","P_SAL_M","250-499","K64","D1111","BG",2008,1071
"NAC","P_SAL_M","250-499","K65","D01","BG",2008,1474
"NAC","P_SAL_M","250-499","K65","D111","BG",2008,1261
"NAC","P_SAL_M","250-499","K65","D1111","BG",2008,1173
"NAC","P_SAL_M","250-499","K66","D01","BG",2008,NA
"NAC","P_SAL_M","250-499","K66","D111","BG",2008,NA
"NAC","P_SAL_M","250-499","K66","D1111","BG",2008,NA
"NAC","P_SAL_M","250-499","L","D01","BG",2008,NA
"NAC","P_SAL_M","250-499","L","D111","BG",2008,NA
"NAC","P_SAL_M","250-499","L","D1111","BG",2008,NA
"NAC","P_SAL_M","250-499","L68","D01","BG",2008,NA
"NAC","P_SAL_M","250-499","L68","D111","BG",2008,NA
"NAC","P_SAL_M","250-499","L68","D1111","BG",2008,NA
"NAC","P_SAL_M","250-499","M","D01","BG",2008,NA
"NAC","P_SAL_M","250-499","M","D111","BG",2008,NA
"NAC","P_SAL_M","250-499","M","D1111","BG",2008,NA
"NAC","P_SAL_M","250-499","M69","D01","BG",2008,NA
"NAC","P_SAL_M","250-499","M69","D111","BG",2008,NA
"NAC","P_SAL_M","250-499","M69","D1111","BG",2008,NA
"NAC","P_SAL_M","250-499","M70","D01","BG",2008,NA
"NAC","P_SAL_M","250-499","M70","D111","BG",2008,NA
"NAC","P_SAL_M","250-499","M70","D1111","BG",2008,NA
"NAC","P_SAL_M","250-499","M71","D01","BG",2008,1207
"NAC","P_SAL_M","250-499","M71","D111","BG",2008,969
"NAC","P_SAL_M","250-499","M71","D1111","BG",2008,838
"NAC","P_SAL_M","250-499","M72","D01","BG",2008,778
"NAC","P_SAL_M","250-499","M72","D111","BG",2008,634
"NAC","P_SAL_M","250-499","M72","D1111","BG",2008,550
"NAC","P_SAL_M","250-499","M73","D01","BG",2008,NA
"NAC","P_SAL_M","250-499","M73","D111","BG",2008,NA
"NAC","P_SAL_M","250-499","M73","D1111","BG",2008,NA
"NAC","P_SAL_M","250-499","M74","D01","BG",2008,NA
"NAC","P_SAL_M","250-499","M74","D111","BG",2008,NA
"NAC","P_SAL_M","250-499","M74","D1111","BG",2008,NA
"NAC","P_SAL_M","250-499","N","D01","BG",2008,429
"NAC","P_SAL_M","250-499","N","D111","BG",2008,366
"NAC","P_SAL_M","250-499","N","D1111","BG",2008,343
"NAC","P_SAL_M","250-499","N78","D01","BG",2008,NA
"NAC","P_SAL_M","250-499","N78","D111","BG",2008,NA
"NAC","P_SAL_M","250-499","N78","D1111","BG",2008,NA
"NAC","P_SAL_M","250-499","N80","D01","BG",2008,401
"NAC","P_SAL_M","250-499","N80","D111","BG",2008,331
"NAC","P_SAL_M","250-499","N80","D1111","BG",2008,308
"NAC","P_SAL_M","250-499","N81","D01","BG",2008,NA
"NAC","P_SAL_M","250-499","N81","D111","BG",2008,NA
"NAC","P_SAL_M","250-499","N81","D1111","BG",2008,NA
"NAC","P_SAL_M","250-499","N82","D01","BG",2008,NA
"NAC","P_SAL_M","250-499","N82","D111","BG",2008,NA
"NAC","P_SAL_M","250-499","N82","D1111","BG",2008,NA
"NAC","P_SAL_M","250-499","O","D01","BG",2008,1057
"NAC","P_SAL_M","250-499","O","D111","BG",2008,832
"NAC","P_SAL_M","250-499","O","D1111","BG",2008,748
"NAC","P_SAL_M","250-499","O-S","D01","BG",2008,906
"NAC","P_SAL_M","250-499","O-S","D111","BG",2008,726
"NAC","P_SAL_M","250-499","O-S","D1111","BG",2008,643
"NAC","P_SAL_M","250-499","O84","D01","BG",2008,1057
"NAC","P_SAL_M","250-499","O84","D111","BG",2008,832
"NAC","P_SAL_M","250-499","O84","D1111","BG",2008,748
"NAC","P_SAL_M","250-499","P","D01","BG",2008,842
"NAC","P_SAL_M","250-499","P","D111","BG",2008,690
"NAC","P_SAL_M","250-499","P","D1111","BG",2008,583
"NAC","P_SAL_M","250-499","P-S","D01","BG",2008,792
"NAC","P_SAL_M","250-499","P-S","D111","BG",2008,647
"NAC","P_SAL_M","250-499","P-S","D1111","BG",2008,564
"NAC","P_SAL_M","250-499","P85","D01","BG",2008,842
"NAC","P_SAL_M","250-499","P85","D111","BG",2008,690
"NAC","P_SAL_M","250-499","P85","D1111","BG",2008,583
"NAC","P_SAL_M","250-499","Q","D01","BG",2008,798
"NAC","P_SAL_M","250-499","Q","D111","BG",2008,650
"NAC","P_SAL_M","250-499","Q","D1111","BG",2008,581
"NAC","P_SAL_M","250-499","Q86","D01","BG",2008,855
"NAC","P_SAL_M","250-499","Q86","D111","BG",2008,698
"NAC","P_SAL_M","250-499","Q86","D1111","BG",2008,626
"NAC","P_SAL_M","250-499","Q87","D01","BG",2008,NA
"NAC","P_SAL_M","250-499","Q87","D111","BG",2008,NA
"NAC","P_SAL_M","250-499","Q87","D1111","BG",2008,NA
"NAC","P_SAL_M","250-499","Q88","D01","BG",2008,NA
"NAC","P_SAL_M","250-499","Q88","D111","BG",2008,NA
"NAC","P_SAL_M","250-499","Q88","D1111","BG",2008,NA
"NAC","P_SAL_M","250-499","R","D01","BG",2008,611
"NAC","P_SAL_M","250-499","R","D111","BG",2008,496
"NAC","P_SAL_M","250-499","R","D1111","BG",2008,439
"NAC","P_SAL_M","250-499","R90","D01","BG",2008,833
"NAC","P_SAL_M","250-499","R90","D111","BG",2008,672
"NAC","P_SAL_M","250-499","R90","D1111","BG",2008,571
"NAC","P_SAL_M","250-499","R91","D01","BG",2008,NA
"NAC","P_SAL_M","250-499","R91","D111","BG",2008,NA
"NAC","P_SAL_M","250-499","R91","D1111","BG",2008,NA
"NAC","P_SAL_M","250-499","R92","D01","BG",2008,446
"NAC","P_SAL_M","250-499","R92","D111","BG",2008,364
"NAC","P_SAL_M","250-499","R92","D1111","BG",2008,339
"NAC","P_SAL_M","250-499","R93","D01","BG",2008,NA
"NAC","P_SAL_M","250-499","R93","D111","BG",2008,NA
"NAC","P_SAL_M","250-499","R93","D1111","BG",2008,NA
"NAC","P_SAL_M","250-499","S","D01","BG",2008,NA
"NAC","P_SAL_M","250-499","S","D111","BG",2008,NA
"NAC","P_SAL_M","250-499","S","D1111","BG",2008,NA
"NAC","P_SAL_M","250-499","S94","D01","BG",2008,NA
"NAC","P_SAL_M","250-499","S94","D111","BG",2008,NA
"NAC","P_SAL_M","250-499","S94","D1111","BG",2008,NA
"NAC","P_SAL_M","50-249","B","D01","BG",2008,835
"NAC","P_SAL_M","50-249","B","D111","BG",2008,642
"NAC","P_SAL_M","50-249","B","D1111","BG",2008,575
"NAC","P_SAL_M","50-249","B-E","D01","BG",2008,577
"NAC","P_SAL_M","50-249","B-E","D111","BG",2008,467
"NAC","P_SAL_M","50-249","B-E","D1111","BG",2008,416
"NAC","P_SAL_M","50-249","B-F","D01","BG",2008,585
"NAC","P_SAL_M","50-249","B-F","D111","BG",2008,475
"NAC","P_SAL_M","50-249","B-F","D1111","BG",2008,428
"NAC","P_SAL_M","50-249","B-N","D01","BG",2008,673
"NAC","P_SAL_M","50-249","B-N","D111","BG",2008,555
"NAC","P_SAL_M","50-249","B-N","D1111","BG",2008,503
"NAC","P_SAL_M","50-249","B-S","D01","BG",2008,696
"NAC","P_SAL_M","50-249","B-S","D111","BG",2008,570
"NAC","P_SAL_M","50-249","B-S","D1111","BG",2008,512
"NAC","P_SAL_M","50-249","B-S_X_O","D01","BG",2008,681
"NAC","P_SAL_M","50-249","B-S_X_O","D111","BG",2008,560
"NAC","P_SAL_M","50-249","B-S_X_O","D1111","BG",2008,503
"NAC","P_SAL_M","50-249","B05","D01","BG",2008,532
"NAC","P_SAL_M","50-249","B05","D111","BG",2008,388
"NAC","P_SAL_M","50-249","B05","D1111","BG",2008,360
"NAC","P_SAL_M","50-249","B07","D01","BG",2008,NA
"NAC","P_SAL_M","50-249","B07","D111","BG",2008,NA
"NAC","P_SAL_M","50-249","B07","D1111","BG",2008,NA
"NAC","P_SAL_M","50-249","B08","D01","BG",2008,879
"NAC","P_SAL_M","50-249","B08","D111","BG",2008,684
"NAC","P_SAL_M","50-249","B08","D1111","BG",2008,610
"NAC","P_SAL_M","50-249","B09","D01","BG",2008,NA
"NAC","P_SAL_M","50-249","B09","D111","BG",2008,NA
"NAC","P_SAL_M","50-249","B09","D1111","BG",2008,NA
"NAC","P_SAL_M","50-249","C","D01","BG",2008,537
"NAC","P_SAL_M","50-249","C","D111","BG",2008,436
"NAC","P_SAL_M","50-249","C","D1111","BG",2008,395
"NAC","P_SAL_M","50-249","C10","D01","BG",2008,509
"NAC","P_SAL_M","50-249","C10","D111","BG",2008,419
"NAC","P_SAL_M","50-249","C10","D1111","BG",2008,389
"NAC","P_SAL_M","50-249","C11","D01","BG",2008,567
"NAC","P_SAL_M","50-249","C11","D111","BG",2008,464
"NAC","P_SAL_M","50-249","C11","D1111","BG",2008,413
"NAC","P_SAL_M","50-249","C12","D01","BG",2008,1723
"NAC","P_SAL_M","50-249","C12","D111","BG",2008,661
"NAC","P_SAL_M","50-249","C12","D1111","BG",2008,554
"NAC","P_SAL_M","50-249","C13","D01","BG",2008,510
"NAC","P_SAL_M","50-249","C13","D111","BG",2008,408
"NAC","P_SAL_M","50-249","C13","D1111","BG",2008,373
"NAC","P_SAL_M","50-249","C14","D01","BG",2008,373
"NAC","P_SAL_M","50-249","C14","D111","BG",2008,305
"NAC","P_SAL_M","50-249","C14","D1111","BG",2008,276
"NAC","P_SAL_M","50-249","C15","D01","BG",2008,356
"NAC","P_SAL_M","50-249","C15","D111","BG",2008,292
"NAC","P_SAL_M","50-249","C15","D1111","BG",2008,266
"NAC","P_SAL_M","50-249","C16","D01","BG",2008,541
"NAC","P_SAL_M","50-249","C16","D111","BG",2008,442
"NAC","P_SAL_M","50-249","C16","D1111","BG",2008,402
"NAC","P_SAL_M","50-249","C17","D01","BG",2008,513
"NAC","P_SAL_M","50-249","C17","D111","BG",2008,419
"NAC","P_SAL_M","50-249","C17","D1111","BG",2008,367
"NAC","P_SAL_M","50-249","C18","D01","BG",2008,736
"NAC","P_SAL_M","50-249","C18","D111","BG",2008,616
"NAC","P_SAL_M","50-249","C18","D1111","BG",2008,562
"NAC","P_SAL_M","50-249","C19","D01","BG",2008,753
"NAC","P_SAL_M","50-249","C19","D111","BG",2008,616
"NAC","P_SAL_M","50-249","C19","D1111","BG",2008,567
"NAC","P_SAL_M","50-249","C20","D01","BG",2008,694
"NAC","P_SAL_M","50-249","C20","D111","BG",2008,569
"NAC","P_SAL_M","50-249","C20","D1111","BG",2008,505
"NAC","P_SAL_M","50-249","C21","D01","BG",2008,798
"NAC","P_SAL_M","50-249","C21","D111","BG",2008,657
"NAC","P_SAL_M","50-249","C21","D1111","BG",2008,595
"NAC","P_SAL_M","50-249","C22","D01","BG",2008,528
"NAC","P_SAL_M","50-249","C22","D111","BG",2008,436
"NAC","P_SAL_M","50-249","C22","D1111","BG",2008,400
"NAC","P_SAL_M","50-249","C23","D01","BG",2008,749
"NAC","P_SAL_M","50-249","C23","D111","BG",2008,605
"NAC","P_SAL_M","50-249","C23","D1111","BG",2008,550
"NAC","P_SAL_M","50-249","C24","D01","BG",2008,756
"NAC","P_SAL_M","50-249","C24","D111","BG",2008,594
"NAC","P_SAL_M","50-249","C24","D1111","BG",2008,525
"NAC","P_SAL_M","50-249","C25","D01","BG",2008,606
"NAC","P_SAL_M","50-249","C25","D111","BG",2008,492
"NAC","P_SAL_M","50-249","C25","D1111","BG",2008,445
"NAC","P_SAL_M","50-249","C26","D01","BG",2008,822
"NAC","P_SAL_M","50-249","C26","D111","BG",2008,679
"NAC","P_SAL_M","50-249","C26","D1111","BG",2008,590
"NAC","P_SAL_M","50-249","C27","D01","BG",2008,617
"NAC","P_SAL_M","50-249","C27","D111","BG",2008,506
"NAC","P_SAL_M","50-249","C27","D1111","BG",2008,455
"NAC","P_SAL_M","50-249","C28","D01","BG",2008,695
"NAC","P_SAL_M","50-249","C28","D111","BG",2008,570
"NAC","P_SAL_M","50-249","C28","D1111","BG",2008,512
"NAC","P_SAL_M","50-249","C29","D01","BG",2008,644
"NAC","P_SAL_M","50-249","C29","D111","BG",2008,531
"NAC","P_SAL_M","50-249","C29","D1111","BG",2008,466
"NAC","P_SAL_M","50-249","C30","D01","BG",2008,754
"NAC","P_SAL_M","50-249","C30","D111","BG",2008,611
"NAC","P_SAL_M","50-249","C30","D1111","BG",2008,543
"NAC","P_SAL_M","50-249","C31","D01","BG",2008,416
"NAC","P_SAL_M","50-249","C31","D111","BG",2008,341
"NAC","P_SAL_M","50-249","C31","D1111","BG",2008,311
"NAC","P_SAL_M","50-249","C32","D01","BG",2008,652
"NAC","P_SAL_M","50-249","C32","D111","BG",2008,543
"NAC","P_SAL_M","50-249","C32","D1111","BG",2008,488
"NAC","P_SAL_M","50-249","C33","D01","BG",2008,825
"NAC","P_SAL_M","50-249","C33","D111","BG",2008,674
"NAC","P_SAL_M","50-249","C33","D1111","BG",2008,608
"NAC","P_SAL_M","50-249","D","D01","BG",2008,1578
"NAC","P_SAL_M","50-249","D","D111","BG",2008,1232
"NAC","P_SAL_M","50-249","D","D1111","BG",2008,954
"NAC","P_SAL_M","50-249","D35","D01","BG",2008,1578
"NAC","P_SAL_M","50-249","D35","D111","BG",2008,1232
"NAC","P_SAL_M","50-249","D35","D1111","BG",2008,954
"NAC","P_SAL_M","50-249","E","D01","BG",2008,676
"NAC","P_SAL_M","50-249","E","D111","BG",2008,548
"NAC","P_SAL_M","50-249","E","D1111","BG",2008,453
"NAC","P_SAL_M","50-249","E36","D01","BG",2008,820
"NAC","P_SAL_M","50-249","E36","D111","BG",2008,662
"NAC","P_SAL_M","50-249","E36","D1111","BG",2008,510
"NAC","P_SAL_M","50-249","E37","D01","BG",2008,NA
"NAC","P_SAL_M","50-249","E37","D111","BG",2008,NA
"NAC","P_SAL_M","50-249","E37","D1111","BG",2008,NA
"NAC","P_SAL_M","50-249","E38","D01","BG",2008,514
"NAC","P_SAL_M","50-249","E38","D111","BG",2008,419
"NAC","P_SAL_M","50-249","E38","D1111","BG",2008,386
"NAC","P_SAL_M","50-249","E39","D01","BG",2008,728
"NAC","P_SAL_M","50-249","E39","D111","BG",2008,597
"NAC","P_SAL_M","50-249","E39","D1111","BG",2008,529
"NAC","P_SAL_M","50-249","F","D01","BG",2008,607
"NAC","P_SAL_M","50-249","F","D111","BG",2008,496
"NAC","P_SAL_M","50-249","F","D1111","BG",2008,461
"NAC","P_SAL_M","50-249","F41","D01","BG",2008,527
"NAC","P_SAL_M","50-249","F41","D111","BG",2008,432
"NAC","P_SAL_M","50-249","F41","D1111","BG",2008,403
"NAC","P_SAL_M","50-249","F42","D01","BG",2008,736
"NAC","P_SAL_M","50-249","F42","D111","BG",2008,592
"NAC","P_SAL_M","50-249","F42","D1111","BG",2008,544
"NAC","P_SAL_M","50-249","F43","D01","BG",2008,720
"NAC","P_SAL_M","50-249","F43","D111","BG",2008,594
"NAC","P_SAL_M","50-249","F43","D1111","BG",2008,553
"NAC","P_SAL_M","50-249","G","D01","BG",2008,764
"NAC","P_SAL_M","50-249","G","D111","BG",2008,644
"NAC","P_SAL_M","50-249","G","D1111","BG",2008,599
"NAC","P_SAL_M","50-249","G-J","D01","BG",2008,816
"NAC","P_SAL_M","50-249","G-J","D111","BG",2008,683
"NAC","P_SAL_M","50-249","G-J","D1111","BG",2008,624
"NAC","P_SAL_M","50-249","G-N","D01","BG",2008,802
"NAC","P_SAL_M","50-249","G-N","D111","BG",2008,675
"NAC","P_SAL_M","50-249","G-N","D1111","BG",2008,615
"NAC","P_SAL_M","50-249","G-S_X_O","D01","BG",2008,771
"NAC","P_SAL_M","50-249","G-S_X_O","D111","BG",2008,641
"NAC","P_SAL_M","50-249","G-S_X_O","D1111","BG",2008,573
"NAC","P_SAL_M","50-249","G45","D01","BG",2008,1119
"NAC","P_SAL_M","50-249","G45","D111","BG",2008,947
"NAC","P_SAL_M","50-249","G45","D1111","BG",2008,878
"NAC","P_SAL_M","50-249","G46","D01","BG",2008,816
"NAC","P_SAL_M","50-249","G46","D111","BG",2008,692
"NAC","P_SAL_M","50-249","G46","D1111","BG",2008,645
"NAC","P_SAL_M","50-249","G47","D01","BG",2008,578
"NAC","P_SAL_M","50-249","G47","D111","BG",2008,480
"NAC","P_SAL_M","50-249","G47","D1111","BG",2008,447
"NAC","P_SAL_M","50-249","H","D01","BG",2008,834
"NAC","P_SAL_M","50-249","H","D111","BG",2008,688
"NAC","P_SAL_M","50-249","H","D1111","BG",2008,593
"NAC","P_SAL_M","50-249","H49","D01","BG",2008,636
"NAC","P_SAL_M","50-249","H49","D111","BG",2008,507
"NAC","P_SAL_M","50-249","H49","D1111","BG",2008,454
"NAC","P_SAL_M","50-249","H50","D01","BG",2008,1305
"NAC","P_SAL_M","50-249","H50","D111","BG",2008,1052
"NAC","P_SAL_M","50-249","H50","D1111","BG",2008,873
"NAC","P_SAL_M","50-249","H51","D01","BG",2008,2122
"NAC","P_SAL_M","50-249","H51","D111","BG",2008,1719
"NAC","P_SAL_M","50-249","H51","D1111","BG",2008,1567
"NAC","P_SAL_M","50-249","H52","D01","BG",2008,1154
"NAC","P_SAL_M","50-249","H52","D111","BG",2008,998
"NAC","P_SAL_M","50-249","H52","D1111","BG",2008,838
"NAC","P_SAL_M","50-249","H53","D01","BG",2008,689
"NAC","P_SAL_M","50-249","H53","D111","BG",2008,563
"NAC","P_SAL_M","50-249","H53","D1111","BG",2008,450
"NAC","P_SAL_M","50-249","I","D01","BG",2008,507
"NAC","P_SAL_M","50-249","I","D111","BG",2008,415
"NAC","P_SAL_M","50-249","I","D1111","BG",2008,385
"NAC","P_SAL_M","50-249","I55","D01","BG",2008,572
"NAC","P_SAL_M","50-249","I55","D111","BG",2008,468
"NAC","P_SAL_M","50-249","I55","D1111","BG",2008,433
"NAC","P_SAL_M","50-249","I56","D01","BG",2008,398
"NAC","P_SAL_M","50-249","I56","D111","BG",2008,327
"NAC","P_SAL_M","50-249","I56","D1111","BG",2008,304
"NAC","P_SAL_M","50-249","J","D01","BG",2008,1502
"NAC","P_SAL_M","50-249","J","D111","BG",2008,1277
"NAC","P_SAL_M","50-249","J","D1111","BG",2008,1182
"NAC","P_SAL_M","50-249","J58","D01","BG",2008,977
"NAC","P_SAL_M","50-249","J58","D111","BG",2008,830
"NAC","P_SAL_M","50-249","J58","D1111","BG",2008,770
"NAC","P_SAL_M","50-249","J59","D01","BG",2008,1114
"NAC","P_SAL_M","50-249","J59","D111","BG",2008,924
"NAC","P_SAL_M","50-249","J59","D1111","BG",2008,864
"NAC","P_SAL_M","50-249","J60","D01","BG",2008,973
"NAC","P_SAL_M","50-249","J60","D111","BG",2008,816
"NAC","P_SAL_M","50-249","J60","D1111","BG",2008,767
"NAC","P_SAL_M","50-249","J61","D01","BG",2008,1315
"NAC","P_SAL_M","50-249","J61","D111","BG",2008,1076
"NAC","P_SAL_M","50-249","J61","D1111","BG",2008,997
"NAC","P_SAL_M","50-249","J62","D01","BG",2008,2237
"NAC","P_SAL_M","50-249","J62","D111","BG",2008,1946
"NAC","P_SAL_M","50-249","J62","D1111","BG",2008,1803
"NAC","P_SAL_M","50-249","J63","D01","BG",2008,1216
"NAC","P_SAL_M","50-249","J63","D111","BG",2008,1022
"NAC","P_SAL_M","50-249","J63","D1111","BG",2008,909
"NAC","P_SAL_M","50-249","K","D01","BG",2008,1563
"NAC","P_SAL_M","50-249","K","D111","BG",2008,1317
"NAC","P_SAL_M","50-249","K","D1111","BG",2008,1182
"NAC","P_SAL_M","50-249","K-N","D01","BG",2008,774
"NAC","P_SAL_M","50-249","K-N","D111","BG",2008,659
"NAC","P_SAL_M","50-249","K-N","D1111","BG",2008,597
"NAC","P_SAL_M","50-249","K64","D01","BG",2008,1523
"NAC","P_SAL_M","50-249","K64","D111","BG",2008,1288
"NAC","P_SAL_M","50-249","K64","D1111","BG",2008,1147
"NAC","P_SAL_M","50-249","K65","D01","BG",2008,1815
"NAC","P_SAL_M","50-249","K65","D111","BG",2008,1521
"NAC","P_SAL_M","50-249","K65","D1111","BG",2008,1427
"NAC","P_SAL_M","50-249","K66","D01","BG",2008,1599
"NAC","P_SAL_M","50-249","K66","D111","BG",2008,1300
"NAC","P_SAL_M","50-249","K66","D1111","BG",2008,1175
"NAC","P_SAL_M","50-249","L","D01","BG",2008,NA
"NAC","P_SAL_M","50-249","L","D111","BG",2008,NA
"NAC","P_SAL_M","50-249","L","D1111","BG",2008,NA
"NAC","P_SAL_M","50-249","L68","D01","BG",2008,NA
"NAC","P_SAL_M","50-249","L68","D111","BG",2008,NA
"NAC","P_SAL_M","50-249","L68","D1111","BG",2008,NA
"NAC","P_SAL_M","50-249","M","D01","BG",2008,1214
"NAC","P_SAL_M","50-249","M","D111","BG",2008,1023
"NAC","P_SAL_M","50-249","M","D1111","BG",2008,916
"NAC","P_SAL_M","50-249","M69","D01","BG",2008,NA
"NAC","P_SAL_M","50-249","M69","D111","BG",2008,NA
"NAC","P_SAL_M","50-249","M69","D1111","BG",2008,NA
"NAC","P_SAL_M","50-249","M70","D01","BG",2008,NA
"NAC","P_SAL_M","50-249","M70","D111","BG",2008,NA
"NAC","P_SAL_M","50-249","M70","D1111","BG",2008,NA
"NAC","P_SAL_M","50-249","M71","D01","BG",2008,1418
"NAC","P_SAL_M","50-249","M71","D111","BG",2008,1187
"NAC","P_SAL_M","50-249","M71","D1111","BG",2008,1040
"NAC","P_SAL_M","50-249","M72","D01","BG",2008,767
"NAC","P_SAL_M","50-249","M72","D111","BG",2008,630
"NAC","P_SAL_M","50-249","M72","D1111","BG",2008,549
"NAC","P_SAL_M","50-249","M73","D01","BG",2008,NA
"NAC","P_SAL_M","50-249","M73","D111","BG",2008,NA
"NAC","P_SAL_M","50-249","M73","D1111","BG",2008,NA
"NAC","P_SAL_M","50-249","M74","D01","BG",2008,NA
"NAC","P_SAL_M","50-249","M74","D111","BG",2008,NA
"NAC","P_SAL_M","50-249","M74","D1111","BG",2008,NA
"NAC","P_SAL_M","50-249","N","D01","BG",2008,343
"NAC","P_SAL_M","50-249","N","D111","BG",2008,302
"NAC","P_SAL_M","50-249","N","D1111","BG",2008,282
"NAC","P_SAL_M","50-249","N77","D01","BG",2008,1120
"NAC","P_SAL_M","50-249","N77","D111","BG",2008,941
"NAC","P_SAL_M","50-249","N77","D1111","BG",2008,849
"NAC","P_SAL_M","50-249","N78","D01","BG",2008,1028
"NAC","P_SAL_M","50-249","N78","D111","BG",2008,856
"NAC","P_SAL_M","50-249","N78","D1111","BG",2008,783
"NAC","P_SAL_M","50-249","N79","D01","BG",2008,600
"NAC","P_SAL_M","50-249","N79","D111","BG",2008,501
"NAC","P_SAL_M","50-249","N79","D1111","BG",2008,476
"NAC","P_SAL_M","50-249","N80","D01","BG",2008,336
"NAC","P_SAL_M","50-249","N80","D111","BG",2008,277
"NAC","P_SAL_M","50-249","N80","D1111","BG",2008,261
"NAC","P_SAL_M","50-249","N81","D01","BG",2008,260
"NAC","P_SAL_M","50-249","N81","D111","BG",2008,251
"NAC","P_SAL_M","50-249","N81","D1111","BG",2008,232
"NAC","P_SAL_M","50-249","N82","D01","BG",2008,884
"NAC","P_SAL_M","50-249","N82","D111","BG",2008,727
"NAC","P_SAL_M","50-249","N82","D1111","BG",2008,682
"NAC","P_SAL_M","50-249","O","D01","BG",2008,857
"NAC","P_SAL_M","50-249","O","D111","BG",2008,678
"NAC","P_SAL_M","50-249","O","D1111","BG",2008,610
"NAC","P_SAL_M","50-249","O-S","D01","BG",2008,764
"NAC","P_SAL_M","50-249","O-S","D111","BG",2008,613
"NAC","P_SAL_M","50-249","O-S","D1111","BG",2008,536
"NAC","P_SAL_M","50-249","O84","D01","BG",2008,857
"NAC","P_SAL_M","50-249","O84","D111","BG",2008,678
"NAC","P_SAL_M","50-249","O84","D1111","BG",2008,610
"NAC","P_SAL_M","50-249","P","D01","BG",2008,758
"NAC","P_SAL_M","50-249","P","D111","BG",2008,602
"NAC","P_SAL_M","50-249","P","D1111","BG",2008,500
"NAC","P_SAL_M","50-249","P-S","D01","BG",2008,718
"NAC","P_SAL_M","50-249","P-S","D111","BG",2008,580
"NAC","P_SAL_M","50-249","P-S","D1111","BG",2008,499
"NAC","P_SAL_M","50-249","P85","D01","BG",2008,758
"NAC","P_SAL_M","50-249","P85","D111","BG",2008,602
"NAC","P_SAL_M","50-249","P85","D1111","BG",2008,500
"NAC","P_SAL_M","50-249","Q","D01","BG",2008,670
"NAC","P_SAL_M","50-249","Q","D111","BG",2008,550
"NAC","P_SAL_M","50-249","Q","D1111","BG",2008,491
"NAC","P_SAL_M","50-249","Q86","D01","BG",2008,770
"NAC","P_SAL_M","50-249","Q86","D111","BG",2008,632
"NAC","P_SAL_M","50-249","Q86","D1111","BG",2008,568
"NAC","P_SAL_M","50-249","Q87","D01","BG",2008,530
"NAC","P_SAL_M","50-249","Q87","D111","BG",2008,436
"NAC","P_SAL_M","50-249","Q87","D1111","BG",2008,381
"NAC","P_SAL_M","50-249","Q88","D01","BG",2008,451
"NAC","P_SAL_M","50-249","Q88","D111","BG",2008,371
"NAC","P_SAL_M","50-249","Q88","D1111","BG",2008,328
"NAC","P_SAL_M","50-249","R","D01","BG",2008,686
"NAC","P_SAL_M","50-249","R","D111","BG",2008,573
"NAC","P_SAL_M","50-249","R","D1111","BG",2008,521
"NAC","P_SAL_M","50-249","R90","D01","BG",2008,597
"NAC","P_SAL_M","50-249","R90","D111","BG",2008,483
"NAC","P_SAL_M","50-249","R90","D1111","BG",2008,422
"NAC","P_SAL_M","50-249","R91","D01","BG",2008,NA
"NAC","P_SAL_M","50-249","R91","D111","BG",2008,NA
"NAC","P_SAL_M","50-249","R91","D1111","BG",2008,NA
"NAC","P_SAL_M","50-249","R92","D01","BG",2008,618
"NAC","P_SAL_M","50-249","R92","D111","BG",2008,512
"NAC","P_SAL_M","50-249","R92","D1111","BG",2008,472
"NAC","P_SAL_M","50-249","R93","D01","BG",2008,NA
"NAC","P_SAL_M","50-249","R93","D111","BG",2008,NA
"NAC","P_SAL_M","50-249","R93","D1111","BG",2008,NA
"NAC","P_SAL_M","50-249","S","D01","BG",2008,NA
"NAC","P_SAL_M","50-249","S","D111","BG",2008,NA
"NAC","P_SAL_M","50-249","S","D1111","BG",2008,NA
"NAC","P_SAL_M","50-249","S94","D01","BG",2008,NA
"NAC","P_SAL_M","50-249","S94","D111","BG",2008,NA
"NAC","P_SAL_M","50-249","S94","D1111","BG",2008,NA
"NAC","P_SAL_M","50-249","S95","D01","BG",2008,NA
"NAC","P_SAL_M","50-249","S95","D111","BG",2008,NA
"NAC","P_SAL_M","50-249","S95","D1111","BG",2008,NA
"NAC","P_SAL_M","50-249","S96","D01","BG",2008,626
"NAC","P_SAL_M","50-249","S96","D111","BG",2008,516
"NAC","P_SAL_M","50-249","S96","D1111","BG",2008,454
"NAC","P_SAL_M","500-999","B","D01","BG",2008,1353
"NAC","P_SAL_M","500-999","B","D111","BG",2008,1007
"NAC","P_SAL_M","500-999","B","D1111","BG",2008,855
"NAC","P_SAL_M","500-999","B-E","D01","BG",2008,939
"NAC","P_SAL_M","500-999","B-E","D111","BG",2008,738
"NAC","P_SAL_M","500-999","B-E","D1111","BG",2008,640
"NAC","P_SAL_M","500-999","B-F","D01","BG",2008,934
"NAC","P_SAL_M","500-999","B-F","D111","BG",2008,738
"NAC","P_SAL_M","500-999","B-F","D1111","BG",2008,646
"NAC","P_SAL_M","500-999","B-N","D01","BG",2008,1018
"NAC","P_SAL_M","500-999","B-N","D111","BG",2008,819
"NAC","P_SAL_M","500-999","B-N","D1111","BG",2008,708
"NAC","P_SAL_M","500-999","B-S","D01","BG",2008,1011
"NAC","P_SAL_M","500-999","B-S","D111","BG",2008,815
"NAC","P_SAL_M","500-999","B-S","D1111","BG",2008,710
"NAC","P_SAL_M","500-999","B-S_X_O","D01","BG",2008,994
"NAC","P_SAL_M","500-999","B-S_X_O","D111","BG",2008,803
"NAC","P_SAL_M","500-999","B-S_X_O","D1111","BG",2008,696
"NAC","P_SAL_M","500-999","B05","D01","BG",2008,NA
"NAC","P_SAL_M","500-999","B05","D111","BG",2008,NA
"NAC","P_SAL_M","500-999","B05","D1111","BG",2008,NA
"NAC","P_SAL_M","500-999","B06","D01","BG",2008,NA
"NAC","P_SAL_M","500-999","B06","D111","BG",2008,NA
"NAC","P_SAL_M","500-999","B06","D1111","BG",2008,NA
"NAC","P_SAL_M","500-999","B07","D01","BG",2008,1568
"NAC","P_SAL_M","500-999","B07","D111","BG",2008,1174
"NAC","P_SAL_M","500-999","B07","D1111","BG",2008,983
"NAC","P_SAL_M","500-999","B08","D01","BG",2008,NA
"NAC","P_SAL_M","500-999","B08","D111","BG",2008,NA
"NAC","P_SAL_M","500-999","B08","D1111","BG",2008,NA
"NAC","P_SAL_M","500-999","C","D01","BG",2008,870
"NAC","P_SAL_M","500-999","C","D111","BG",2008,692
"NAC","P_SAL_M","500-999","C","D1111","BG",2008,611
"NAC","P_SAL_M","500-999","C10","D01","BG",2008,NA
"NAC","P_SAL_M","500-999","C10","D111","BG",2008,NA
"NAC","P_SAL_M","500-999","C10","D1111","BG",2008,NA
"NAC","P_SAL_M","500-999","C11","D01","BG",2008,902
"NAC","P_SAL_M","500-999","C11","D111","BG",2008,754
"NAC","P_SAL_M","500-999","C11","D1111","BG",2008,662
"NAC","P_SAL_M","500-999","C12","D01","BG",2008,NA
"NAC","P_SAL_M","500-999","C12","D111","BG",2008,NA
"NAC","P_SAL_M","500-999","C12","D1111","BG",2008,NA
"NAC","P_SAL_M","500-999","C13","D01","BG",2008,580
"NAC","P_SAL_M","500-999","C13","D111","BG",2008,467
"NAC","P_SAL_M","500-999","C13","D1111","BG",2008,423
"NAC","P_SAL_M","500-999","C14","D01","BG",2008,521
"NAC","P_SAL_M","500-999","C14","D111","BG",2008,425
"NAC","P_SAL_M","500-999","C14","D1111","BG",2008,386
"NAC","P_SAL_M","500-999","C15","D01","BG",2008,351
"NAC","P_SAL_M","500-999","C15","D111","BG",2008,285
"NAC","P_SAL_M","500-999","C15","D1111","BG",2008,264
"NAC","P_SAL_M","500-999","C16","D01","BG",2008,NA
"NAC","P_SAL_M","500-999","C16","D111","BG",2008,NA
"NAC","P_SAL_M","500-999","C16","D1111","BG",2008,NA
"NAC","P_SAL_M","500-999","C17","D01","BG",2008,1125
"NAC","P_SAL_M","500-999","C17","D111","BG",2008,906
"NAC","P_SAL_M","500-999","C17","D1111","BG",2008,783
"NAC","P_SAL_M","500-999","C20","D01","BG",2008,1553
"NAC","P_SAL_M","500-999","C20","D111","BG",2008,1036
"NAC","P_SAL_M","500-999","C20","D1111","BG",2008,835
"NAC","P_SAL_M","500-999","C21","D01","BG",2008,984
"NAC","P_SAL_M","500-999","C21","D111","BG",2008,758
"NAC","P_SAL_M","500-999","C21","D1111","BG",2008,678
"NAC","P_SAL_M","500-999","C22","D01","BG",2008,NA
"NAC","P_SAL_M","500-999","C22","D111","BG",2008,NA
"NAC","P_SAL_M","500-999","C22","D1111","BG",2008,NA
"NAC","P_SAL_M","500-999","C23","D01","BG",2008,1037
"NAC","P_SAL_M","500-999","C23","D111","BG",2008,816
"NAC","P_SAL_M","500-999","C23","D1111","BG",2008,723
"NAC","P_SAL_M","500-999","C24","D01","BG",2008,1378
"NAC","P_SAL_M","500-999","C24","D111","BG",2008,1075
"NAC","P_SAL_M","500-999","C24","D1111","BG",2008,938
"NAC","P_SAL_M","500-999","C25","D01","BG",2008,771
"NAC","P_SAL_M","500-999","C25","D111","BG",2008,626
"NAC","P_SAL_M","500-999","C25","D1111","BG",2008,565
"NAC","P_SAL_M","500-999","C27","D01","BG",2008,NA
"NAC","P_SAL_M","500-999","C27","D111","BG",2008,NA
"NAC","P_SAL_M","500-999","C27","D1111","BG",2008,NA
"NAC","P_SAL_M","500-999","C28","D01","BG",2008,783
"NAC","P_SAL_M","500-999","C28","D111","BG",2008,632
"NAC","P_SAL_M","500-999","C28","D1111","BG",2008,560
"NAC","P_SAL_M","500-999","C29","D01","BG",2008,538
"NAC","P_SAL_M","500-999","C29","D111","BG",2008,437
"NAC","P_SAL_M","500-999","C29","D1111","BG",2008,378
"NAC","P_SAL_M","500-999","C30","D01","BG",2008,NA
"NAC","P_SAL_M","500-999","C30","D111","BG",2008,NA
"NAC","P_SAL_M","500-999","C30","D1111","BG",2008,NA
"NAC","P_SAL_M","500-999","C31","D01","BG",2008,546
"NAC","P_SAL_M","500-999","C31","D111","BG",2008,439
"NAC","P_SAL_M","500-999","C31","D1111","BG",2008,406
"NAC","P_SAL_M","500-999","C32","D01","BG",2008,NA
"NAC","P_SAL_M","500-999","C32","D111","BG",2008,NA
"NAC","P_SAL_M","500-999","C32","D1111","BG",2008,NA
"NAC","P_SAL_M","500-999","C33","D01","BG",2008,1251
"NAC","P_SAL_M","500-999","C33","D111","BG",2008,1000
"NAC","P_SAL_M","500-999","C33","D1111","BG",2008,866
"NAC","P_SAL_M","500-999","D","D01","BG",2008,1505
"NAC","P_SAL_M","500-999","D","D111","BG",2008,1105
"NAC","P_SAL_M","500-999","D","D1111","BG",2008,861
"NAC","P_SAL_M","500-999","D35","D01","BG",2008,1505
"NAC","P_SAL_M","500-999","D35","D111","BG",2008,1105
"NAC","P_SAL_M","500-999","D35","D1111","BG",2008,861
"NAC","P_SAL_M","500-999","E","D01","BG",2008,789
"NAC","P_SAL_M","500-999","E","D111","BG",2008,649
"NAC","P_SAL_M","500-999","E","D1111","BG",2008,559
"NAC","P_SAL_M","500-999","E36","D01","BG",2008,909
"NAC","P_SAL_M","500-999","E36","D111","BG",2008,741
"NAC","P_SAL_M","500-999","E36","D1111","BG",2008,561
"NAC","P_SAL_M","500-999","E38","D01","BG",2008,737
"NAC","P_SAL_M","500-999","E38","D111","BG",2008,609
"NAC","P_SAL_M","500-999","E38","D1111","BG",2008,558
"NAC","P_SAL_M","500-999","F","D01","BG",2008,898
"NAC","P_SAL_M","500-999","F","D111","BG",2008,737
"NAC","P_SAL_M","500-999","F","D1111","BG",2008,689
"NAC","P_SAL_M","500-999","F41","D01","BG",2008,785
"NAC","P_SAL_M","500-999","F41","D111","BG",2008,657
"NAC","P_SAL_M","500-999","F41","D1111","BG",2008,623
"NAC","P_SAL_M","500-999","F42","D01","BG",2008,NA
"NAC","P_SAL_M","500-999","F42","D111","BG",2008,NA
"NAC","P_SAL_M","500-999","F42","D1111","BG",2008,NA
"NAC","P_SAL_M","500-999","F43","D01","BG",2008,NA
"NAC","P_SAL_M","500-999","F43","D111","BG",2008,NA
"NAC","P_SAL_M","500-999","F43","D1111","BG",2008,NA
"NAC","P_SAL_M","500-999","G","D01","BG",2008,1027
"NAC","P_SAL_M","500-999","G","D111","BG",2008,854
"NAC","P_SAL_M","500-999","G","D1111","BG",2008,790
"NAC","P_SAL_M","500-999","G-J","D01","BG",2008,1187
"NAC","P_SAL_M","500-999","G-J","D111","BG",2008,974
"NAC","P_SAL_M","500-999","G-J","D1111","BG",2008,815
"NAC","P_SAL_M","500-999","G-N","D01","BG",2008,1168
"NAC","P_SAL_M","500-999","G-N","D111","BG",2008,964
"NAC","P_SAL_M","500-999","G-N","D1111","BG",2008,818
"NAC","P_SAL_M","500-999","G-S_X_O","D01","BG",2008,1058
"NAC","P_SAL_M","500-999","G-S_X_O","D111","BG",2008,872
"NAC","P_SAL_M","500-999","G-S_X_O","D1111","BG",2008,751
"NAC","P_SAL_M","500-999","G45","D01","BG",2008,1586
"NAC","P_SAL_M","500-999","G45","D111","BG",2008,1343
"NAC","P_SAL_M","500-999","G45","D1111","BG",2008,1222
"NAC","P_SAL_M","500-999","G46","D01","BG",2008,1158
"NAC","P_SAL_M","500-999","G46","D111","BG",2008,970
"NAC","P_SAL_M","500-999","G46","D1111","BG",2008,897
"NAC","P_SAL_M","500-999","G47","D01","BG",2008,788
"NAC","P_SAL_M","500-999","G47","D111","BG",2008,645
"NAC","P_SAL_M","500-999","G47","D1111","BG",2008,603
"NAC","P_SAL_M","500-999","H","D01","BG",2008,1312
"NAC","P_SAL_M","500-999","H","D111","BG",2008,1062
"NAC","P_SAL_M","500-999","H","D1111","BG",2008,820
"NAC","P_SAL_M","500-999","H49","D01","BG",2008,910
"NAC","P_SAL_M","500-999","H49","D111","BG",2008,713
"NAC","P_SAL_M","500-999","H49","D1111","BG",2008,545
"NAC","P_SAL_M","500-999","H50","D01","BG",2008,NA
"NAC","P_SAL_M","500-999","H50","D111","BG",2008,NA
"NAC","P_SAL_M","500-999","H50","D1111","BG",2008,NA
"NAC","P_SAL_M","500-999","H51","D01","BG",2008,NA
"NAC","P_SAL_M","500-999","H51","D111","BG",2008,NA
"NAC","P_SAL_M","500-999","H51","D1111","BG",2008,NA
"NAC","P_SAL_M","500-999","H52","D01","BG",2008,1902
"NAC","P_SAL_M","500-999","H52","D111","BG",2008,1563
"NAC","P_SAL_M","500-999","H52","D1111","BG",2008,1184
"NAC","P_SAL_M","500-999","H53","D01","BG",2008,NA
"NAC","P_SAL_M","500-999","H53","D111","BG",2008,NA
"NAC","P_SAL_M","500-999","H53","D1111","BG",2008,NA
"NAC","P_SAL_M","500-999","I","D01","BG",2008,NA
"NAC","P_SAL_M","500-999","I","D111","BG",2008,NA
"NAC","P_SAL_M","500-999","I","D1111","BG",2008,NA
"NAC","P_SAL_M","500-999","I55","D01","BG",2008,NA
"NAC","P_SAL_M","500-999","I55","D111","BG",2008,NA
"NAC","P_SAL_M","500-999","I55","D1111","BG",2008,NA
"NAC","P_SAL_M","500-999","I56","D01","BG",2008,NA
"NAC","P_SAL_M","500-999","I56","D111","BG",2008,NA
"NAC","P_SAL_M","500-999","I56","D1111","BG",2008,NA
"NAC","P_SAL_M","500-999","J","D01","BG",2008,1421
"NAC","P_SAL_M","500-999","J","D111","BG",2008,1206
"NAC","P_SAL_M","500-999","J","D1111","BG",2008,1098
"NAC","P_SAL_M","500-999","J58","D01","BG",2008,NA
"NAC","P_SAL_M","500-999","J58","D111","BG",2008,NA
"NAC","P_SAL_M","500-999","J58","D1111","BG",2008,NA
"NAC","P_SAL_M","500-999","J60","D01","BG",2008,NA
"NAC","P_SAL_M","500-999","J60","D111","BG",2008,NA
"NAC","P_SAL_M","500-999","J60","D1111","BG",2008,NA
"NAC","P_SAL_M","500-999","J61","D01","BG",2008,NA
"NAC","P_SAL_M","500-999","J61","D111","BG",2008,NA
"NAC","P_SAL_M","500-999","J61","D1111","BG",2008,NA
"NAC","P_SAL_M","500-999","J62","D01","BG",2008,NA
"NAC","P_SAL_M","500-999","J62","D111","BG",2008,NA
"NAC","P_SAL_M","500-999","J62","D1111","BG",2008,NA
"NAC","P_SAL_M","500-999","K","D01","BG",2008,1820
"NAC","P_SAL_M","500-999","K","D111","BG",2008,1539
"NAC","P_SAL_M","500-999","K","D1111","BG",2008,1337
"NAC","P_SAL_M","500-999","K-N","D01","BG",2008,1133
"NAC","P_SAL_M","500-999","K-N","D111","BG",2008,945
"NAC","P_SAL_M","500-999","K-N","D1111","BG",2008,822
"NAC","P_SAL_M","500-999","K64","D01","BG",2008,1820
"NAC","P_SAL_M","500-999","K64","D111","BG",2008,1539
"NAC","P_SAL_M","500-999","K64","D1111","BG",2008,1337
"NAC","P_SAL_M","500-999","K65","D01","BG",2008,NA
"NAC","P_SAL_M","500-999","K65","D111","BG",2008,NA
"NAC","P_SAL_M","500-999","K65","D1111","BG",2008,NA
"NAC","P_SAL_M","500-999","M","D01","BG",2008,NA
"NAC","P_SAL_M","500-999","M","D111","BG",2008,NA
"NAC","P_SAL_M","500-999","M","D1111","BG",2008,NA
"NAC","P_SAL_M","500-999","M70","D01","BG",2008,NA
"NAC","P_SAL_M","500-999","M70","D111","BG",2008,NA
"NAC","P_SAL_M","500-999","M70","D1111","BG",2008,NA
"NAC","P_SAL_M","500-999","M73","D01","BG",2008,NA
"NAC","P_SAL_M","500-999","M73","D111","BG",2008,NA
"NAC","P_SAL_M","500-999","M73","D1111","BG",2008,NA
"NAC","P_SAL_M","500-999","N","D01","BG",2008,415
"NAC","P_SAL_M","500-999","N","D111","BG",2008,337
"NAC","P_SAL_M","500-999","N","D1111","BG",2008,312
"NAC","P_SAL_M","500-999","N78","D01","BG",2008,NA
"NAC","P_SAL_M","500-999","N78","D111","BG",2008,NA
"NAC","P_SAL_M","500-999","N78","D1111","BG",2008,NA
"NAC","P_SAL_M","500-999","N80","D01","BG",2008,324
"NAC","P_SAL_M","500-999","N80","D111","BG",2008,265
"NAC","P_SAL_M","500-999","N80","D1111","BG",2008,250
"NAC","P_SAL_M","500-999","N81","D01","BG",2008,NA
"NAC","P_SAL_M","500-999","N81","D111","BG",2008,NA
"NAC","P_SAL_M","500-999","N81","D1111","BG",2008,NA
"NAC","P_SAL_M","500-999","N82","D01","BG",2008,NA
"NAC","P_SAL_M","500-999","N82","D111","BG",2008,NA
"NAC","P_SAL_M","500-999","N82","D1111","BG",2008,NA
"NAC","P_SAL_M","500-999","O","D01","BG",2008,1352
"NAC","P_SAL_M","500-999","O","D111","BG",2008,1069
"NAC","P_SAL_M","500-999","O","D1111","BG",2008,987
"NAC","P_SAL_M","500-999","O-S","D01","BG",2008,986
"NAC","P_SAL_M","500-999","O-S","D111","BG",2008,802
"NAC","P_SAL_M","500-999","O-S","D1111","BG",2008,718
"NAC","P_SAL_M","500-999","O84","D01","BG",2008,1352
"NAC","P_SAL_M","500-999","O84","D111","BG",2008,1069
"NAC","P_SAL_M","500-999","O84","D1111","BG",2008,987
"NAC","P_SAL_M","500-999","P","D01","BG",2008,1001
"NAC","P_SAL_M","500-999","P","D111","BG",2008,824
"NAC","P_SAL_M","500-999","P","D1111","BG",2008,702
"NAC","P_SAL_M","500-999","P-S","D01","BG",2008,890
"NAC","P_SAL_M","500-999","P-S","D111","BG",2008,732
"NAC","P_SAL_M","500-999","P-S","D1111","BG",2008,648
"NAC","P_SAL_M","500-999","P85","D01","BG",2008,1001
"NAC","P_SAL_M","500-999","P85","D111","BG",2008,824
"NAC","P_SAL_M","500-999","P85","D1111","BG",2008,702
"NAC","P_SAL_M","500-999","Q","D01","BG",2008,838
"NAC","P_SAL_M","500-999","Q","D111","BG",2008,689
"NAC","P_SAL_M","500-999","Q","D1111","BG",2008,622
"NAC","P_SAL_M","500-999","Q86","D01","BG",2008,838
"NAC","P_SAL_M","500-999","Q86","D111","BG",2008,689
"NAC","P_SAL_M","500-999","Q86","D1111","BG",2008,622
"NAC","P_SAL_M","500-999","Q87","D01","BG",2008,NA
"NAC","P_SAL_M","500-999","Q87","D111","BG",2008,NA
"NAC","P_SAL_M","500-999","Q87","D1111","BG",2008,NA
"NAC","P_SAL_M","500-999","Q88","D01","BG",2008,NA
"NAC","P_SAL_M","500-999","Q88","D111","BG",2008,NA
"NAC","P_SAL_M","500-999","Q88","D1111","BG",2008,NA
"NAC","P_SAL_M","GE10","B","D01","BG",2008,1246
"NAC","P_SAL_M","GE10","B","D111","BG",2008,914
"NAC","P_SAL_M","GE10","B","D1111","BG",2008,775
"NAC","P_SAL_M","GE10","B-E","D01","BG",2008,718
"NAC","P_SAL_M","GE10","B-E","D111","BG",2008,572
"NAC","P_SAL_M","GE10","B-E","D1111","BG",2008,498
"NAC","P_SAL_M","GE10","B-F","D01","BG",2008,686
"NAC","P_SAL_M","GE10","B-F","D111","BG",2008,550
"NAC","P_SAL_M","GE10","B-F","D1111","BG",2008,486
"NAC","P_SAL_M","GE10","B-N","D01","BG",2008,734
"NAC","P_SAL_M","GE10","B-N","D111","BG",2008,600
"NAC","P_SAL_M","GE10","B-N","D1111","BG",2008,536
"NAC","P_SAL_M","GE10","B-S","D01","BG",2008,748
"NAC","P_SAL_M","GE10","B-S","D111","BG",2008,609
"NAC","P_SAL_M","GE10","B-S","D1111","BG",2008,541
"NAC","P_SAL_M","GE10","B-S_X_O","D01","BG",2008,732
"NAC","P_SAL_M","GE10","B-S_X_O","D111","BG",2008,598
"NAC","P_SAL_M","GE10","B-S_X_O","D1111","BG",2008,531
"NAC","P_SAL_M","GE10","B05","D01","BG",2008,1356
"NAC","P_SAL_M","GE10","B05","D111","BG",2008,956
"NAC","P_SAL_M","GE10","B05","D1111","BG",2008,773
"NAC","P_SAL_M","GE10","B06","D01","BG",2008,NA
"NAC","P_SAL_M","GE10","B06","D111","BG",2008,NA
"NAC","P_SAL_M","GE10","B06","D1111","BG",2008,NA
"NAC","P_SAL_M","GE10","B07","D01","BG",2008,1508
"NAC","P_SAL_M","GE10","B07","D111","BG",2008,1137
"NAC","P_SAL_M","GE10","B07","D1111","BG",2008,999
"NAC","P_SAL_M","GE10","B08","D01","BG",2008,852
"NAC","P_SAL_M","GE10","B08","D111","BG",2008,660
"NAC","P_SAL_M","GE10","B08","D1111","BG",2008,593
"NAC","P_SAL_M","GE10","B09","D01","BG",2008,NA
"NAC","P_SAL_M","GE10","B09","D111","BG",2008,NA
"NAC","P_SAL_M","GE10","B09","D1111","BG",2008,NA
"NAC","P_SAL_M","GE10","C","D01","BG",2008,627
"NAC","P_SAL_M","GE10","C","D111","BG",2008,506
"NAC","P_SAL_M","GE10","C","D1111","BG",2008,454
"NAC","P_SAL_M","GE10","C10","D01","BG",2008,510
"NAC","P_SAL_M","GE10","C10","D111","BG",2008,419
"NAC","P_SAL_M","GE10","C10","D1111","BG",2008,387
"NAC","P_SAL_M","GE10","C11","D01","BG",2008,830
"NAC","P_SAL_M","GE10","C11","D111","BG",2008,692
"NAC","P_SAL_M","GE10","C11","D1111","BG",2008,611
"NAC","P_SAL_M","GE10","C12","D01","BG",2008,NA
"NAC","P_SAL_M","GE10","C12","D111","BG",2008,NA
"NAC","P_SAL_M","GE10","C12","D1111","BG",2008,NA
"NAC","P_SAL_M","GE10","C13","D01","BG",2008,565
"NAC","P_SAL_M","GE10","C13","D111","BG",2008,455
"NAC","P_SAL_M","GE10","C13","D1111","BG",2008,414
"NAC","P_SAL_M","GE10","C14","D01","BG",2008,386
"NAC","P_SAL_M","GE10","C14","D111","BG",2008,317
"NAC","P_SAL_M","GE10","C14","D1111","BG",2008,287
"NAC","P_SAL_M","GE10","C15","D01","BG",2008,346
"NAC","P_SAL_M","GE10","C15","D111","BG",2008,283
"NAC","P_SAL_M","GE10","C15","D1111","BG",2008,260
"NAC","P_SAL_M","GE10","C16","D01","BG",2008,486
"NAC","P_SAL_M","GE10","C16","D111","BG",2008,398
"NAC","P_SAL_M","GE10","C16","D1111","BG",2008,363
"NAC","P_SAL_M","GE10","C17","D01","BG",2008,611
"NAC","P_SAL_M","GE10","C17","D111","BG",2008,495
"NAC","P_SAL_M","GE10","C17","D1111","BG",2008,439
"NAC","P_SAL_M","GE10","C18","D01","BG",2008,712
"NAC","P_SAL_M","GE10","C18","D111","BG",2008,591
"NAC","P_SAL_M","GE10","C18","D1111","BG",2008,535
"NAC","P_SAL_M","GE10","C19","D01","BG",2008,NA
"NAC","P_SAL_M","GE10","C19","D111","BG",2008,NA
"NAC","P_SAL_M","GE10","C19","D1111","BG",2008,NA
"NAC","P_SAL_M","GE10","C20","D01","BG",2008,944
"NAC","P_SAL_M","GE10","C20","D111","BG",2008,733
"NAC","P_SAL_M","GE10","C20","D1111","BG",2008,645
"NAC","P_SAL_M","GE10","C21","D01","BG",2008,978
"NAC","P_SAL_M","GE10","C21","D111","BG",2008,775
"NAC","P_SAL_M","GE10","C21","D1111","BG",2008,684
"NAC","P_SAL_M","GE10","C22","D01","BG",2008,474
"NAC","P_SAL_M","GE10","C22","D111","BG",2008,389
"NAC","P_SAL_M","GE10","C22","D1111","BG",2008,357
"NAC","P_SAL_M","GE10","C23","D01","BG",2008,774
"NAC","P_SAL_M","GE10","C23","D111","BG",2008,621
"NAC","P_SAL_M","GE10","C23","D1111","BG",2008,559
"NAC","P_SAL_M","GE10","C24","D01","BG",2008,1308
"NAC","P_SAL_M","GE10","C24","D111","BG",2008,1012
"NAC","P_SAL_M","GE10","C24","D1111","BG",2008,883
"NAC","P_SAL_M","GE10","C25","D01","BG",2008,602
"NAC","P_SAL_M","GE10","C25","D111","BG",2008,487
"NAC","P_SAL_M","GE10","C25","D1111","BG",2008,442
"NAC","P_SAL_M","GE10","C26","D01","BG",2008,799
"NAC","P_SAL_M","GE10","C26","D111","BG",2008,660
"NAC","P_SAL_M","GE10","C26","D1111","BG",2008,581
"NAC","P_SAL_M","GE10","C27","D01","BG",2008,758
"NAC","P_SAL_M","GE10","C27","D111","BG",2008,618
"NAC","P_SAL_M","GE10","C27","D1111","BG",2008,549
"NAC","P_SAL_M","GE10","C28","D01","BG",2008,751
"NAC","P_SAL_M","GE10","C28","D111","BG",2008,611
"NAC","P_SAL_M","GE10","C28","D1111","BG",2008,540
"NAC","P_SAL_M","GE10","C29","D01","BG",2008,615
"NAC","P_SAL_M","GE10","C29","D111","BG",2008,501
"NAC","P_SAL_M","GE10","C29","D1111","BG",2008,454
"NAC","P_SAL_M","GE10","C30","D01","BG",2008,933
"NAC","P_SAL_M","GE10","C30","D111","BG",2008,743
"NAC","P_SAL_M","GE10","C30","D1111","BG",2008,665
"NAC","P_SAL_M","GE10","C31","D01","BG",2008,394
"NAC","P_SAL_M","GE10","C31","D111","BG",2008,322
"NAC","P_SAL_M","GE10","C31","D1111","BG",2008,296
"NAC","P_SAL_M","GE10","C32","D01","BG",2008,522
"NAC","P_SAL_M","GE10","C32","D111","BG",2008,430
"NAC","P_SAL_M","GE10","C32","D1111","BG",2008,390
"NAC","P_SAL_M","GE10","C33","D01","BG",2008,987
"NAC","P_SAL_M","GE10","C33","D111","BG",2008,793
"NAC","P_SAL_M","GE10","C33","D1111","BG",2008,705
"NAC","P_SAL_M","GE10","D","D01","BG",2008,1692
"NAC","P_SAL_M","GE10","D","D111","BG",2008,1297
"NAC","P_SAL_M","GE10","D","D1111","BG",2008,966
"NAC","P_SAL_M","GE10","D35","D01","BG",2008,1692
"NAC","P_SAL_M","GE10","D35","D111","BG",2008,1297
"NAC","P_SAL_M","GE10","D35","D1111","BG",2008,966
"NAC","P_SAL_M","GE10","E","D01","BG",2008,762
"NAC","P_SAL_M","GE10","E","D111","BG",2008,621
"NAC","P_SAL_M","GE10","E","D1111","BG",2008,518
"NAC","P_SAL_M","GE10","E36","D01","BG",2008,857
"NAC","P_SAL_M","GE10","E36","D111","BG",2008,695
"NAC","P_SAL_M","GE10","E36","D1111","BG",2008,544
"NAC","P_SAL_M","GE10","E37","D01","BG",2008,866
"NAC","P_SAL_M","GE10","E37","D111","BG",2008,752
"NAC","P_SAL_M","GE10","E37","D1111","BG",2008,710
"NAC","P_SAL_M","GE10","E38","D01","BG",2008,639
"NAC","P_SAL_M","GE10","E38","D111","BG",2008,524
"NAC","P_SAL_M","GE10","E38","D1111","BG",2008,479
"NAC","P_SAL_M","GE10","E39","D01","BG",2008,734
"NAC","P_SAL_M","GE10","E39","D111","BG",2008,598
"NAC","P_SAL_M","GE10","E39","D1111","BG",2008,536
"NAC","P_SAL_M","GE10","F","D01","BG",2008,588
"NAC","P_SAL_M","GE10","F","D111","BG",2008,482
"NAC","P_SAL_M","GE10","F","D1111","BG",2008,449
"NAC","P_SAL_M","GE10","F41","D01","BG",2008,520
"NAC","P_SAL_M","GE10","F41","D111","BG",2008,429
"NAC","P_SAL_M","GE10","F41","D1111","BG",2008,401
"NAC","P_SAL_M","GE10","F42","D01","BG",2008,767
"NAC","P_SAL_M","GE10","F42","D111","BG",2008,617
"NAC","P_SAL_M","GE10","F42","D1111","BG",2008,568
"NAC","P_SAL_M","GE10","F43","D01","BG",2008,606
"NAC","P_SAL_M","GE10","F43","D111","BG",2008,501
"NAC","P_SAL_M","GE10","F43","D1111","BG",2008,470
"NAC","P_SAL_M","GE10","G","D01","BG",2008,651
"NAC","P_SAL_M","GE10","G","D111","BG",2008,544
"NAC","P_SAL_M","GE10","G","D1111","BG",2008,507
"NAC","P_SAL_M","GE10","G-J","D01","BG",2008,772
"NAC","P_SAL_M","GE10","G-J","D111","BG",2008,641
"NAC","P_SAL_M","GE10","G-J","D1111","BG",2008,575
"NAC","P_SAL_M","GE10","G-N","D01","BG",2008,794
"NAC","P_SAL_M","GE10","G-N","D111","BG",2008,663
"NAC","P_SAL_M","GE10","G-N","D1111","BG",2008,598
"NAC","P_SAL_M","GE10","G-S_X_O","D01","BG",2008,771
"NAC","P_SAL_M","GE10","G-S_X_O","D111","BG",2008,638
"NAC","P_SAL_M","GE10","G-S_X_O","D1111","BG",2008,569
"NAC","P_SAL_M","GE10","G45","D01","BG",2008,847
"NAC","P_SAL_M","GE10","G45","D111","BG",2008,714
"NAC","P_SAL_M","GE10","G45","D1111","BG",2008,662
"NAC","P_SAL_M","GE10","G46","D01","BG",2008,743
"NAC","P_SAL_M","GE10","G46","D111","BG",2008,627
"NAC","P_SAL_M","GE10","G46","D1111","BG",2008,583
"NAC","P_SAL_M","GE10","G47","D01","BG",2008,512
"NAC","P_SAL_M","GE10","G47","D111","BG",2008,421
"NAC","P_SAL_M","GE10","G47","D1111","BG",2008,393
"NAC","P_SAL_M","GE10","H","D01","BG",2008,897
"NAC","P_SAL_M","GE10","H","D111","BG",2008,730
"NAC","P_SAL_M","GE10","H","D1111","BG",2008,600
"NAC","P_SAL_M","GE10","H49","D01","BG",2008,699
"NAC","P_SAL_M","GE10","H49","D111","BG",2008,552
"NAC","P_SAL_M","GE10","H49","D1111","BG",2008,470
"NAC","P_SAL_M","GE10","H50","D01","BG",2008,1365
"NAC","P_SAL_M","GE10","H50","D111","BG",2008,1020
"NAC","P_SAL_M","GE10","H50","D1111","BG",2008,836
"NAC","P_SAL_M","GE10","H51","D01","BG",2008,2149
"NAC","P_SAL_M","GE10","H51","D111","BG",2008,1762
"NAC","P_SAL_M","GE10","H51","D1111","BG",2008,1572
"NAC","P_SAL_M","GE10","H52","D01","BG",2008,1224
"NAC","P_SAL_M","GE10","H52","D111","BG",2008,1044
"NAC","P_SAL_M","GE10","H52","D1111","BG",2008,829
"NAC","P_SAL_M","GE10","H53","D01","BG",2008,705
"NAC","P_SAL_M","GE10","H53","D111","BG",2008,578
"NAC","P_SAL_M","GE10","H53","D1111","BG",2008,453
"NAC","P_SAL_M","GE10","I","D01","BG",2008,456
"NAC","P_SAL_M","GE10","I","D111","BG",2008,375
"NAC","P_SAL_M","GE10","I","D1111","BG",2008,351
"NAC","P_SAL_M","GE10","I55","D01","BG",2008,537
"NAC","P_SAL_M","GE10","I55","D111","BG",2008,439
"NAC","P_SAL_M","GE10","I55","D1111","BG",2008,407
"NAC","P_SAL_M","GE10","I56","D01","BG",2008,394
"NAC","P_SAL_M","GE10","I56","D111","BG",2008,325
"NAC","P_SAL_M","GE10","I56","D1111","BG",2008,307
"NAC","P_SAL_M","GE10","J","D01","BG",2008,1495
"NAC","P_SAL_M","GE10","J","D111","BG",2008,1266
"NAC","P_SAL_M","GE10","J","D1111","BG",2008,1158
"NAC","P_SAL_M","GE10","J58","D01","BG",2008,878
"NAC","P_SAL_M","GE10","J58","D111","BG",2008,744
"NAC","P_SAL_M","GE10","J58","D1111","BG",2008,692
"NAC","P_SAL_M","GE10","J59","D01","BG",2008,1008
"NAC","P_SAL_M","GE10","J59","D111","BG",2008,839
"NAC","P_SAL_M","GE10","J59","D1111","BG",2008,783
"NAC","P_SAL_M","GE10","J60","D01","BG",2008,1030
"NAC","P_SAL_M","GE10","J60","D111","BG",2008,858
"NAC","P_SAL_M","GE10","J60","D1111","BG",2008,790
"NAC","P_SAL_M","GE10","J61","D01","BG",2008,1504
"NAC","P_SAL_M","GE10","J61","D111","BG",2008,1262
"NAC","P_SAL_M","GE10","J61","D1111","BG",2008,1155
"NAC","P_SAL_M","GE10","J62","D01","BG",2008,2046
"NAC","P_SAL_M","GE10","J62","D111","BG",2008,1753
"NAC","P_SAL_M","GE10","J62","D1111","BG",2008,1597
"NAC","P_SAL_M","GE10","J63","D01","BG",2008,1293
"NAC","P_SAL_M","GE10","J63","D111","BG",2008,1103
"NAC","P_SAL_M","GE10","J63","D1111","BG",2008,1005
"NAC","P_SAL_M","GE10","K","D01","BG",2008,1538
"NAC","P_SAL_M","GE10","K","D111","BG",2008,1295
"NAC","P_SAL_M","GE10","K","D1111","BG",2008,1174
"NAC","P_SAL_M","GE10","K-N","D01","BG",2008,848
"NAC","P_SAL_M","GE10","K-N","D111","BG",2008,717
"NAC","P_SAL_M","GE10","K-N","D1111","BG",2008,654
"NAC","P_SAL_M","GE10","K64","D01","BG",2008,1542
"NAC","P_SAL_M","GE10","K64","D111","BG",2008,1298
"NAC","P_SAL_M","GE10","K64","D1111","BG",2008,1170
"NAC","P_SAL_M","GE10","K65","D01","BG",2008,1574
"NAC","P_SAL_M","GE10","K65","D111","BG",2008,1337
"NAC","P_SAL_M","GE10","K65","D1111","BG",2008,1245
"NAC","P_SAL_M","GE10","K66","D01","BG",2008,1371
"NAC","P_SAL_M","GE10","K66","D111","BG",2008,1149
"NAC","P_SAL_M","GE10","K66","D1111","BG",2008,1066
"NAC","P_SAL_M","GE10","L","D01","BG",2008,751
"NAC","P_SAL_M","GE10","L","D111","BG",2008,629
"NAC","P_SAL_M","GE10","L","D1111","BG",2008,574
"NAC","P_SAL_M","GE10","L68","D01","BG",2008,751
"NAC","P_SAL_M","GE10","L68","D111","BG",2008,629
"NAC","P_SAL_M","GE10","L68","D1111","BG",2008,574
"NAC","P_SAL_M","GE10","M","D01","BG",2008,1153
"NAC","P_SAL_M","GE10","M","D111","BG",2008,976
"NAC","P_SAL_M","GE10","M","D1111","BG",2008,884
"NAC","P_SAL_M","GE10","M69","D01","BG",2008,1606
"NAC","P_SAL_M","GE10","M69","D111","BG",2008,1379
"NAC","P_SAL_M","GE10","M69","D1111","BG",2008,1274
"NAC","P_SAL_M","GE10","M70","D01","BG",2008,1717
"NAC","P_SAL_M","GE10","M70","D111","BG",2008,1470
"NAC","P_SAL_M","GE10","M70","D1111","BG",2008,1313
"NAC","P_SAL_M","GE10","M71","D01","BG",2008,1163
"NAC","P_SAL_M","GE10","M71","D111","BG",2008,976
"NAC","P_SAL_M","GE10","M71","D1111","BG",2008,876
"NAC","P_SAL_M","GE10","M72","D01","BG",2008,780
"NAC","P_SAL_M","GE10","M72","D111","BG",2008,640
"NAC","P_SAL_M","GE10","M72","D1111","BG",2008,560
"NAC","P_SAL_M","GE10","M73","D01","BG",2008,1155
"NAC","P_SAL_M","GE10","M73","D111","BG",2008,985
"NAC","P_SAL_M","GE10","M73","D1111","BG",2008,914
"NAC","P_SAL_M","GE10","M74","D01","BG",2008,1226
"NAC","P_SAL_M","GE10","M74","D111","BG",2008,1067
"NAC","P_SAL_M","GE10","M74","D1111","BG",2008,1007
"NAC","P_SAL_M","GE10","M75","D01","BG",2008,NA
"NAC","P_SAL_M","GE10","M75","D111","BG",2008,NA
"NAC","P_SAL_M","GE10","M75","D1111","BG",2008,NA
"NAC","P_SAL_M","GE10","N","D01","BG",2008,390
"NAC","P_SAL_M","GE10","N","D111","BG",2008,332
"NAC","P_SAL_M","GE10","N","D1111","BG",2008,310
"NAC","P_SAL_M","GE10","N77","D01","BG",2008,945
"NAC","P_SAL_M","GE10","N77","D111","BG",2008,796
"NAC","P_SAL_M","GE10","N77","D1111","BG",2008,734
"NAC","P_SAL_M","GE10","N78","D01","BG",2008,755
"NAC","P_SAL_M","GE10","N78","D111","BG",2008,622
"NAC","P_SAL_M","GE10","N78","D1111","BG",2008,575
"NAC","P_SAL_M","GE10","N79","D01","BG",2008,630
"NAC","P_SAL_M","GE10","N79","D111","BG",2008,529
"NAC","P_SAL_M","GE10","N79","D1111","BG",2008,501
"NAC","P_SAL_M","GE10","N80","D01","BG",2008,360
"NAC","P_SAL_M","GE10","N80","D111","BG",2008,296
"NAC","P_SAL_M","GE10","N80","D1111","BG",2008,279
"NAC","P_SAL_M","GE10","N81","D01","BG",2008,275
"NAC","P_SAL_M","GE10","N81","D111","BG",2008,258
"NAC","P_SAL_M","GE10","N81","D1111","BG",2008,239
"NAC","P_SAL_M","GE10","N82","D01","BG",2008,901
"NAC","P_SAL_M","GE10","N82","D111","BG",2008,743
"NAC","P_SAL_M","GE10","N82","D1111","BG",2008,692
"NAC","P_SAL_M","GE10","O","D01","BG",2008,978
"NAC","P_SAL_M","GE10","O","D111","BG",2008,771
"NAC","P_SAL_M","GE10","O","D1111","BG",2008,695
"NAC","P_SAL_M","GE10","O-S","D01","BG",2008,795
"NAC","P_SAL_M","GE10","O-S","D111","BG",2008,638
"NAC","P_SAL_M","GE10","O-S","D1111","BG",2008,560
"NAC","P_SAL_M","GE10","O84","D01","BG",2008,978
"NAC","P_SAL_M","GE10","O84","D111","BG",2008,771
"NAC","P_SAL_M","GE10","O84","D1111","BG",2008,695
"NAC","P_SAL_M","GE10","P","D01","BG",2008,748
"NAC","P_SAL_M","GE10","P","D111","BG",2008,598
"NAC","P_SAL_M","GE10","P","D1111","BG",2008,500
"NAC","P_SAL_M","GE10","P-S","D01","BG",2008,722
"NAC","P_SAL_M","GE10","P-S","D111","BG",2008,586
"NAC","P_SAL_M","GE10","P-S","D1111","BG",2008,507
"NAC","P_SAL_M","GE10","P85","D01","BG",2008,748
"NAC","P_SAL_M","GE10","P85","D111","BG",2008,598
"NAC","P_SAL_M","GE10","P85","D1111","BG",2008,500
"NAC","P_SAL_M","GE10","Q","D01","BG",2008,737
"NAC","P_SAL_M","GE10","Q","D111","BG",2008,605
"NAC","P_SAL_M","GE10","Q","D1111","BG",2008,542
"NAC","P_SAL_M","GE10","Q86","D01","BG",2008,812
"NAC","P_SAL_M","GE10","Q86","D111","BG",2008,667
"NAC","P_SAL_M","GE10","Q86","D1111","BG",2008,599
"NAC","P_SAL_M","GE10","Q87","D01","BG",2008,517
"NAC","P_SAL_M","GE10","Q87","D111","BG",2008,424
"NAC","P_SAL_M","GE10","Q87","D1111","BG",2008,373
"NAC","P_SAL_M","GE10","Q88","D01","BG",2008,448
"NAC","P_SAL_M","GE10","Q88","D111","BG",2008,367
"NAC","P_SAL_M","GE10","Q88","D1111","BG",2008,325
"NAC","P_SAL_M","GE10","R","D01","BG",2008,594
"NAC","P_SAL_M","GE10","R","D111","BG",2008,493
"NAC","P_SAL_M","GE10","R","D1111","BG",2008,447
"NAC","P_SAL_M","GE10","R90","D01","BG",2008,623
"NAC","P_SAL_M","GE10","R90","D111","BG",2008,505
"NAC","P_SAL_M","GE10","R90","D1111","BG",2008,441
"NAC","P_SAL_M","GE10","R91","D01","BG",2008,551
"NAC","P_SAL_M","GE10","R91","D111","BG",2008,450
"NAC","P_SAL_M","GE10","R91","D1111","BG",2008,394
"NAC","P_SAL_M","GE10","R92","D01","BG",2008,503
"NAC","P_SAL_M","GE10","R92","D111","BG",2008,416
"NAC","P_SAL_M","GE10","R92","D1111","BG",2008,385
"NAC","P_SAL_M","GE10","R93","D01","BG",2008,749
"NAC","P_SAL_M","GE10","R93","D111","BG",2008,646
"NAC","P_SAL_M","GE10","R93","D1111","BG",2008,604
"NAC","P_SAL_M","GE10","S","D01","BG",2008,524
"NAC","P_SAL_M","GE10","S","D111","BG",2008,447
"NAC","P_SAL_M","GE10","S","D1111","BG",2008,408
"NAC","P_SAL_M","GE10","S94","D01","BG",2008,559
"NAC","P_SAL_M","GE10","S94","D111","BG",2008,485
"NAC","P_SAL_M","GE10","S94","D1111","BG",2008,441
"NAC","P_SAL_M","GE10","S95","D01","BG",2008,676
"NAC","P_SAL_M","GE10","S95","D111","BG",2008,564
"NAC","P_SAL_M","GE10","S95","D1111","BG",2008,527
"NAC","P_SAL_M","GE10","S96","D01","BG",2008,433
"NAC","P_SAL_M","GE10","S96","D111","BG",2008,357
"NAC","P_SAL_M","GE10","S96","D1111","BG",2008,325
"NAC","P_SAL_M","GE1000","B","D01","BG",2008,1623
"NAC","P_SAL_M","GE1000","B","D111","BG",2008,1164
"NAC","P_SAL_M","GE1000","B","D1111","BG",2008,958
"NAC","P_SAL_M","GE1000","B-E","D01","BG",2008,1313
"NAC","P_SAL_M","GE1000","B-E","D111","BG",2008,1013
"NAC","P_SAL_M","GE1000","B-E","D1111","BG",2008,839
"NAC","P_SAL_M","GE1000","B-F","D01","BG",2008,1276
"NAC","P_SAL_M","GE1000","B-F","D111","BG",2008,986
"NAC","P_SAL_M","GE1000","B-F","D1111","BG",2008,819
"NAC","P_SAL_M","GE1000","B-N","D01","BG",2008,1192
"NAC","P_SAL_M","GE1000","B-N","D111","BG",2008,943
"NAC","P_SAL_M","GE1000","B-N","D1111","BG",2008,800
"NAC","P_SAL_M","GE1000","B-S","D01","BG",2008,1167
"NAC","P_SAL_M","GE1000","B-S","D111","BG",2008,926
"NAC","P_SAL_M","GE1000","B-S","D1111","BG",2008,790
"NAC","P_SAL_M","GE1000","B-S_X_O","D01","BG",2008,1170
"NAC","P_SAL_M","GE1000","B-S_X_O","D111","BG",2008,928
"NAC","P_SAL_M","GE1000","B-S_X_O","D1111","BG",2008,789
"NAC","P_SAL_M","GE1000","B05","D01","BG",2008,NA
"NAC","P_SAL_M","GE1000","B05","D111","BG",2008,NA
"NAC","P_SAL_M","GE1000","B05","D1111","BG",2008,NA
"NAC","P_SAL_M","GE1000","B07","D01","BG",2008,NA
"NAC","P_SAL_M","GE1000","B07","D111","BG",2008,NA
"NAC","P_SAL_M","GE1000","B07","D1111","BG",2008,NA
"NAC","P_SAL_M","GE1000","C","D01","BG",2008,1134
"NAC","P_SAL_M","GE1000","C","D111","BG",2008,892
"NAC","P_SAL_M","GE1000","C","D1111","BG",2008,778
"NAC","P_SAL_M","GE1000","C10","D01","BG",2008,NA
"NAC","P_SAL_M","GE1000","C10","D111","BG",2008,NA
"NAC","P_SAL_M","GE1000","C10","D1111","BG",2008,NA
"NAC","P_SAL_M","GE1000","C11","D01","BG",2008,NA
"NAC","P_SAL_M","GE1000","C11","D111","BG",2008,NA
"NAC","P_SAL_M","GE1000","C11","D1111","BG",2008,NA
"NAC","P_SAL_M","GE1000","C12","D01","BG",2008,NA
"NAC","P_SAL_M","GE1000","C12","D111","BG",2008,NA
"NAC","P_SAL_M","GE1000","C12","D1111","BG",2008,NA
"NAC","P_SAL_M","GE1000","C13","D01","BG",2008,NA
"NAC","P_SAL_M","GE1000","C13","D111","BG",2008,NA
"NAC","P_SAL_M","GE1000","C13","D1111","BG",2008,NA
"NAC","P_SAL_M","GE1000","C14","D01","BG",2008,607
"NAC","P_SAL_M","GE1000","C14","D111","BG",2008,493
"NAC","P_SAL_M","GE1000","C14","D1111","BG",2008,453
"NAC","P_SAL_M","GE1000","C19","D01","BG",2008,NA
"NAC","P_SAL_M","GE1000","C19","D111","BG",2008,NA
"NAC","P_SAL_M","GE1000","C19","D1111","BG",2008,NA
"NAC","P_SAL_M","GE1000","C20","D01","BG",2008,NA
"NAC","P_SAL_M","GE1000","C20","D111","BG",2008,NA
"NAC","P_SAL_M","GE1000","C20","D1111","BG",2008,NA
"NAC","P_SAL_M","GE1000","C21","D01","BG",2008,NA
"NAC","P_SAL_M","GE1000","C21","D111","BG",2008,NA
"NAC","P_SAL_M","GE1000","C21","D1111","BG",2008,NA
"NAC","P_SAL_M","GE1000","C22","D01","BG",2008,NA
"NAC","P_SAL_M","GE1000","C22","D111","BG",2008,NA
"NAC","P_SAL_M","GE1000","C22","D1111","BG",2008,NA
"NAC","P_SAL_M","GE1000","C23","D01","BG",2008,NA
"NAC","P_SAL_M","GE1000","C23","D111","BG",2008,NA
"NAC","P_SAL_M","GE1000","C23","D1111","BG",2008,NA
"NAC","P_SAL_M","GE1000","C24","D01","BG",2008,1687
"NAC","P_SAL_M","GE1000","C24","D111","BG",2008,1280
"NAC","P_SAL_M","GE1000","C24","D1111","BG",2008,1103
"NAC","P_SAL_M","GE1000","C25","D01","BG",2008,700
"NAC","P_SAL_M","GE1000","C25","D111","BG",2008,547
"NAC","P_SAL_M","GE1000","C25","D1111","BG",2008,500
"NAC","P_SAL_M","GE1000","C27","D01","BG",2008,NA
"NAC","P_SAL_M","GE1000","C27","D111","BG",2008,NA
"NAC","P_SAL_M","GE1000","C27","D1111","BG",2008,NA
"NAC","P_SAL_M","GE1000","C28","D01","BG",2008,1026
"NAC","P_SAL_M","GE1000","C28","D111","BG",2008,823
"NAC","P_SAL_M","GE1000","C28","D1111","BG",2008,684
"NAC","P_SAL_M","GE1000","C29","D01","BG",2008,639
"NAC","P_SAL_M","GE1000","C29","D111","BG",2008,520
"NAC","P_SAL_M","GE1000","C29","D1111","BG",2008,479
"NAC","P_SAL_M","GE1000","C30","D01","BG",2008,NA
"NAC","P_SAL_M","GE1000","C30","D111","BG",2008,NA
"NAC","P_SAL_M","GE1000","C30","D1111","BG",2008,NA
"NAC","P_SAL_M","GE1000","C33","D01","BG",2008,NA
"NAC","P_SAL_M","GE1000","C33","D111","BG",2008,NA
"NAC","P_SAL_M","GE1000","C33","D1111","BG",2008,NA
"NAC","P_SAL_M","GE1000","D","D01","BG",2008,1754
"NAC","P_SAL_M","GE1000","D","D111","BG",2008,1348
"NAC","P_SAL_M","GE1000","D","D1111","BG",2008,976
"NAC","P_SAL_M","GE1000","D35","D01","BG",2008,1754
"NAC","P_SAL_M","GE1000","D35","D111","BG",2008,1348
"NAC","P_SAL_M","GE1000","D35","D1111","BG",2008,976
"NAC","P_SAL_M","GE1000","E","D01","BG",2008,NA
"NAC","P_SAL_M","GE1000","E","D111","BG",2008,NA
"NAC","P_SAL_M","GE1000","E","D1111","BG",2008,NA
"NAC","P_SAL_M","GE1000","E36","D01","BG",2008,NA
"NAC","P_SAL_M","GE1000","E36","D111","BG",2008,NA
"NAC","P_SAL_M","GE1000","E36","D1111","BG",2008,NA
"NAC","P_SAL_M","GE1000","F","D01","BG",2008,590
"NAC","P_SAL_M","GE1000","F","D111","BG",2008,490
"NAC","P_SAL_M","GE1000","F","D1111","BG",2008,450
"NAC","P_SAL_M","GE1000","F41","D01","BG",2008,590
"NAC","P_SAL_M","GE1000","F41","D111","BG",2008,490
"NAC","P_SAL_M","GE1000","F41","D1111","BG",2008,450
"NAC","P_SAL_M","GE1000","G","D01","BG",2008,887
"NAC","P_SAL_M","GE1000","G","D111","BG",2008,725
"NAC","P_SAL_M","GE1000","G","D1111","BG",2008,662
"NAC","P_SAL_M","GE1000","G-J","D01","BG",2008,1195
"NAC","P_SAL_M","GE1000","G-J","D111","BG",2008,974
"NAC","P_SAL_M","GE1000","G-J","D1111","BG",2008,832
"NAC","P_SAL_M","GE1000","G-N","D01","BG",2008,1085
"NAC","P_SAL_M","GE1000","G-N","D111","BG",2008,888
"NAC","P_SAL_M","GE1000","G-N","D1111","BG",2008,777
"NAC","P_SAL_M","GE1000","G-S_X_O","D01","BG",2008,1062
"NAC","P_SAL_M","GE1000","G-S_X_O","D111","BG",2008,868
"NAC","P_SAL_M","GE1000","G-S_X_O","D1111","BG",2008,759
"NAC","P_SAL_M","GE1000","G46","D01","BG",2008,954
"NAC","P_SAL_M","GE1000","G46","D111","BG",2008,798
"NAC","P_SAL_M","GE1000","G46","D1111","BG",2008,723
"NAC","P_SAL_M","GE1000","G47","D01","BG",2008,827
"NAC","P_SAL_M","GE1000","G47","D111","BG",2008,661
"NAC","P_SAL_M","GE1000","G47","D1111","BG",2008,608
"NAC","P_SAL_M","GE1000","H","D01","BG",2008,1148
"NAC","P_SAL_M","GE1000","H","D111","BG",2008,906
"NAC","P_SAL_M","GE1000","H","D1111","BG",2008,694
"NAC","P_SAL_M","GE1000","H49","D01","BG",2008,1101
"NAC","P_SAL_M","GE1000","H49","D111","BG",2008,844
"NAC","P_SAL_M","GE1000","H49","D1111","BG",2008,675
"NAC","P_SAL_M","GE1000","H50","D01","BG",2008,NA
"NAC","P_SAL_M","GE1000","H50","D111","BG",2008,NA
"NAC","P_SAL_M","GE1000","H50","D1111","BG",2008,NA
"NAC","P_SAL_M","GE1000","H52","D01","BG",2008,1235
"NAC","P_SAL_M","GE1000","H52","D111","BG",2008,1054
"NAC","P_SAL_M","GE1000","H52","D1111","BG",2008,717
"NAC","P_SAL_M","GE1000","H53","D01","BG",2008,NA
"NAC","P_SAL_M","GE1000","H53","D111","BG",2008,NA
"NAC","P_SAL_M","GE1000","H53","D1111","BG",2008,NA
"NAC","P_SAL_M","GE1000","I","D01","BG",2008,NA
"NAC","P_SAL_M","GE1000","I","D111","BG",2008,NA
"NAC","P_SAL_M","GE1000","I","D1111","BG",2008,NA
"NAC","P_SAL_M","GE1000","I56","D01","BG",2008,NA
"NAC","P_SAL_M","GE1000","I56","D111","BG",2008,NA
"NAC","P_SAL_M","GE1000","I56","D1111","BG",2008,NA
"NAC","P_SAL_M","GE1000","J","D01","BG",2008,1811
"NAC","P_SAL_M","GE1000","J","D111","BG",2008,1533
"NAC","P_SAL_M","GE1000","J","D1111","BG",2008,1391
"NAC","P_SAL_M","GE1000","J60","D01","BG",2008,NA
"NAC","P_SAL_M","GE1000","J60","D111","BG",2008,NA
"NAC","P_SAL_M","GE1000","J60","D1111","BG",2008,NA
"NAC","P_SAL_M","GE1000","J61","D01","BG",2008,NA
"NAC","P_SAL_M","GE1000","J61","D111","BG",2008,NA
"NAC","P_SAL_M","GE1000","J61","D1111","BG",2008,NA
"NAC","P_SAL_M","GE1000","J62","D01","BG",2008,NA
"NAC","P_SAL_M","GE1000","J62","D111","BG",2008,NA
"NAC","P_SAL_M","GE1000","J62","D1111","BG",2008,NA
"NAC","P_SAL_M","GE1000","K","D01","BG",2008,1628
"NAC","P_SAL_M","GE1000","K","D111","BG",2008,1352
"NAC","P_SAL_M","GE1000","K","D1111","BG",2008,1277
"NAC","P_SAL_M","GE1000","K-N","D01","BG",2008,838
"NAC","P_SAL_M","GE1000","K-N","D111","BG",2008,692
"NAC","P_SAL_M","GE1000","K-N","D1111","BG",2008,651
"NAC","P_SAL_M","GE1000","K64","D01","BG",2008,1628
"NAC","P_SAL_M","GE1000","K64","D111","BG",2008,1352
"NAC","P_SAL_M","GE1000","K64","D1111","BG",2008,1277
"NAC","P_SAL_M","GE1000","M","D01","BG",2008,NA
"NAC","P_SAL_M","GE1000","M","D111","BG",2008,NA
"NAC","P_SAL_M","GE1000","M","D1111","BG",2008,NA
"NAC","P_SAL_M","GE1000","M71","D01","BG",2008,NA
"NAC","P_SAL_M","GE1000","M71","D111","BG",2008,NA
"NAC","P_SAL_M","GE1000","M71","D1111","BG",2008,NA
"NAC","P_SAL_M","GE1000","M72","D01","BG",2008,NA
"NAC","P_SAL_M","GE1000","M72","D111","BG",2008,NA
"NAC","P_SAL_M","GE1000","M72","D1111","BG",2008,NA
"NAC","P_SAL_M","GE1000","N","D01","BG",2008,386
"NAC","P_SAL_M","GE1000","N","D111","BG",2008,314
"NAC","P_SAL_M","GE1000","N","D1111","BG",2008,294
"NAC","P_SAL_M","GE1000","N78","D01","BG",2008,NA
"NAC","P_SAL_M","GE1000","N78","D111","BG",2008,NA
"NAC","P_SAL_M","GE1000","N78","D1111","BG",2008,NA
"NAC","P_SAL_M","GE1000","N80","D01","BG",2008,386
"NAC","P_SAL_M","GE1000","N80","D111","BG",2008,314
"NAC","P_SAL_M","GE1000","N80","D1111","BG",2008,294
"NAC","P_SAL_M","GE1000","O","D01","BG",2008,1105
"NAC","P_SAL_M","GE1000","O","D111","BG",2008,876
"NAC","P_SAL_M","GE1000","O","D1111","BG",2008,803
"NAC","P_SAL_M","GE1000","O-S","D01","BG",2008,1005
"NAC","P_SAL_M","GE1000","O-S","D111","BG",2008,815
"NAC","P_SAL_M","GE1000","O-S","D1111","BG",2008,721
"NAC","P_SAL_M","GE1000","O84","D01","BG",2008,1105
"NAC","P_SAL_M","GE1000","O84","D111","BG",2008,876
"NAC","P_SAL_M","GE1000","O84","D1111","BG",2008,803
"NAC","P_SAL_M","GE1000","P","D01","BG",2008,907
"NAC","P_SAL_M","GE1000","P","D111","BG",2008,738
"NAC","P_SAL_M","GE1000","P","D1111","BG",2008,642
"NAC","P_SAL_M","GE1000","P-S","D01","BG",2008,968
"NAC","P_SAL_M","GE1000","P-S","D111","BG",2008,792
"NAC","P_SAL_M","GE1000","P-S","D1111","BG",2008,691
"NAC","P_SAL_M","GE1000","P85","D01","BG",2008,907
"NAC","P_SAL_M","GE1000","P85","D111","BG",2008,738
"NAC","P_SAL_M","GE1000","P85","D1111","BG",2008,642
"NAC","P_SAL_M","GE1000","Q","D01","BG",2008,999
"NAC","P_SAL_M","GE1000","Q","D111","BG",2008,819
"NAC","P_SAL_M","GE1000","Q","D1111","BG",2008,716
"NAC","P_SAL_M","GE1000","Q86","D01","BG",2008,999
"NAC","P_SAL_M","GE1000","Q86","D111","BG",2008,819
"NAC","P_SAL_M","GE1000","Q86","D1111","BG",2008,716
"NAC","P_SAL_M","GE1000","R","D01","BG",2008,NA
"NAC","P_SAL_M","GE1000","R","D111","BG",2008,NA
"NAC","P_SAL_M","GE1000","R","D1111","BG",2008,NA
"NAC","P_SAL_M","GE1000","R92","D01","BG",2008,NA
"NAC","P_SAL_M","GE1000","R92","D111","BG",2008,NA
"NAC","P_SAL_M","GE1000","R92","D1111","BG",2008,NA
"NAC","P_SAL_M","LT10","B","D01","BG",2008,560
"NAC","P_SAL_M","LT10","B","D111","BG",2008,457
"NAC","P_SAL_M","LT10","B","D1111","BG",2008,434
"NAC","P_SAL_M","LT10","B-E","D01","BG",2008,359
"NAC","P_SAL_M","LT10","B-E","D111","BG",2008,295
"NAC","P_SAL_M","LT10","B-E","D1111","BG",2008,280
"NAC","P_SAL_M","LT10","B-F","D01","BG",2008,388
"NAC","P_SAL_M","LT10","B-F","D111","BG",2008,320
"NAC","P_SAL_M","LT10","B-F","D1111","BG",2008,304
"NAC","P_SAL_M","LT10","B-N","D01","BG",2008,407
"NAC","P_SAL_M","LT10","B-N","D111","BG",2008,338
"NAC","P_SAL_M","LT10","B-N","D1111","BG",2008,321
"NAC","P_SAL_M","LT10","B-S","D01","BG",2008,409
"NAC","P_SAL_M","LT10","B-S","D111","BG",2008,340
"NAC","P_SAL_M","LT10","B-S","D1111","BG",2008,322
"NAC","P_SAL_M","LT10","B-S_X_O","D01","BG",2008,406
"NAC","P_SAL_M","LT10","B-S_X_O","D111","BG",2008,338
"NAC","P_SAL_M","LT10","B-S_X_O","D1111","BG",2008,321
"NAC","P_SAL_M","LT10","B05","D01","BG",2008,NA
"NAC","P_SAL_M","LT10","B05","D111","BG",2008,NA
"NAC","P_SAL_M","LT10","B05","D1111","BG",2008,NA
"NAC","P_SAL_M","LT10","B06","D01","BG",2008,NA
"NAC","P_SAL_M","LT10","B06","D111","BG",2008,NA
"NAC","P_SAL_M","LT10","B06","D1111","BG",2008,NA
"NAC","P_SAL_M","LT10","B07","D01","BG",2008,625
"NAC","P_SAL_M","LT10","B07","D111","BG",2008,506
"NAC","P_SAL_M","LT10","B07","D1111","BG",2008,487
"NAC","P_SAL_M","LT10","B08","D01","BG",2008,554
"NAC","P_SAL_M","LT10","B08","D111","BG",2008,452
"NAC","P_SAL_M","LT10","B08","D1111","BG",2008,428
"NAC","P_SAL_M","LT10","B09","D01","BG",2008,492
"NAC","P_SAL_M","LT10","B09","D111","BG",2008,406
"NAC","P_SAL_M","LT10","B09","D1111","BG",2008,393
"NAC","P_SAL_M","LT10","C","D01","BG",2008,343
"NAC","P_SAL_M","LT10","C","D111","BG",2008,282
"NAC","P_SAL_M","LT10","C","D1111","BG",2008,268
"NAC","P_SAL_M","LT10","C10","D01","BG",2008,309
"NAC","P_SAL_M","LT10","C10","D111","BG",2008,254
"NAC","P_SAL_M","LT10","C10","D1111","BG",2008,244
"NAC","P_SAL_M","LT10","C11","D01","BG",2008,361
"NAC","P_SAL_M","LT10","C11","D111","BG",2008,296
"NAC","P_SAL_M","LT10","C11","D1111","BG",2008,284
"NAC","P_SAL_M","LT10","C12","D01","BG",2008,1909
"NAC","P_SAL_M","LT10","C12","D111","BG",2008,875
"NAC","P_SAL_M","LT10","C12","D1111","BG",2008,717
"NAC","P_SAL_M","LT10","C13","D01","BG",2008,366
"NAC","P_SAL_M","LT10","C13","D111","BG",2008,300
"NAC","P_SAL_M","LT10","C13","D1111","BG",2008,283
"NAC","P_SAL_M","LT10","C14","D01","BG",2008,285
"NAC","P_SAL_M","LT10","C14","D111","BG",2008,234
"NAC","P_SAL_M","LT10","C14","D1111","BG",2008,227
"NAC","P_SAL_M","LT10","C15","D01","BG",2008,275
"NAC","P_SAL_M","LT10","C15","D111","BG",2008,226
"NAC","P_SAL_M","LT10","C15","D1111","BG",2008,217
"NAC","P_SAL_M","LT10","C16","D01","BG",2008,287
"NAC","P_SAL_M","LT10","C16","D111","BG",2008,235
"NAC","P_SAL_M","LT10","C16","D1111","BG",2008,224
"NAC","P_SAL_M","LT10","C17","D01","BG",2008,329
"NAC","P_SAL_M","LT10","C17","D111","BG",2008,270
"NAC","P_SAL_M","LT10","C17","D1111","BG",2008,253
"NAC","P_SAL_M","LT10","C18","D01","BG",2008,367
"NAC","P_SAL_M","LT10","C18","D111","BG",2008,304
"NAC","P_SAL_M","LT10","C18","D1111","BG",2008,285
"NAC","P_SAL_M","LT10","C19","D01","BG",2008,476
"NAC","P_SAL_M","LT10","C19","D111","BG",2008,389
"NAC","P_SAL_M","LT10","C19","D1111","BG",2008,355
"NAC","P_SAL_M","LT10","C20","D01","BG",2008,405
"NAC","P_SAL_M","LT10","C20","D111","BG",2008,331
"NAC","P_SAL_M","LT10","C20","D1111","BG",2008,311
"NAC","P_SAL_M","LT10","C21","D01","BG",2008,659
"NAC","P_SAL_M","LT10","C21","D111","BG",2008,543
"NAC","P_SAL_M","LT10","C21","D1111","BG",2008,509
"NAC","P_SAL_M","LT10","C22","D01","BG",2008,331
"NAC","P_SAL_M","LT10","C22","D111","BG",2008,273
"NAC","P_SAL_M","LT10","C22","D1111","BG",2008,257
"NAC","P_SAL_M","LT10","C23","D01","BG",2008,408
"NAC","P_SAL_M","LT10","C23","D111","BG",2008,333
"NAC","P_SAL_M","LT10","C23","D1111","BG",2008,315
"NAC","P_SAL_M","LT10","C24","D01","BG",2008,471
"NAC","P_SAL_M","LT10","C24","D111","BG",2008,384
"NAC","P_SAL_M","LT10","C24","D1111","BG",2008,355
"NAC","P_SAL_M","LT10","C25","D01","BG",2008,350
"NAC","P_SAL_M","LT10","C25","D111","BG",2008,288
"NAC","P_SAL_M","LT10","C25","D1111","BG",2008,272
"NAC","P_SAL_M","LT10","C26","D01","BG",2008,494
"NAC","P_SAL_M","LT10","C26","D111","BG",2008,405
"NAC","P_SAL_M","LT10","C26","D1111","BG",2008,374
"NAC","P_SAL_M","LT10","C27","D01","BG",2008,482
"NAC","P_SAL_M","LT10","C27","D111","BG",2008,402
"NAC","P_SAL_M","LT10","C27","D1111","BG",2008,380
"NAC","P_SAL_M","LT10","C28","D01","BG",2008,523
"NAC","P_SAL_M","LT10","C28","D111","BG",2008,437
"NAC","P_SAL_M","LT10","C28","D1111","BG",2008,411
"NAC","P_SAL_M","LT10","C29","D01","BG",2008,526
"NAC","P_SAL_M","LT10","C29","D111","BG",2008,438
"NAC","P_SAL_M","LT10","C29","D1111","BG",2008,414
"NAC","P_SAL_M","LT10","C30","D01","BG",2008,562
"NAC","P_SAL_M","LT10","C30","D111","BG",2008,464
"NAC","P_SAL_M","LT10","C30","D1111","BG",2008,436
"NAC","P_SAL_M","LT10","C31","D01","BG",2008,296
"NAC","P_SAL_M","LT10","C31","D111","BG",2008,244
"NAC","P_SAL_M","LT10","C31","D1111","BG",2008,233
"NAC","P_SAL_M","LT10","C32","D01","BG",2008,324
"NAC","P_SAL_M","LT10","C32","D111","BG",2008,266
"NAC","P_SAL_M","LT10","C32","D1111","BG",2008,250
"NAC","P_SAL_M","LT10","C33","D01","BG",2008,522
"NAC","P_SAL_M","LT10","C33","D111","BG",2008,427
"NAC","P_SAL_M","LT10","C33","D1111","BG",2008,407
"NAC","P_SAL_M","LT10","D","D01","BG",2008,1203
"NAC","P_SAL_M","LT10","D","D111","BG",2008,1032
"NAC","P_SAL_M","LT10","D","D1111","BG",2008,928
"NAC","P_SAL_M","LT10","D35","D01","BG",2008,1203
"NAC","P_SAL_M","LT10","D35","D111","BG",2008,1032
"NAC","P_SAL_M","LT10","D35","D1111","BG",2008,928
"NAC","P_SAL_M","LT10","E","D01","BG",2008,476
"NAC","P_SAL_M","LT10","E","D111","BG",2008,393
"NAC","P_SAL_M","LT10","E","D1111","BG",2008,362
"NAC","P_SAL_M","LT10","E36","D01","BG",2008,569
"NAC","P_SAL_M","LT10","E36","D111","BG",2008,469
"NAC","P_SAL_M","LT10","E36","D1111","BG",2008,383
"NAC","P_SAL_M","LT10","E37","D01","BG",2008,551
"NAC","P_SAL_M","LT10","E37","D111","BG",2008,458
"NAC","P_SAL_M","LT10","E37","D1111","BG",2008,436
"NAC","P_SAL_M","LT10","E38","D01","BG",2008,454
"NAC","P_SAL_M","LT10","E38","D111","BG",2008,375
"NAC","P_SAL_M","LT10","E38","D1111","BG",2008,354
"NAC","P_SAL_M","LT10","E39","D01","BG",2008,370
"NAC","P_SAL_M","LT10","E39","D111","BG",2008,303
"NAC","P_SAL_M","LT10","E39","D1111","BG",2008,283
"NAC","P_SAL_M","LT10","F","D01","BG",2008,434
"NAC","P_SAL_M","LT10","F","D111","BG",2008,358
"NAC","P_SAL_M","LT10","F","D1111","BG",2008,340
"NAC","P_SAL_M","LT10","F41","D01","BG",2008,447
"NAC","P_SAL_M","LT10","F41","D111","BG",2008,369
"NAC","P_SAL_M","LT10","F41","D1111","BG",2008,352
"NAC","P_SAL_M","LT10","F42","D01","BG",2008,575
"NAC","P_SAL_M","LT10","F42","D111","BG",2008,476
"NAC","P_SAL_M","LT10","F42","D1111","BG",2008,453
"NAC","P_SAL_M","LT10","F43","D01","BG",2008,409
"NAC","P_SAL_M","LT10","F43","D111","BG",2008,337
"NAC","P_SAL_M","LT10","F43","D1111","BG",2008,320
"NAC","P_SAL_M","LT10","G","D01","BG",2008,362
"NAC","P_SAL_M","LT10","G","D111","BG",2008,300
"NAC","P_SAL_M","LT10","G","D1111","BG",2008,286
"NAC","P_SAL_M","LT10","G-J","D01","BG",2008,368
"NAC","P_SAL_M","LT10","G-J","D111","BG",2008,305
"NAC","P_SAL_M","LT10","G-J","D1111","BG",2008,291
"NAC","P_SAL_M","LT10","G-N","D01","BG",2008,413
"NAC","P_SAL_M","LT10","G-N","D111","BG",2008,344
"NAC","P_SAL_M","LT10","G-N","D1111","BG",2008,327
"NAC","P_SAL_M","LT10","G-S_X_O","D01","BG",2008,411
"NAC","P_SAL_M","LT10","G-S_X_O","D111","BG",2008,343
"NAC","P_SAL_M","LT10","G-S_X_O","D1111","BG",2008,325
"NAC","P_SAL_M","LT10","G45","D01","BG",2008,352
"NAC","P_SAL_M","LT10","G45","D111","BG",2008,291
"NAC","P_SAL_M","LT10","G45","D1111","BG",2008,277
"NAC","P_SAL_M","LT10","G46","D01","BG",2008,510
"NAC","P_SAL_M","LT10","G46","D111","BG",2008,425
"NAC","P_SAL_M","LT10","G46","D1111","BG",2008,401
"NAC","P_SAL_M","LT10","G47","D01","BG",2008,310
"NAC","P_SAL_M","LT10","G47","D111","BG",2008,256
"NAC","P_SAL_M","LT10","G47","D1111","BG",2008,246
"NAC","P_SAL_M","LT10","H","D01","BG",2008,380
"NAC","P_SAL_M","LT10","H","D111","BG",2008,309
"NAC","P_SAL_M","LT10","H","D1111","BG",2008,292
"NAC","P_SAL_M","LT10","H49","D01","BG",2008,341
"NAC","P_SAL_M","LT10","H49","D111","BG",2008,274
"NAC","P_SAL_M","LT10","H49","D1111","BG",2008,261
"NAC","P_SAL_M","LT10","H50","D01","BG",2008,485
"NAC","P_SAL_M","LT10","H50","D111","BG",2008,391
"NAC","P_SAL_M","LT10","H50","D1111","BG",2008,371
"NAC","P_SAL_M","LT10","H51","D01","BG",2008,945
"NAC","P_SAL_M","LT10","H51","D111","BG",2008,756
"NAC","P_SAL_M","LT10","H51","D1111","BG",2008,707
"NAC","P_SAL_M","LT10","H52","D01","BG",2008,631
"NAC","P_SAL_M","LT10","H52","D111","BG",2008,536
"NAC","P_SAL_M","LT10","H52","D1111","BG",2008,497
"NAC","P_SAL_M","LT10","H53","D01","BG",2008,526
"NAC","P_SAL_M","LT10","H53","D111","BG",2008,434
"NAC","P_SAL_M","LT10","H53","D1111","BG",2008,357
"NAC","P_SAL_M","LT10","I","D01","BG",2008,294
"NAC","P_SAL_M","LT10","I","D111","BG",2008,242
"NAC","P_SAL_M","LT10","I","D1111","BG",2008,235
"NAC","P_SAL_M","LT10","I55","D01","BG",2008,361
"NAC","P_SAL_M","LT10","I55","D111","BG",2008,297
"NAC","P_SAL_M","LT10","I55","D1111","BG",2008,284
"NAC","P_SAL_M","LT10","I56","D01","BG",2008,286
"NAC","P_SAL_M","LT10","I56","D111","BG",2008,235
"NAC","P_SAL_M","LT10","I56","D1111","BG",2008,229
"NAC","P_SAL_M","LT10","J","D01","BG",2008,753
"NAC","P_SAL_M","LT10","J","D111","BG",2008,645
"NAC","P_SAL_M","LT10","J","D1111","BG",2008,611
"NAC","P_SAL_M","LT10","J58","D01","BG",2008,488
"NAC","P_SAL_M","LT10","J58","D111","BG",2008,404
"NAC","P_SAL_M","LT10","J58","D1111","BG",2008,380
"NAC","P_SAL_M","LT10","J59","D01","BG",2008,536
"NAC","P_SAL_M","LT10","J59","D111","BG",2008,452
"NAC","P_SAL_M","LT10","J59","D1111","BG",2008,427
"NAC","P_SAL_M","LT10","J60","D01","BG",2008,436
"NAC","P_SAL_M","LT10","J60","D111","BG",2008,356
"NAC","P_SAL_M","LT10","J60","D1111","BG",2008,332
"NAC","P_SAL_M","LT10","J61","D01","BG",2008,947
"NAC","P_SAL_M","LT10","J61","D111","BG",2008,855
"NAC","P_SAL_M","LT10","J61","D1111","BG",2008,828
"NAC","P_SAL_M","LT10","J62","D01","BG",2008,883
"NAC","P_SAL_M","LT10","J62","D111","BG",2008,750
"NAC","P_SAL_M","LT10","J62","D1111","BG",2008,705
"NAC","P_SAL_M","LT10","J63","D01","BG",2008,595
"NAC","P_SAL_M","LT10","J63","D111","BG",2008,496
"NAC","P_SAL_M","LT10","J63","D1111","BG",2008,466
"NAC","P_SAL_M","LT10","K","D01","BG",2008,899
"NAC","P_SAL_M","LT10","K","D111","BG",2008,757
"NAC","P_SAL_M","LT10","K","D1111","BG",2008,709
"NAC","P_SAL_M","LT10","K-N","D01","BG",2008,600
"NAC","P_SAL_M","LT10","K-N","D111","BG",2008,504
"NAC","P_SAL_M","LT10","K-N","D1111","BG",2008,476
"NAC","P_SAL_M","LT10","K64","D01","BG",2008,1097
"NAC","P_SAL_M","LT10","K64","D111","BG",2008,925
"NAC","P_SAL_M","LT10","K64","D1111","BG",2008,860
"NAC","P_SAL_M","LT10","K65","D01","BG",2008,1348
"NAC","P_SAL_M","LT10","K65","D111","BG",2008,1150
"NAC","P_SAL_M","LT10","K65","D1111","BG",2008,1081
"NAC","P_SAL_M","LT10","K66","D01","BG",2008,595
"NAC","P_SAL_M","LT10","K66","D111","BG",2008,498
"NAC","P_SAL_M","LT10","K66","D1111","BG",2008,474
"NAC","P_SAL_M","LT10","L","D01","BG",2008,623
"NAC","P_SAL_M","LT10","L","D111","BG",2008,527
"NAC","P_SAL_M","LT10","L","D1111","BG",2008,498
"NAC","P_SAL_M","LT10","L68","D01","BG",2008,623
"NAC","P_SAL_M","LT10","L68","D111","BG",2008,527
"NAC","P_SAL_M","LT10","L68","D1111","BG",2008,498
"NAC","P_SAL_M","LT10","M","D01","BG",2008,580
"NAC","P_SAL_M","LT10","M","D111","BG",2008,487
"NAC","P_SAL_M","LT10","M","D1111","BG",2008,459
"NAC","P_SAL_M","LT10","M69","D01","BG",2008,452
"NAC","P_SAL_M","LT10","M69","D111","BG",2008,373
"NAC","P_SAL_M","LT10","M69","D1111","BG",2008,352
"NAC","P_SAL_M","LT10","M70","D01","BG",2008,1036
"NAC","P_SAL_M","LT10","M70","D111","BG",2008,899
"NAC","P_SAL_M","LT10","M70","D1111","BG",2008,848
"NAC","P_SAL_M","LT10","M71","D01","BG",2008,606
"NAC","P_SAL_M","LT10","M71","D111","BG",2008,506
"NAC","P_SAL_M","LT10","M71","D1111","BG",2008,476
"NAC","P_SAL_M","LT10","M72","D01","BG",2008,843
"NAC","P_SAL_M","LT10","M72","D111","BG",2008,714
"NAC","P_SAL_M","LT10","M72","D1111","BG",2008,669
"NAC","P_SAL_M","LT10","M73","D01","BG",2008,536
"NAC","P_SAL_M","LT10","M73","D111","BG",2008,450
"NAC","P_SAL_M","LT10","M73","D1111","BG",2008,425
"NAC","P_SAL_M","LT10","M74","D01","BG",2008,610
"NAC","P_SAL_M","LT10","M74","D111","BG",2008,512
"NAC","P_SAL_M","LT10","M74","D1111","BG",2008,485
"NAC","P_SAL_M","LT10","M75","D01","BG",2008,339
"NAC","P_SAL_M","LT10","M75","D111","BG",2008,280
"NAC","P_SAL_M","LT10","M75","D1111","BG",2008,270
"NAC","P_SAL_M","LT10","N","D01","BG",2008,468
"NAC","P_SAL_M","LT10","N","D111","BG",2008,391
"NAC","P_SAL_M","LT10","N","D1111","BG",2008,369
"NAC","P_SAL_M","LT10","N77","D01","BG",2008,544
"NAC","P_SAL_M","LT10","N77","D111","BG",2008,456
"NAC","P_SAL_M","LT10","N77","D1111","BG",2008,433
"NAC","P_SAL_M","LT10","N78","D01","BG",2008,785
"NAC","P_SAL_M","LT10","N78","D111","BG",2008,662
"NAC","P_SAL_M","LT10","N78","D1111","BG",2008,621
"NAC","P_SAL_M","LT10","N79","D01","BG",2008,481
"NAC","P_SAL_M","LT10","N79","D111","BG",2008,397
"NAC","P_SAL_M","LT10","N79","D1111","BG",2008,375
"NAC","P_SAL_M","LT10","N80","D01","BG",2008,317
"NAC","P_SAL_M","LT10","N80","D111","BG",2008,264
"NAC","P_SAL_M","LT10","N80","D1111","BG",2008,251
"NAC","P_SAL_M","LT10","N81","D01","BG",2008,346
"NAC","P_SAL_M","LT10","N81","D111","BG",2008,287
"NAC","P_SAL_M","LT10","N81","D1111","BG",2008,272
"NAC","P_SAL_M","LT10","N82","D01","BG",2008,541
"NAC","P_SAL_M","LT10","N82","D111","BG",2008,457
"NAC","P_SAL_M","LT10","N82","D1111","BG",2008,427
"NAC","P_SAL_M","LT10","O","D01","BG",2008,1117
"NAC","P_SAL_M","LT10","O","D111","BG",2008,870
"NAC","P_SAL_M","LT10","O","D1111","BG",2008,786
"NAC","P_SAL_M","LT10","O-S","D01","BG",2008,425
"NAC","P_SAL_M","LT10","O-S","D111","BG",2008,356
"NAC","P_SAL_M","LT10","O-S","D1111","BG",2008,331
"NAC","P_SAL_M","LT10","O84","D01","BG",2008,1117
"NAC","P_SAL_M","LT10","O84","D111","BG",2008,870
"NAC","P_SAL_M","LT10","O84","D1111","BG",2008,786
"NAC","P_SAL_M","LT10","P","D01","BG",2008,526
"NAC","P_SAL_M","LT10","P","D111","BG",2008,413
"NAC","P_SAL_M","LT10","P","D1111","BG",2008,361
"NAC","P_SAL_M","LT10","P-S","D01","BG",2008,398
"NAC","P_SAL_M","LT10","P-S","D111","BG",2008,336
"NAC","P_SAL_M","LT10","P-S","D1111","BG",2008,314
"NAC","P_SAL_M","LT10","P85","D01","BG",2008,526
"NAC","P_SAL_M","LT10","P85","D111","BG",2008,413
"NAC","P_SAL_M","LT10","P85","D1111","BG",2008,361
"NAC","P_SAL_M","LT10","Q","D01","BG",2008,365
"NAC","P_SAL_M","LT10","Q","D111","BG",2008,301
"NAC","P_SAL_M","LT10","Q","D1111","BG",2008,290
"NAC","P_SAL_M","LT10","Q86","D01","BG",2008,362
"NAC","P_SAL_M","LT10","Q86","D111","BG",2008,299
"NAC","P_SAL_M","LT10","Q86","D1111","BG",2008,289
"NAC","P_SAL_M","LT10","Q87","D01","BG",2008,366
"NAC","P_SAL_M","LT10","Q87","D111","BG",2008,312
"NAC","P_SAL_M","LT10","Q87","D1111","BG",2008,289
"NAC","P_SAL_M","LT10","Q88","D01","BG",2008,418
"NAC","P_SAL_M","LT10","Q88","D111","BG",2008,340
"NAC","P_SAL_M","LT10","Q88","D1111","BG",2008,308
"NAC","P_SAL_M","LT10","R","D01","BG",2008,362
"NAC","P_SAL_M","LT10","R","D111","BG",2008,299
"NAC","P_SAL_M","LT10","R","D1111","BG",2008,283
"NAC","P_SAL_M","LT10","R90","D01","BG",2008,421
"NAC","P_SAL_M","LT10","R90","D111","BG",2008,349
"NAC","P_SAL_M","LT10","R90","D1111","BG",2008,330
"NAC","P_SAL_M","LT10","R91","D01","BG",2008,512
"NAC","P_SAL_M","LT10","R91","D111","BG",2008,419
"NAC","P_SAL_M","LT10","R91","D1111","BG",2008,377
"NAC","P_SAL_M","LT10","R92","D01","BG",2008,307
"NAC","P_SAL_M","LT10","R92","D111","BG",2008,253
"NAC","P_SAL_M","LT10","R92","D1111","BG",2008,240
"NAC","P_SAL_M","LT10","R93","D01","BG",2008,382
"NAC","P_SAL_M","LT10","R93","D111","BG",2008,316
"NAC","P_SAL_M","LT10","R93","D1111","BG",2008,299
"NAC","P_SAL_M","LT10","S","D01","BG",2008,382
"NAC","P_SAL_M","LT10","S","D111","BG",2008,341
"NAC","P_SAL_M","LT10","S","D1111","BG",2008,320
"NAC","P_SAL_M","LT10","S94","D01","BG",2008,467
"NAC","P_SAL_M","LT10","S94","D111","BG",2008,440
"NAC","P_SAL_M","LT10","S94","D1111","BG",2008,409
"NAC","P_SAL_M","LT10","S95","D01","BG",2008,328
"NAC","P_SAL_M","LT10","S95","D111","BG",2008,271
"NAC","P_SAL_M","LT10","S95","D1111","BG",2008,260
"NAC","P_SAL_M","LT10","S96","D01","BG",2008,301
"NAC","P_SAL_M","LT10","S96","D111","BG",2008,248
"NAC","P_SAL_M","LT10","S96","D1111","BG",2008,238
"NAC","P_SAL_M","TOTAL","B","D01","BG",2008,1236
"NAC","P_SAL_M","TOTAL","B","D111","BG",2008,907
"NAC","P_SAL_M","TOTAL","B","D1111","BG",2008,770
"NAC","P_SAL_M","TOTAL","B-E","D01","BG",2008,692
"NAC","P_SAL_M","TOTAL","B-E","D111","BG",2008,551
"NAC","P_SAL_M","TOTAL","B-E","D1111","BG",2008,483
"NAC","P_SAL_M","TOTAL","B-F","D01","BG",2008,660
"NAC","P_SAL_M","TOTAL","B-F","D111","BG",2008,529
"NAC","P_SAL_M","TOTAL","B-F","D1111","BG",2008,470
"NAC","P_SAL_M","TOTAL","B-N","D01","BG",2008,674
"NAC","P_SAL_M","TOTAL","B-N","D111","BG",2008,552
"NAC","P_SAL_M","TOTAL","B-N","D1111","BG",2008,496
"NAC","P_SAL_M","TOTAL","B-S","D01","BG",2008,692
"NAC","P_SAL_M","TOTAL","B-S","D111","BG",2008,564
"NAC","P_SAL_M","TOTAL","B-S","D1111","BG",2008,505
"NAC","P_SAL_M","TOTAL","B-S_X_O","D01","BG",2008,676
"NAC","P_SAL_M","TOTAL","B-S_X_O","D111","BG",2008,553
"NAC","P_SAL_M","TOTAL","B-S_X_O","D1111","BG",2008,495
"NAC","P_SAL_M","TOTAL","B05","D01","BG",2008,1356
"NAC","P_SAL_M","TOTAL","B05","D111","BG",2008,956
"NAC","P_SAL_M","TOTAL","B05","D1111","BG",2008,773
"NAC","P_SAL_M","TOTAL","B06","D01","BG",2008,1032
"NAC","P_SAL_M","TOTAL","B06","D111","BG",2008,855
"NAC","P_SAL_M","TOTAL","B06","D1111","BG",2008,759
"NAC","P_SAL_M","TOTAL","B07","D01","BG",2008,1505
"NAC","P_SAL_M","TOTAL","B07","D111","BG",2008,1135
"NAC","P_SAL_M","TOTAL","B07","D1111","BG",2008,997
"NAC","P_SAL_M","TOTAL","B08","D01","BG",2008,838
"NAC","P_SAL_M","TOTAL","B08","D111","BG",2008,650
"NAC","P_SAL_M","TOTAL","B08","D1111","BG",2008,585
"NAC","P_SAL_M","TOTAL","B09","D01","BG",2008,394
"NAC","P_SAL_M","TOTAL","B09","D111","BG",2008,331
"NAC","P_SAL_M","TOTAL","B09","D1111","BG",2008,322
"NAC","P_SAL_M","TOTAL","C","D01","BG",2008,604
"NAC","P_SAL_M","TOTAL","C","D111","BG",2008,487
"NAC","P_SAL_M","TOTAL","C","D1111","BG",2008,439
"NAC","P_SAL_M","TOTAL","C10","D01","BG",2008,489
"NAC","P_SAL_M","TOTAL","C10","D111","BG",2008,402
"NAC","P_SAL_M","TOTAL","C10","D1111","BG",2008,373
"NAC","P_SAL_M","TOTAL","C11","D01","BG",2008,812
"NAC","P_SAL_M","TOTAL","C11","D111","BG",2008,677
"NAC","P_SAL_M","TOTAL","C11","D1111","BG",2008,599
"NAC","P_SAL_M","TOTAL","C12","D01","BG",2008,1743
"NAC","P_SAL_M","TOTAL","C12","D111","BG",2008,1295
"NAC","P_SAL_M","TOTAL","C12","D1111","BG",2008,1115
"NAC","P_SAL_M","TOTAL","C13","D01","BG",2008,552
"NAC","P_SAL_M","TOTAL","C13","D111","BG",2008,445
"NAC","P_SAL_M","TOTAL","C13","D1111","BG",2008,405
"NAC","P_SAL_M","TOTAL","C14","D01","BG",2008,380
"NAC","P_SAL_M","TOTAL","C14","D111","BG",2008,311
"NAC","P_SAL_M","TOTAL","C14","D1111","BG",2008,284
"NAC","P_SAL_M","TOTAL","C15","D01","BG",2008,343
"NAC","P_SAL_M","TOTAL","C15","D111","BG",2008,281
"NAC","P_SAL_M","TOTAL","C15","D1111","BG",2008,258
"NAC","P_SAL_M","TOTAL","C16","D01","BG",2008,447
"NAC","P_SAL_M","TOTAL","C16","D111","BG",2008,366
"NAC","P_SAL_M","TOTAL","C16","D1111","BG",2008,335
"NAC","P_SAL_M","TOTAL","C17","D01","BG",2008,586
"NAC","P_SAL_M","TOTAL","C17","D111","BG",2008,475
"NAC","P_SAL_M","TOTAL","C17","D1111","BG",2008,422
"NAC","P_SAL_M","TOTAL","C18","D01","BG",2008,658
"NAC","P_SAL_M","TOTAL","C18","D111","BG",2008,546
"NAC","P_SAL_M","TOTAL","C18","D1111","BG",2008,496
"NAC","P_SAL_M","TOTAL","C19","D01","BG",2008,2591
"NAC","P_SAL_M","TOTAL","C19","D111","BG",2008,1848
"NAC","P_SAL_M","TOTAL","C19","D1111","BG",2008,1534
"NAC","P_SAL_M","TOTAL","C20","D01","BG",2008,915
"NAC","P_SAL_M","TOTAL","C20","D111","BG",2008,711
"NAC","P_SAL_M","TOTAL","C20","D1111","BG",2008,627
"NAC","P_SAL_M","TOTAL","C21","D01","BG",2008,976
"NAC","P_SAL_M","TOTAL","C21","D111","BG",2008,774
"NAC","P_SAL_M","TOTAL","C21","D1111","BG",2008,683
"NAC","P_SAL_M","TOTAL","C22","D01","BG",2008,455
"NAC","P_SAL_M","TOTAL","C22","D111","BG",2008,373
"NAC","P_SAL_M","TOTAL","C22","D1111","BG",2008,343
"NAC","P_SAL_M","TOTAL","C23","D01","BG",2008,747
"NAC","P_SAL_M","TOTAL","C23","D111","BG",2008,600
"NAC","P_SAL_M","TOTAL","C23","D1111","BG",2008,541
"NAC","P_SAL_M","TOTAL","C24","D01","BG",2008,1291
"NAC","P_SAL_M","TOTAL","C24","D111","BG",2008,999
"NAC","P_SAL_M","TOTAL","C24","D1111","BG",2008,873
"NAC","P_SAL_M","TOTAL","C25","D01","BG",2008,575
"NAC","P_SAL_M","TOTAL","C25","D111","BG",2008,466
"NAC","P_SAL_M","TOTAL","C25","D1111","BG",2008,424
"NAC","P_SAL_M","TOTAL","C26","D01","BG",2008,783
"NAC","P_SAL_M","TOTAL","C26","D111","BG",2008,647
"NAC","P_SAL_M","TOTAL","C26","D1111","BG",2008,570
"NAC","P_SAL_M","TOTAL","C27","D01","BG",2008,750
"NAC","P_SAL_M","TOTAL","C27","D111","BG",2008,611
"NAC","P_SAL_M","TOTAL","C27","D1111","BG",2008,544
"NAC","P_SAL_M","TOTAL","C28","D01","BG",2008,742
"NAC","P_SAL_M","TOTAL","C28","D111","BG",2008,604
"NAC","P_SAL_M","TOTAL","C28","D1111","BG",2008,535
"NAC","P_SAL_M","TOTAL","C29","D01","BG",2008,614
"NAC","P_SAL_M","TOTAL","C29","D111","BG",2008,500
"NAC","P_SAL_M","TOTAL","C29","D1111","BG",2008,454
"NAC","P_SAL_M","TOTAL","C30","D01","BG",2008,928
"NAC","P_SAL_M","TOTAL","C30","D111","BG",2008,739
"NAC","P_SAL_M","TOTAL","C30","D1111","BG",2008,662
"NAC","P_SAL_M","TOTAL","C31","D01","BG",2008,380
"NAC","P_SAL_M","TOTAL","C31","D111","BG",2008,311
"NAC","P_SAL_M","TOTAL","C31","D1111","BG",2008,287
"NAC","P_SAL_M","TOTAL","C32","D01","BG",2008,477
"NAC","P_SAL_M","TOTAL","C32","D111","BG",2008,392
"NAC","P_SAL_M","TOTAL","C32","D1111","BG",2008,358
"NAC","P_SAL_M","TOTAL","C33","D01","BG",2008,935
"NAC","P_SAL_M","TOTAL","C33","D111","BG",2008,753
"NAC","P_SAL_M","TOTAL","C33","D1111","BG",2008,672
"NAC","P_SAL_M","TOTAL","D","D01","BG",2008,1682
"NAC","P_SAL_M","TOTAL","D","D111","BG",2008,1292
"NAC","P_SAL_M","TOTAL","D","D1111","BG",2008,965
"NAC","P_SAL_M","TOTAL","D35","D01","BG",2008,1682
"NAC","P_SAL_M","TOTAL","D35","D111","BG",2008,1292
"NAC","P_SAL_M","TOTAL","D35","D1111","BG",2008,965
"NAC","P_SAL_M","TOTAL","E","D01","BG",2008,755
"NAC","P_SAL_M","TOTAL","E","D111","BG",2008,616
"NAC","P_SAL_M","TOTAL","E","D1111","BG",2008,514
"NAC","P_SAL_M","TOTAL","E36","D01","BG",2008,855
"NAC","P_SAL_M","TOTAL","E36","D111","BG",2008,693
"NAC","P_SAL_M","TOTAL","E36","D1111","BG",2008,543
"NAC","P_SAL_M","TOTAL","E37","D01","BG",2008,825
"NAC","P_SAL_M","TOTAL","E37","D111","BG",2008,714
"NAC","P_SAL_M","TOTAL","E37","D1111","BG",2008,674
"NAC","P_SAL_M","TOTAL","E38","D01","BG",2008,631
"NAC","P_SAL_M","TOTAL","E38","D111","BG",2008,518
"NAC","P_SAL_M","TOTAL","E38","D1111","BG",2008,474
"NAC","P_SAL_M","TOTAL","E39","D01","BG",2008,711
"NAC","P_SAL_M","TOTAL","E39","D111","BG",2008,579
"NAC","P_SAL_M","TOTAL","E39","D1111","BG",2008,520
"NAC","P_SAL_M","TOTAL","F","D01","BG",2008,567
"NAC","P_SAL_M","TOTAL","F","D111","BG",2008,465
"NAC","P_SAL_M","TOTAL","F","D1111","BG",2008,434
"NAC","P_SAL_M","TOTAL","F41","D01","BG",2008,513
"NAC","P_SAL_M","TOTAL","F41","D111","BG",2008,423
"NAC","P_SAL_M","TOTAL","F41","D1111","BG",2008,396
"NAC","P_SAL_M","TOTAL","F42","D01","BG",2008,759
"NAC","P_SAL_M","TOTAL","F42","D111","BG",2008,611
"NAC","P_SAL_M","TOTAL","F42","D1111","BG",2008,563
"NAC","P_SAL_M","TOTAL","F43","D01","BG",2008,549
"NAC","P_SAL_M","TOTAL","F43","D111","BG",2008,453
"NAC","P_SAL_M","TOTAL","F43","D1111","BG",2008,426
"NAC","P_SAL_M","TOTAL","G","D01","BG",2008,540
"NAC","P_SAL_M","TOTAL","G","D111","BG",2008,450
"NAC","P_SAL_M","TOTAL","G","D1111","BG",2008,422
"NAC","P_SAL_M","TOTAL","G-J","D01","BG",2008,648
"NAC","P_SAL_M","TOTAL","G-J","D111","BG",2008,538
"NAC","P_SAL_M","TOTAL","G-J","D1111","BG",2008,488
"NAC","P_SAL_M","TOTAL","G-N","D01","BG",2008,687
"NAC","P_SAL_M","TOTAL","G-N","D111","BG",2008,574
"NAC","P_SAL_M","TOTAL","G-N","D1111","BG",2008,522
"NAC","P_SAL_M","TOTAL","G-S_X_O","D01","BG",2008,687
"NAC","P_SAL_M","TOTAL","G-S_X_O","D111","BG",2008,569
"NAC","P_SAL_M","TOTAL","G-S_X_O","D1111","BG",2008,512
"NAC","P_SAL_M","TOTAL","G45","D01","BG",2008,646
"NAC","P_SAL_M","TOTAL","G45","D111","BG",2008,541
"NAC","P_SAL_M","TOTAL","G45","D1111","BG",2008,505
"NAC","P_SAL_M","TOTAL","G46","D01","BG",2008,686
"NAC","P_SAL_M","TOTAL","G46","D111","BG",2008,577
"NAC","P_SAL_M","TOTAL","G46","D1111","BG",2008,539
"NAC","P_SAL_M","TOTAL","G47","D01","BG",2008,414
"NAC","P_SAL_M","TOTAL","G47","D111","BG",2008,341
"NAC","P_SAL_M","TOTAL","G47","D1111","BG",2008,321
"NAC","P_SAL_M","TOTAL","H","D01","BG",2008,817
"NAC","P_SAL_M","TOTAL","H","D111","BG",2008,665
"NAC","P_SAL_M","TOTAL","H","D1111","BG",2008,553
"NAC","P_SAL_M","TOTAL","H49","D01","BG",2008,618
"NAC","P_SAL_M","TOTAL","H49","D111","BG",2008,488
"NAC","P_SAL_M","TOTAL","H49","D1111","BG",2008,422
"NAC","P_SAL_M","TOTAL","H50","D01","BG",2008,1355
"NAC","P_SAL_M","TOTAL","H50","D111","BG",2008,1013
"NAC","P_SAL_M","TOTAL","H50","D1111","BG",2008,831
"NAC","P_SAL_M","TOTAL","H51","D01","BG",2008,2133
"NAC","P_SAL_M","TOTAL","H51","D111","BG",2008,1749
"NAC","P_SAL_M","TOTAL","H51","D1111","BG",2008,1560
"NAC","P_SAL_M","TOTAL","H52","D01","BG",2008,1178
"NAC","P_SAL_M","TOTAL","H52","D111","BG",2008,1005
"NAC","P_SAL_M","TOTAL","H52","D1111","BG",2008,803
"NAC","P_SAL_M","TOTAL","H53","D01","BG",2008,701
"NAC","P_SAL_M","TOTAL","H53","D111","BG",2008,575
"NAC","P_SAL_M","TOTAL","H53","D1111","BG",2008,451
"NAC","P_SAL_M","TOTAL","I","D01","BG",2008,406
"NAC","P_SAL_M","TOTAL","I","D111","BG",2008,333
"NAC","P_SAL_M","TOTAL","I","D1111","BG",2008,314
"NAC","P_SAL_M","TOTAL","I55","D01","BG",2008,520
"NAC","P_SAL_M","TOTAL","I55","D111","BG",2008,425
"NAC","P_SAL_M","TOTAL","I55","D1111","BG",2008,395
"NAC","P_SAL_M","TOTAL","I56","D01","BG",2008,349
"NAC","P_SAL_M","TOTAL","I56","D111","BG",2008,287
"NAC","P_SAL_M","TOTAL","I56","D1111","BG",2008,274
"NAC","P_SAL_M","TOTAL","J","D01","BG",2008,1393
"NAC","P_SAL_M","TOTAL","J","D111","BG",2008,1180
"NAC","P_SAL_M","TOTAL","J","D1111","BG",2008,1083
"NAC","P_SAL_M","TOTAL","J58","D01","BG",2008,806
"NAC","P_SAL_M","TOTAL","J58","D111","BG",2008,681
"NAC","P_SAL_M","TOTAL","J58","D1111","BG",2008,634
"NAC","P_SAL_M","TOTAL","J59","D01","BG",2008,858
"NAC","P_SAL_M","TOTAL","J59","D111","BG",2008,716
"NAC","P_SAL_M","TOTAL","J59","D1111","BG",2008,670
"NAC","P_SAL_M","TOTAL","J60","D01","BG",2008,989
"NAC","P_SAL_M","TOTAL","J60","D111","BG",2008,823
"NAC","P_SAL_M","TOTAL","J60","D1111","BG",2008,758
"NAC","P_SAL_M","TOTAL","J61","D01","BG",2008,1464
"NAC","P_SAL_M","TOTAL","J61","D111","BG",2008,1233
"NAC","P_SAL_M","TOTAL","J61","D1111","BG",2008,1131
"NAC","P_SAL_M","TOTAL","J62","D01","BG",2008,1818
"NAC","P_SAL_M","TOTAL","J62","D111","BG",2008,1555
"NAC","P_SAL_M","TOTAL","J62","D1111","BG",2008,1422
"NAC","P_SAL_M","TOTAL","J63","D01","BG",2008,1174
"NAC","P_SAL_M","TOTAL","J63","D111","BG",2008,999
"NAC","P_SAL_M","TOTAL","J63","D1111","BG",2008,913
"NAC","P_SAL_M","TOTAL","K","D01","BG",2008,1484
"NAC","P_SAL_M","TOTAL","K","D111","BG",2008,1249
"NAC","P_SAL_M","TOTAL","K","D1111","BG",2008,1135
"NAC","P_SAL_M","TOTAL","K-N","D01","BG",2008,797
"NAC","P_SAL_M","TOTAL","K-N","D111","BG",2008,673
"NAC","P_SAL_M","TOTAL","K-N","D1111","BG",2008,617
"NAC","P_SAL_M","TOTAL","K64","D01","BG",2008,1517
"NAC","P_SAL_M","TOTAL","K64","D111","BG",2008,1277
"NAC","P_SAL_M","TOTAL","K64","D1111","BG",2008,1153
"NAC","P_SAL_M","TOTAL","K65","D01","BG",2008,1567
"NAC","P_SAL_M","TOTAL","K65","D111","BG",2008,1330
"NAC","P_SAL_M","TOTAL","K65","D1111","BG",2008,1240
"NAC","P_SAL_M","TOTAL","K66","D01","BG",2008,1024
"NAC","P_SAL_M","TOTAL","K66","D111","BG",2008,858
"NAC","P_SAL_M","TOTAL","K66","D1111","BG",2008,801
"NAC","P_SAL_M","TOTAL","L","D01","BG",2008,693
"NAC","P_SAL_M","TOTAL","L","D111","BG",2008,583
"NAC","P_SAL_M","TOTAL","L","D1111","BG",2008,540
"NAC","P_SAL_M","TOTAL","L68","D01","BG",2008,693
"NAC","P_SAL_M","TOTAL","L68","D111","BG",2008,583
"NAC","P_SAL_M","TOTAL","L68","D1111","BG",2008,540
"NAC","P_SAL_M","TOTAL","M","D01","BG",2008,918
"NAC","P_SAL_M","TOTAL","M","D111","BG",2008,775
"NAC","P_SAL_M","TOTAL","M","D1111","BG",2008,710
"NAC","P_SAL_M","TOTAL","M69","D01","BG",2008,787
"NAC","P_SAL_M","TOTAL","M69","D111","BG",2008,665
"NAC","P_SAL_M","TOTAL","M69","D1111","BG",2008,619
"NAC","P_SAL_M","TOTAL","M70","D01","BG",2008,1479
"NAC","P_SAL_M","TOTAL","M70","D111","BG",2008,1270
"NAC","P_SAL_M","TOTAL","M70","D1111","BG",2008,1150
"NAC","P_SAL_M","TOTAL","M71","D01","BG",2008,924
"NAC","P_SAL_M","TOTAL","M71","D111","BG",2008,774
"NAC","P_SAL_M","TOTAL","M71","D1111","BG",2008,704
"NAC","P_SAL_M","TOTAL","M72","D01","BG",2008,781
"NAC","P_SAL_M","TOTAL","M72","D111","BG",2008,642
"NAC","P_SAL_M","TOTAL","M72","D1111","BG",2008,563
"NAC","P_SAL_M","TOTAL","M73","D01","BG",2008,887
"NAC","P_SAL_M","TOTAL","M73","D111","BG",2008,753
"NAC","P_SAL_M","TOTAL","M73","D1111","BG",2008,702
"NAC","P_SAL_M","TOTAL","M74","D01","BG",2008,928
"NAC","P_SAL_M","TOTAL","M74","D111","BG",2008,799
"NAC","P_SAL_M","TOTAL","M74","D1111","BG",2008,755
"NAC","P_SAL_M","TOTAL","M75","D01","BG",2008,339
"NAC","P_SAL_M","TOTAL","M75","D111","BG",2008,280
"NAC","P_SAL_M","TOTAL","M75","D1111","BG",2008,270
"NAC","P_SAL_M","TOTAL","N","D01","BG",2008,396
"NAC","P_SAL_M","TOTAL","N","D111","BG",2008,336
"NAC","P_SAL_M","TOTAL","N","D1111","BG",2008,314
"NAC","P_SAL_M","TOTAL","N77","D01","BG",2008,766
"NAC","P_SAL_M","TOTAL","N77","D111","BG",2008,644
"NAC","P_SAL_M","TOTAL","N77","D1111","BG",2008,599
"NAC","P_SAL_M","TOTAL","N78","D01","BG",2008,759
"NAC","P_SAL_M","TOTAL","N78","D111","BG",2008,627
"NAC","P_SAL_M","TOTAL","N78","D1111","BG",2008,581
"NAC","P_SAL_M","TOTAL","N79","D01","BG",2008,574
"NAC","P_SAL_M","TOTAL","N79","D111","BG",2008,480
"NAC","P_SAL_M","TOTAL","N79","D1111","BG",2008,454
"NAC","P_SAL_M","TOTAL","N80","D01","BG",2008,359
"NAC","P_SAL_M","TOTAL","N80","D111","BG",2008,295
"NAC","P_SAL_M","TOTAL","N80","D1111","BG",2008,278
"NAC","P_SAL_M","TOTAL","N81","D01","BG",2008,278
"NAC","P_SAL_M","TOTAL","N81","D111","BG",2008,259
"NAC","P_SAL_M","TOTAL","N81","D1111","BG",2008,240
"NAC","P_SAL_M","TOTAL","N82","D01","BG",2008,824
"NAC","P_SAL_M","TOTAL","N82","D111","BG",2008,682
"NAC","P_SAL_M","TOTAL","N82","D1111","BG",2008,636
"NAC","P_SAL_M","TOTAL","O","D01","BG",2008,980
"NAC","P_SAL_M","TOTAL","O","D111","BG",2008,773
"NAC","P_SAL_M","TOTAL","O","D1111","BG",2008,696
"NAC","P_SAL_M","TOTAL","O-S","D01","BG",2008,763
"NAC","P_SAL_M","TOTAL","O-S","D111","BG",2008,614
"NAC","P_SAL_M","TOTAL","O-S","D1111","BG",2008,541
"NAC","P_SAL_M","TOTAL","O84","D01","BG",2008,980
"NAC","P_SAL_M","TOTAL","O84","D111","BG",2008,773
"NAC","P_SAL_M","TOTAL","O84","D1111","BG",2008,696
"NAC","P_SAL_M","TOTAL","P","D01","BG",2008,740
"NAC","P_SAL_M","TOTAL","P","D111","BG",2008,591
"NAC","P_SAL_M","TOTAL","P","D1111","BG",2008,494
"NAC","P_SAL_M","TOTAL","P-S","D01","BG",2008,686
"NAC","P_SAL_M","TOTAL","P-S","D111","BG",2008,558
"NAC","P_SAL_M","TOTAL","P-S","D1111","BG",2008,485
"NAC","P_SAL_M","TOTAL","P85","D01","BG",2008,740
"NAC","P_SAL_M","TOTAL","P85","D111","BG",2008,591
"NAC","P_SAL_M","TOTAL","P85","D1111","BG",2008,494
"NAC","P_SAL_M","TOTAL","Q","D01","BG",2008,703
"NAC","P_SAL_M","TOTAL","Q","D111","BG",2008,577
"NAC","P_SAL_M","TOTAL","Q","D1111","BG",2008,519
"NAC","P_SAL_M","TOTAL","Q86","D01","BG",2008,763
"NAC","P_SAL_M","TOTAL","Q86","D111","BG",2008,627
"NAC","P_SAL_M","TOTAL","Q86","D1111","BG",2008,565
"NAC","P_SAL_M","TOTAL","Q87","D01","BG",2008,515
"NAC","P_SAL_M","TOTAL","Q87","D111","BG",2008,423
"NAC","P_SAL_M","TOTAL","Q87","D1111","BG",2008,372
"NAC","P_SAL_M","TOTAL","Q88","D01","BG",2008,447
"NAC","P_SAL_M","TOTAL","Q88","D111","BG",2008,366
"NAC","P_SAL_M","TOTAL","Q88","D1111","BG",2008,324
"NAC","P_SAL_M","TOTAL","R","D01","BG",2008,559
"NAC","P_SAL_M","TOTAL","R","D111","BG",2008,464
"NAC","P_SAL_M","TOTAL","R","D1111","BG",2008,422
"NAC","P_SAL_M","TOTAL","R90","D01","BG",2008,614
"NAC","P_SAL_M","TOTAL","R90","D111","BG",2008,498
"NAC","P_SAL_M","TOTAL","R90","D1111","BG",2008,435
"NAC","P_SAL_M","TOTAL","R91","D01","BG",2008,549
"NAC","P_SAL_M","TOTAL","R91","D111","BG",2008,448
"NAC","P_SAL_M","TOTAL","R91","D1111","BG",2008,393
"NAC","P_SAL_M","TOTAL","R92","D01","BG",2008,472
"NAC","P_SAL_M","TOTAL","R92","D111","BG",2008,390
"NAC","P_SAL_M","TOTAL","R92","D1111","BG",2008,362
"NAC","P_SAL_M","TOTAL","R93","D01","BG",2008,644
"NAC","P_SAL_M","TOTAL","R93","D111","BG",2008,552
"NAC","P_SAL_M","TOTAL","R93","D1111","BG",2008,517
"NAC","P_SAL_M","TOTAL","S","D01","BG",2008,445
"NAC","P_SAL_M","TOTAL","S","D111","BG",2008,388
"NAC","P_SAL_M","TOTAL","S","D1111","BG",2008,359
"NAC","P_SAL_M","TOTAL","S94","D01","BG",2008,515
"NAC","P_SAL_M","TOTAL","S94","D111","BG",2008,463
"NAC","P_SAL_M","TOTAL","S94","D1111","BG",2008,426
"NAC","P_SAL_M","TOTAL","S95","D01","BG",2008,415
"NAC","P_SAL_M","TOTAL","S95","D111","BG",2008,344
"NAC","P_SAL_M","TOTAL","S95","D1111","BG",2008,326
"NAC","P_SAL_M","TOTAL","S96","D01","BG",2008,351
"NAC","P_SAL_M","TOTAL","S96","D111","BG",2008,289
"NAC","P_SAL_M","TOTAL","S96","D1111","BG",2008,271
"NAC","P_SAL_Y","10-49","B","D01","BG",2008,8703
"NAC","P_SAL_Y","10-49","B","D111","BG",2008,6970
"NAC","P_SAL_Y","10-49","B","D1111","BG",2008,6361
"NAC","P_SAL_Y","10-49","B-E","D01","BG",2008,5225
"NAC","P_SAL_Y","10-49","B-E","D111","BG",2008,4287
"NAC","P_SAL_Y","10-49","B-E","D1111","BG",2008,3929
"NAC","P_SAL_Y","10-49","B-F","D01","BG",2008,5419
"NAC","P_SAL_Y","10-49","B-F","D111","BG",2008,4452
"NAC","P_SAL_Y","10-49","B-F","D1111","BG",2008,4122
"NAC","P_SAL_Y","10-49","B-N","D01","BG",2008,6389
"NAC","P_SAL_Y","10-49","B-N","D111","BG",2008,5321
"NAC","P_SAL_Y","10-49","B-N","D1111","BG",2008,4934
"NAC","P_SAL_Y","10-49","B-S","D01","BG",2008,6800
"NAC","P_SAL_Y","10-49","B-S","D111","BG",2008,5605
"NAC","P_SAL_Y","10-49","B-S","D1111","BG",2008,5112
"NAC","P_SAL_Y","10-49","B-S_X_O","D01","BG",2008,6558
"NAC","P_SAL_Y","10-49","B-S_X_O","D111","BG",2008,5427
"NAC","P_SAL_Y","10-49","B-S_X_O","D1111","BG",2008,4960
"NAC","P_SAL_Y","10-49","B05","D01","BG",2008,8304
"NAC","P_SAL_Y","10-49","B05","D111","BG",2008,6550
"NAC","P_SAL_Y","10-49","B05","D1111","BG",2008,6157
"NAC","P_SAL_Y","10-49","B06","D01","BG",2008,NA
"NAC","P_SAL_Y","10-49","B06","D111","BG",2008,NA
"NAC","P_SAL_Y","10-49","B06","D1111","BG",2008,NA
"NAC","P_SAL_Y","10-49","B07","D01","BG",2008,9546
"NAC","P_SAL_Y","10-49","B07","D111","BG",2008,7273
"NAC","P_SAL_Y","10-49","B07","D1111","BG",2008,6219
"NAC","P_SAL_Y","10-49","B08","D01","BG",2008,8203
"NAC","P_SAL_Y","10-49","B08","D111","BG",2008,6534
"NAC","P_SAL_Y","10-49","B08","D1111","BG",2008,5961
"NAC","P_SAL_Y","10-49","B09","D01","BG",2008,NA
"NAC","P_SAL_Y","10-49","B09","D111","BG",2008,NA
"NAC","P_SAL_Y","10-49","B09","D1111","BG",2008,NA
"NAC","P_SAL_Y","10-49","C","D01","BG",2008,4819
"NAC","P_SAL_Y","10-49","C","D111","BG",2008,3958
"NAC","P_SAL_Y","10-49","C","D1111","BG",2008,3679
"NAC","P_SAL_Y","10-49","C10","D01","BG",2008,4371
"NAC","P_SAL_Y","10-49","C10","D111","BG",2008,3586
"NAC","P_SAL_Y","10-49","C10","D1111","BG",2008,3345
"NAC","P_SAL_Y","10-49","C11","D01","BG",2008,NA
"NAC","P_SAL_Y","10-49","C11","D111","BG",2008,NA
"NAC","P_SAL_Y","10-49","C11","D1111","BG",2008,NA
"NAC","P_SAL_Y","10-49","C12","D01","BG",2008,6764
"NAC","P_SAL_Y","10-49","C12","D111","BG",2008,5517
"NAC","P_SAL_Y","10-49","C12","D1111","BG",2008,5117
"NAC","P_SAL_Y","10-49","C13","D01","BG",2008,4631
"NAC","P_SAL_Y","10-49","C13","D111","BG",2008,3738
"NAC","P_SAL_Y","10-49","C13","D1111","BG",2008,3454
"NAC","P_SAL_Y","10-49","C14","D01","BG",2008,3655
"NAC","P_SAL_Y","10-49","C14","D111","BG",2008,3003
"NAC","P_SAL_Y","10-49","C14","D1111","BG",2008,2794
"NAC","P_SAL_Y","10-49","C15","D01","BG",2008,3513
"NAC","P_SAL_Y","10-49","C15","D111","BG",2008,2892
"NAC","P_SAL_Y","10-49","C15","D1111","BG",2008,2689
"NAC","P_SAL_Y","10-49","C16","D01","BG",2008,3916
"NAC","P_SAL_Y","10-49","C16","D111","BG",2008,3216
"NAC","P_SAL_Y","10-49","C16","D1111","BG",2008,2998
"NAC","P_SAL_Y","10-49","C17","D01","BG",2008,4582
"NAC","P_SAL_Y","10-49","C17","D111","BG",2008,3763
"NAC","P_SAL_Y","10-49","C17","D1111","BG",2008,3476
"NAC","P_SAL_Y","10-49","C18","D01","BG",2008,5402
"NAC","P_SAL_Y","10-49","C18","D111","BG",2008,4463
"NAC","P_SAL_Y","10-49","C18","D1111","BG",2008,4128
"NAC","P_SAL_Y","10-49","C19","D01","BG",2008,NA
"NAC","P_SAL_Y","10-49","C19","D111","BG",2008,NA
"NAC","P_SAL_Y","10-49","C19","D1111","BG",2008,NA
"NAC","P_SAL_Y","10-49","C20","D01","BG",2008,6003
"NAC","P_SAL_Y","10-49","C20","D111","BG",2008,4887
"NAC","P_SAL_Y","10-49","C20","D1111","BG",2008,4506
"NAC","P_SAL_Y","10-49","C21","D01","BG",2008,NA
"NAC","P_SAL_Y","10-49","C21","D111","BG",2008,NA
"NAC","P_SAL_Y","10-49","C21","D1111","BG",2008,NA
"NAC","P_SAL_Y","10-49","C22","D01","BG",2008,4825
"NAC","P_SAL_Y","10-49","C22","D111","BG",2008,3965
"NAC","P_SAL_Y","10-49","C22","D1111","BG",2008,3692
"NAC","P_SAL_Y","10-49","C23","D01","BG",2008,5835
"NAC","P_SAL_Y","10-49","C23","D111","BG",2008,4718
"NAC","P_SAL_Y","10-49","C23","D1111","BG",2008,4410
"NAC","P_SAL_Y","10-49","C24","D01","BG",2008,NA
"NAC","P_SAL_Y","10-49","C24","D111","BG",2008,NA
"NAC","P_SAL_Y","10-49","C24","D1111","BG",2008,NA
"NAC","P_SAL_Y","10-49","C25","D01","BG",2008,5425
"NAC","P_SAL_Y","10-49","C25","D111","BG",2008,4464
"NAC","P_SAL_Y","10-49","C25","D1111","BG",2008,4134
"NAC","P_SAL_Y","10-49","C26","D01","BG",2008,7996
"NAC","P_SAL_Y","10-49","C26","D111","BG",2008,6643
"NAC","P_SAL_Y","10-49","C26","D1111","BG",2008,6150
"NAC","P_SAL_Y","10-49","C27","D01","BG",2008,6229
"NAC","P_SAL_Y","10-49","C27","D111","BG",2008,5130
"NAC","P_SAL_Y","10-49","C27","D1111","BG",2008,4703
"NAC","P_SAL_Y","10-49","C28","D01","BG",2008,6675
"NAC","P_SAL_Y","10-49","C28","D111","BG",2008,5487
"NAC","P_SAL_Y","10-49","C28","D1111","BG",2008,5050
"NAC","P_SAL_Y","10-49","C29","D01","BG",2008,NA
"NAC","P_SAL_Y","10-49","C29","D111","BG",2008,NA
"NAC","P_SAL_Y","10-49","C29","D1111","BG",2008,NA
"NAC","P_SAL_Y","10-49","C30","D01","BG",2008,8249
"NAC","P_SAL_Y","10-49","C30","D111","BG",2008,6914
"NAC","P_SAL_Y","10-49","C30","D1111","BG",2008,6498
"NAC","P_SAL_Y","10-49","C31","D01","BG",2008,3873
"NAC","P_SAL_Y","10-49","C31","D111","BG",2008,3185
"NAC","P_SAL_Y","10-49","C31","D1111","BG",2008,2965
"NAC","P_SAL_Y","10-49","C32","D01","BG",2008,4896
"NAC","P_SAL_Y","10-49","C32","D111","BG",2008,3992
"NAC","P_SAL_Y","10-49","C32","D1111","BG",2008,3671
"NAC","P_SAL_Y","10-49","C33","D01","BG",2008,7242
"NAC","P_SAL_Y","10-49","C33","D111","BG",2008,5963
"NAC","P_SAL_Y","10-49","C33","D1111","BG",2008,5591
"NAC","P_SAL_Y","10-49","D","D01","BG",2008,16890
"NAC","P_SAL_Y","10-49","D","D111","BG",2008,13777
"NAC","P_SAL_Y","10-49","D","D1111","BG",2008,11196
"NAC","P_SAL_Y","10-49","D35","D01","BG",2008,16890
"NAC","P_SAL_Y","10-49","D35","D111","BG",2008,13777
"NAC","P_SAL_Y","10-49","D35","D1111","BG",2008,11196
"NAC","P_SAL_Y","10-49","E","D01","BG",2008,8996
"NAC","P_SAL_Y","10-49","E","D111","BG",2008,7374
"NAC","P_SAL_Y","10-49","E","D1111","BG",2008,6099
"NAC","P_SAL_Y","10-49","E36","D01","BG",2008,9596
"NAC","P_SAL_Y","10-49","E36","D111","BG",2008,7783
"NAC","P_SAL_Y","10-49","E36","D1111","BG",2008,5980
"NAC","P_SAL_Y","10-49","E37","D01","BG",2008,21008
"NAC","P_SAL_Y","10-49","E37","D111","BG",2008,18974
"NAC","P_SAL_Y","10-49","E37","D1111","BG",2008,18475
"NAC","P_SAL_Y","10-49","E38","D01","BG",2008,7342
"NAC","P_SAL_Y","10-49","E38","D111","BG",2008,6084
"NAC","P_SAL_Y","10-49","E38","D1111","BG",2008,5664
"NAC","P_SAL_Y","10-49","E39","D01","BG",2008,8932
"NAC","P_SAL_Y","10-49","E39","D111","BG",2008,7189
"NAC","P_SAL_Y","10-49","E39","D1111","BG",2008,6582
"NAC","P_SAL_Y","10-49","F","D01","BG",2008,5781
"NAC","P_SAL_Y","10-49","F","D111","BG",2008,4759
"NAC","P_SAL_Y","10-49","F","D1111","BG",2008,4483
"NAC","P_SAL_Y","10-49","F41","D01","BG",2008,5379
"NAC","P_SAL_Y","10-49","F41","D111","BG",2008,4432
"NAC","P_SAL_Y","10-49","F41","D1111","BG",2008,4179
"NAC","P_SAL_Y","10-49","F42","D01","BG",2008,6935
"NAC","P_SAL_Y","10-49","F42","D111","BG",2008,5646
"NAC","P_SAL_Y","10-49","F42","D1111","BG",2008,5269
"NAC","P_SAL_Y","10-49","F43","D01","BG",2008,6117
"NAC","P_SAL_Y","10-49","F43","D111","BG",2008,5049
"NAC","P_SAL_Y","10-49","F43","D1111","BG",2008,4763
"NAC","P_SAL_Y","10-49","G","D01","BG",2008,6131
"NAC","P_SAL_Y","10-49","G","D111","BG",2008,5121
"NAC","P_SAL_Y","10-49","G","D1111","BG",2008,4786
"NAC","P_SAL_Y","10-49","G-J","D01","BG",2008,6386
"NAC","P_SAL_Y","10-49","G-J","D111","BG",2008,5336
"NAC","P_SAL_Y","10-49","G-J","D1111","BG",2008,4955
"NAC","P_SAL_Y","10-49","G-N","D01","BG",2008,7226
"NAC","P_SAL_Y","10-49","G-N","D111","BG",2008,6071
"NAC","P_SAL_Y","10-49","G-N","D1111","BG",2008,5634
"NAC","P_SAL_Y","10-49","G-S_X_O","D01","BG",2008,7259
"NAC","P_SAL_Y","10-49","G-S_X_O","D111","BG",2008,6028
"NAC","P_SAL_Y","10-49","G-S_X_O","D1111","BG",2008,5476
"NAC","P_SAL_Y","10-49","G45","D01","BG",2008,6482
"NAC","P_SAL_Y","10-49","G45","D111","BG",2008,5407
"NAC","P_SAL_Y","10-49","G45","D1111","BG",2008,5060
"NAC","P_SAL_Y","10-49","G46","D01","BG",2008,7345
"NAC","P_SAL_Y","10-49","G46","D111","BG",2008,6180
"NAC","P_SAL_Y","10-49","G46","D1111","BG",2008,5770
"NAC","P_SAL_Y","10-49","G47","D01","BG",2008,4765
"NAC","P_SAL_Y","10-49","G47","D111","BG",2008,3934
"NAC","P_SAL_Y","10-49","G47","D1111","BG",2008,3683
"NAC","P_SAL_Y","10-49","H","D01","BG",2008,6801
"NAC","P_SAL_Y","10-49","H","D111","BG",2008,5662
"NAC","P_SAL_Y","10-49","H","D1111","BG",2008,5046
"NAC","P_SAL_Y","10-49","H49","D01","BG",2008,5123
"NAC","P_SAL_Y","10-49","H49","D111","BG",2008,4081
"NAC","P_SAL_Y","10-49","H49","D1111","BG",2008,3786
"NAC","P_SAL_Y","10-49","H50","D01","BG",2008,7629
"NAC","P_SAL_Y","10-49","H50","D111","BG",2008,5975
"NAC","P_SAL_Y","10-49","H50","D1111","BG",2008,5671
"NAC","P_SAL_Y","10-49","H51","D01","BG",2008,16800
"NAC","P_SAL_Y","10-49","H51","D111","BG",2008,13457
"NAC","P_SAL_Y","10-49","H51","D1111","BG",2008,12655
"NAC","P_SAL_Y","10-49","H52","D01","BG",2008,10837
"NAC","P_SAL_Y","10-49","H52","D111","BG",2008,9567
"NAC","P_SAL_Y","10-49","H52","D1111","BG",2008,8493
"NAC","P_SAL_Y","10-49","H53","D01","BG",2008,7112
"NAC","P_SAL_Y","10-49","H53","D111","BG",2008,5830
"NAC","P_SAL_Y","10-49","H53","D1111","BG",2008,4319
"NAC","P_SAL_Y","10-49","I","D01","BG",2008,4307
"NAC","P_SAL_Y","10-49","I","D111","BG",2008,3545
"NAC","P_SAL_Y","10-49","I","D1111","BG",2008,3350
"NAC","P_SAL_Y","10-49","I55","D01","BG",2008,5297
"NAC","P_SAL_Y","10-49","I55","D111","BG",2008,4340
"NAC","P_SAL_Y","10-49","I55","D1111","BG",2008,4066
"NAC","P_SAL_Y","10-49","I56","D01","BG",2008,3930
"NAC","P_SAL_Y","10-49","I56","D111","BG",2008,3242
"NAC","P_SAL_Y","10-49","I56","D1111","BG",2008,3078
"NAC","P_SAL_Y","10-49","J","D01","BG",2008,12943
"NAC","P_SAL_Y","10-49","J","D111","BG",2008,11015
"NAC","P_SAL_Y","10-49","J","D1111","BG",2008,10286
"NAC","P_SAL_Y","10-49","J58","D01","BG",2008,8987
"NAC","P_SAL_Y","10-49","J58","D111","BG",2008,7595
"NAC","P_SAL_Y","10-49","J58","D1111","BG",2008,7067
"NAC","P_SAL_Y","10-49","J59","D01","BG",2008,10619
"NAC","P_SAL_Y","10-49","J59","D111","BG",2008,8870
"NAC","P_SAL_Y","10-49","J59","D1111","BG",2008,8271
"NAC","P_SAL_Y","10-49","J60","D01","BG",2008,8379
"NAC","P_SAL_Y","10-49","J60","D111","BG",2008,7031
"NAC","P_SAL_Y","10-49","J60","D1111","BG",2008,6518
"NAC","P_SAL_Y","10-49","J61","D01","BG",2008,9201
"NAC","P_SAL_Y","10-49","J61","D111","BG",2008,7531
"NAC","P_SAL_Y","10-49","J61","D1111","BG",2008,6967
"NAC","P_SAL_Y","10-49","J62","D01","BG",2008,17397
"NAC","P_SAL_Y","10-49","J62","D111","BG",2008,14993
"NAC","P_SAL_Y","10-49","J62","D1111","BG",2008,14059
"NAC","P_SAL_Y","10-49","J63","D01","BG",2008,15391
"NAC","P_SAL_Y","10-49","J63","D111","BG",2008,13257
"NAC","P_SAL_Y","10-49","J63","D1111","BG",2008,12376
"NAC","P_SAL_Y","10-49","K","D01","BG",2008,15489
"NAC","P_SAL_Y","10-49","K","D111","BG",2008,13153
"NAC","P_SAL_Y","10-49","K","D1111","BG",2008,12059
"NAC","P_SAL_Y","10-49","K-N","D01","BG",2008,10529
"NAC","P_SAL_Y","10-49","K-N","D111","BG",2008,8963
"NAC","P_SAL_Y","10-49","K-N","D1111","BG",2008,8305
"NAC","P_SAL_Y","10-49","K64","D01","BG",2008,15262
"NAC","P_SAL_Y","10-49","K64","D111","BG",2008,12929
"NAC","P_SAL_Y","10-49","K64","D1111","BG",2008,11767
"NAC","P_SAL_Y","10-49","K65","D01","BG",2008,18470
"NAC","P_SAL_Y","10-49","K65","D111","BG",2008,15695
"NAC","P_SAL_Y","10-49","K65","D1111","BG",2008,14518
"NAC","P_SAL_Y","10-49","K66","D01","BG",2008,14602
"NAC","P_SAL_Y","10-49","K66","D111","BG",2008,12566
"NAC","P_SAL_Y","10-49","K66","D1111","BG",2008,11903
"NAC","P_SAL_Y","10-49","L","D01","BG",2008,8873
"NAC","P_SAL_Y","10-49","L","D111","BG",2008,7456
"NAC","P_SAL_Y","10-49","L","D1111","BG",2008,6862
"NAC","P_SAL_Y","10-49","L68","D01","BG",2008,8873
"NAC","P_SAL_Y","10-49","L68","D111","BG",2008,7456
"NAC","P_SAL_Y","10-49","L68","D1111","BG",2008,6862
"NAC","P_SAL_Y","10-49","M","D01","BG",2008,12971
"NAC","P_SAL_Y","10-49","M","D111","BG",2008,11162
"NAC","P_SAL_Y","10-49","M","D1111","BG",2008,10388
"NAC","P_SAL_Y","10-49","M69","D01","BG",2008,10082
"NAC","P_SAL_Y","10-49","M69","D111","BG",2008,8540
"NAC","P_SAL_Y","10-49","M69","D1111","BG",2008,7983
"NAC","P_SAL_Y","10-49","M70","D01","BG",2008,24134
"NAC","P_SAL_Y","10-49","M70","D111","BG",2008,21509
"NAC","P_SAL_Y","10-49","M70","D1111","BG",2008,20231
"NAC","P_SAL_Y","10-49","M71","D01","BG",2008,12417
"NAC","P_SAL_Y","10-49","M71","D111","BG",2008,10523
"NAC","P_SAL_Y","10-49","M71","D1111","BG",2008,9662
"NAC","P_SAL_Y","10-49","M72","D01","BG",2008,10116
"NAC","P_SAL_Y","10-49","M72","D111","BG",2008,8294
"NAC","P_SAL_Y","10-49","M72","D1111","BG",2008,7462
"NAC","P_SAL_Y","10-49","M73","D01","BG",2008,10142
"NAC","P_SAL_Y","10-49","M73","D111","BG",2008,8610
"NAC","P_SAL_Y","10-49","M73","D1111","BG",2008,8040
"NAC","P_SAL_Y","10-49","M74","D01","BG",2008,14600
"NAC","P_SAL_Y","10-49","M74","D111","BG",2008,12949
"NAC","P_SAL_Y","10-49","M74","D1111","BG",2008,12298
"NAC","P_SAL_Y","10-49","M75","D01","BG",2008,NA
"NAC","P_SAL_Y","10-49","M75","D111","BG",2008,NA
"NAC","P_SAL_Y","10-49","M75","D1111","BG",2008,NA
"NAC","P_SAL_Y","10-49","N","D01","BG",2008,5515
"NAC","P_SAL_Y","10-49","N","D111","BG",2008,4627
"NAC","P_SAL_Y","10-49","N","D1111","BG",2008,4337
"NAC","P_SAL_Y","10-49","N77","D01","BG",2008,10545
"NAC","P_SAL_Y","10-49","N77","D111","BG",2008,8900
"NAC","P_SAL_Y","10-49","N77","D1111","BG",2008,8276
"NAC","P_SAL_Y","10-49","N78","D01","BG",2008,9309
"NAC","P_SAL_Y","10-49","N78","D111","BG",2008,7742
"NAC","P_SAL_Y","10-49","N78","D1111","BG",2008,7116
"NAC","P_SAL_Y","10-49","N79","D01","BG",2008,7900
"NAC","P_SAL_Y","10-49","N79","D111","BG",2008,6685
"NAC","P_SAL_Y","10-49","N79","D1111","BG",2008,6304
"NAC","P_SAL_Y","10-49","N80","D01","BG",2008,4113
"NAC","P_SAL_Y","10-49","N80","D111","BG",2008,3449
"NAC","P_SAL_Y","10-49","N80","D1111","BG",2008,3279
"NAC","P_SAL_Y","10-49","N81","D01","BG",2008,4114
"NAC","P_SAL_Y","10-49","N81","D111","BG",2008,3462
"NAC","P_SAL_Y","10-49","N81","D1111","BG",2008,3202
"NAC","P_SAL_Y","10-49","N82","D01","BG",2008,8460
"NAC","P_SAL_Y","10-49","N82","D111","BG",2008,7003
"NAC","P_SAL_Y","10-49","N82","D1111","BG",2008,6559
"NAC","P_SAL_Y","10-49","O","D01","BG",2008,12769
"NAC","P_SAL_Y","10-49","O","D111","BG",2008,9970
"NAC","P_SAL_Y","10-49","O","D1111","BG",2008,8849
"NAC","P_SAL_Y","10-49","O-S","D01","BG",2008,8354
"NAC","P_SAL_Y","10-49","O-S","D111","BG",2008,6675
"NAC","P_SAL_Y","10-49","O-S","D1111","BG",2008,5785
"NAC","P_SAL_Y","10-49","O84","D01","BG",2008,12769
"NAC","P_SAL_Y","10-49","O84","D111","BG",2008,9970
"NAC","P_SAL_Y","10-49","O84","D1111","BG",2008,8849
"NAC","P_SAL_Y","10-49","P","D01","BG",2008,7996
"NAC","P_SAL_Y","10-49","P","D111","BG",2008,6338
"NAC","P_SAL_Y","10-49","P","D1111","BG",2008,5271
"NAC","P_SAL_Y","10-49","P-S","D01","BG",2008,7342
"NAC","P_SAL_Y","10-49","P-S","D111","BG",2008,5920
"NAC","P_SAL_Y","10-49","P-S","D1111","BG",2008,5082
"NAC","P_SAL_Y","10-49","P85","D01","BG",2008,7996
"NAC","P_SAL_Y","10-49","P85","D111","BG",2008,6338
"NAC","P_SAL_Y","10-49","P85","D1111","BG",2008,5271
"NAC","P_SAL_Y","10-49","Q","D01","BG",2008,6887
"NAC","P_SAL_Y","10-49","Q","D111","BG",2008,5698
"NAC","P_SAL_Y","10-49","Q","D1111","BG",2008,5185
"NAC","P_SAL_Y","10-49","Q86","D01","BG",2008,7728
"NAC","P_SAL_Y","10-49","Q86","D111","BG",2008,6428
"NAC","P_SAL_Y","10-49","Q86","D1111","BG",2008,5904
"NAC","P_SAL_Y","10-49","Q87","D01","BG",2008,NA
"NAC","P_SAL_Y","10-49","Q87","D111","BG",2008,NA
"NAC","P_SAL_Y","10-49","Q87","D1111","BG",2008,NA
"NAC","P_SAL_Y","10-49","Q88","D01","BG",2008,NA
"NAC","P_SAL_Y","10-49","Q88","D111","BG",2008,NA
"NAC","P_SAL_Y","10-49","Q88","D1111","BG",2008,NA
"NAC","P_SAL_Y","10-49","R","D01","BG",2008,5444
"NAC","P_SAL_Y","10-49","R","D111","BG",2008,4485
"NAC","P_SAL_Y","10-49","R","D1111","BG",2008,4102
"NAC","P_SAL_Y","10-49","R90","D01","BG",2008,6511
"NAC","P_SAL_Y","10-49","R90","D111","BG",2008,5350
"NAC","P_SAL_Y","10-49","R90","D1111","BG",2008,4783
"NAC","P_SAL_Y","10-49","R91","D01","BG",2008,6252
"NAC","P_SAL_Y","10-49","R91","D111","BG",2008,5134
"NAC","P_SAL_Y","10-49","R91","D1111","BG",2008,4526
"NAC","P_SAL_Y","10-49","R92","D01","BG",2008,4324
"NAC","P_SAL_Y","10-49","R92","D111","BG",2008,3563
"NAC","P_SAL_Y","10-49","R92","D1111","BG",2008,3329
"NAC","P_SAL_Y","10-49","R93","D01","BG",2008,5723
"NAC","P_SAL_Y","10-49","R93","D111","BG",2008,4737
"NAC","P_SAL_Y","10-49","R93","D1111","BG",2008,4435
"NAC","P_SAL_Y","10-49","S","D01","BG",2008,5718
"NAC","P_SAL_Y","10-49","S","D111","BG",2008,4946
"NAC","P_SAL_Y","10-49","S","D1111","BG",2008,4529
"NAC","P_SAL_Y","10-49","S94","D01","BG",2008,6186
"NAC","P_SAL_Y","10-49","S94","D111","BG",2008,5486
"NAC","P_SAL_Y","10-49","S94","D1111","BG",2008,4990
"NAC","P_SAL_Y","10-49","S95","D01","BG",2008,8260
"NAC","P_SAL_Y","10-49","S95","D111","BG",2008,6891
"NAC","P_SAL_Y","10-49","S95","D1111","BG",2008,6429
"NAC","P_SAL_Y","10-49","S96","D01","BG",2008,4534
"NAC","P_SAL_Y","10-49","S96","D111","BG",2008,3732
"NAC","P_SAL_Y","10-49","S96","D1111","BG",2008,3457
"NAC","P_SAL_Y","250-499","B","D01","BG",2008,10682
"NAC","P_SAL_Y","250-499","B","D111","BG",2008,7700
"NAC","P_SAL_Y","250-499","B","D1111","BG",2008,6752
"NAC","P_SAL_Y","250-499","B-E","D01","BG",2008,9427
"NAC","P_SAL_Y","250-499","B-E","D111","BG",2008,7560
"NAC","P_SAL_Y","250-499","B-E","D1111","BG",2008,6549
"NAC","P_SAL_Y","250-499","B-F","D01","BG",2008,9251
"NAC","P_SAL_Y","250-499","B-F","D111","BG",2008,7450
"NAC","P_SAL_Y","250-499","B-F","D1111","BG",2008,6543
"NAC","P_SAL_Y","250-499","B-N","D01","BG",2008,9904
"NAC","P_SAL_Y","250-499","B-N","D111","BG",2008,8095
"NAC","P_SAL_Y","250-499","B-N","D1111","BG",2008,7171
"NAC","P_SAL_Y","250-499","B-S","D01","BG",2008,10108
"NAC","P_SAL_Y","250-499","B-S","D111","BG",2008,8227
"NAC","P_SAL_Y","250-499","B-S","D1111","BG",2008,7287
"NAC","P_SAL_Y","250-499","B-S_X_O","D01","BG",2008,9850
"NAC","P_SAL_Y","250-499","B-S_X_O","D111","BG",2008,8051
"NAC","P_SAL_Y","250-499","B-S_X_O","D1111","BG",2008,7117
"NAC","P_SAL_Y","250-499","B05","D01","BG",2008,9952
"NAC","P_SAL_Y","250-499","B05","D111","BG",2008,6799
"NAC","P_SAL_Y","250-499","B05","D1111","BG",2008,5812
"NAC","P_SAL_Y","250-499","B06","D01","BG",2008,NA
"NAC","P_SAL_Y","250-499","B06","D111","BG",2008,NA
"NAC","P_SAL_Y","250-499","B06","D1111","BG",2008,NA
"NAC","P_SAL_Y","250-499","B07","D01","BG",2008,11281
"NAC","P_SAL_Y","250-499","B07","D111","BG",2008,8263
"NAC","P_SAL_Y","250-499","B07","D1111","BG",2008,7404
"NAC","P_SAL_Y","250-499","B08","D01","BG",2008,NA
"NAC","P_SAL_Y","250-499","B08","D111","BG",2008,NA
"NAC","P_SAL_Y","250-499","B08","D1111","BG",2008,NA
"NAC","P_SAL_Y","250-499","C","D01","BG",2008,8536
"NAC","P_SAL_Y","250-499","C","D111","BG",2008,6952
"NAC","P_SAL_Y","250-499","C","D1111","BG",2008,6197
"NAC","P_SAL_Y","250-499","C10","D01","BG",2008,7528
"NAC","P_SAL_Y","250-499","C10","D111","BG",2008,6115
"NAC","P_SAL_Y","250-499","C10","D1111","BG",2008,5678
"NAC","P_SAL_Y","250-499","C11","D01","BG",2008,12307
"NAC","P_SAL_Y","250-499","C11","D111","BG",2008,10392
"NAC","P_SAL_Y","250-499","C11","D1111","BG",2008,9648
"NAC","P_SAL_Y","250-499","C12","D01","BG",2008,20914
"NAC","P_SAL_Y","250-499","C12","D111","BG",2008,16923
"NAC","P_SAL_Y","250-499","C12","D1111","BG",2008,14233
"NAC","P_SAL_Y","250-499","C13","D01","BG",2008,NA
"NAC","P_SAL_Y","250-499","C13","D111","BG",2008,NA
"NAC","P_SAL_Y","250-499","C13","D1111","BG",2008,NA
"NAC","P_SAL_Y","250-499","C14","D01","BG",2008,5255
"NAC","P_SAL_Y","250-499","C14","D111","BG",2008,4335
"NAC","P_SAL_Y","250-499","C14","D1111","BG",2008,3843
"NAC","P_SAL_Y","250-499","C15","D01","BG",2008,4941
"NAC","P_SAL_Y","250-499","C15","D111","BG",2008,3996
"NAC","P_SAL_Y","250-499","C15","D1111","BG",2008,3643
"NAC","P_SAL_Y","250-499","C16","D01","BG",2008,NA
"NAC","P_SAL_Y","250-499","C16","D111","BG",2008,NA
"NAC","P_SAL_Y","250-499","C16","D1111","BG",2008,NA
"NAC","P_SAL_Y","250-499","C17","D01","BG",2008,8056
"NAC","P_SAL_Y","250-499","C17","D111","BG",2008,6425
"NAC","P_SAL_Y","250-499","C17","D1111","BG",2008,5833
"NAC","P_SAL_Y","250-499","C18","D01","BG",2008,14774
"NAC","P_SAL_Y","250-499","C18","D111","BG",2008,12162
"NAC","P_SAL_Y","250-499","C18","D1111","BG",2008,10740
"NAC","P_SAL_Y","250-499","C19","D01","BG",2008,NA
"NAC","P_SAL_Y","250-499","C19","D111","BG",2008,NA
"NAC","P_SAL_Y","250-499","C19","D1111","BG",2008,NA
"NAC","P_SAL_Y","250-499","C20","D01","BG",2008,NA
"NAC","P_SAL_Y","250-499","C20","D111","BG",2008,NA
"NAC","P_SAL_Y","250-499","C20","D1111","BG",2008,NA
"NAC","P_SAL_Y","250-499","C21","D01","BG",2008,11612
"NAC","P_SAL_Y","250-499","C21","D111","BG",2008,9226
"NAC","P_SAL_Y","250-499","C21","D1111","BG",2008,8059
"NAC","P_SAL_Y","250-499","C22","D01","BG",2008,5548
"NAC","P_SAL_Y","250-499","C22","D111","BG",2008,4489
"NAC","P_SAL_Y","250-499","C22","D1111","BG",2008,4031
"NAC","P_SAL_Y","250-499","C23","D01","BG",2008,NA
"NAC","P_SAL_Y","250-499","C23","D111","BG",2008,NA
"NAC","P_SAL_Y","250-499","C23","D1111","BG",2008,NA
"NAC","P_SAL_Y","250-499","C24","D01","BG",2008,NA
"NAC","P_SAL_Y","250-499","C24","D111","BG",2008,NA
"NAC","P_SAL_Y","250-499","C24","D1111","BG",2008,NA
"NAC","P_SAL_Y","250-499","C25","D01","BG",2008,8906
"NAC","P_SAL_Y","250-499","C25","D111","BG",2008,7342
"NAC","P_SAL_Y","250-499","C25","D1111","BG",2008,6412
"NAC","P_SAL_Y","250-499","C26","D01","BG",2008,10206
"NAC","P_SAL_Y","250-499","C26","D111","BG",2008,8427
"NAC","P_SAL_Y","250-499","C26","D1111","BG",2008,7347
"NAC","P_SAL_Y","250-499","C27","D01","BG",2008,9261
"NAC","P_SAL_Y","250-499","C27","D111","BG",2008,7584
"NAC","P_SAL_Y","250-499","C27","D1111","BG",2008,6616
"NAC","P_SAL_Y","250-499","C28","D01","BG",2008,9353
"NAC","P_SAL_Y","250-499","C28","D111","BG",2008,7628
"NAC","P_SAL_Y","250-499","C28","D1111","BG",2008,6851
"NAC","P_SAL_Y","250-499","C29","D01","BG",2008,NA
"NAC","P_SAL_Y","250-499","C29","D111","BG",2008,NA
"NAC","P_SAL_Y","250-499","C29","D1111","BG",2008,NA
"NAC","P_SAL_Y","250-499","C30","D01","BG",2008,NA
"NAC","P_SAL_Y","250-499","C30","D111","BG",2008,NA
"NAC","P_SAL_Y","250-499","C30","D1111","BG",2008,NA
"NAC","P_SAL_Y","250-499","C31","D01","BG",2008,5420
"NAC","P_SAL_Y","250-499","C31","D111","BG",2008,4427
"NAC","P_SAL_Y","250-499","C31","D1111","BG",2008,4045
"NAC","P_SAL_Y","250-499","C32","D01","BG",2008,NA
"NAC","P_SAL_Y","250-499","C32","D111","BG",2008,NA
"NAC","P_SAL_Y","250-499","C32","D1111","BG",2008,NA
"NAC","P_SAL_Y","250-499","C33","D01","BG",2008,NA
"NAC","P_SAL_Y","250-499","C33","D111","BG",2008,NA
"NAC","P_SAL_Y","250-499","C33","D1111","BG",2008,NA
"NAC","P_SAL_Y","250-499","D","D01","BG",2008,24906
"NAC","P_SAL_Y","250-499","D","D111","BG",2008,18809
"NAC","P_SAL_Y","250-499","D","D1111","BG",2008,13439
"NAC","P_SAL_Y","250-499","D35","D01","BG",2008,24906
"NAC","P_SAL_Y","250-499","D35","D111","BG",2008,18809
"NAC","P_SAL_Y","250-499","D35","D1111","BG",2008,13439
"NAC","P_SAL_Y","250-499","E","D01","BG",2008,NA
"NAC","P_SAL_Y","250-499","E","D111","BG",2008,NA
"NAC","P_SAL_Y","250-499","E","D1111","BG",2008,NA
"NAC","P_SAL_Y","250-499","E36","D01","BG",2008,NA
"NAC","P_SAL_Y","250-499","E36","D111","BG",2008,NA
"NAC","P_SAL_Y","250-499","E36","D1111","BG",2008,NA
"NAC","P_SAL_Y","250-499","E37","D01","BG",2008,NA
"NAC","P_SAL_Y","250-499","E37","D111","BG",2008,NA
"NAC","P_SAL_Y","250-499","E37","D1111","BG",2008,NA
"NAC","P_SAL_Y","250-499","E38","D01","BG",2008,10004
"NAC","P_SAL_Y","250-499","E38","D111","BG",2008,8105
"NAC","P_SAL_Y","250-499","E38","D1111","BG",2008,7147
"NAC","P_SAL_Y","250-499","F","D01","BG",2008,8658
"NAC","P_SAL_Y","250-499","F","D111","BG",2008,7078
"NAC","P_SAL_Y","250-499","F","D1111","BG",2008,6523
"NAC","P_SAL_Y","250-499","F41","D01","BG",2008,6987
"NAC","P_SAL_Y","250-499","F41","D111","BG",2008,5799
"NAC","P_SAL_Y","250-499","F41","D1111","BG",2008,5336
"NAC","P_SAL_Y","250-499","F42","D01","BG",2008,NA
"NAC","P_SAL_Y","250-499","F42","D111","BG",2008,NA
"NAC","P_SAL_Y","250-499","F42","D1111","BG",2008,NA
"NAC","P_SAL_Y","250-499","F43","D01","BG",2008,NA
"NAC","P_SAL_Y","250-499","F43","D111","BG",2008,NA
"NAC","P_SAL_Y","250-499","F43","D1111","BG",2008,NA
"NAC","P_SAL_Y","250-499","G","D01","BG",2008,9551
"NAC","P_SAL_Y","250-499","G","D111","BG",2008,8000
"NAC","P_SAL_Y","250-499","G","D1111","BG",2008,7515
"NAC","P_SAL_Y","250-499","G-J","D01","BG",2008,11756
"NAC","P_SAL_Y","250-499","G-J","D111","BG",2008,9722
"NAC","P_SAL_Y","250-499","G-J","D1111","BG",2008,8568
"NAC","P_SAL_Y","250-499","G-N","D01","BG",2008,10895
"NAC","P_SAL_Y","250-499","G-N","D111","BG",2008,9076
"NAC","P_SAL_Y","250-499","G-N","D1111","BG",2008,8125
"NAC","P_SAL_Y","250-499","G-S_X_O","D01","BG",2008,10506
"NAC","P_SAL_Y","250-499","G-S_X_O","D111","BG",2008,8709
"NAC","P_SAL_Y","250-499","G-S_X_O","D1111","BG",2008,7746
"NAC","P_SAL_Y","250-499","G45","D01","BG",2008,NA
"NAC","P_SAL_Y","250-499","G45","D111","BG",2008,NA
"NAC","P_SAL_Y","250-499","G45","D1111","BG",2008,NA
"NAC","P_SAL_Y","250-499","G46","D01","BG",2008,14123
"NAC","P_SAL_Y","250-499","G46","D111","BG",2008,11991
"NAC","P_SAL_Y","250-499","G46","D1111","BG",2008,11271
"NAC","P_SAL_Y","250-499","G47","D01","BG",2008,6780
"NAC","P_SAL_Y","250-499","G47","D111","BG",2008,5581
"NAC","P_SAL_Y","250-499","G47","D1111","BG",2008,5238
"NAC","P_SAL_Y","250-499","H","D01","BG",2008,11029
"NAC","P_SAL_Y","250-499","H","D111","BG",2008,9006
"NAC","P_SAL_Y","250-499","H","D1111","BG",2008,7425
"NAC","P_SAL_Y","250-499","H49","D01","BG",2008,10472
"NAC","P_SAL_Y","250-499","H49","D111","BG",2008,8416
"NAC","P_SAL_Y","250-499","H49","D1111","BG",2008,6991
"NAC","P_SAL_Y","250-499","H50","D01","BG",2008,NA
"NAC","P_SAL_Y","250-499","H50","D111","BG",2008,NA
"NAC","P_SAL_Y","250-499","H50","D1111","BG",2008,NA
"NAC","P_SAL_Y","250-499","H51","D01","BG",2008,NA
"NAC","P_SAL_Y","250-499","H51","D111","BG",2008,NA
"NAC","P_SAL_Y","250-499","H51","D1111","BG",2008,NA
"NAC","P_SAL_Y","250-499","H52","D01","BG",2008,9692
"NAC","P_SAL_Y","250-499","H52","D111","BG",2008,8409
"NAC","P_SAL_Y","250-499","H52","D1111","BG",2008,6671
"NAC","P_SAL_Y","250-499","H53","D01","BG",2008,10058
"NAC","P_SAL_Y","250-499","H53","D111","BG",2008,8347
"NAC","P_SAL_Y","250-499","H53","D1111","BG",2008,6823
"NAC","P_SAL_Y","250-499","I","D01","BG",2008,6894
"NAC","P_SAL_Y","250-499","I","D111","BG",2008,5653
"NAC","P_SAL_Y","250-499","I","D1111","BG",2008,5221
"NAC","P_SAL_Y","250-499","I55","D01","BG",2008,NA
"NAC","P_SAL_Y","250-499","I55","D111","BG",2008,NA
"NAC","P_SAL_Y","250-499","I55","D1111","BG",2008,NA
"NAC","P_SAL_Y","250-499","I56","D01","BG",2008,NA
"NAC","P_SAL_Y","250-499","I56","D111","BG",2008,NA
"NAC","P_SAL_Y","250-499","I56","D1111","BG",2008,NA
"NAC","P_SAL_Y","250-499","J","D01","BG",2008,22917
"NAC","P_SAL_Y","250-499","J","D111","BG",2008,19073
"NAC","P_SAL_Y","250-499","J","D1111","BG",2008,16847
"NAC","P_SAL_Y","250-499","J58","D01","BG",2008,NA
"NAC","P_SAL_Y","250-499","J58","D111","BG",2008,NA
"NAC","P_SAL_Y","250-499","J58","D1111","BG",2008,NA
"NAC","P_SAL_Y","250-499","J60","D01","BG",2008,NA
"NAC","P_SAL_Y","250-499","J60","D111","BG",2008,NA
"NAC","P_SAL_Y","250-499","J60","D1111","BG",2008,NA
"NAC","P_SAL_Y","250-499","J61","D01","BG",2008,12511
"NAC","P_SAL_Y","250-499","J61","D111","BG",2008,10130
"NAC","P_SAL_Y","250-499","J61","D1111","BG",2008,9388
"NAC","P_SAL_Y","250-499","J62","D01","BG",2008,NA
"NAC","P_SAL_Y","250-499","J62","D111","BG",2008,NA
"NAC","P_SAL_Y","250-499","J62","D1111","BG",2008,NA
"NAC","P_SAL_Y","250-499","J63","D01","BG",2008,17206
"NAC","P_SAL_Y","250-499","J63","D111","BG",2008,14793
"NAC","P_SAL_Y","250-499","J63","D1111","BG",2008,13589
"NAC","P_SAL_Y","250-499","K","D01","BG",2008,17210
"NAC","P_SAL_Y","250-499","K","D111","BG",2008,14521
"NAC","P_SAL_Y","250-499","K","D1111","BG",2008,13296
"NAC","P_SAL_Y","250-499","K-N","D01","BG",2008,9726
"NAC","P_SAL_Y","250-499","K-N","D111","BG",2008,8199
"NAC","P_SAL_Y","250-499","K-N","D1111","BG",2008,7524
"NAC","P_SAL_Y","250-499","K64","D01","BG",2008,16932
"NAC","P_SAL_Y","250-499","K64","D111","BG",2008,14174
"NAC","P_SAL_Y","250-499","K64","D1111","BG",2008,12850
"NAC","P_SAL_Y","250-499","K65","D01","BG",2008,17694
"NAC","P_SAL_Y","250-499","K65","D111","BG",2008,15128
"NAC","P_SAL_Y","250-499","K65","D1111","BG",2008,14071
"NAC","P_SAL_Y","250-499","K66","D01","BG",2008,NA
"NAC","P_SAL_Y","250-499","K66","D111","BG",2008,NA
"NAC","P_SAL_Y","250-499","K66","D1111","BG",2008,NA
"NAC","P_SAL_Y","250-499","L","D01","BG",2008,NA
"NAC","P_SAL_Y","250-499","L","D111","BG",2008,NA
"NAC","P_SAL_Y","250-499","L","D1111","BG",2008,NA
"NAC","P_SAL_Y","250-499","L68","D01","BG",2008,NA
"NAC","P_SAL_Y","250-499","L68","D111","BG",2008,NA
"NAC","P_SAL_Y","250-499","L68","D1111","BG",2008,NA
"NAC","P_SAL_Y","250-499","M","D01","BG",2008,NA
"NAC","P_SAL_Y","250-499","M","D111","BG",2008,NA
"NAC","P_SAL_Y","250-499","M","D1111","BG",2008,NA
"NAC","P_SAL_Y","250-499","M69","D01","BG",2008,NA
"NAC","P_SAL_Y","250-499","M69","D111","BG",2008,NA
"NAC","P_SAL_Y","250-499","M69","D1111","BG",2008,NA
"NAC","P_SAL_Y","250-499","M70","D01","BG",2008,NA
"NAC","P_SAL_Y","250-499","M70","D111","BG",2008,NA
"NAC","P_SAL_Y","250-499","M70","D1111","BG",2008,NA
"NAC","P_SAL_Y","250-499","M71","D01","BG",2008,14484
"NAC","P_SAL_Y","250-499","M71","D111","BG",2008,11629
"NAC","P_SAL_Y","250-499","M71","D1111","BG",2008,10062
"NAC","P_SAL_Y","250-499","M72","D01","BG",2008,9331
"NAC","P_SAL_Y","250-499","M72","D111","BG",2008,7607
"NAC","P_SAL_Y","250-499","M72","D1111","BG",2008,6597
"NAC","P_SAL_Y","250-499","M73","D01","BG",2008,NA
"NAC","P_SAL_Y","250-499","M73","D111","BG",2008,NA
"NAC","P_SAL_Y","250-499","M73","D1111","BG",2008,NA
"NAC","P_SAL_Y","250-499","M74","D01","BG",2008,NA
"NAC","P_SAL_Y","250-499","M74","D111","BG",2008,NA
"NAC","P_SAL_Y","250-499","M74","D1111","BG",2008,NA
"NAC","P_SAL_Y","250-499","N","D01","BG",2008,5145
"NAC","P_SAL_Y","250-499","N","D111","BG",2008,4396
"NAC","P_SAL_Y","250-499","N","D1111","BG",2008,4117
"NAC","P_SAL_Y","250-499","N78","D01","BG",2008,NA
"NAC","P_SAL_Y","250-499","N78","D111","BG",2008,NA
"NAC","P_SAL_Y","250-499","N78","D1111","BG",2008,NA
"NAC","P_SAL_Y","250-499","N80","D01","BG",2008,4807
"NAC","P_SAL_Y","250-499","N80","D111","BG",2008,3967
"NAC","P_SAL_Y","250-499","N80","D1111","BG",2008,3702
"NAC","P_SAL_Y","250-499","N81","D01","BG",2008,NA
"NAC","P_SAL_Y","250-499","N81","D111","BG",2008,NA
"NAC","P_SAL_Y","250-499","N81","D1111","BG",2008,NA
"NAC","P_SAL_Y","250-499","N82","D01","BG",2008,NA
"NAC","P_SAL_Y","250-499","N82","D111","BG",2008,NA
"NAC","P_SAL_Y","250-499","N82","D1111","BG",2008,NA
"NAC","P_SAL_Y","250-499","O","D01","BG",2008,12690
"NAC","P_SAL_Y","250-499","O","D111","BG",2008,9985
"NAC","P_SAL_Y","250-499","O","D1111","BG",2008,8978
"NAC","P_SAL_Y","250-499","O-S","D01","BG",2008,10869
"NAC","P_SAL_Y","250-499","O-S","D111","BG",2008,8714
"NAC","P_SAL_Y","250-499","O-S","D1111","BG",2008,7716
"NAC","P_SAL_Y","250-499","O84","D01","BG",2008,12690
"NAC","P_SAL_Y","250-499","O84","D111","BG",2008,9985
"NAC","P_SAL_Y","250-499","O84","D1111","BG",2008,8978
"NAC","P_SAL_Y","250-499","P","D01","BG",2008,10106
"NAC","P_SAL_Y","250-499","P","D111","BG",2008,8280
"NAC","P_SAL_Y","250-499","P","D1111","BG",2008,7000
"NAC","P_SAL_Y","250-499","P-S","D01","BG",2008,9502
"NAC","P_SAL_Y","250-499","P-S","D111","BG",2008,7760
"NAC","P_SAL_Y","250-499","P-S","D1111","BG",2008,6769
"NAC","P_SAL_Y","250-499","P85","D01","BG",2008,10106
"NAC","P_SAL_Y","250-499","P85","D111","BG",2008,8280
"NAC","P_SAL_Y","250-499","P85","D1111","BG",2008,7000
"NAC","P_SAL_Y","250-499","Q","D01","BG",2008,9574
"NAC","P_SAL_Y","250-499","Q","D111","BG",2008,7801
"NAC","P_SAL_Y","250-499","Q","D1111","BG",2008,6972
"NAC","P_SAL_Y","250-499","Q86","D01","BG",2008,10262
"NAC","P_SAL_Y","250-499","Q86","D111","BG",2008,8380
"NAC","P_SAL_Y","250-499","Q86","D1111","BG",2008,7507
"NAC","P_SAL_Y","250-499","Q87","D01","BG",2008,NA
"NAC","P_SAL_Y","250-499","Q87","D111","BG",2008,NA
"NAC","P_SAL_Y","250-499","Q87","D1111","BG",2008,NA
"NAC","P_SAL_Y","250-499","Q88","D01","BG",2008,NA
"NAC","P_SAL_Y","250-499","Q88","D111","BG",2008,NA
"NAC","P_SAL_Y","250-499","Q88","D1111","BG",2008,NA
"NAC","P_SAL_Y","250-499","R","D01","BG",2008,7327
"NAC","P_SAL_Y","250-499","R","D111","BG",2008,5953
"NAC","P_SAL_Y","250-499","R","D1111","BG",2008,5264
"NAC","P_SAL_Y","250-499","R90","D01","BG",2008,9993
"NAC","P_SAL_Y","250-499","R90","D111","BG",2008,8063
"NAC","P_SAL_Y","250-499","R90","D1111","BG",2008,6858
"NAC","P_SAL_Y","250-499","R91","D01","BG",2008,NA
"NAC","P_SAL_Y","250-499","R91","D111","BG",2008,NA
"NAC","P_SAL_Y","250-499","R91","D1111","BG",2008,NA
"NAC","P_SAL_Y","250-499","R92","D01","BG",2008,5358
"NAC","P_SAL_Y","250-499","R92","D111","BG",2008,4372
"NAC","P_SAL_Y","250-499","R92","D1111","BG",2008,4067
"NAC","P_SAL_Y","250-499","R93","D01","BG",2008,NA
"NAC","P_SAL_Y","250-499","R93","D111","BG",2008,NA
"NAC","P_SAL_Y","250-499","R93","D1111","BG",2008,NA
"NAC","P_SAL_Y","250-499","S","D01","BG",2008,NA
"NAC","P_SAL_Y","250-499","S","D111","BG",2008,NA
"NAC","P_SAL_Y","250-499","S","D1111","BG",2008,NA
"NAC","P_SAL_Y","250-499","S94","D01","BG",2008,NA
"NAC","P_SAL_Y","250-499","S94","D111","BG",2008,NA
"NAC","P_SAL_Y","250-499","S94","D1111","BG",2008,NA
"NAC","P_SAL_Y","50-249","B","D01","BG",2008,10016
"NAC","P_SAL_Y","50-249","B","D111","BG",2008,7706
"NAC","P_SAL_Y","50-249","B","D1111","BG",2008,6902
"NAC","P_SAL_Y","50-249","B-E","D01","BG",2008,6929
"NAC","P_SAL_Y","50-249","B-E","D111","BG",2008,5604
"NAC","P_SAL_Y","50-249","B-E","D1111","BG",2008,4996
"NAC","P_SAL_Y","50-249","B-F","D01","BG",2008,7024
"NAC","P_SAL_Y","50-249","B-F","D111","BG",2008,5696
"NAC","P_SAL_Y","50-249","B-F","D1111","BG",2008,5137
"NAC","P_SAL_Y","50-249","B-N","D01","BG",2008,8070
"NAC","P_SAL_Y","50-249","B-N","D111","BG",2008,6665
"NAC","P_SAL_Y","50-249","B-N","D1111","BG",2008,6039
"NAC","P_SAL_Y","50-249","B-S","D01","BG",2008,8356
"NAC","P_SAL_Y","50-249","B-S","D111","BG",2008,6844
"NAC","P_SAL_Y","50-249","B-S","D1111","BG",2008,6142
"NAC","P_SAL_Y","50-249","B-S_X_O","D01","BG",2008,8173
"NAC","P_SAL_Y","50-249","B-S_X_O","D111","BG",2008,6721
"NAC","P_SAL_Y","50-249","B-S_X_O","D1111","BG",2008,6030
"NAC","P_SAL_Y","50-249","B05","D01","BG",2008,6383
"NAC","P_SAL_Y","50-249","B05","D111","BG",2008,4651
"NAC","P_SAL_Y","50-249","B05","D1111","BG",2008,4316
"NAC","P_SAL_Y","50-249","B07","D01","BG",2008,NA
"NAC","P_SAL_Y","50-249","B07","D111","BG",2008,NA
"NAC","P_SAL_Y","50-249","B07","D1111","BG",2008,NA
"NAC","P_SAL_Y","50-249","B08","D01","BG",2008,10546
"NAC","P_SAL_Y","50-249","B08","D111","BG",2008,8208
"NAC","P_SAL_Y","50-249","B08","D1111","BG",2008,7315
"NAC","P_SAL_Y","50-249","B09","D01","BG",2008,NA
"NAC","P_SAL_Y","50-249","B09","D111","BG",2008,NA
"NAC","P_SAL_Y","50-249","B09","D1111","BG",2008,NA
"NAC","P_SAL_Y","50-249","C","D01","BG",2008,6438
"NAC","P_SAL_Y","50-249","C","D111","BG",2008,5231
"NAC","P_SAL_Y","50-249","C","D1111","BG",2008,4738
"NAC","P_SAL_Y","50-249","C10","D01","BG",2008,6113
"NAC","P_SAL_Y","50-249","C10","D111","BG",2008,5028
"NAC","P_SAL_Y","50-249","C10","D1111","BG",2008,4662
"NAC","P_SAL_Y","50-249","C11","D01","BG",2008,6806
"NAC","P_SAL_Y","50-249","C11","D111","BG",2008,5569
"NAC","P_SAL_Y","50-249","C11","D1111","BG",2008,4960
"NAC","P_SAL_Y","50-249","C12","D01","BG",2008,20677
"NAC","P_SAL_Y","50-249","C12","D111","BG",2008,7938
"NAC","P_SAL_Y","50-249","C12","D1111","BG",2008,6647
"NAC","P_SAL_Y","50-249","C13","D01","BG",2008,6114
"NAC","P_SAL_Y","50-249","C13","D111","BG",2008,4897
"NAC","P_SAL_Y","50-249","C13","D1111","BG",2008,4471
"NAC","P_SAL_Y","50-249","C14","D01","BG",2008,4475
"NAC","P_SAL_Y","50-249","C14","D111","BG",2008,3666
"NAC","P_SAL_Y","50-249","C14","D1111","BG",2008,3316
"NAC","P_SAL_Y","50-249","C15","D01","BG",2008,4268
"NAC","P_SAL_Y","50-249","C15","D111","BG",2008,3499
"NAC","P_SAL_Y","50-249","C15","D1111","BG",2008,3189
"NAC","P_SAL_Y","50-249","C16","D01","BG",2008,6497
"NAC","P_SAL_Y","50-249","C16","D111","BG",2008,5298
"NAC","P_SAL_Y","50-249","C16","D1111","BG",2008,4819
"NAC","P_SAL_Y","50-249","C17","D01","BG",2008,6157
"NAC","P_SAL_Y","50-249","C17","D111","BG",2008,5025
"NAC","P_SAL_Y","50-249","C17","D1111","BG",2008,4404
"NAC","P_SAL_Y","50-249","C18","D01","BG",2008,8829
"NAC","P_SAL_Y","50-249","C18","D111","BG",2008,7391
"NAC","P_SAL_Y","50-249","C18","D1111","BG",2008,6743
"NAC","P_SAL_Y","50-249","C19","D01","BG",2008,9041
"NAC","P_SAL_Y","50-249","C19","D111","BG",2008,7387
"NAC","P_SAL_Y","50-249","C19","D1111","BG",2008,6803
"NAC","P_SAL_Y","50-249","C20","D01","BG",2008,8333
"NAC","P_SAL_Y","50-249","C20","D111","BG",2008,6824
"NAC","P_SAL_Y","50-249","C20","D1111","BG",2008,6060
"NAC","P_SAL_Y","50-249","C21","D01","BG",2008,9581
"NAC","P_SAL_Y","50-249","C21","D111","BG",2008,7882
"NAC","P_SAL_Y","50-249","C21","D1111","BG",2008,7141
"NAC","P_SAL_Y","50-249","C22","D01","BG",2008,6332
"NAC","P_SAL_Y","50-249","C22","D111","BG",2008,5227
"NAC","P_SAL_Y","50-249","C22","D1111","BG",2008,4798
"NAC","P_SAL_Y","50-249","C23","D01","BG",2008,8992
"NAC","P_SAL_Y","50-249","C23","D111","BG",2008,7265
"NAC","P_SAL_Y","50-249","C23","D1111","BG",2008,6605
"NAC","P_SAL_Y","50-249","C24","D01","BG",2008,9071
"NAC","P_SAL_Y","50-249","C24","D111","BG",2008,7132
"NAC","P_SAL_Y","50-249","C24","D1111","BG",2008,6305
"NAC","P_SAL_Y","50-249","C25","D01","BG",2008,7271
"NAC","P_SAL_Y","50-249","C25","D111","BG",2008,5905
"NAC","P_SAL_Y","50-249","C25","D1111","BG",2008,5337
"NAC","P_SAL_Y","50-249","C26","D01","BG",2008,9861
"NAC","P_SAL_Y","50-249","C26","D111","BG",2008,8142
"NAC","P_SAL_Y","50-249","C26","D1111","BG",2008,7081
"NAC","P_SAL_Y","50-249","C27","D01","BG",2008,7410
"NAC","P_SAL_Y","50-249","C27","D111","BG",2008,6070
"NAC","P_SAL_Y","50-249","C27","D1111","BG",2008,5457
"NAC","P_SAL_Y","50-249","C28","D01","BG",2008,8345
"NAC","P_SAL_Y","50-249","C28","D111","BG",2008,6845
"NAC","P_SAL_Y","50-249","C28","D1111","BG",2008,6147
"NAC","P_SAL_Y","50-249","C29","D01","BG",2008,7723
"NAC","P_SAL_Y","50-249","C29","D111","BG",2008,6367
"NAC","P_SAL_Y","50-249","C29","D1111","BG",2008,5595
"NAC","P_SAL_Y","50-249","C30","D01","BG",2008,9050
"NAC","P_SAL_Y","50-249","C30","D111","BG",2008,7330
"NAC","P_SAL_Y","50-249","C30","D1111","BG",2008,6517
"NAC","P_SAL_Y","50-249","C31","D01","BG",2008,4994
"NAC","P_SAL_Y","50-249","C31","D111","BG",2008,4089
"NAC","P_SAL_Y","50-249","C31","D1111","BG",2008,3735
"NAC","P_SAL_Y","50-249","C32","D01","BG",2008,7822
"NAC","P_SAL_Y","50-249","C32","D111","BG",2008,6522
"NAC","P_SAL_Y","50-249","C32","D1111","BG",2008,5854
"NAC","P_SAL_Y","50-249","C33","D01","BG",2008,9904
"NAC","P_SAL_Y","50-249","C33","D111","BG",2008,8085
"NAC","P_SAL_Y","50-249","C33","D1111","BG",2008,7298
"NAC","P_SAL_Y","50-249","D","D01","BG",2008,18936
"NAC","P_SAL_Y","50-249","D","D111","BG",2008,14788
"NAC","P_SAL_Y","50-249","D","D1111","BG",2008,11452
"NAC","P_SAL_Y","50-249","D35","D01","BG",2008,18936
"NAC","P_SAL_Y","50-249","D35","D111","BG",2008,14788
"NAC","P_SAL_Y","50-249","D35","D1111","BG",2008,11452
"NAC","P_SAL_Y","50-249","E","D01","BG",2008,8112
"NAC","P_SAL_Y","50-249","E","D111","BG",2008,6578
"NAC","P_SAL_Y","50-249","E","D1111","BG",2008,5433
"NAC","P_SAL_Y","50-249","E36","D01","BG",2008,9838
"NAC","P_SAL_Y","50-249","E36","D111","BG",2008,7945
"NAC","P_SAL_Y","50-249","E36","D1111","BG",2008,6120
"NAC","P_SAL_Y","50-249","E37","D01","BG",2008,NA
"NAC","P_SAL_Y","50-249","E37","D111","BG",2008,NA
"NAC","P_SAL_Y","50-249","E37","D1111","BG",2008,NA
"NAC","P_SAL_Y","50-249","E38","D01","BG",2008,6168
"NAC","P_SAL_Y","50-249","E38","D111","BG",2008,5034
"NAC","P_SAL_Y","50-249","E38","D1111","BG",2008,4632
"NAC","P_SAL_Y","50-249","E39","D01","BG",2008,8740
"NAC","P_SAL_Y","50-249","E39","D111","BG",2008,7169
"NAC","P_SAL_Y","50-249","E39","D1111","BG",2008,6349
"NAC","P_SAL_Y","50-249","F","D01","BG",2008,7289
"NAC","P_SAL_Y","50-249","F","D111","BG",2008,5952
"NAC","P_SAL_Y","50-249","F","D1111","BG",2008,5529
"NAC","P_SAL_Y","50-249","F41","D01","BG",2008,6325
"NAC","P_SAL_Y","50-249","F41","D111","BG",2008,5185
"NAC","P_SAL_Y","50-249","F41","D1111","BG",2008,4836
"NAC","P_SAL_Y","50-249","F42","D01","BG",2008,8826
"NAC","P_SAL_Y","50-249","F42","D111","BG",2008,7109
"NAC","P_SAL_Y","50-249","F42","D1111","BG",2008,6534
"NAC","P_SAL_Y","50-249","F43","D01","BG",2008,8643
"NAC","P_SAL_Y","50-249","F43","D111","BG",2008,7125
"NAC","P_SAL_Y","50-249","F43","D1111","BG",2008,6639
"NAC","P_SAL_Y","50-249","G","D01","BG",2008,9163
"NAC","P_SAL_Y","50-249","G","D111","BG",2008,7726
"NAC","P_SAL_Y","50-249","G","D1111","BG",2008,7192
"NAC","P_SAL_Y","50-249","G-J","D01","BG",2008,9791
"NAC","P_SAL_Y","50-249","G-J","D111","BG",2008,8201
"NAC","P_SAL_Y","50-249","G-J","D1111","BG",2008,7488
"NAC","P_SAL_Y","50-249","G-N","D01","BG",2008,9626
"NAC","P_SAL_Y","50-249","G-N","D111","BG",2008,8105
"NAC","P_SAL_Y","50-249","G-N","D1111","BG",2008,7381
"NAC","P_SAL_Y","50-249","G-S_X_O","D01","BG",2008,9255
"NAC","P_SAL_Y","50-249","G-S_X_O","D111","BG",2008,7686
"NAC","P_SAL_Y","50-249","G-S_X_O","D1111","BG",2008,6871
"NAC","P_SAL_Y","50-249","G45","D01","BG",2008,13426
"NAC","P_SAL_Y","50-249","G45","D111","BG",2008,11368
"NAC","P_SAL_Y","50-249","G45","D1111","BG",2008,10540
"NAC","P_SAL_Y","50-249","G46","D01","BG",2008,9797
"NAC","P_SAL_Y","50-249","G46","D111","BG",2008,8307
"NAC","P_SAL_Y","50-249","G46","D1111","BG",2008,7745
"NAC","P_SAL_Y","50-249","G47","D01","BG",2008,6936
"NAC","P_SAL_Y","50-249","G47","D111","BG",2008,5765
"NAC","P_SAL_Y","50-249","G47","D1111","BG",2008,5362
"NAC","P_SAL_Y","50-249","H","D01","BG",2008,10008
"NAC","P_SAL_Y","50-249","H","D111","BG",2008,8262
"NAC","P_SAL_Y","50-249","H","D1111","BG",2008,7118
"NAC","P_SAL_Y","50-249","H49","D01","BG",2008,7635
"NAC","P_SAL_Y","50-249","H49","D111","BG",2008,6085
"NAC","P_SAL_Y","50-249","H49","D1111","BG",2008,5454
"NAC","P_SAL_Y","50-249","H50","D01","BG",2008,15664
"NAC","P_SAL_Y","50-249","H50","D111","BG",2008,12622
"NAC","P_SAL_Y","50-249","H50","D1111","BG",2008,10477
"NAC","P_SAL_Y","50-249","H51","D01","BG",2008,25461
"NAC","P_SAL_Y","50-249","H51","D111","BG",2008,20624
"NAC","P_SAL_Y","50-249","H51","D1111","BG",2008,18807
"NAC","P_SAL_Y","50-249","H52","D01","BG",2008,13847
"NAC","P_SAL_Y","50-249","H52","D111","BG",2008,11981
"NAC","P_SAL_Y","50-249","H52","D1111","BG",2008,10054
"NAC","P_SAL_Y","50-249","H53","D01","BG",2008,8270
"NAC","P_SAL_Y","50-249","H53","D111","BG",2008,6756
"NAC","P_SAL_Y","50-249","H53","D1111","BG",2008,5404
"NAC","P_SAL_Y","50-249","I","D01","BG",2008,6084
"NAC","P_SAL_Y","50-249","I","D111","BG",2008,4980
"NAC","P_SAL_Y","50-249","I","D1111","BG",2008,4619
"NAC","P_SAL_Y","50-249","I55","D01","BG",2008,6866
"NAC","P_SAL_Y","50-249","I55","D111","BG",2008,5613
"NAC","P_SAL_Y","50-249","I55","D1111","BG",2008,5201
"NAC","P_SAL_Y","50-249","I56","D01","BG",2008,4777
"NAC","P_SAL_Y","50-249","I56","D111","BG",2008,3922
"NAC","P_SAL_Y","50-249","I56","D1111","BG",2008,3646
"NAC","P_SAL_Y","50-249","J","D01","BG",2008,18024
"NAC","P_SAL_Y","50-249","J","D111","BG",2008,15323
"NAC","P_SAL_Y","50-249","J","D1111","BG",2008,14183
"NAC","P_SAL_Y","50-249","J58","D01","BG",2008,11721
"NAC","P_SAL_Y","50-249","J58","D111","BG",2008,9964
"NAC","P_SAL_Y","50-249","J58","D1111","BG",2008,9240
"NAC","P_SAL_Y","50-249","J59","D01","BG",2008,13364
"NAC","P_SAL_Y","50-249","J59","D111","BG",2008,11089
"NAC","P_SAL_Y","50-249","J59","D1111","BG",2008,10366
"NAC","P_SAL_Y","50-249","J60","D01","BG",2008,11675
"NAC","P_SAL_Y","50-249","J60","D111","BG",2008,9790
"NAC","P_SAL_Y","50-249","J60","D1111","BG",2008,9200
"NAC","P_SAL_Y","50-249","J61","D01","BG",2008,15785
"NAC","P_SAL_Y","50-249","J61","D111","BG",2008,12911
"NAC","P_SAL_Y","50-249","J61","D1111","BG",2008,11968
"NAC","P_SAL_Y","50-249","J62","D01","BG",2008,26839
"NAC","P_SAL_Y","50-249","J62","D111","BG",2008,23353
"NAC","P_SAL_Y","50-249","J62","D1111","BG",2008,21640
"NAC","P_SAL_Y","50-249","J63","D01","BG",2008,14595
"NAC","P_SAL_Y","50-249","J63","D111","BG",2008,12268
"NAC","P_SAL_Y","50-249","J63","D1111","BG",2008,10903
"NAC","P_SAL_Y","50-249","K","D01","BG",2008,18761
"NAC","P_SAL_Y","50-249","K","D111","BG",2008,15799
"NAC","P_SAL_Y","50-249","K","D1111","BG",2008,14186
"NAC","P_SAL_Y","50-249","K-N","D01","BG",2008,9289
"NAC","P_SAL_Y","50-249","K-N","D111","BG",2008,7909
"NAC","P_SAL_Y","50-249","K-N","D1111","BG",2008,7163
"NAC","P_SAL_Y","50-249","K64","D01","BG",2008,18280
"NAC","P_SAL_Y","50-249","K64","D111","BG",2008,15458
"NAC","P_SAL_Y","50-249","K64","D1111","BG",2008,13764
"NAC","P_SAL_Y","50-249","K65","D01","BG",2008,21780
"NAC","P_SAL_Y","50-249","K65","D111","BG",2008,18250
"NAC","P_SAL_Y","50-249","K65","D1111","BG",2008,17129
"NAC","P_SAL_Y","50-249","K66","D01","BG",2008,19186
"NAC","P_SAL_Y","50-249","K66","D111","BG",2008,15602
"NAC","P_SAL_Y","50-249","K66","D1111","BG",2008,14095
"NAC","P_SAL_Y","50-249","L","D01","BG",2008,NA
"NAC","P_SAL_Y","50-249","L","D111","BG",2008,NA
"NAC","P_SAL_Y","50-249","L","D1111","BG",2008,NA
"NAC","P_SAL_Y","50-249","L68","D01","BG",2008,NA
"NAC","P_SAL_Y","50-249","L68","D111","BG",2008,NA
"NAC","P_SAL_Y","50-249","L68","D1111","BG",2008,NA
"NAC","P_SAL_Y","50-249","M","D01","BG",2008,14569
"NAC","P_SAL_Y","50-249","M","D111","BG",2008,12271
"NAC","P_SAL_Y","50-249","M","D1111","BG",2008,10998
"NAC","P_SAL_Y","50-249","M69","D01","BG",2008,NA
"NAC","P_SAL_Y","50-249","M69","D111","BG",2008,NA
"NAC","P_SAL_Y","50-249","M69","D1111","BG",2008,NA
"NAC","P_SAL_Y","50-249","M70","D01","BG",2008,NA
"NAC","P_SAL_Y","50-249","M70","D111","BG",2008,NA
"NAC","P_SAL_Y","50-249","M70","D1111","BG",2008,NA
"NAC","P_SAL_Y","50-249","M71","D01","BG",2008,17018
"NAC","P_SAL_Y","50-249","M71","D111","BG",2008,14249
"NAC","P_SAL_Y","50-249","M71","D1111","BG",2008,12476
"NAC","P_SAL_Y","50-249","M72","D01","BG",2008,9203
"NAC","P_SAL_Y","50-249","M72","D111","BG",2008,7558
"NAC","P_SAL_Y","50-249","M72","D1111","BG",2008,6584
"NAC","P_SAL_Y","50-249","M73","D01","BG",2008,NA
"NAC","P_SAL_Y","50-249","M73","D111","BG",2008,NA
"NAC","P_SAL_Y","50-249","M73","D1111","BG",2008,NA
"NAC","P_SAL_Y","50-249","M74","D01","BG",2008,NA
"NAC","P_SAL_Y","50-249","M74","D111","BG",2008,NA
"NAC","P_SAL_Y","50-249","M74","D1111","BG",2008,NA
"NAC","P_SAL_Y","50-249","N","D01","BG",2008,4110
"NAC","P_SAL_Y","50-249","N","D111","BG",2008,3628
"NAC","P_SAL_Y","50-249","N","D1111","BG",2008,3381
"NAC","P_SAL_Y","50-249","N77","D01","BG",2008,13440
"NAC","P_SAL_Y","50-249","N77","D111","BG",2008,11286
"NAC","P_SAL_Y","50-249","N77","D1111","BG",2008,10190
"NAC","P_SAL_Y","50-249","N78","D01","BG",2008,12336
"NAC","P_SAL_Y","50-249","N78","D111","BG",2008,10270
"NAC","P_SAL_Y","50-249","N78","D1111","BG",2008,9398
"NAC","P_SAL_Y","50-249","N79","D01","BG",2008,7205
"NAC","P_SAL_Y","50-249","N79","D111","BG",2008,6009
"NAC","P_SAL_Y","50-249","N79","D1111","BG",2008,5714
"NAC","P_SAL_Y","50-249","N80","D01","BG",2008,4028
"NAC","P_SAL_Y","50-249","N80","D111","BG",2008,3319
"NAC","P_SAL_Y","50-249","N80","D1111","BG",2008,3127
"NAC","P_SAL_Y","50-249","N81","D01","BG",2008,3121
"NAC","P_SAL_Y","50-249","N81","D111","BG",2008,3009
"NAC","P_SAL_Y","50-249","N81","D1111","BG",2008,2783
"NAC","P_SAL_Y","50-249","N82","D01","BG",2008,10608
"NAC","P_SAL_Y","50-249","N82","D111","BG",2008,8725
"NAC","P_SAL_Y","50-249","N82","D1111","BG",2008,8182
"NAC","P_SAL_Y","50-249","O","D01","BG",2008,10284
"NAC","P_SAL_Y","50-249","O","D111","BG",2008,8141
"NAC","P_SAL_Y","50-249","O","D1111","BG",2008,7326
"NAC","P_SAL_Y","50-249","O-S","D01","BG",2008,9173
"NAC","P_SAL_Y","50-249","O-S","D111","BG",2008,7356
"NAC","P_SAL_Y","50-249","O-S","D1111","BG",2008,6437
"NAC","P_SAL_Y","50-249","O84","D01","BG",2008,10284
"NAC","P_SAL_Y","50-249","O84","D111","BG",2008,8141
"NAC","P_SAL_Y","50-249","O84","D1111","BG",2008,7326
"NAC","P_SAL_Y","50-249","P","D01","BG",2008,9093
"NAC","P_SAL_Y","50-249","P","D111","BG",2008,7229
"NAC","P_SAL_Y","50-249","P","D1111","BG",2008,6000
"NAC","P_SAL_Y","50-249","P-S","D01","BG",2008,8615
"NAC","P_SAL_Y","50-249","P-S","D111","BG",2008,6963
"NAC","P_SAL_Y","50-249","P-S","D1111","BG",2008,5990
"NAC","P_SAL_Y","50-249","P85","D01","BG",2008,9093
"NAC","P_SAL_Y","50-249","P85","D111","BG",2008,7229
"NAC","P_SAL_Y","50-249","P85","D1111","BG",2008,6000
"NAC","P_SAL_Y","50-249","Q","D01","BG",2008,8045
"NAC","P_SAL_Y","50-249","Q","D111","BG",2008,6602
"NAC","P_SAL_Y","50-249","Q","D1111","BG",2008,5898
"NAC","P_SAL_Y","50-249","Q86","D01","BG",2008,9245
"NAC","P_SAL_Y","50-249","Q86","D111","BG",2008,7578
"NAC","P_SAL_Y","50-249","Q86","D1111","BG",2008,6811
"NAC","P_SAL_Y","50-249","Q87","D01","BG",2008,6359
"NAC","P_SAL_Y","50-249","Q87","D111","BG",2008,5230
"NAC","P_SAL_Y","50-249","Q87","D1111","BG",2008,4566
"NAC","P_SAL_Y","50-249","Q88","D01","BG",2008,5408
"NAC","P_SAL_Y","50-249","Q88","D111","BG",2008,4458
"NAC","P_SAL_Y","50-249","Q88","D1111","BG",2008,3938
"NAC","P_SAL_Y","50-249","R","D01","BG",2008,8229
"NAC","P_SAL_Y","50-249","R","D111","BG",2008,6880
"NAC","P_SAL_Y","50-249","R","D1111","BG",2008,6246
"NAC","P_SAL_Y","50-249","R90","D01","BG",2008,7170
"NAC","P_SAL_Y","50-249","R90","D111","BG",2008,5797
"NAC","P_SAL_Y","50-249","R90","D1111","BG",2008,5059
"NAC","P_SAL_Y","50-249","R91","D01","BG",2008,NA
"NAC","P_SAL_Y","50-249","R91","D111","BG",2008,NA
"NAC","P_SAL_Y","50-249","R91","D1111","BG",2008,NA
"NAC","P_SAL_Y","50-249","R92","D01","BG",2008,7410
"NAC","P_SAL_Y","50-249","R92","D111","BG",2008,6145
"NAC","P_SAL_Y","50-249","R92","D1111","BG",2008,5669
"NAC","P_SAL_Y","50-249","R93","D01","BG",2008,NA
"NAC","P_SAL_Y","50-249","R93","D111","BG",2008,NA
"NAC","P_SAL_Y","50-249","R93","D1111","BG",2008,NA
"NAC","P_SAL_Y","50-249","S","D01","BG",2008,NA
"NAC","P_SAL_Y","50-249","S","D111","BG",2008,NA
"NAC","P_SAL_Y","50-249","S","D1111","BG",2008,NA
"NAC","P_SAL_Y","50-249","S94","D01","BG",2008,NA
"NAC","P_SAL_Y","50-249","S94","D111","BG",2008,NA
"NAC","P_SAL_Y","50-249","S94","D1111","BG",2008,NA
"NAC","P_SAL_Y","50-249","S95","D01","BG",2008,NA
"NAC","P_SAL_Y","50-249","S95","D111","BG",2008,NA
"NAC","P_SAL_Y","50-249","S95","D1111","BG",2008,NA
"NAC","P_SAL_Y","50-249","S96","D01","BG",2008,7516
"NAC","P_SAL_Y","50-249","S96","D111","BG",2008,6194
"NAC","P_SAL_Y","50-249","S96","D1111","BG",2008,5445
"NAC","P_SAL_Y","500-999","B","D01","BG",2008,16234
"NAC","P_SAL_Y","500-999","B","D111","BG",2008,12083
"NAC","P_SAL_Y","500-999","B","D1111","BG",2008,10256
"NAC","P_SAL_Y","500-999","B-E","D01","BG",2008,11264
"NAC","P_SAL_Y","500-999","B-E","D111","BG",2008,8853
"NAC","P_SAL_Y","500-999","B-E","D1111","BG",2008,7678
"NAC","P_SAL_Y","500-999","B-F","D01","BG",2008,11206
"NAC","P_SAL_Y","500-999","B-F","D111","BG",2008,8852
"NAC","P_SAL_Y","500-999","B-F","D1111","BG",2008,7749
"NAC","P_SAL_Y","500-999","B-N","D01","BG",2008,12219
"NAC","P_SAL_Y","500-999","B-N","D111","BG",2008,9831
"NAC","P_SAL_Y","500-999","B-N","D1111","BG",2008,8493
"NAC","P_SAL_Y","500-999","B-S","D01","BG",2008,12131
"NAC","P_SAL_Y","500-999","B-S","D111","BG",2008,9783
"NAC","P_SAL_Y","500-999","B-S","D1111","BG",2008,8522
"NAC","P_SAL_Y","500-999","B-S_X_O","D01","BG",2008,11925
"NAC","P_SAL_Y","500-999","B-S_X_O","D111","BG",2008,9630
"NAC","P_SAL_Y","500-999","B-S_X_O","D1111","BG",2008,8356
"NAC","P_SAL_Y","500-999","B05","D01","BG",2008,NA
"NAC","P_SAL_Y","500-999","B05","D111","BG",2008,NA
"NAC","P_SAL_Y","500-999","B05","D1111","BG",2008,NA
"NAC","P_SAL_Y","500-999","B06","D01","BG",2008,NA
"NAC","P_SAL_Y","500-999","B06","D111","BG",2008,NA
"NAC","P_SAL_Y","500-999","B06","D1111","BG",2008,NA
"NAC","P_SAL_Y","500-999","B07","D01","BG",2008,18811
"NAC","P_SAL_Y","500-999","B07","D111","BG",2008,14094
"NAC","P_SAL_Y","500-999","B07","D1111","BG",2008,11791
"NAC","P_SAL_Y","500-999","B08","D01","BG",2008,NA
"NAC","P_SAL_Y","500-999","B08","D111","BG",2008,NA
"NAC","P_SAL_Y","500-999","B08","D1111","BG",2008,NA
"NAC","P_SAL_Y","500-999","C","D01","BG",2008,10441
"NAC","P_SAL_Y","500-999","C","D111","BG",2008,8310
"NAC","P_SAL_Y","500-999","C","D1111","BG",2008,7331
"NAC","P_SAL_Y","500-999","C10","D01","BG",2008,NA
"NAC","P_SAL_Y","500-999","C10","D111","BG",2008,NA
"NAC","P_SAL_Y","500-999","C10","D1111","BG",2008,NA
"NAC","P_SAL_Y","500-999","C11","D01","BG",2008,10826
"NAC","P_SAL_Y","500-999","C11","D111","BG",2008,9049
"NAC","P_SAL_Y","500-999","C11","D1111","BG",2008,7949
"NAC","P_SAL_Y","500-999","C12","D01","BG",2008,NA
"NAC","P_SAL_Y","500-999","C12","D111","BG",2008,NA
"NAC","P_SAL_Y","500-999","C12","D1111","BG",2008,NA
"NAC","P_SAL_Y","500-999","C13","D01","BG",2008,6957
"NAC","P_SAL_Y","500-999","C13","D111","BG",2008,5606
"NAC","P_SAL_Y","500-999","C13","D1111","BG",2008,5073
"NAC","P_SAL_Y","500-999","C14","D01","BG",2008,6249
"NAC","P_SAL_Y","500-999","C14","D111","BG",2008,5106
"NAC","P_SAL_Y","500-999","C14","D1111","BG",2008,4632
"NAC","P_SAL_Y","500-999","C15","D01","BG",2008,4217
"NAC","P_SAL_Y","500-999","C15","D111","BG",2008,3426
"NAC","P_SAL_Y","500-999","C15","D1111","BG",2008,3163
"NAC","P_SAL_Y","500-999","C16","D01","BG",2008,NA
"NAC","P_SAL_Y","500-999","C16","D111","BG",2008,NA
"NAC","P_SAL_Y","500-999","C16","D1111","BG",2008,NA
"NAC","P_SAL_Y","500-999","C17","D01","BG",2008,13502
"NAC","P_SAL_Y","500-999","C17","D111","BG",2008,10872
"NAC","P_SAL_Y","500-999","C17","D1111","BG",2008,9391
"NAC","P_SAL_Y","500-999","C20","D01","BG",2008,18637
"NAC","P_SAL_Y","500-999","C20","D111","BG",2008,12432
"NAC","P_SAL_Y","500-999","C20","D1111","BG",2008,10020
"NAC","P_SAL_Y","500-999","C21","D01","BG",2008,11810
"NAC","P_SAL_Y","500-999","C21","D111","BG",2008,9096
"NAC","P_SAL_Y","500-999","C21","D1111","BG",2008,8137
"NAC","P_SAL_Y","500-999","C22","D01","BG",2008,NA
"NAC","P_SAL_Y","500-999","C22","D111","BG",2008,NA
"NAC","P_SAL_Y","500-999","C22","D1111","BG",2008,NA
"NAC","P_SAL_Y","500-999","C23","D01","BG",2008,12448
"NAC","P_SAL_Y","500-999","C23","D111","BG",2008,9791
"NAC","P_SAL_Y","500-999","C23","D1111","BG",2008,8681
"NAC","P_SAL_Y","500-999","C24","D01","BG",2008,16542
"NAC","P_SAL_Y","500-999","C24","D111","BG",2008,12906
"NAC","P_SAL_Y","500-999","C24","D1111","BG",2008,11261
"NAC","P_SAL_Y","500-999","C25","D01","BG",2008,9253
"NAC","P_SAL_Y","500-999","C25","D111","BG",2008,7510
"NAC","P_SAL_Y","500-999","C25","D1111","BG",2008,6785
"NAC","P_SAL_Y","500-999","C27","D01","BG",2008,NA
"NAC","P_SAL_Y","500-999","C27","D111","BG",2008,NA
"NAC","P_SAL_Y","500-999","C27","D1111","BG",2008,NA
"NAC","P_SAL_Y","500-999","C28","D01","BG",2008,9400
"NAC","P_SAL_Y","500-999","C28","D111","BG",2008,7590
"NAC","P_SAL_Y","500-999","C28","D1111","BG",2008,6722
"NAC","P_SAL_Y","500-999","C29","D01","BG",2008,6456
"NAC","P_SAL_Y","500-999","C29","D111","BG",2008,5245
"NAC","P_SAL_Y","500-999","C29","D1111","BG",2008,4535
"NAC","P_SAL_Y","500-999","C30","D01","BG",2008,NA
"NAC","P_SAL_Y","500-999","C30","D111","BG",2008,NA
"NAC","P_SAL_Y","500-999","C30","D1111","BG",2008,NA
"NAC","P_SAL_Y","500-999","C31","D01","BG",2008,6551
"NAC","P_SAL_Y","500-999","C31","D111","BG",2008,5274
"NAC","P_SAL_Y","500-999","C31","D1111","BG",2008,4877
"NAC","P_SAL_Y","500-999","C32","D01","BG",2008,NA
"NAC","P_SAL_Y","500-999","C32","D111","BG",2008,NA
"NAC","P_SAL_Y","500-999","C32","D1111","BG",2008,NA
"NAC","P_SAL_Y","500-999","C33","D01","BG",2008,15008
"NAC","P_SAL_Y","500-999","C33","D111","BG",2008,12005
"NAC","P_SAL_Y","500-999","C33","D1111","BG",2008,10392
"NAC","P_SAL_Y","500-999","D","D01","BG",2008,18065
"NAC","P_SAL_Y","500-999","D","D111","BG",2008,13262
"NAC","P_SAL_Y","500-999","D","D1111","BG",2008,10327
"NAC","P_SAL_Y","500-999","D35","D01","BG",2008,18065
"NAC","P_SAL_Y","500-999","D35","D111","BG",2008,13262
"NAC","P_SAL_Y","500-999","D35","D1111","BG",2008,10327
"NAC","P_SAL_Y","500-999","E","D01","BG",2008,9473
"NAC","P_SAL_Y","500-999","E","D111","BG",2008,7790
"NAC","P_SAL_Y","500-999","E","D1111","BG",2008,6706
"NAC","P_SAL_Y","500-999","E36","D01","BG",2008,10903
"NAC","P_SAL_Y","500-999","E36","D111","BG",2008,8893
"NAC","P_SAL_Y","500-999","E36","D1111","BG",2008,6735
"NAC","P_SAL_Y","500-999","E38","D01","BG",2008,8843
"NAC","P_SAL_Y","500-999","E38","D111","BG",2008,7305
"NAC","P_SAL_Y","500-999","E38","D1111","BG",2008,6694
"NAC","P_SAL_Y","500-999","F","D01","BG",2008,10780
"NAC","P_SAL_Y","500-999","F","D111","BG",2008,8843
"NAC","P_SAL_Y","500-999","F","D1111","BG",2008,8272
"NAC","P_SAL_Y","500-999","F41","D01","BG",2008,9424
"NAC","P_SAL_Y","500-999","F41","D111","BG",2008,7889
"NAC","P_SAL_Y","500-999","F41","D1111","BG",2008,7481
"NAC","P_SAL_Y","500-999","F42","D01","BG",2008,NA
"NAC","P_SAL_Y","500-999","F42","D111","BG",2008,NA
"NAC","P_SAL_Y","500-999","F42","D1111","BG",2008,NA
"NAC","P_SAL_Y","500-999","F43","D01","BG",2008,NA
"NAC","P_SAL_Y","500-999","F43","D111","BG",2008,NA
"NAC","P_SAL_Y","500-999","F43","D1111","BG",2008,NA
"NAC","P_SAL_Y","500-999","G","D01","BG",2008,12325
"NAC","P_SAL_Y","500-999","G","D111","BG",2008,10251
"NAC","P_SAL_Y","500-999","G","D1111","BG",2008,9485
"NAC","P_SAL_Y","500-999","G-J","D01","BG",2008,14243
"NAC","P_SAL_Y","500-999","G-J","D111","BG",2008,11685
"NAC","P_SAL_Y","500-999","G-J","D1111","BG",2008,9783
"NAC","P_SAL_Y","500-999","G-N","D01","BG",2008,14016
"NAC","P_SAL_Y","500-999","G-N","D111","BG",2008,11566
"NAC","P_SAL_Y","500-999","G-N","D1111","BG",2008,9812
"NAC","P_SAL_Y","500-999","G-S_X_O","D01","BG",2008,12697
"NAC","P_SAL_Y","500-999","G-S_X_O","D111","BG",2008,10465
"NAC","P_SAL_Y","500-999","G-S_X_O","D1111","BG",2008,9006
"NAC","P_SAL_Y","500-999","G45","D01","BG",2008,19037
"NAC","P_SAL_Y","500-999","G45","D111","BG",2008,16118
"NAC","P_SAL_Y","500-999","G45","D1111","BG",2008,14663
"NAC","P_SAL_Y","500-999","G46","D01","BG",2008,13891
"NAC","P_SAL_Y","500-999","G46","D111","BG",2008,11637
"NAC","P_SAL_Y","500-999","G46","D1111","BG",2008,10759
"NAC","P_SAL_Y","500-999","G47","D01","BG",2008,9461
"NAC","P_SAL_Y","500-999","G47","D111","BG",2008,7739
"NAC","P_SAL_Y","500-999","G47","D1111","BG",2008,7240
"NAC","P_SAL_Y","500-999","H","D01","BG",2008,15742
"NAC","P_SAL_Y","500-999","H","D111","BG",2008,12748
"NAC","P_SAL_Y","500-999","H","D1111","BG",2008,9844
"NAC","P_SAL_Y","500-999","H49","D01","BG",2008,10916
"NAC","P_SAL_Y","500-999","H49","D111","BG",2008,8562
"NAC","P_SAL_Y","500-999","H49","D1111","BG",2008,6545
"NAC","P_SAL_Y","500-999","H50","D01","BG",2008,NA
"NAC","P_SAL_Y","500-999","H50","D111","BG",2008,NA
"NAC","P_SAL_Y","500-999","H50","D1111","BG",2008,NA
"NAC","P_SAL_Y","500-999","H51","D01","BG",2008,NA
"NAC","P_SAL_Y","500-999","H51","D111","BG",2008,NA
"NAC","P_SAL_Y","500-999","H51","D1111","BG",2008,NA
"NAC","P_SAL_Y","500-999","H52","D01","BG",2008,22823
"NAC","P_SAL_Y","500-999","H52","D111","BG",2008,18755
"NAC","P_SAL_Y","500-999","H52","D1111","BG",2008,14209
"NAC","P_SAL_Y","500-999","H53","D01","BG",2008,NA
"NAC","P_SAL_Y","500-999","H53","D111","BG",2008,NA
"NAC","P_SAL_Y","500-999","H53","D1111","BG",2008,NA
"NAC","P_SAL_Y","500-999","I","D01","BG",2008,NA
"NAC","P_SAL_Y","500-999","I","D111","BG",2008,NA
"NAC","P_SAL_Y","500-999","I","D1111","BG",2008,NA
"NAC","P_SAL_Y","500-999","I55","D01","BG",2008,NA
"NAC","P_SAL_Y","500-999","I55","D111","BG",2008,NA
"NAC","P_SAL_Y","500-999","I55","D1111","BG",2008,NA
"NAC","P_SAL_Y","500-999","I56","D01","BG",2008,NA
"NAC","P_SAL_Y","500-999","I56","D111","BG",2008,NA
"NAC","P_SAL_Y","500-999","I56","D1111","BG",2008,NA
"NAC","P_SAL_Y","500-999","J","D01","BG",2008,17055
"NAC","P_SAL_Y","500-999","J","D111","BG",2008,14470
"NAC","P_SAL_Y","500-999","J","D1111","BG",2008,13174
"NAC","P_SAL_Y","500-999","J58","D01","BG",2008,NA
"NAC","P_SAL_Y","500-999","J58","D111","BG",2008,NA
"NAC","P_SAL_Y","500-999","J58","D1111","BG",2008,NA
"NAC","P_SAL_Y","500-999","J60","D01","BG",2008,NA
"NAC","P_SAL_Y","500-999","J60","D111","BG",2008,NA
"NAC","P_SAL_Y","500-999","J60","D1111","BG",2008,NA
"NAC","P_SAL_Y","500-999","J61","D01","BG",2008,NA
"NAC","P_SAL_Y","500-999","J61","D111","BG",2008,NA
"NAC","P_SAL_Y","500-999","J61","D1111","BG",2008,NA
"NAC","P_SAL_Y","500-999","J62","D01","BG",2008,NA
"NAC","P_SAL_Y","500-999","J62","D111","BG",2008,NA
"NAC","P_SAL_Y","500-999","J62","D1111","BG",2008,NA
"NAC","P_SAL_Y","500-999","K","D01","BG",2008,21846
"NAC","P_SAL_Y","500-999","K","D111","BG",2008,18471
"NAC","P_SAL_Y","500-999","K","D1111","BG",2008,16046
"NAC","P_SAL_Y","500-999","K-N","D01","BG",2008,13599
"NAC","P_SAL_Y","500-999","K-N","D111","BG",2008,11346
"NAC","P_SAL_Y","500-999","K-N","D1111","BG",2008,9866
"NAC","P_SAL_Y","500-999","K64","D01","BG",2008,21846
"NAC","P_SAL_Y","500-999","K64","D111","BG",2008,18471
"NAC","P_SAL_Y","500-999","K64","D1111","BG",2008,16046
"NAC","P_SAL_Y","500-999","K65","D01","BG",2008,NA
"NAC","P_SAL_Y","500-999","K65","D111","BG",2008,NA
"NAC","P_SAL_Y","500-999","K65","D1111","BG",2008,NA
"NAC","P_SAL_Y","500-999","M","D01","BG",2008,NA
"NAC","P_SAL_Y","500-999","M","D111","BG",2008,NA
"NAC","P_SAL_Y","500-999","M","D1111","BG",2008,NA
"NAC","P_SAL_Y","500-999","M70","D01","BG",2008,NA
"NAC","P_SAL_Y","500-999","M70","D111","BG",2008,NA
"NAC","P_SAL_Y","500-999","M70","D1111","BG",2008,NA
"NAC","P_SAL_Y","500-999","M73","D01","BG",2008,NA
"NAC","P_SAL_Y","500-999","M73","D111","BG",2008,NA
"NAC","P_SAL_Y","500-999","M73","D1111","BG",2008,NA
"NAC","P_SAL_Y","500-999","N","D01","BG",2008,4977
"NAC","P_SAL_Y","500-999","N","D111","BG",2008,4046
"NAC","P_SAL_Y","500-999","N","D1111","BG",2008,3739
"NAC","P_SAL_Y","500-999","N78","D01","BG",2008,NA
"NAC","P_SAL_Y","500-999","N78","D111","BG",2008,NA
"NAC","P_SAL_Y","500-999","N78","D1111","BG",2008,NA
"NAC","P_SAL_Y","500-999","N80","D01","BG",2008,3888
"NAC","P_SAL_Y","500-999","N80","D111","BG",2008,3177
"NAC","P_SAL_Y","500-999","N80","D1111","BG",2008,3004
"NAC","P_SAL_Y","500-999","N81","D01","BG",2008,NA
"NAC","P_SAL_Y","500-999","N81","D111","BG",2008,NA
"NAC","P_SAL_Y","500-999","N81","D1111","BG",2008,NA
"NAC","P_SAL_Y","500-999","N82","D01","BG",2008,NA
"NAC","P_SAL_Y","500-999","N82","D111","BG",2008,NA
"NAC","P_SAL_Y","500-999","N82","D1111","BG",2008,NA
"NAC","P_SAL_Y","500-999","O","D01","BG",2008,16221
"NAC","P_SAL_Y","500-999","O","D111","BG",2008,12824
"NAC","P_SAL_Y","500-999","O","D1111","BG",2008,11844
"NAC","P_SAL_Y","500-999","O-S","D01","BG",2008,11833
"NAC","P_SAL_Y","500-999","O-S","D111","BG",2008,9623
"NAC","P_SAL_Y","500-999","O-S","D1111","BG",2008,8622
"NAC","P_SAL_Y","500-999","O84","D01","BG",2008,16221
"NAC","P_SAL_Y","500-999","O84","D111","BG",2008,12824
"NAC","P_SAL_Y","500-999","O84","D1111","BG",2008,11844
"NAC","P_SAL_Y","500-999","P","D01","BG",2008,12013
"NAC","P_SAL_Y","500-999","P","D111","BG",2008,9884
"NAC","P_SAL_Y","500-999","P","D1111","BG",2008,8429
"NAC","P_SAL_Y","500-999","P-S","D01","BG",2008,10677
"NAC","P_SAL_Y","500-999","P-S","D111","BG",2008,8780
"NAC","P_SAL_Y","500-999","P-S","D1111","BG",2008,7773
"NAC","P_SAL_Y","500-999","P85","D01","BG",2008,12013
"NAC","P_SAL_Y","500-999","P85","D111","BG",2008,9884
"NAC","P_SAL_Y","500-999","P85","D1111","BG",2008,8429
"NAC","P_SAL_Y","500-999","Q","D01","BG",2008,10058
"NAC","P_SAL_Y","500-999","Q","D111","BG",2008,8268
"NAC","P_SAL_Y","500-999","Q","D1111","BG",2008,7469
"NAC","P_SAL_Y","500-999","Q86","D01","BG",2008,10058
"NAC","P_SAL_Y","500-999","Q86","D111","BG",2008,8268
"NAC","P_SAL_Y","500-999","Q86","D1111","BG",2008,7469
"NAC","P_SAL_Y","500-999","Q87","D01","BG",2008,NA
"NAC","P_SAL_Y","500-999","Q87","D111","BG",2008,NA
"NAC","P_SAL_Y","500-999","Q87","D1111","BG",2008,NA
"NAC","P_SAL_Y","500-999","Q88","D01","BG",2008,NA
"NAC","P_SAL_Y","500-999","Q88","D111","BG",2008,NA
"NAC","P_SAL_Y","500-999","Q88","D1111","BG",2008,NA
"NAC","P_SAL_Y","GE10","B","D01","BG",2008,14955
"NAC","P_SAL_Y","GE10","B","D111","BG",2008,10969
"NAC","P_SAL_Y","GE10","B","D1111","BG",2008,9300
"NAC","P_SAL_Y","GE10","B-E","D01","BG",2008,8613
"NAC","P_SAL_Y","GE10","B-E","D111","BG",2008,6858
"NAC","P_SAL_Y","GE10","B-E","D1111","BG",2008,5982
"NAC","P_SAL_Y","GE10","B-F","D01","BG",2008,8233
"NAC","P_SAL_Y","GE10","B-F","D111","BG",2008,6596
"NAC","P_SAL_Y","GE10","B-F","D1111","BG",2008,5837
"NAC","P_SAL_Y","GE10","B-N","D01","BG",2008,8808
"NAC","P_SAL_Y","GE10","B-N","D111","BG",2008,7200
"NAC","P_SAL_Y","GE10","B-N","D1111","BG",2008,6432
"NAC","P_SAL_Y","GE10","B-S","D01","BG",2008,8971
"NAC","P_SAL_Y","GE10","B-S","D111","BG",2008,7303
"NAC","P_SAL_Y","GE10","B-S","D1111","BG",2008,6497
"NAC","P_SAL_Y","GE10","B-S_X_O","D01","BG",2008,8784
"NAC","P_SAL_Y","GE10","B-S_X_O","D111","BG",2008,7171
"NAC","P_SAL_Y","GE10","B-S_X_O","D1111","BG",2008,6372
"NAC","P_SAL_Y","GE10","B05","D01","BG",2008,16270
"NAC","P_SAL_Y","GE10","B05","D111","BG",2008,11476
"NAC","P_SAL_Y","GE10","B05","D1111","BG",2008,9274
"NAC","P_SAL_Y","GE10","B06","D01","BG",2008,NA
"NAC","P_SAL_Y","GE10","B06","D111","BG",2008,NA
"NAC","P_SAL_Y","GE10","B06","D1111","BG",2008,NA
"NAC","P_SAL_Y","GE10","B07","D01","BG",2008,18097
"NAC","P_SAL_Y","GE10","B07","D111","BG",2008,13640
"NAC","P_SAL_Y","GE10","B07","D1111","BG",2008,11984
"NAC","P_SAL_Y","GE10","B08","D01","BG",2008,10229
"NAC","P_SAL_Y","GE10","B08","D111","BG",2008,7916
"NAC","P_SAL_Y","GE10","B08","D1111","BG",2008,7115
"NAC","P_SAL_Y","GE10","B09","D01","BG",2008,NA
"NAC","P_SAL_Y","GE10","B09","D111","BG",2008,NA
"NAC","P_SAL_Y","GE10","B09","D1111","BG",2008,NA
"NAC","P_SAL_Y","GE10","C","D01","BG",2008,7523
"NAC","P_SAL_Y","GE10","C","D111","BG",2008,6067
"NAC","P_SAL_Y","GE10","C","D1111","BG",2008,5446
"NAC","P_SAL_Y","GE10","C10","D01","BG",2008,6120
"NAC","P_SAL_Y","GE10","C10","D111","BG",2008,5032
"NAC","P_SAL_Y","GE10","C10","D1111","BG",2008,4649
"NAC","P_SAL_Y","GE10","C11","D01","BG",2008,9959
"NAC","P_SAL_Y","GE10","C11","D111","BG",2008,8309
"NAC","P_SAL_Y","GE10","C11","D1111","BG",2008,7336
"NAC","P_SAL_Y","GE10","C12","D01","BG",2008,NA
"NAC","P_SAL_Y","GE10","C12","D111","BG",2008,NA
"NAC","P_SAL_Y","GE10","C12","D1111","BG",2008,NA
"NAC","P_SAL_Y","GE10","C13","D01","BG",2008,6784
"NAC","P_SAL_Y","GE10","C13","D111","BG",2008,5465
"NAC","P_SAL_Y","GE10","C13","D1111","BG",2008,4962
"NAC","P_SAL_Y","GE10","C14","D01","BG",2008,4633
"NAC","P_SAL_Y","GE10","C14","D111","BG",2008,3799
"NAC","P_SAL_Y","GE10","C14","D1111","BG",2008,3449
"NAC","P_SAL_Y","GE10","C15","D01","BG",2008,4155
"NAC","P_SAL_Y","GE10","C15","D111","BG",2008,3399
"NAC","P_SAL_Y","GE10","C15","D1111","BG",2008,3116
"NAC","P_SAL_Y","GE10","C16","D01","BG",2008,5836
"NAC","P_SAL_Y","GE10","C16","D111","BG",2008,4781
"NAC","P_SAL_Y","GE10","C16","D1111","BG",2008,4355
"NAC","P_SAL_Y","GE10","C17","D01","BG",2008,7334
"NAC","P_SAL_Y","GE10","C17","D111","BG",2008,5943
"NAC","P_SAL_Y","GE10","C17","D1111","BG",2008,5268
"NAC","P_SAL_Y","GE10","C18","D01","BG",2008,8543
"NAC","P_SAL_Y","GE10","C18","D111","BG",2008,7089
"NAC","P_SAL_Y","GE10","C18","D1111","BG",2008,6423
"NAC","P_SAL_Y","GE10","C19","D01","BG",2008,NA
"NAC","P_SAL_Y","GE10","C19","D111","BG",2008,NA
"NAC","P_SAL_Y","GE10","C19","D1111","BG",2008,NA
"NAC","P_SAL_Y","GE10","C20","D01","BG",2008,11328
"NAC","P_SAL_Y","GE10","C20","D111","BG",2008,8799
"NAC","P_SAL_Y","GE10","C20","D1111","BG",2008,7740
"NAC","P_SAL_Y","GE10","C21","D01","BG",2008,11738
"NAC","P_SAL_Y","GE10","C21","D111","BG",2008,9301
"NAC","P_SAL_Y","GE10","C21","D1111","BG",2008,8213
"NAC","P_SAL_Y","GE10","C22","D01","BG",2008,5688
"NAC","P_SAL_Y","GE10","C22","D111","BG",2008,4666
"NAC","P_SAL_Y","GE10","C22","D1111","BG",2008,4284
"NAC","P_SAL_Y","GE10","C23","D01","BG",2008,9284
"NAC","P_SAL_Y","GE10","C23","D111","BG",2008,7453
"NAC","P_SAL_Y","GE10","C23","D1111","BG",2008,6712
"NAC","P_SAL_Y","GE10","C24","D01","BG",2008,15698
"NAC","P_SAL_Y","GE10","C24","D111","BG",2008,12141
"NAC","P_SAL_Y","GE10","C24","D1111","BG",2008,10598
"NAC","P_SAL_Y","GE10","C25","D01","BG",2008,7229
"NAC","P_SAL_Y","GE10","C25","D111","BG",2008,5846
"NAC","P_SAL_Y","GE10","C25","D1111","BG",2008,5305
"NAC","P_SAL_Y","GE10","C26","D01","BG",2008,9588
"NAC","P_SAL_Y","GE10","C26","D111","BG",2008,7925
"NAC","P_SAL_Y","GE10","C26","D1111","BG",2008,6974
"NAC","P_SAL_Y","GE10","C27","D01","BG",2008,9102
"NAC","P_SAL_Y","GE10","C27","D111","BG",2008,7411
"NAC","P_SAL_Y","GE10","C27","D1111","BG",2008,6589
"NAC","P_SAL_Y","GE10","C28","D01","BG",2008,9014
"NAC","P_SAL_Y","GE10","C28","D111","BG",2008,7333
"NAC","P_SAL_Y","GE10","C28","D1111","BG",2008,6481
"NAC","P_SAL_Y","GE10","C29","D01","BG",2008,7378
"NAC","P_SAL_Y","GE10","C29","D111","BG",2008,6015
"NAC","P_SAL_Y","GE10","C29","D1111","BG",2008,5449
"NAC","P_SAL_Y","GE10","C30","D01","BG",2008,11194
"NAC","P_SAL_Y","GE10","C30","D111","BG",2008,8917
"NAC","P_SAL_Y","GE10","C30","D1111","BG",2008,7977
"NAC","P_SAL_Y","GE10","C31","D01","BG",2008,4726
"NAC","P_SAL_Y","GE10","C31","D111","BG",2008,3867
"NAC","P_SAL_Y","GE10","C31","D1111","BG",2008,3558
"NAC","P_SAL_Y","GE10","C32","D01","BG",2008,6259
"NAC","P_SAL_Y","GE10","C32","D111","BG",2008,5159
"NAC","P_SAL_Y","GE10","C32","D1111","BG",2008,4676
"NAC","P_SAL_Y","GE10","C33","D01","BG",2008,11847
"NAC","P_SAL_Y","GE10","C33","D111","BG",2008,9522
"NAC","P_SAL_Y","GE10","C33","D1111","BG",2008,8459
"NAC","P_SAL_Y","GE10","D","D01","BG",2008,20304
"NAC","P_SAL_Y","GE10","D","D111","BG",2008,15567
"NAC","P_SAL_Y","GE10","D","D1111","BG",2008,11587
"NAC","P_SAL_Y","GE10","D35","D01","BG",2008,20304
"NAC","P_SAL_Y","GE10","D35","D111","BG",2008,15567
"NAC","P_SAL_Y","GE10","D35","D1111","BG",2008,11587
"NAC","P_SAL_Y","GE10","E","D01","BG",2008,9144
"NAC","P_SAL_Y","GE10","E","D111","BG",2008,7455
"NAC","P_SAL_Y","GE10","E","D1111","BG",2008,6217
"NAC","P_SAL_Y","GE10","E36","D01","BG",2008,10283
"NAC","P_SAL_Y","GE10","E36","D111","BG",2008,8341
"NAC","P_SAL_Y","GE10","E36","D1111","BG",2008,6531
"NAC","P_SAL_Y","GE10","E37","D01","BG",2008,10392
"NAC","P_SAL_Y","GE10","E37","D111","BG",2008,9021
"NAC","P_SAL_Y","GE10","E37","D1111","BG",2008,8517
"NAC","P_SAL_Y","GE10","E38","D01","BG",2008,7670
"NAC","P_SAL_Y","GE10","E38","D111","BG",2008,6291
"NAC","P_SAL_Y","GE10","E38","D1111","BG",2008,5747
"NAC","P_SAL_Y","GE10","E39","D01","BG",2008,8809
"NAC","P_SAL_Y","GE10","E39","D111","BG",2008,7176
"NAC","P_SAL_Y","GE10","E39","D1111","BG",2008,6433
"NAC","P_SAL_Y","GE10","F","D01","BG",2008,7053
"NAC","P_SAL_Y","GE10","F","D111","BG",2008,5780
"NAC","P_SAL_Y","GE10","F","D1111","BG",2008,5388
"NAC","P_SAL_Y","GE10","F41","D01","BG",2008,6246
"NAC","P_SAL_Y","GE10","F41","D111","BG",2008,5147
"NAC","P_SAL_Y","GE10","F41","D1111","BG",2008,4814
"NAC","P_SAL_Y","GE10","F42","D01","BG",2008,9208
"NAC","P_SAL_Y","GE10","F42","D111","BG",2008,7406
"NAC","P_SAL_Y","GE10","F42","D1111","BG",2008,6817
"NAC","P_SAL_Y","GE10","F43","D01","BG",2008,7271
"NAC","P_SAL_Y","GE10","F43","D111","BG",2008,6008
"NAC","P_SAL_Y","GE10","F43","D1111","BG",2008,5638
"NAC","P_SAL_Y","GE10","G","D01","BG",2008,7813
"NAC","P_SAL_Y","GE10","G","D111","BG",2008,6534
"NAC","P_SAL_Y","GE10","G","D1111","BG",2008,6083
"NAC","P_SAL_Y","GE10","G-J","D01","BG",2008,9263
"NAC","P_SAL_Y","GE10","G-J","D111","BG",2008,7692
"NAC","P_SAL_Y","GE10","G-J","D1111","BG",2008,6900
"NAC","P_SAL_Y","GE10","G-N","D01","BG",2008,9527
"NAC","P_SAL_Y","GE10","G-N","D111","BG",2008,7955
"NAC","P_SAL_Y","GE10","G-N","D1111","BG",2008,7175
"NAC","P_SAL_Y","GE10","G-S_X_O","D01","BG",2008,9254
"NAC","P_SAL_Y","GE10","G-S_X_O","D111","BG",2008,7662
"NAC","P_SAL_Y","GE10","G-S_X_O","D1111","BG",2008,6829
"NAC","P_SAL_Y","GE10","G45","D01","BG",2008,10165
"NAC","P_SAL_Y","GE10","G45","D111","BG",2008,8563
"NAC","P_SAL_Y","GE10","G45","D1111","BG",2008,7940
"NAC","P_SAL_Y","GE10","G46","D01","BG",2008,8912
"NAC","P_SAL_Y","GE10","G46","D111","BG",2008,7519
"NAC","P_SAL_Y","GE10","G46","D1111","BG",2008,6999
"NAC","P_SAL_Y","GE10","G47","D01","BG",2008,6144
"NAC","P_SAL_Y","GE10","G47","D111","BG",2008,5055
"NAC","P_SAL_Y","GE10","G47","D1111","BG",2008,4714
"NAC","P_SAL_Y","GE10","H","D01","BG",2008,10763
"NAC","P_SAL_Y","GE10","H","D111","BG",2008,8761
"NAC","P_SAL_Y","GE10","H","D1111","BG",2008,7205
"NAC","P_SAL_Y","GE10","H49","D01","BG",2008,8393
"NAC","P_SAL_Y","GE10","H49","D111","BG",2008,6621
"NAC","P_SAL_Y","GE10","H49","D1111","BG",2008,5637
"NAC","P_SAL_Y","GE10","H50","D01","BG",2008,16380
"NAC","P_SAL_Y","GE10","H50","D111","BG",2008,12245
"NAC","P_SAL_Y","GE10","H50","D1111","BG",2008,10034
"NAC","P_SAL_Y","GE10","H51","D01","BG",2008,25792
"NAC","P_SAL_Y","GE10","H51","D111","BG",2008,21143
"NAC","P_SAL_Y","GE10","H51","D1111","BG",2008,18862
"NAC","P_SAL_Y","GE10","H52","D01","BG",2008,14683
"NAC","P_SAL_Y","GE10","H52","D111","BG",2008,12525
"NAC","P_SAL_Y","GE10","H52","D1111","BG",2008,9948
"NAC","P_SAL_Y","GE10","H53","D01","BG",2008,8465
"NAC","P_SAL_Y","GE10","H53","D111","BG",2008,6938
"NAC","P_SAL_Y","GE10","H53","D1111","BG",2008,5434
"NAC","P_SAL_Y","GE10","I","D01","BG",2008,5475
"NAC","P_SAL_Y","GE10","I","D111","BG",2008,4495
"NAC","P_SAL_Y","GE10","I","D1111","BG",2008,4206
"NAC","P_SAL_Y","GE10","I55","D01","BG",2008,6442
"NAC","P_SAL_Y","GE10","I55","D111","BG",2008,5271
"NAC","P_SAL_Y","GE10","I55","D1111","BG",2008,4889
"NAC","P_SAL_Y","GE10","I56","D01","BG",2008,4729
"NAC","P_SAL_Y","GE10","I56","D111","BG",2008,3895
"NAC","P_SAL_Y","GE10","I56","D1111","BG",2008,3679
"NAC","P_SAL_Y","GE10","J","D01","BG",2008,17941
"NAC","P_SAL_Y","GE10","J","D111","BG",2008,15187
"NAC","P_SAL_Y","GE10","J","D1111","BG",2008,13900
"NAC","P_SAL_Y","GE10","J58","D01","BG",2008,10539
"NAC","P_SAL_Y","GE10","J58","D111","BG",2008,8923
"NAC","P_SAL_Y","GE10","J58","D1111","BG",2008,8299
"NAC","P_SAL_Y","GE10","J59","D01","BG",2008,12098
"NAC","P_SAL_Y","GE10","J59","D111","BG",2008,10066
"NAC","P_SAL_Y","GE10","J59","D1111","BG",2008,9400
"NAC","P_SAL_Y","GE10","J60","D01","BG",2008,12361
"NAC","P_SAL_Y","GE10","J60","D111","BG",2008,10296
"NAC","P_SAL_Y","GE10","J60","D1111","BG",2008,9477
"NAC","P_SAL_Y","GE10","J61","D01","BG",2008,18054
"NAC","P_SAL_Y","GE10","J61","D111","BG",2008,15148
"NAC","P_SAL_Y","GE10","J61","D1111","BG",2008,13863
"NAC","P_SAL_Y","GE10","J62","D01","BG",2008,24555
"NAC","P_SAL_Y","GE10","J62","D111","BG",2008,21031
"NAC","P_SAL_Y","GE10","J62","D1111","BG",2008,19168
"NAC","P_SAL_Y","GE10","J63","D01","BG",2008,15519
"NAC","P_SAL_Y","GE10","J63","D111","BG",2008,13231
"NAC","P_SAL_Y","GE10","J63","D1111","BG",2008,12060
"NAC","P_SAL_Y","GE10","K","D01","BG",2008,18455
"NAC","P_SAL_Y","GE10","K","D111","BG",2008,15544
"NAC","P_SAL_Y","GE10","K","D1111","BG",2008,14093
"NAC","P_SAL_Y","GE10","K-N","D01","BG",2008,10176
"NAC","P_SAL_Y","GE10","K-N","D111","BG",2008,8600
"NAC","P_SAL_Y","GE10","K-N","D1111","BG",2008,7851
"NAC","P_SAL_Y","GE10","K64","D01","BG",2008,18507
"NAC","P_SAL_Y","GE10","K64","D111","BG",2008,15573
"NAC","P_SAL_Y","GE10","K64","D1111","BG",2008,14045
"NAC","P_SAL_Y","GE10","K65","D01","BG",2008,18893
"NAC","P_SAL_Y","GE10","K65","D111","BG",2008,16039
"NAC","P_SAL_Y","GE10","K65","D1111","BG",2008,14945
"NAC","P_SAL_Y","GE10","K66","D01","BG",2008,16449
"NAC","P_SAL_Y","GE10","K66","D111","BG",2008,13789
"NAC","P_SAL_Y","GE10","K66","D1111","BG",2008,12786
"NAC","P_SAL_Y","GE10","L","D01","BG",2008,9013
"NAC","P_SAL_Y","GE10","L","D111","BG",2008,7547
"NAC","P_SAL_Y","GE10","L","D1111","BG",2008,6885
"NAC","P_SAL_Y","GE10","L68","D01","BG",2008,9013
"NAC","P_SAL_Y","GE10","L68","D111","BG",2008,7547
"NAC","P_SAL_Y","GE10","L68","D1111","BG",2008,6885
"NAC","P_SAL_Y","GE10","M","D01","BG",2008,13840
"NAC","P_SAL_Y","GE10","M","D111","BG",2008,11710
"NAC","P_SAL_Y","GE10","M","D1111","BG",2008,10607
"NAC","P_SAL_Y","GE10","M69","D01","BG",2008,19270
"NAC","P_SAL_Y","GE10","M69","D111","BG",2008,16543
"NAC","P_SAL_Y","GE10","M69","D1111","BG",2008,15284
"NAC","P_SAL_Y","GE10","M70","D01","BG",2008,20606
"NAC","P_SAL_Y","GE10","M70","D111","BG",2008,17640
"NAC","P_SAL_Y","GE10","M70","D1111","BG",2008,15760
"NAC","P_SAL_Y","GE10","M71","D01","BG",2008,13950
"NAC","P_SAL_Y","GE10","M71","D111","BG",2008,11709
"NAC","P_SAL_Y","GE10","M71","D1111","BG",2008,10514
"NAC","P_SAL_Y","GE10","M72","D01","BG",2008,9362
"NAC","P_SAL_Y","GE10","M72","D111","BG",2008,7680
"NAC","P_SAL_Y","GE10","M72","D1111","BG",2008,6725
"NAC","P_SAL_Y","GE10","M73","D01","BG",2008,13865
"NAC","P_SAL_Y","GE10","M73","D111","BG",2008,11824
"NAC","P_SAL_Y","GE10","M73","D1111","BG",2008,10962
"NAC","P_SAL_Y","GE10","M74","D01","BG",2008,14708
"NAC","P_SAL_Y","GE10","M74","D111","BG",2008,12802
"NAC","P_SAL_Y","GE10","M74","D1111","BG",2008,12084
"NAC","P_SAL_Y","GE10","M75","D01","BG",2008,NA
"NAC","P_SAL_Y","GE10","M75","D111","BG",2008,NA
"NAC","P_SAL_Y","GE10","M75","D1111","BG",2008,NA
"NAC","P_SAL_Y","GE10","N","D01","BG",2008,4678
"NAC","P_SAL_Y","GE10","N","D111","BG",2008,3985
"NAC","P_SAL_Y","GE10","N","D1111","BG",2008,3721
"NAC","P_SAL_Y","GE10","N77","D01","BG",2008,11343
"NAC","P_SAL_Y","GE10","N77","D111","BG",2008,9558
"NAC","P_SAL_Y","GE10","N77","D1111","BG",2008,8804
"NAC","P_SAL_Y","GE10","N78","D01","BG",2008,9061
"NAC","P_SAL_Y","GE10","N78","D111","BG",2008,7459
"NAC","P_SAL_Y","GE10","N78","D1111","BG",2008,6898
"NAC","P_SAL_Y","GE10","N79","D01","BG",2008,7555
"NAC","P_SAL_Y","GE10","N79","D111","BG",2008,6349
"NAC","P_SAL_Y","GE10","N79","D1111","BG",2008,6011
"NAC","P_SAL_Y","GE10","N80","D01","BG",2008,4323
"NAC","P_SAL_Y","GE10","N80","D111","BG",2008,3555
"NAC","P_SAL_Y","GE10","N80","D1111","BG",2008,3343
"NAC","P_SAL_Y","GE10","N81","D01","BG",2008,3301
"NAC","P_SAL_Y","GE10","N81","D111","BG",2008,3098
"NAC","P_SAL_Y","GE10","N81","D1111","BG",2008,2864
"NAC","P_SAL_Y","GE10","N82","D01","BG",2008,10809
"NAC","P_SAL_Y","GE10","N82","D111","BG",2008,8918
"NAC","P_SAL_Y","GE10","N82","D1111","BG",2008,8308
"NAC","P_SAL_Y","GE10","O","D01","BG",2008,11739
"NAC","P_SAL_Y","GE10","O","D111","BG",2008,9256
"NAC","P_SAL_Y","GE10","O","D1111","BG",2008,8336
"NAC","P_SAL_Y","GE10","O-S","D01","BG",2008,9539
"NAC","P_SAL_Y","GE10","O-S","D111","BG",2008,7662
"NAC","P_SAL_Y","GE10","O-S","D1111","BG",2008,6723
"NAC","P_SAL_Y","GE10","O84","D01","BG",2008,11739
"NAC","P_SAL_Y","GE10","O84","D111","BG",2008,9256
"NAC","P_SAL_Y","GE10","O84","D1111","BG",2008,8336
"NAC","P_SAL_Y","GE10","P","D01","BG",2008,8979
"NAC","P_SAL_Y","GE10","P","D111","BG",2008,7177
"NAC","P_SAL_Y","GE10","P","D1111","BG",2008,5998
"NAC","P_SAL_Y","GE10","P-S","D01","BG",2008,8663
"NAC","P_SAL_Y","GE10","P-S","D111","BG",2008,7027
"NAC","P_SAL_Y","GE10","P-S","D1111","BG",2008,6080
"NAC","P_SAL_Y","GE10","P85","D01","BG",2008,8979
"NAC","P_SAL_Y","GE10","P85","D111","BG",2008,7177
"NAC","P_SAL_Y","GE10","P85","D1111","BG",2008,5998
"NAC","P_SAL_Y","GE10","Q","D01","BG",2008,8848
"NAC","P_SAL_Y","GE10","Q","D111","BG",2008,7266
"NAC","P_SAL_Y","GE10","Q","D1111","BG",2008,6504
"NAC","P_SAL_Y","GE10","Q86","D01","BG",2008,9747
"NAC","P_SAL_Y","GE10","Q86","D111","BG",2008,8007
"NAC","P_SAL_Y","GE10","Q86","D1111","BG",2008,7187
"NAC","P_SAL_Y","GE10","Q87","D01","BG",2008,6210
"NAC","P_SAL_Y","GE10","Q87","D111","BG",2008,5091
"NAC","P_SAL_Y","GE10","Q87","D1111","BG",2008,4475
"NAC","P_SAL_Y","GE10","Q88","D01","BG",2008,5382
"NAC","P_SAL_Y","GE10","Q88","D111","BG",2008,4407
"NAC","P_SAL_Y","GE10","Q88","D1111","BG",2008,3894
"NAC","P_SAL_Y","GE10","R","D01","BG",2008,7128
"NAC","P_SAL_Y","GE10","R","D111","BG",2008,5917
"NAC","P_SAL_Y","GE10","R","D1111","BG",2008,5367
"NAC","P_SAL_Y","GE10","R90","D01","BG",2008,7481
"NAC","P_SAL_Y","GE10","R90","D111","BG",2008,6064
"NAC","P_SAL_Y","GE10","R90","D1111","BG",2008,5288
"NAC","P_SAL_Y","GE10","R91","D01","BG",2008,6613
"NAC","P_SAL_Y","GE10","R91","D111","BG",2008,5397
"NAC","P_SAL_Y","GE10","R91","D1111","BG",2008,4732
"NAC","P_SAL_Y","GE10","R92","D01","BG",2008,6039
"NAC","P_SAL_Y","GE10","R92","D111","BG",2008,4991
"NAC","P_SAL_Y","GE10","R92","D1111","BG",2008,4623
"NAC","P_SAL_Y","GE10","R93","D01","BG",2008,8988
"NAC","P_SAL_Y","GE10","R93","D111","BG",2008,7752
"NAC","P_SAL_Y","GE10","R93","D1111","BG",2008,7252
"NAC","P_SAL_Y","GE10","S","D01","BG",2008,6286
"NAC","P_SAL_Y","GE10","S","D111","BG",2008,5362
"NAC","P_SAL_Y","GE10","S","D1111","BG",2008,4892
"NAC","P_SAL_Y","GE10","S94","D01","BG",2008,6712
"NAC","P_SAL_Y","GE10","S94","D111","BG",2008,5814
"NAC","P_SAL_Y","GE10","S94","D1111","BG",2008,5297
"NAC","P_SAL_Y","GE10","S95","D01","BG",2008,8113
"NAC","P_SAL_Y","GE10","S95","D111","BG",2008,6766
"NAC","P_SAL_Y","GE10","S95","D1111","BG",2008,6319
"NAC","P_SAL_Y","GE10","S96","D01","BG",2008,5201
"NAC","P_SAL_Y","GE10","S96","D111","BG",2008,4282
"NAC","P_SAL_Y","GE10","S96","D1111","BG",2008,3901
"NAC","P_SAL_Y","GE1000","B","D01","BG",2008,19482
"NAC","P_SAL_Y","GE1000","B","D111","BG",2008,13969
"NAC","P_SAL_Y","GE1000","B","D1111","BG",2008,11494
"NAC","P_SAL_Y","GE1000","B-E","D01","BG",2008,15754
"NAC","P_SAL_Y","GE1000","B-E","D111","BG",2008,12152
"NAC","P_SAL_Y","GE1000","B-E","D1111","BG",2008,10063
"NAC","P_SAL_Y","GE1000","B-F","D01","BG",2008,15310
"NAC","P_SAL_Y","GE1000","B-F","D111","BG",2008,11830
"NAC","P_SAL_Y","GE1000","B-F","D1111","BG",2008,9824
"NAC","P_SAL_Y","GE1000","B-N","D01","BG",2008,14304
"NAC","P_SAL_Y","GE1000","B-N","D111","BG",2008,11312
"NAC","P_SAL_Y","GE1000","B-N","D1111","BG",2008,9603
"NAC","P_SAL_Y","GE1000","B-S","D01","BG",2008,14006
"NAC","P_SAL_Y","GE1000","B-S","D111","BG",2008,11108
"NAC","P_SAL_Y","GE1000","B-S","D1111","BG",2008,9477
"NAC","P_SAL_Y","GE1000","B-S_X_O","D01","BG",2008,14034
"NAC","P_SAL_Y","GE1000","B-S_X_O","D111","BG",2008,11131
"NAC","P_SAL_Y","GE1000","B-S_X_O","D1111","BG",2008,9471
"NAC","P_SAL_Y","GE1000","B05","D01","BG",2008,NA
"NAC","P_SAL_Y","GE1000","B05","D111","BG",2008,NA
"NAC","P_SAL_Y","GE1000","B05","D1111","BG",2008,NA
"NAC","P_SAL_Y","GE1000","B07","D01","BG",2008,NA
"NAC","P_SAL_Y","GE1000","B07","D111","BG",2008,NA
"NAC","P_SAL_Y","GE1000","B07","D1111","BG",2008,NA
"NAC","P_SAL_Y","GE1000","C","D01","BG",2008,13611
"NAC","P_SAL_Y","GE1000","C","D111","BG",2008,10700
"NAC","P_SAL_Y","GE1000","C","D1111","BG",2008,9337
"NAC","P_SAL_Y","GE1000","C10","D01","BG",2008,NA
"NAC","P_SAL_Y","GE1000","C10","D111","BG",2008,NA
"NAC","P_SAL_Y","GE1000","C10","D1111","BG",2008,NA
"NAC","P_SAL_Y","GE1000","C11","D01","BG",2008,NA
"NAC","P_SAL_Y","GE1000","C11","D111","BG",2008,NA
"NAC","P_SAL_Y","GE1000","C11","D1111","BG",2008,NA
"NAC","P_SAL_Y","GE1000","C12","D01","BG",2008,NA
"NAC","P_SAL_Y","GE1000","C12","D111","BG",2008,NA
"NAC","P_SAL_Y","GE1000","C12","D1111","BG",2008,NA
"NAC","P_SAL_Y","GE1000","C13","D01","BG",2008,NA
"NAC","P_SAL_Y","GE1000","C13","D111","BG",2008,NA
"NAC","P_SAL_Y","GE1000","C13","D1111","BG",2008,NA
"NAC","P_SAL_Y","GE1000","C14","D01","BG",2008,7283
"NAC","P_SAL_Y","GE1000","C14","D111","BG",2008,5920
"NAC","P_SAL_Y","GE1000","C14","D1111","BG",2008,5435
"NAC","P_SAL_Y","GE1000","C19","D01","BG",2008,NA
"NAC","P_SAL_Y","GE1000","C19","D111","BG",2008,NA
"NAC","P_SAL_Y","GE1000","C19","D1111","BG",2008,NA
"NAC","P_SAL_Y","GE1000","C20","D01","BG",2008,NA
"NAC","P_SAL_Y","GE1000","C20","D111","BG",2008,NA
"NAC","P_SAL_Y","GE1000","C20","D1111","BG",2008,NA
"NAC","P_SAL_Y","GE1000","C21","D01","BG",2008,NA
"NAC","P_SAL_Y","GE1000","C21","D111","BG",2008,NA
"NAC","P_SAL_Y","GE1000","C21","D1111","BG",2008,NA
"NAC","P_SAL_Y","GE1000","C22","D01","BG",2008,NA
"NAC","P_SAL_Y","GE1000","C22","D111","BG",2008,NA
"NAC","P_SAL_Y","GE1000","C22","D1111","BG",2008,NA
"NAC","P_SAL_Y","GE1000","C23","D01","BG",2008,NA
"NAC","P_SAL_Y","GE1000","C23","D111","BG",2008,NA
"NAC","P_SAL_Y","GE1000","C23","D1111","BG",2008,NA
"NAC","P_SAL_Y","GE1000","C24","D01","BG",2008,20239
"NAC","P_SAL_Y","GE1000","C24","D111","BG",2008,15358
"NAC","P_SAL_Y","GE1000","C24","D1111","BG",2008,13231
"NAC","P_SAL_Y","GE1000","C25","D01","BG",2008,8401
"NAC","P_SAL_Y","GE1000","C25","D111","BG",2008,6563
"NAC","P_SAL_Y","GE1000","C25","D1111","BG",2008,5997
"NAC","P_SAL_Y","GE1000","C27","D01","BG",2008,NA
"NAC","P_SAL_Y","GE1000","C27","D111","BG",2008,NA
"NAC","P_SAL_Y","GE1000","C27","D1111","BG",2008,NA
"NAC","P_SAL_Y","GE1000","C28","D01","BG",2008,12309
"NAC","P_SAL_Y","GE1000","C28","D111","BG",2008,9872
"NAC","P_SAL_Y","GE1000","C28","D1111","BG",2008,8208
"NAC","P_SAL_Y","GE1000","C29","D01","BG",2008,7670
"NAC","P_SAL_Y","GE1000","C29","D111","BG",2008,6246
"NAC","P_SAL_Y","GE1000","C29","D1111","BG",2008,5743
"NAC","P_SAL_Y","GE1000","C30","D01","BG",2008,NA
"NAC","P_SAL_Y","GE1000","C30","D111","BG",2008,NA
"NAC","P_SAL_Y","GE1000","C30","D1111","BG",2008,NA
"NAC","P_SAL_Y","GE1000","C33","D01","BG",2008,NA
"NAC","P_SAL_Y","GE1000","C33","D111","BG",2008,NA
"NAC","P_SAL_Y","GE1000","C33","D1111","BG",2008,NA
"NAC","P_SAL_Y","GE1000","D","D01","BG",2008,21043
"NAC","P_SAL_Y","GE1000","D","D111","BG",2008,16180
"NAC","P_SAL_Y","GE1000","D","D1111","BG",2008,11715
"NAC","P_SAL_Y","GE1000","D35","D01","BG",2008,21043
"NAC","P_SAL_Y","GE1000","D35","D111","BG",2008,16180
"NAC","P_SAL_Y","GE1000","D35","D1111","BG",2008,11715
"NAC","P_SAL_Y","GE1000","E","D01","BG",2008,NA
"NAC","P_SAL_Y","GE1000","E","D111","BG",2008,NA
"NAC","P_SAL_Y","GE1000","E","D1111","BG",2008,NA
"NAC","P_SAL_Y","GE1000","E36","D01","BG",2008,NA
"NAC","P_SAL_Y","GE1000","E36","D111","BG",2008,NA
"NAC","P_SAL_Y","GE1000","E36","D1111","BG",2008,NA
"NAC","P_SAL_Y","GE1000","F","D01","BG",2008,7080
"NAC","P_SAL_Y","GE1000","F","D111","BG",2008,5875
"NAC","P_SAL_Y","GE1000","F","D1111","BG",2008,5405
"NAC","P_SAL_Y","GE1000","F41","D01","BG",2008,7080
"NAC","P_SAL_Y","GE1000","F41","D111","BG",2008,5875
"NAC","P_SAL_Y","GE1000","F41","D1111","BG",2008,5405
"NAC","P_SAL_Y","GE1000","G","D01","BG",2008,10648
"NAC","P_SAL_Y","GE1000","G","D111","BG",2008,8706
"NAC","P_SAL_Y","GE1000","G","D1111","BG",2008,7948
"NAC","P_SAL_Y","GE1000","G-J","D01","BG",2008,14334
"NAC","P_SAL_Y","GE1000","G-J","D111","BG",2008,11691
"NAC","P_SAL_Y","GE1000","G-J","D1111","BG",2008,9984
"NAC","P_SAL_Y","GE1000","G-N","D01","BG",2008,13023
"NAC","P_SAL_Y","GE1000","G-N","D111","BG",2008,10652
"NAC","P_SAL_Y","GE1000","G-N","D1111","BG",2008,9321
"NAC","P_SAL_Y","GE1000","G-S_X_O","D01","BG",2008,12739
"NAC","P_SAL_Y","GE1000","G-S_X_O","D111","BG",2008,10420
"NAC","P_SAL_Y","GE1000","G-S_X_O","D1111","BG",2008,9112
"NAC","P_SAL_Y","GE1000","G46","D01","BG",2008,11449
"NAC","P_SAL_Y","GE1000","G46","D111","BG",2008,9573
"NAC","P_SAL_Y","GE1000","G46","D1111","BG",2008,8676
"NAC","P_SAL_Y","GE1000","G47","D01","BG",2008,9927
"NAC","P_SAL_Y","GE1000","G47","D111","BG",2008,7926
"NAC","P_SAL_Y","GE1000","G47","D1111","BG",2008,7293
"NAC","P_SAL_Y","GE1000","H","D01","BG",2008,13776
"NAC","P_SAL_Y","GE1000","H","D111","BG",2008,10874
"NAC","P_SAL_Y","GE1000","H","D1111","BG",2008,8330
"NAC","P_SAL_Y","GE1000","H49","D01","BG",2008,13217
"NAC","P_SAL_Y","GE1000","H49","D111","BG",2008,10123
"NAC","P_SAL_Y","GE1000","H49","D1111","BG",2008,8105
"NAC","P_SAL_Y","GE1000","H50","D01","BG",2008,NA
"NAC","P_SAL_Y","GE1000","H50","D111","BG",2008,NA
"NAC","P_SAL_Y","GE1000","H50","D1111","BG",2008,NA
"NAC","P_SAL_Y","GE1000","H52","D01","BG",2008,14814
"NAC","P_SAL_Y","GE1000","H52","D111","BG",2008,12649
"NAC","P_SAL_Y","GE1000","H52","D1111","BG",2008,8600
"NAC","P_SAL_Y","GE1000","H53","D01","BG",2008,NA
"NAC","P_SAL_Y","GE1000","H53","D111","BG",2008,NA
"NAC","P_SAL_Y","GE1000","H53","D1111","BG",2008,NA
"NAC","P_SAL_Y","GE1000","I","D01","BG",2008,NA
"NAC","P_SAL_Y","GE1000","I","D111","BG",2008,NA
"NAC","P_SAL_Y","GE1000","I","D1111","BG",2008,NA
"NAC","P_SAL_Y","GE1000","I56","D01","BG",2008,NA
"NAC","P_SAL_Y","GE1000","I56","D111","BG",2008,NA
"NAC","P_SAL_Y","GE1000","I56","D1111","BG",2008,NA
"NAC","P_SAL_Y","GE1000","J","D01","BG",2008,21730
"NAC","P_SAL_Y","GE1000","J","D111","BG",2008,18397
"NAC","P_SAL_Y","GE1000","J","D1111","BG",2008,16694
"NAC","P_SAL_Y","GE1000","J60","D01","BG",2008,NA
"NAC","P_SAL_Y","GE1000","J60","D111","BG",2008,NA
"NAC","P_SAL_Y","GE1000","J60","D1111","BG",2008,NA
"NAC","P_SAL_Y","GE1000","J61","D01","BG",2008,NA
"NAC","P_SAL_Y","GE1000","J61","D111","BG",2008,NA
"NAC","P_SAL_Y","GE1000","J61","D1111","BG",2008,NA
"NAC","P_SAL_Y","GE1000","J62","D01","BG",2008,NA
"NAC","P_SAL_Y","GE1000","J62","D111","BG",2008,NA
"NAC","P_SAL_Y","GE1000","J62","D1111","BG",2008,NA
"NAC","P_SAL_Y","GE1000","K","D01","BG",2008,19534
"NAC","P_SAL_Y","GE1000","K","D111","BG",2008,16228
"NAC","P_SAL_Y","GE1000","K","D1111","BG",2008,15319
"NAC","P_SAL_Y","GE1000","K-N","D01","BG",2008,10053
"NAC","P_SAL_Y","GE1000","K-N","D111","BG",2008,8299
"NAC","P_SAL_Y","GE1000","K-N","D1111","BG",2008,7817
"NAC","P_SAL_Y","GE1000","K64","D01","BG",2008,19534
"NAC","P_SAL_Y","GE1000","K64","D111","BG",2008,16228
"NAC","P_SAL_Y","GE1000","K64","D1111","BG",2008,15319
"NAC","P_SAL_Y","GE1000","M","D01","BG",2008,NA
"NAC","P_SAL_Y","GE1000","M","D111","BG",2008,NA
"NAC","P_SAL_Y","GE1000","M","D1111","BG",2008,NA
"NAC","P_SAL_Y","GE1000","M71","D01","BG",2008,NA
"NAC","P_SAL_Y","GE1000","M71","D111","BG",2008,NA
"NAC","P_SAL_Y","GE1000","M71","D1111","BG",2008,NA
"NAC","P_SAL_Y","GE1000","M72","D01","BG",2008,NA
"NAC","P_SAL_Y","GE1000","M72","D111","BG",2008,NA
"NAC","P_SAL_Y","GE1000","M72","D1111","BG",2008,NA
"NAC","P_SAL_Y","GE1000","N","D01","BG",2008,4635
"NAC","P_SAL_Y","GE1000","N","D111","BG",2008,3768
"NAC","P_SAL_Y","GE1000","N","D1111","BG",2008,3530
"NAC","P_SAL_Y","GE1000","N78","D01","BG",2008,NA
"NAC","P_SAL_Y","GE1000","N78","D111","BG",2008,NA
"NAC","P_SAL_Y","GE1000","N78","D1111","BG",2008,NA
"NAC","P_SAL_Y","GE1000","N80","D01","BG",2008,4635
"NAC","P_SAL_Y","GE1000","N80","D111","BG",2008,3768
"NAC","P_SAL_Y","GE1000","N80","D1111","BG",2008,3530
"NAC","P_SAL_Y","GE1000","O","D01","BG",2008,13255
"NAC","P_SAL_Y","GE1000","O","D111","BG",2008,10509
"NAC","P_SAL_Y","GE1000","O","D1111","BG",2008,9641
"NAC","P_SAL_Y","GE1000","O-S","D01","BG",2008,12062
"NAC","P_SAL_Y","GE1000","O-S","D111","BG",2008,9778
"NAC","P_SAL_Y","GE1000","O-S","D1111","BG",2008,8657
"NAC","P_SAL_Y","GE1000","O84","D01","BG",2008,13255
"NAC","P_SAL_Y","GE1000","O84","D111","BG",2008,10509
"NAC","P_SAL_Y","GE1000","O84","D1111","BG",2008,9641
"NAC","P_SAL_Y","GE1000","P","D01","BG",2008,10887
"NAC","P_SAL_Y","GE1000","P","D111","BG",2008,8859
"NAC","P_SAL_Y","GE1000","P","D1111","BG",2008,7704
"NAC","P_SAL_Y","GE1000","P-S","D01","BG",2008,11620
"NAC","P_SAL_Y","GE1000","P-S","D111","BG",2008,9507
"NAC","P_SAL_Y","GE1000","P-S","D1111","BG",2008,8292
"NAC","P_SAL_Y","GE1000","P85","D01","BG",2008,10887
"NAC","P_SAL_Y","GE1000","P85","D111","BG",2008,8859
"NAC","P_SAL_Y","GE1000","P85","D1111","BG",2008,7704
"NAC","P_SAL_Y","GE1000","Q","D01","BG",2008,11987
"NAC","P_SAL_Y","GE1000","Q","D111","BG",2008,9832
"NAC","P_SAL_Y","GE1000","Q","D1111","BG",2008,8588
"NAC","P_SAL_Y","GE1000","Q86","D01","BG",2008,11987
"NAC","P_SAL_Y","GE1000","Q86","D111","BG",2008,9832
"NAC","P_SAL_Y","GE1000","Q86","D1111","BG",2008,8588
"NAC","P_SAL_Y","GE1000","R","D01","BG",2008,NA
"NAC","P_SAL_Y","GE1000","R","D111","BG",2008,NA
"NAC","P_SAL_Y","GE1000","R","D1111","BG",2008,NA
"NAC","P_SAL_Y","GE1000","R92","D01","BG",2008,NA
"NAC","P_SAL_Y","GE1000","R92","D111","BG",2008,NA
"NAC","P_SAL_Y","GE1000","R92","D1111","BG",2008,NA
"NAC","P_SAL_Y","LT10","B","D01","BG",2008,6726
"NAC","P_SAL_Y","LT10","B","D111","BG",2008,5485
"NAC","P_SAL_Y","LT10","B","D1111","BG",2008,5205
"NAC","P_SAL_Y","LT10","B-E","D01","BG",2008,4305
"NAC","P_SAL_Y","LT10","B-E","D111","BG",2008,3544
"NAC","P_SAL_Y","LT10","B-E","D1111","BG",2008,3360
"NAC","P_SAL_Y","LT10","B-F","D01","BG",2008,4660
"NAC","P_SAL_Y","LT10","B-F","D111","BG",2008,3839
"NAC","P_SAL_Y","LT10","B-F","D1111","BG",2008,3646
"NAC","P_SAL_Y","LT10","B-N","D01","BG",2008,4888
"NAC","P_SAL_Y","LT10","B-N","D111","BG",2008,4056
"NAC","P_SAL_Y","LT10","B-N","D1111","BG",2008,3857
"NAC","P_SAL_Y","LT10","B-S","D01","BG",2008,4911
"NAC","P_SAL_Y","LT10","B-S","D111","BG",2008,4079
"NAC","P_SAL_Y","LT10","B-S","D1111","BG",2008,3869
"NAC","P_SAL_Y","LT10","B-S_X_O","D01","BG",2008,4877
"NAC","P_SAL_Y","LT10","B-S_X_O","D111","BG",2008,4054
"NAC","P_SAL_Y","LT10","B-S_X_O","D1111","BG",2008,3847
"NAC","P_SAL_Y","LT10","B05","D01","BG",2008,NA
"NAC","P_SAL_Y","LT10","B05","D111","BG",2008,NA
"NAC","P_SAL_Y","LT10","B05","D1111","BG",2008,NA
"NAC","P_SAL_Y","LT10","B06","D01","BG",2008,NA
"NAC","P_SAL_Y","LT10","B06","D111","BG",2008,NA
"NAC","P_SAL_Y","LT10","B06","D1111","BG",2008,NA
"NAC","P_SAL_Y","LT10","B07","D01","BG",2008,7504
"NAC","P_SAL_Y","LT10","B07","D111","BG",2008,6072
"NAC","P_SAL_Y","LT10","B07","D1111","BG",2008,5842
"NAC","P_SAL_Y","LT10","B08","D01","BG",2008,6652
"NAC","P_SAL_Y","LT10","B08","D111","BG",2008,5428
"NAC","P_SAL_Y","LT10","B08","D1111","BG",2008,5138
"NAC","P_SAL_Y","LT10","B09","D01","BG",2008,5900
"NAC","P_SAL_Y","LT10","B09","D111","BG",2008,4867
"NAC","P_SAL_Y","LT10","B09","D1111","BG",2008,4721
"NAC","P_SAL_Y","LT10","C","D01","BG",2008,4115
"NAC","P_SAL_Y","LT10","C","D111","BG",2008,3380
"NAC","P_SAL_Y","LT10","C","D1111","BG",2008,3215
"NAC","P_SAL_Y","LT10","C10","D01","BG",2008,3710
"NAC","P_SAL_Y","LT10","C10","D111","BG",2008,3048
"NAC","P_SAL_Y","LT10","C10","D1111","BG",2008,2933
"NAC","P_SAL_Y","LT10","C11","D01","BG",2008,4326
"NAC","P_SAL_Y","LT10","C11","D111","BG",2008,3547
"NAC","P_SAL_Y","LT10","C11","D1111","BG",2008,3407
"NAC","P_SAL_Y","LT10","C12","D01","BG",2008,22905
"NAC","P_SAL_Y","LT10","C12","D111","BG",2008,10501
"NAC","P_SAL_Y","LT10","C12","D1111","BG",2008,8603
"NAC","P_SAL_Y","LT10","C13","D01","BG",2008,4392
"NAC","P_SAL_Y","LT10","C13","D111","BG",2008,3599
"NAC","P_SAL_Y","LT10","C13","D1111","BG",2008,3395
"NAC","P_SAL_Y","LT10","C14","D01","BG",2008,3415
"NAC","P_SAL_Y","LT10","C14","D111","BG",2008,2811
"NAC","P_SAL_Y","LT10","C14","D1111","BG",2008,2720
"NAC","P_SAL_Y","LT10","C15","D01","BG",2008,3304
"NAC","P_SAL_Y","LT10","C15","D111","BG",2008,2717
"NAC","P_SAL_Y","LT10","C15","D1111","BG",2008,2599
"NAC","P_SAL_Y","LT10","C16","D01","BG",2008,3449
"NAC","P_SAL_Y","LT10","C16","D111","BG",2008,2825
"NAC","P_SAL_Y","LT10","C16","D1111","BG",2008,2686
"NAC","P_SAL_Y","LT10","C17","D01","BG",2008,3946
"NAC","P_SAL_Y","LT10","C17","D111","BG",2008,3238
"NAC","P_SAL_Y","LT10","C17","D1111","BG",2008,3037
"NAC","P_SAL_Y","LT10","C18","D01","BG",2008,4406
"NAC","P_SAL_Y","LT10","C18","D111","BG",2008,3651
"NAC","P_SAL_Y","LT10","C18","D1111","BG",2008,3422
"NAC","P_SAL_Y","LT10","C19","D01","BG",2008,5715
"NAC","P_SAL_Y","LT10","C19","D111","BG",2008,4668
"NAC","P_SAL_Y","LT10","C19","D1111","BG",2008,4258
"NAC","P_SAL_Y","LT10","C20","D01","BG",2008,4859
"NAC","P_SAL_Y","LT10","C20","D111","BG",2008,3970
"NAC","P_SAL_Y","LT10","C20","D1111","BG",2008,3730
"NAC","P_SAL_Y","LT10","C21","D01","BG",2008,7908
"NAC","P_SAL_Y","LT10","C21","D111","BG",2008,6519
"NAC","P_SAL_Y","LT10","C21","D1111","BG",2008,6112
"NAC","P_SAL_Y","LT10","C22","D01","BG",2008,3975
"NAC","P_SAL_Y","LT10","C22","D111","BG",2008,3271
"NAC","P_SAL_Y","LT10","C22","D1111","BG",2008,3083
"NAC","P_SAL_Y","LT10","C23","D01","BG",2008,4895
"NAC","P_SAL_Y","LT10","C23","D111","BG",2008,3995
"NAC","P_SAL_Y","LT10","C23","D1111","BG",2008,3776
"NAC","P_SAL_Y","LT10","C24","D01","BG",2008,5657
"NAC","P_SAL_Y","LT10","C24","D111","BG",2008,4609
"NAC","P_SAL_Y","LT10","C24","D1111","BG",2008,4256
"NAC","P_SAL_Y","LT10","C25","D01","BG",2008,4203
"NAC","P_SAL_Y","LT10","C25","D111","BG",2008,3453
"NAC","P_SAL_Y","LT10","C25","D1111","BG",2008,3266
"NAC","P_SAL_Y","LT10","C26","D01","BG",2008,5931
"NAC","P_SAL_Y","LT10","C26","D111","BG",2008,4856
"NAC","P_SAL_Y","LT10","C26","D1111","BG",2008,4490
"NAC","P_SAL_Y","LT10","C27","D01","BG",2008,5789
"NAC","P_SAL_Y","LT10","C27","D111","BG",2008,4826
"NAC","P_SAL_Y","LT10","C27","D1111","BG",2008,4563
"NAC","P_SAL_Y","LT10","C28","D01","BG",2008,6272
"NAC","P_SAL_Y","LT10","C28","D111","BG",2008,5241
"NAC","P_SAL_Y","LT10","C28","D1111","BG",2008,4934
"NAC","P_SAL_Y","LT10","C29","D01","BG",2008,6315
"NAC","P_SAL_Y","LT10","C29","D111","BG",2008,5253
"NAC","P_SAL_Y","LT10","C29","D1111","BG",2008,4969
"NAC","P_SAL_Y","LT10","C30","D01","BG",2008,6740
"NAC","P_SAL_Y","LT10","C30","D111","BG",2008,5564
"NAC","P_SAL_Y","LT10","C30","D1111","BG",2008,5228
"NAC","P_SAL_Y","LT10","C31","D01","BG",2008,3555
"NAC","P_SAL_Y","LT10","C31","D111","BG",2008,2927
"NAC","P_SAL_Y","LT10","C31","D1111","BG",2008,2796
"NAC","P_SAL_Y","LT10","C32","D01","BG",2008,3887
"NAC","P_SAL_Y","LT10","C32","D111","BG",2008,3187
"NAC","P_SAL_Y","LT10","C32","D1111","BG",2008,3004
"NAC","P_SAL_Y","LT10","C33","D01","BG",2008,6262
"NAC","P_SAL_Y","LT10","C33","D111","BG",2008,5127
"NAC","P_SAL_Y","LT10","C33","D1111","BG",2008,4881
"NAC","P_SAL_Y","LT10","D","D01","BG",2008,14434
"NAC","P_SAL_Y","LT10","D","D111","BG",2008,12388
"NAC","P_SAL_Y","LT10","D","D1111","BG",2008,11133
"NAC","P_SAL_Y","LT10","D35","D01","BG",2008,14434
"NAC","P_SAL_Y","LT10","D35","D111","BG",2008,12388
"NAC","P_SAL_Y","LT10","D35","D1111","BG",2008,11133
"NAC","P_SAL_Y","LT10","E","D01","BG",2008,5713
"NAC","P_SAL_Y","LT10","E","D111","BG",2008,4712
"NAC","P_SAL_Y","LT10","E","D1111","BG",2008,4349
"NAC","P_SAL_Y","LT10","E36","D01","BG",2008,6833
"NAC","P_SAL_Y","LT10","E36","D111","BG",2008,5629
"NAC","P_SAL_Y","LT10","E36","D1111","BG",2008,4595
"NAC","P_SAL_Y","LT10","E37","D01","BG",2008,6615
"NAC","P_SAL_Y","LT10","E37","D111","BG",2008,5501
"NAC","P_SAL_Y","LT10","E37","D1111","BG",2008,5227
"NAC","P_SAL_Y","LT10","E38","D01","BG",2008,5451
"NAC","P_SAL_Y","LT10","E38","D111","BG",2008,4495
"NAC","P_SAL_Y","LT10","E38","D1111","BG",2008,4252
"NAC","P_SAL_Y","LT10","E39","D01","BG",2008,4443
"NAC","P_SAL_Y","LT10","E39","D111","BG",2008,3639
"NAC","P_SAL_Y","LT10","E39","D1111","BG",2008,3395
"NAC","P_SAL_Y","LT10","F","D01","BG",2008,5204
"NAC","P_SAL_Y","LT10","F","D111","BG",2008,4290
"NAC","P_SAL_Y","LT10","F","D1111","BG",2008,4084
"NAC","P_SAL_Y","LT10","F41","D01","BG",2008,5368
"NAC","P_SAL_Y","LT10","F41","D111","BG",2008,4428
"NAC","P_SAL_Y","LT10","F41","D1111","BG",2008,4225
"NAC","P_SAL_Y","LT10","F42","D01","BG",2008,6901
"NAC","P_SAL_Y","LT10","F42","D111","BG",2008,5713
"NAC","P_SAL_Y","LT10","F42","D1111","BG",2008,5434
"NAC","P_SAL_Y","LT10","F43","D01","BG",2008,4905
"NAC","P_SAL_Y","LT10","F43","D111","BG",2008,4041
"NAC","P_SAL_Y","LT10","F43","D1111","BG",2008,3839
"NAC","P_SAL_Y","LT10","G","D01","BG",2008,4350
"NAC","P_SAL_Y","LT10","G","D111","BG",2008,3601
"NAC","P_SAL_Y","LT10","G","D1111","BG",2008,3437
"NAC","P_SAL_Y","LT10","G-J","D01","BG",2008,4421
"NAC","P_SAL_Y","LT10","G-J","D111","BG",2008,3660
"NAC","P_SAL_Y","LT10","G-J","D1111","BG",2008,3495
"NAC","P_SAL_Y","LT10","G-N","D01","BG",2008,4960
"NAC","P_SAL_Y","LT10","G-N","D111","BG",2008,4124
"NAC","P_SAL_Y","LT10","G-N","D1111","BG",2008,3923
"NAC","P_SAL_Y","LT10","G-S_X_O","D01","BG",2008,4937
"NAC","P_SAL_Y","LT10","G-S_X_O","D111","BG",2008,4112
"NAC","P_SAL_Y","LT10","G-S_X_O","D1111","BG",2008,3903
"NAC","P_SAL_Y","LT10","G45","D01","BG",2008,4230
"NAC","P_SAL_Y","LT10","G45","D111","BG",2008,3491
"NAC","P_SAL_Y","LT10","G45","D1111","BG",2008,3324
"NAC","P_SAL_Y","LT10","G46","D01","BG",2008,6115
"NAC","P_SAL_Y","LT10","G46","D111","BG",2008,5105
"NAC","P_SAL_Y","LT10","G46","D1111","BG",2008,4816
"NAC","P_SAL_Y","LT10","G47","D01","BG",2008,3720
"NAC","P_SAL_Y","LT10","G47","D111","BG",2008,3066
"NAC","P_SAL_Y","LT10","G47","D1111","BG",2008,2947
"NAC","P_SAL_Y","LT10","H","D01","BG",2008,4562
"NAC","P_SAL_Y","LT10","H","D111","BG",2008,3706
"NAC","P_SAL_Y","LT10","H","D1111","BG",2008,3501
"NAC","P_SAL_Y","LT10","H49","D01","BG",2008,4091
"NAC","P_SAL_Y","LT10","H49","D111","BG",2008,3283
"NAC","P_SAL_Y","LT10","H49","D1111","BG",2008,3130
"NAC","P_SAL_Y","LT10","H50","D01","BG",2008,5819
"NAC","P_SAL_Y","LT10","H50","D111","BG",2008,4696
"NAC","P_SAL_Y","LT10","H50","D1111","BG",2008,4453
"NAC","P_SAL_Y","LT10","H51","D01","BG",2008,11339
"NAC","P_SAL_Y","LT10","H51","D111","BG",2008,9067
"NAC","P_SAL_Y","LT10","H51","D1111","BG",2008,8487
"NAC","P_SAL_Y","LT10","H52","D01","BG",2008,7569
"NAC","P_SAL_Y","LT10","H52","D111","BG",2008,6428
"NAC","P_SAL_Y","LT10","H52","D1111","BG",2008,5964
"NAC","P_SAL_Y","LT10","H53","D01","BG",2008,6318
"NAC","P_SAL_Y","LT10","H53","D111","BG",2008,5212
"NAC","P_SAL_Y","LT10","H53","D1111","BG",2008,4285
"NAC","P_SAL_Y","LT10","I","D01","BG",2008,3524
"NAC","P_SAL_Y","LT10","I","D111","BG",2008,2903
"NAC","P_SAL_Y","LT10","I","D1111","BG",2008,2818
"NAC","P_SAL_Y","LT10","I55","D01","BG",2008,4331
"NAC","P_SAL_Y","LT10","I55","D111","BG",2008,3562
"NAC","P_SAL_Y","LT10","I55","D1111","BG",2008,3405
"NAC","P_SAL_Y","LT10","I56","D01","BG",2008,3429
"NAC","P_SAL_Y","LT10","I56","D111","BG",2008,2826
"NAC","P_SAL_Y","LT10","I56","D1111","BG",2008,2749
"NAC","P_SAL_Y","LT10","J","D01","BG",2008,9039
"NAC","P_SAL_Y","LT10","J","D111","BG",2008,7744
"NAC","P_SAL_Y","LT10","J","D1111","BG",2008,7332
"NAC","P_SAL_Y","LT10","J58","D01","BG",2008,5858
"NAC","P_SAL_Y","LT10","J58","D111","BG",2008,4851
"NAC","P_SAL_Y","LT10","J58","D1111","BG",2008,4554
"NAC","P_SAL_Y","LT10","J59","D01","BG",2008,6433
"NAC","P_SAL_Y","LT10","J59","D111","BG",2008,5425
"NAC","P_SAL_Y","LT10","J59","D1111","BG",2008,5121
"NAC","P_SAL_Y","LT10","J60","D01","BG",2008,5228
"NAC","P_SAL_Y","LT10","J60","D111","BG",2008,4275
"NAC","P_SAL_Y","LT10","J60","D1111","BG",2008,3986
"NAC","P_SAL_Y","LT10","J61","D01","BG",2008,11361
"NAC","P_SAL_Y","LT10","J61","D111","BG",2008,10262
"NAC","P_SAL_Y","LT10","J61","D1111","BG",2008,9940
"NAC","P_SAL_Y","LT10","J62","D01","BG",2008,10593
"NAC","P_SAL_Y","LT10","J62","D111","BG",2008,9000
"NAC","P_SAL_Y","LT10","J62","D1111","BG",2008,8465
"NAC","P_SAL_Y","LT10","J63","D01","BG",2008,7141
"NAC","P_SAL_Y","LT10","J63","D111","BG",2008,5952
"NAC","P_SAL_Y","LT10","J63","D1111","BG",2008,5587
"NAC","P_SAL_Y","LT10","K","D01","BG",2008,10788
"NAC","P_SAL_Y","LT10","K","D111","BG",2008,9081
"NAC","P_SAL_Y","LT10","K","D1111","BG",2008,8504
"NAC","P_SAL_Y","LT10","K-N","D01","BG",2008,7205
"NAC","P_SAL_Y","LT10","K-N","D111","BG",2008,6054
"NAC","P_SAL_Y","LT10","K-N","D1111","BG",2008,5708
"NAC","P_SAL_Y","LT10","K64","D01","BG",2008,13167
"NAC","P_SAL_Y","LT10","K64","D111","BG",2008,11098
"NAC","P_SAL_Y","LT10","K64","D1111","BG",2008,10319
"NAC","P_SAL_Y","LT10","K65","D01","BG",2008,16179
"NAC","P_SAL_Y","LT10","K65","D111","BG",2008,13800
"NAC","P_SAL_Y","LT10","K65","D1111","BG",2008,12971
"NAC","P_SAL_Y","LT10","K66","D01","BG",2008,7142
"NAC","P_SAL_Y","LT10","K66","D111","BG",2008,5972
"NAC","P_SAL_Y","LT10","K66","D1111","BG",2008,5684
"NAC","P_SAL_Y","LT10","L","D01","BG",2008,7474
"NAC","P_SAL_Y","LT10","L","D111","BG",2008,6321
"NAC","P_SAL_Y","LT10","L","D1111","BG",2008,5981
"NAC","P_SAL_Y","LT10","L68","D01","BG",2008,7474
"NAC","P_SAL_Y","LT10","L68","D111","BG",2008,6321
"NAC","P_SAL_Y","LT10","L68","D1111","BG",2008,5981
"NAC","P_SAL_Y","LT10","M","D01","BG",2008,6965
"NAC","P_SAL_Y","LT10","M","D111","BG",2008,5842
"NAC","P_SAL_Y","LT10","M","D1111","BG",2008,5507
"NAC","P_SAL_Y","LT10","M69","D01","BG",2008,5427
"NAC","P_SAL_Y","LT10","M69","D111","BG",2008,4480
"NAC","P_SAL_Y","LT10","M69","D1111","BG",2008,4224
"NAC","P_SAL_Y","LT10","M70","D01","BG",2008,12430
"NAC","P_SAL_Y","LT10","M70","D111","BG",2008,10789
"NAC","P_SAL_Y","LT10","M70","D1111","BG",2008,10171
"NAC","P_SAL_Y","LT10","M71","D01","BG",2008,7278
"NAC","P_SAL_Y","LT10","M71","D111","BG",2008,6076
"NAC","P_SAL_Y","LT10","M71","D1111","BG",2008,5710
"NAC","P_SAL_Y","LT10","M72","D01","BG",2008,10116
"NAC","P_SAL_Y","LT10","M72","D111","BG",2008,8564
"NAC","P_SAL_Y","LT10","M72","D1111","BG",2008,8026
"NAC","P_SAL_Y","LT10","M73","D01","BG",2008,6438
"NAC","P_SAL_Y","LT10","M73","D111","BG",2008,5402
"NAC","P_SAL_Y","LT10","M73","D1111","BG",2008,5095
"NAC","P_SAL_Y","LT10","M74","D01","BG",2008,7320
"NAC","P_SAL_Y","LT10","M74","D111","BG",2008,6142
"NAC","P_SAL_Y","LT10","M74","D1111","BG",2008,5820
"NAC","P_SAL_Y","LT10","M75","D01","BG",2008,4073
"NAC","P_SAL_Y","LT10","M75","D111","BG",2008,3365
"NAC","P_SAL_Y","LT10","M75","D1111","BG",2008,3241
"NAC","P_SAL_Y","LT10","N","D01","BG",2008,5615
"NAC","P_SAL_Y","LT10","N","D111","BG",2008,4689
"NAC","P_SAL_Y","LT10","N","D1111","BG",2008,4428
"NAC","P_SAL_Y","LT10","N77","D01","BG",2008,6531
"NAC","P_SAL_Y","LT10","N77","D111","BG",2008,5471
"NAC","P_SAL_Y","LT10","N77","D1111","BG",2008,5198
"NAC","P_SAL_Y","LT10","N78","D01","BG",2008,9422
"NAC","P_SAL_Y","LT10","N78","D111","BG",2008,7948
"NAC","P_SAL_Y","LT10","N78","D1111","BG",2008,7453
"NAC","P_SAL_Y","LT10","N79","D01","BG",2008,5767
"NAC","P_SAL_Y","LT10","N79","D111","BG",2008,4760
"NAC","P_SAL_Y","LT10","N79","D1111","BG",2008,4502
"NAC","P_SAL_Y","LT10","N80","D01","BG",2008,3802
"NAC","P_SAL_Y","LT10","N80","D111","BG",2008,3163
"NAC","P_SAL_Y","LT10","N80","D1111","BG",2008,3014
"NAC","P_SAL_Y","LT10","N81","D01","BG",2008,4155
"NAC","P_SAL_Y","LT10","N81","D111","BG",2008,3449
"NAC","P_SAL_Y","LT10","N81","D1111","BG",2008,3265
"NAC","P_SAL_Y","LT10","N82","D01","BG",2008,6492
"NAC","P_SAL_Y","LT10","N82","D111","BG",2008,5490
"NAC","P_SAL_Y","LT10","N82","D1111","BG",2008,5126
"NAC","P_SAL_Y","LT10","O","D01","BG",2008,13402
"NAC","P_SAL_Y","LT10","O","D111","BG",2008,10443
"NAC","P_SAL_Y","LT10","O","D1111","BG",2008,9428
"NAC","P_SAL_Y","LT10","O-S","D01","BG",2008,5104
"NAC","P_SAL_Y","LT10","O-S","D111","BG",2008,4277
"NAC","P_SAL_Y","LT10","O-S","D1111","BG",2008,3977
"NAC","P_SAL_Y","LT10","O84","D01","BG",2008,13402
"NAC","P_SAL_Y","LT10","O84","D111","BG",2008,10443
"NAC","P_SAL_Y","LT10","O84","D1111","BG",2008,9428
"NAC","P_SAL_Y","LT10","P","D01","BG",2008,6310
"NAC","P_SAL_Y","LT10","P","D111","BG",2008,4957
"NAC","P_SAL_Y","LT10","P","D1111","BG",2008,4333
"NAC","P_SAL_Y","LT10","P-S","D01","BG",2008,4781
"NAC","P_SAL_Y","LT10","P-S","D111","BG",2008,4036
"NAC","P_SAL_Y","LT10","P-S","D1111","BG",2008,3765
"NAC","P_SAL_Y","LT10","P85","D01","BG",2008,6310
"NAC","P_SAL_Y","LT10","P85","D111","BG",2008,4957
"NAC","P_SAL_Y","LT10","P85","D1111","BG",2008,4333
"NAC","P_SAL_Y","LT10","Q","D01","BG",2008,4376
"NAC","P_SAL_Y","LT10","Q","D111","BG",2008,3617
"NAC","P_SAL_Y","LT10","Q","D1111","BG",2008,3478
"NAC","P_SAL_Y","LT10","Q86","D01","BG",2008,4345
"NAC","P_SAL_Y","LT10","Q86","D111","BG",2008,3593
"NAC","P_SAL_Y","LT10","Q86","D1111","BG",2008,3468
"NAC","P_SAL_Y","LT10","Q87","D01","BG",2008,4394
"NAC","P_SAL_Y","LT10","Q87","D111","BG",2008,3738
"NAC","P_SAL_Y","LT10","Q87","D1111","BG",2008,3462
"NAC","P_SAL_Y","LT10","Q88","D01","BG",2008,5015
"NAC","P_SAL_Y","LT10","Q88","D111","BG",2008,4085
"NAC","P_SAL_Y","LT10","Q88","D1111","BG",2008,3695
"NAC","P_SAL_Y","LT10","R","D01","BG",2008,4347
"NAC","P_SAL_Y","LT10","R","D111","BG",2008,3586
"NAC","P_SAL_Y","LT10","R","D1111","BG",2008,3391
"NAC","P_SAL_Y","LT10","R90","D01","BG",2008,5046
"NAC","P_SAL_Y","LT10","R90","D111","BG",2008,4184
"NAC","P_SAL_Y","LT10","R90","D1111","BG",2008,3965
"NAC","P_SAL_Y","LT10","R91","D01","BG",2008,6139
"NAC","P_SAL_Y","LT10","R91","D111","BG",2008,5026
"NAC","P_SAL_Y","LT10","R91","D1111","BG",2008,4525
"NAC","P_SAL_Y","LT10","R92","D01","BG",2008,3682
"NAC","P_SAL_Y","LT10","R92","D111","BG",2008,3037
"NAC","P_SAL_Y","LT10","R92","D1111","BG",2008,2885
"NAC","P_SAL_Y","LT10","R93","D01","BG",2008,4587
"NAC","P_SAL_Y","LT10","R93","D111","BG",2008,3787
"NAC","P_SAL_Y","LT10","R93","D1111","BG",2008,3594
"NAC","P_SAL_Y","LT10","S","D01","BG",2008,4579
"NAC","P_SAL_Y","LT10","S","D111","BG",2008,4089
"NAC","P_SAL_Y","LT10","S","D1111","BG",2008,3845
"NAC","P_SAL_Y","LT10","S94","D01","BG",2008,5599
"NAC","P_SAL_Y","LT10","S94","D111","BG",2008,5280
"NAC","P_SAL_Y","LT10","S94","D1111","BG",2008,4902
"NAC","P_SAL_Y","LT10","S95","D01","BG",2008,3942
"NAC","P_SAL_Y","LT10","S95","D111","BG",2008,3255
"NAC","P_SAL_Y","LT10","S95","D1111","BG",2008,3123
"NAC","P_SAL_Y","LT10","S96","D01","BG",2008,3611
"NAC","P_SAL_Y","LT10","S96","D111","BG",2008,2980
"NAC","P_SAL_Y","LT10","S96","D1111","BG",2008,2855
"NAC","P_SAL_Y","TOTAL","B","D01","BG",2008,14833
"NAC","P_SAL_Y","TOTAL","B","D111","BG",2008,10887
"NAC","P_SAL_Y","TOTAL","B","D1111","BG",2008,9239
"NAC","P_SAL_Y","TOTAL","B-E","D01","BG",2008,8300
"NAC","P_SAL_Y","TOTAL","B-E","D111","BG",2008,6617
"NAC","P_SAL_Y","TOTAL","B-E","D1111","BG",2008,5791
"NAC","P_SAL_Y","TOTAL","B-F","D01","BG",2008,7914
"NAC","P_SAL_Y","TOTAL","B-F","D111","BG",2008,6350
"NAC","P_SAL_Y","TOTAL","B-F","D1111","BG",2008,5642
"NAC","P_SAL_Y","TOTAL","B-N","D01","BG",2008,8083
"NAC","P_SAL_Y","TOTAL","B-N","D111","BG",2008,6618
"NAC","P_SAL_Y","TOTAL","B-N","D1111","BG",2008,5955
"NAC","P_SAL_Y","TOTAL","B-S","D01","BG",2008,8302
"NAC","P_SAL_Y","TOTAL","B-S","D111","BG",2008,6772
"NAC","P_SAL_Y","TOTAL","B-S","D1111","BG",2008,6064
"NAC","P_SAL_Y","TOTAL","B-S_X_O","D01","BG",2008,8106
"NAC","P_SAL_Y","TOTAL","B-S_X_O","D111","BG",2008,6630
"NAC","P_SAL_Y","TOTAL","B-S_X_O","D1111","BG",2008,5934
"NAC","P_SAL_Y","TOTAL","B05","D01","BG",2008,16267
"NAC","P_SAL_Y","TOTAL","B05","D111","BG",2008,11474
"NAC","P_SAL_Y","TOTAL","B05","D1111","BG",2008,9273
"NAC","P_SAL_Y","TOTAL","B06","D01","BG",2008,12386
"NAC","P_SAL_Y","TOTAL","B06","D111","BG",2008,10260
"NAC","P_SAL_Y","TOTAL","B06","D1111","BG",2008,9113
"NAC","P_SAL_Y","TOTAL","B07","D01","BG",2008,18062
"NAC","P_SAL_Y","TOTAL","B07","D111","BG",2008,13615
"NAC","P_SAL_Y","TOTAL","B07","D1111","BG",2008,11964
"NAC","P_SAL_Y","TOTAL","B08","D01","BG",2008,10057
"NAC","P_SAL_Y","TOTAL","B08","D111","BG",2008,7796
"NAC","P_SAL_Y","TOTAL","B08","D1111","BG",2008,7020
"NAC","P_SAL_Y","TOTAL","B09","D01","BG",2008,4724
"NAC","P_SAL_Y","TOTAL","B09","D111","BG",2008,3973
"NAC","P_SAL_Y","TOTAL","B09","D1111","BG",2008,3865
"NAC","P_SAL_Y","TOTAL","C","D01","BG",2008,7247
"NAC","P_SAL_Y","TOTAL","C","D111","BG",2008,5849
"NAC","P_SAL_Y","TOTAL","C","D1111","BG",2008,5265
"NAC","P_SAL_Y","TOTAL","C10","D01","BG",2008,5873
"NAC","P_SAL_Y","TOTAL","C10","D111","BG",2008,4829
"NAC","P_SAL_Y","TOTAL","C10","D1111","BG",2008,4473
"NAC","P_SAL_Y","TOTAL","C11","D01","BG",2008,9742
"NAC","P_SAL_Y","TOTAL","C11","D111","BG",2008,8126
"NAC","P_SAL_Y","TOTAL","C11","D1111","BG",2008,7184
"NAC","P_SAL_Y","TOTAL","C12","D01","BG",2008,20916
"NAC","P_SAL_Y","TOTAL","C12","D111","BG",2008,15544
"NAC","P_SAL_Y","TOTAL","C12","D1111","BG",2008,13380
"NAC","P_SAL_Y","TOTAL","C13","D01","BG",2008,6630
"NAC","P_SAL_Y","TOTAL","C13","D111","BG",2008,5345
"NAC","P_SAL_Y","TOTAL","C13","D1111","BG",2008,4861
"NAC","P_SAL_Y","TOTAL","C14","D01","BG",2008,4557
"NAC","P_SAL_Y","TOTAL","C14","D111","BG",2008,3737
"NAC","P_SAL_Y","TOTAL","C14","D1111","BG",2008,3404
"NAC","P_SAL_Y","TOTAL","C15","D01","BG",2008,4121
"NAC","P_SAL_Y","TOTAL","C15","D111","BG",2008,3372
"NAC","P_SAL_Y","TOTAL","C15","D1111","BG",2008,3096
"NAC","P_SAL_Y","TOTAL","C16","D01","BG",2008,5362
"NAC","P_SAL_Y","TOTAL","C16","D111","BG",2008,4393
"NAC","P_SAL_Y","TOTAL","C16","D1111","BG",2008,4023
"NAC","P_SAL_Y","TOTAL","C17","D01","BG",2008,7027
"NAC","P_SAL_Y","TOTAL","C17","D111","BG",2008,5698
"NAC","P_SAL_Y","TOTAL","C17","D1111","BG",2008,5066
"NAC","P_SAL_Y","TOTAL","C18","D01","BG",2008,7899
"NAC","P_SAL_Y","TOTAL","C18","D111","BG",2008,6553
"NAC","P_SAL_Y","TOTAL","C18","D1111","BG",2008,5956
"NAC","P_SAL_Y","TOTAL","C19","D01","BG",2008,31092
"NAC","P_SAL_Y","TOTAL","C19","D111","BG",2008,22177
"NAC","P_SAL_Y","TOTAL","C19","D1111","BG",2008,18402
"NAC","P_SAL_Y","TOTAL","C20","D01","BG",2008,10974
"NAC","P_SAL_Y","TOTAL","C20","D111","BG",2008,8535
"NAC","P_SAL_Y","TOTAL","C20","D1111","BG",2008,7521
"NAC","P_SAL_Y","TOTAL","C21","D01","BG",2008,11711
"NAC","P_SAL_Y","TOTAL","C21","D111","BG",2008,9282
"NAC","P_SAL_Y","TOTAL","C21","D1111","BG",2008,8199
"NAC","P_SAL_Y","TOTAL","C22","D01","BG",2008,5455
"NAC","P_SAL_Y","TOTAL","C22","D111","BG",2008,4476
"NAC","P_SAL_Y","TOTAL","C22","D1111","BG",2008,4120
"NAC","P_SAL_Y","TOTAL","C23","D01","BG",2008,8960
"NAC","P_SAL_Y","TOTAL","C23","D111","BG",2008,7197
"NAC","P_SAL_Y","TOTAL","C23","D1111","BG",2008,6495
"NAC","P_SAL_Y","TOTAL","C24","D01","BG",2008,15497
"NAC","P_SAL_Y","TOTAL","C24","D111","BG",2008,11990
"NAC","P_SAL_Y","TOTAL","C24","D1111","BG",2008,10471
"NAC","P_SAL_Y","TOTAL","C25","D01","BG",2008,6906
"NAC","P_SAL_Y","TOTAL","C25","D111","BG",2008,5591
"NAC","P_SAL_Y","TOTAL","C25","D1111","BG",2008,5088
"NAC","P_SAL_Y","TOTAL","C26","D01","BG",2008,9398
"NAC","P_SAL_Y","TOTAL","C26","D111","BG",2008,7766
"NAC","P_SAL_Y","TOTAL","C26","D1111","BG",2008,6845
"NAC","P_SAL_Y","TOTAL","C27","D01","BG",2008,9000
"NAC","P_SAL_Y","TOTAL","C27","D111","BG",2008,7332
"NAC","P_SAL_Y","TOTAL","C27","D1111","BG",2008,6527
"NAC","P_SAL_Y","TOTAL","C28","D01","BG",2008,8908
"NAC","P_SAL_Y","TOTAL","C28","D111","BG",2008,7252
"NAC","P_SAL_Y","TOTAL","C28","D1111","BG",2008,6422
"NAC","P_SAL_Y","TOTAL","C29","D01","BG",2008,7365
"NAC","P_SAL_Y","TOTAL","C29","D111","BG",2008,6006
"NAC","P_SAL_Y","TOTAL","C29","D1111","BG",2008,5444
"NAC","P_SAL_Y","TOTAL","C30","D01","BG",2008,11132
"NAC","P_SAL_Y","TOTAL","C30","D111","BG",2008,8870
"NAC","P_SAL_Y","TOTAL","C30","D1111","BG",2008,7938
"NAC","P_SAL_Y","TOTAL","C31","D01","BG",2008,4555
"NAC","P_SAL_Y","TOTAL","C31","D111","BG",2008,3730
"NAC","P_SAL_Y","TOTAL","C31","D1111","BG",2008,3447
"NAC","P_SAL_Y","TOTAL","C32","D01","BG",2008,5718
"NAC","P_SAL_Y","TOTAL","C32","D111","BG",2008,4709
"NAC","P_SAL_Y","TOTAL","C32","D1111","BG",2008,4295
"NAC","P_SAL_Y","TOTAL","C33","D01","BG",2008,11223
"NAC","P_SAL_Y","TOTAL","C33","D111","BG",2008,9031
"NAC","P_SAL_Y","TOTAL","C33","D1111","BG",2008,8059
"NAC","P_SAL_Y","TOTAL","D","D01","BG",2008,20186
"NAC","P_SAL_Y","TOTAL","D","D111","BG",2008,15504
"NAC","P_SAL_Y","TOTAL","D","D1111","BG",2008,11578
"NAC","P_SAL_Y","TOTAL","D35","D01","BG",2008,20186
"NAC","P_SAL_Y","TOTAL","D35","D111","BG",2008,15504
"NAC","P_SAL_Y","TOTAL","D35","D1111","BG",2008,11578
"NAC","P_SAL_Y","TOTAL","E","D01","BG",2008,9060
"NAC","P_SAL_Y","TOTAL","E","D111","BG",2008,7387
"NAC","P_SAL_Y","TOTAL","E","D1111","BG",2008,6171
"NAC","P_SAL_Y","TOTAL","E36","D01","BG",2008,10259
"NAC","P_SAL_Y","TOTAL","E36","D111","BG",2008,8322
"NAC","P_SAL_Y","TOTAL","E36","D1111","BG",2008,6517
"NAC","P_SAL_Y","TOTAL","E37","D01","BG",2008,9900
"NAC","P_SAL_Y","TOTAL","E37","D111","BG",2008,8563
"NAC","P_SAL_Y","TOTAL","E37","D1111","BG",2008,8089
"NAC","P_SAL_Y","TOTAL","E38","D01","BG",2008,7577
"NAC","P_SAL_Y","TOTAL","E38","D111","BG",2008,6215
"NAC","P_SAL_Y","TOTAL","E38","D1111","BG",2008,5684
"NAC","P_SAL_Y","TOTAL","E39","D01","BG",2008,8530
"NAC","P_SAL_Y","TOTAL","E39","D111","BG",2008,6950
"NAC","P_SAL_Y","TOTAL","E39","D1111","BG",2008,6239
"NAC","P_SAL_Y","TOTAL","F","D01","BG",2008,6800
"NAC","P_SAL_Y","TOTAL","F","D111","BG",2008,5576
"NAC","P_SAL_Y","TOTAL","F","D1111","BG",2008,5209
"NAC","P_SAL_Y","TOTAL","F41","D01","BG",2008,6160
"NAC","P_SAL_Y","TOTAL","F41","D111","BG",2008,5077
"NAC","P_SAL_Y","TOTAL","F41","D1111","BG",2008,4757
"NAC","P_SAL_Y","TOTAL","F42","D01","BG",2008,9109
"NAC","P_SAL_Y","TOTAL","F42","D111","BG",2008,7333
"NAC","P_SAL_Y","TOTAL","F42","D1111","BG",2008,6757
"NAC","P_SAL_Y","TOTAL","F43","D01","BG",2008,6585
"NAC","P_SAL_Y","TOTAL","F43","D111","BG",2008,5438
"NAC","P_SAL_Y","TOTAL","F43","D1111","BG",2008,5117
"NAC","P_SAL_Y","TOTAL","G","D01","BG",2008,6475
"NAC","P_SAL_Y","TOTAL","G","D111","BG",2008,5401
"NAC","P_SAL_Y","TOTAL","G","D1111","BG",2008,5061
"NAC","P_SAL_Y","TOTAL","G-J","D01","BG",2008,7781
"NAC","P_SAL_Y","TOTAL","G-J","D111","BG",2008,6459
"NAC","P_SAL_Y","TOTAL","G-J","D1111","BG",2008,5858
"NAC","P_SAL_Y","TOTAL","G-N","D01","BG",2008,8249
"NAC","P_SAL_Y","TOTAL","G-N","D111","BG",2008,6883
"NAC","P_SAL_Y","TOTAL","G-N","D1111","BG",2008,6265
"NAC","P_SAL_Y","TOTAL","G-S_X_O","D01","BG",2008,8244
"NAC","P_SAL_Y","TOTAL","G-S_X_O","D111","BG",2008,6831
"NAC","P_SAL_Y","TOTAL","G-S_X_O","D1111","BG",2008,6144
"NAC","P_SAL_Y","TOTAL","G45","D01","BG",2008,7748
"NAC","P_SAL_Y","TOTAL","G45","D111","BG",2008,6497
"NAC","P_SAL_Y","TOTAL","G45","D1111","BG",2008,6060
"NAC","P_SAL_Y","TOTAL","G46","D01","BG",2008,8230
"NAC","P_SAL_Y","TOTAL","G46","D111","BG",2008,6930
"NAC","P_SAL_Y","TOTAL","G46","D1111","BG",2008,6467
"NAC","P_SAL_Y","TOTAL","G47","D01","BG",2008,4963
"NAC","P_SAL_Y","TOTAL","G47","D111","BG",2008,4086
"NAC","P_SAL_Y","TOTAL","G47","D1111","BG",2008,3854
"NAC","P_SAL_Y","TOTAL","H","D01","BG",2008,9807
"NAC","P_SAL_Y","TOTAL","H","D111","BG",2008,7982
"NAC","P_SAL_Y","TOTAL","H","D1111","BG",2008,6634
"NAC","P_SAL_Y","TOTAL","H49","D01","BG",2008,7411
"NAC","P_SAL_Y","TOTAL","H49","D111","BG",2008,5859
"NAC","P_SAL_Y","TOTAL","H49","D1111","BG",2008,5065
"NAC","P_SAL_Y","TOTAL","H50","D01","BG",2008,16260
"NAC","P_SAL_Y","TOTAL","H50","D111","BG",2008,12160
"NAC","P_SAL_Y","TOTAL","H50","D1111","BG",2008,9971
"NAC","P_SAL_Y","TOTAL","H51","D01","BG",2008,25600
"NAC","P_SAL_Y","TOTAL","H51","D111","BG",2008,20982
"NAC","P_SAL_Y","TOTAL","H51","D1111","BG",2008,18723
"NAC","P_SAL_Y","TOTAL","H52","D01","BG",2008,14137
"NAC","P_SAL_Y","TOTAL","H52","D111","BG",2008,12057
"NAC","P_SAL_Y","TOTAL","H52","D1111","BG",2008,9642
"NAC","P_SAL_Y","TOTAL","H53","D01","BG",2008,8417
"NAC","P_SAL_Y","TOTAL","H53","D111","BG",2008,6899
"NAC","P_SAL_Y","TOTAL","H53","D1111","BG",2008,5408
"NAC","P_SAL_Y","TOTAL","I","D01","BG",2008,4867
"NAC","P_SAL_Y","TOTAL","I","D111","BG",2008,3999
"NAC","P_SAL_Y","TOTAL","I","D1111","BG",2008,3774
"NAC","P_SAL_Y","TOTAL","I55","D01","BG",2008,6235
"NAC","P_SAL_Y","TOTAL","I55","D111","BG",2008,5103
"NAC","P_SAL_Y","TOTAL","I55","D1111","BG",2008,4743
"NAC","P_SAL_Y","TOTAL","I56","D01","BG",2008,4186
"NAC","P_SAL_Y","TOTAL","I56","D111","BG",2008,3449
"NAC","P_SAL_Y","TOTAL","I56","D1111","BG",2008,3290
"NAC","P_SAL_Y","TOTAL","J","D01","BG",2008,16717
"NAC","P_SAL_Y","TOTAL","J","D111","BG",2008,14163
"NAC","P_SAL_Y","TOTAL","J","D1111","BG",2008,12996
"NAC","P_SAL_Y","TOTAL","J58","D01","BG",2008,9670
"NAC","P_SAL_Y","TOTAL","J58","D111","BG",2008,8167
"NAC","P_SAL_Y","TOTAL","J58","D1111","BG",2008,7603
"NAC","P_SAL_Y","TOTAL","J59","D01","BG",2008,10296
"NAC","P_SAL_Y","TOTAL","J59","D111","BG",2008,8589
"NAC","P_SAL_Y","TOTAL","J59","D1111","BG",2008,8039
"NAC","P_SAL_Y","TOTAL","J60","D01","BG",2008,11870
"NAC","P_SAL_Y","TOTAL","J60","D111","BG",2008,9881
"NAC","P_SAL_Y","TOTAL","J60","D1111","BG",2008,9099
"NAC","P_SAL_Y","TOTAL","J61","D01","BG",2008,17567
"NAC","P_SAL_Y","TOTAL","J61","D111","BG",2008,14792
"NAC","P_SAL_Y","TOTAL","J61","D1111","BG",2008,13578
"NAC","P_SAL_Y","TOTAL","J62","D01","BG",2008,21810
"NAC","P_SAL_Y","TOTAL","J62","D111","BG",2008,18666
"NAC","P_SAL_Y","TOTAL","J62","D1111","BG",2008,17064
"NAC","P_SAL_Y","TOTAL","J63","D01","BG",2008,14088
"NAC","P_SAL_Y","TOTAL","J63","D111","BG",2008,11987
"NAC","P_SAL_Y","TOTAL","J63","D1111","BG",2008,10954
"NAC","P_SAL_Y","TOTAL","K","D01","BG",2008,17803
"NAC","P_SAL_Y","TOTAL","K","D111","BG",2008,14994
"NAC","P_SAL_Y","TOTAL","K","D1111","BG",2008,13618
"NAC","P_SAL_Y","TOTAL","K-N","D01","BG",2008,9562
"NAC","P_SAL_Y","TOTAL","K-N","D111","BG",2008,8074
"NAC","P_SAL_Y","TOTAL","K-N","D1111","BG",2008,7408
"NAC","P_SAL_Y","TOTAL","K64","D01","BG",2008,18203
"NAC","P_SAL_Y","TOTAL","K64","D111","BG",2008,15319
"NAC","P_SAL_Y","TOTAL","K64","D1111","BG",2008,13833
"NAC","P_SAL_Y","TOTAL","K65","D01","BG",2008,18804
"NAC","P_SAL_Y","TOTAL","K65","D111","BG",2008,15966
"NAC","P_SAL_Y","TOTAL","K65","D1111","BG",2008,14881
"NAC","P_SAL_Y","TOTAL","K66","D01","BG",2008,12289
"NAC","P_SAL_Y","TOTAL","K66","D111","BG",2008,10295
"NAC","P_SAL_Y","TOTAL","K66","D1111","BG",2008,9611
"NAC","P_SAL_Y","TOTAL","L","D01","BG",2008,8315
"NAC","P_SAL_Y","TOTAL","L","D111","BG",2008,6991
"NAC","P_SAL_Y","TOTAL","L","D1111","BG",2008,6476
"NAC","P_SAL_Y","TOTAL","L68","D01","BG",2008,8315
"NAC","P_SAL_Y","TOTAL","L68","D111","BG",2008,6991
"NAC","P_SAL_Y","TOTAL","L68","D1111","BG",2008,6476
"NAC","P_SAL_Y","TOTAL","M","D01","BG",2008,11019
"NAC","P_SAL_Y","TOTAL","M","D111","BG",2008,9303
"NAC","P_SAL_Y","TOTAL","M","D1111","BG",2008,8515
"NAC","P_SAL_Y","TOTAL","M69","D01","BG",2008,9440
"NAC","P_SAL_Y","TOTAL","M69","D111","BG",2008,7977
"NAC","P_SAL_Y","TOTAL","M69","D1111","BG",2008,7431
"NAC","P_SAL_Y","TOTAL","M70","D01","BG",2008,17746
"NAC","P_SAL_Y","TOTAL","M70","D111","BG",2008,15243
"NAC","P_SAL_Y","TOTAL","M70","D1111","BG",2008,13805
"NAC","P_SAL_Y","TOTAL","M71","D01","BG",2008,11083
"NAC","P_SAL_Y","TOTAL","M71","D111","BG",2008,9288
"NAC","P_SAL_Y","TOTAL","M71","D1111","BG",2008,8450
"NAC","P_SAL_Y","TOTAL","M72","D01","BG",2008,9378
"NAC","P_SAL_Y","TOTAL","M72","D111","BG",2008,7699
"NAC","P_SAL_Y","TOTAL","M72","D1111","BG",2008,6753
"NAC","P_SAL_Y","TOTAL","M73","D01","BG",2008,10646
"NAC","P_SAL_Y","TOTAL","M73","D111","BG",2008,9042
"NAC","P_SAL_Y","TOTAL","M73","D1111","BG",2008,8420
"NAC","P_SAL_Y","TOTAL","M74","D01","BG",2008,11141
"NAC","P_SAL_Y","TOTAL","M74","D111","BG",2008,9587
"NAC","P_SAL_Y","TOTAL","M74","D1111","BG",2008,9060
"NAC","P_SAL_Y","TOTAL","M75","D01","BG",2008,4073
"NAC","P_SAL_Y","TOTAL","M75","D111","BG",2008,3365
"NAC","P_SAL_Y","TOTAL","M75","D1111","BG",2008,3241
"NAC","P_SAL_Y","TOTAL","N","D01","BG",2008,4747
"NAC","P_SAL_Y","TOTAL","N","D111","BG",2008,4036
"NAC","P_SAL_Y","TOTAL","N","D1111","BG",2008,3772
"NAC","P_SAL_Y","TOTAL","N77","D01","BG",2008,9189
"NAC","P_SAL_Y","TOTAL","N77","D111","BG",2008,7729
"NAC","P_SAL_Y","TOTAL","N77","D1111","BG",2008,7190
"NAC","P_SAL_Y","TOTAL","N78","D01","BG",2008,9109
"NAC","P_SAL_Y","TOTAL","N78","D111","BG",2008,7524
"NAC","P_SAL_Y","TOTAL","N78","D1111","BG",2008,6972
"NAC","P_SAL_Y","TOTAL","N79","D01","BG",2008,6889
"NAC","P_SAL_Y","TOTAL","N79","D111","BG",2008,5757
"NAC","P_SAL_Y","TOTAL","N79","D1111","BG",2008,5449
"NAC","P_SAL_Y","TOTAL","N80","D01","BG",2008,4309
"NAC","P_SAL_Y","TOTAL","N80","D111","BG",2008,3544
"NAC","P_SAL_Y","TOTAL","N80","D1111","BG",2008,3334
"NAC","P_SAL_Y","TOTAL","N81","D01","BG",2008,3338
"NAC","P_SAL_Y","TOTAL","N81","D111","BG",2008,3113
"NAC","P_SAL_Y","TOTAL","N81","D1111","BG",2008,2881
"NAC","P_SAL_Y","TOTAL","N82","D01","BG",2008,9887
"NAC","P_SAL_Y","TOTAL","N82","D111","BG",2008,8186
"NAC","P_SAL_Y","TOTAL","N82","D1111","BG",2008,7629
"NAC","P_SAL_Y","TOTAL","O","D01","BG",2008,11759
"NAC","P_SAL_Y","TOTAL","O","D111","BG",2008,9270
"NAC","P_SAL_Y","TOTAL","O","D1111","BG",2008,8349
"NAC","P_SAL_Y","TOTAL","O-S","D01","BG",2008,9162
"NAC","P_SAL_Y","TOTAL","O-S","D111","BG",2008,7374
"NAC","P_SAL_Y","TOTAL","O-S","D1111","BG",2008,6489
"NAC","P_SAL_Y","TOTAL","O84","D01","BG",2008,11759
"NAC","P_SAL_Y","TOTAL","O84","D111","BG",2008,9270
"NAC","P_SAL_Y","TOTAL","O84","D1111","BG",2008,8349
"NAC","P_SAL_Y","TOTAL","P","D01","BG",2008,8875
"NAC","P_SAL_Y","TOTAL","P","D111","BG",2008,7091
"NAC","P_SAL_Y","TOTAL","P","D1111","BG",2008,5933
"NAC","P_SAL_Y","TOTAL","P-S","D01","BG",2008,8231
"NAC","P_SAL_Y","TOTAL","P-S","D111","BG",2008,6694
"NAC","P_SAL_Y","TOTAL","P-S","D1111","BG",2008,5822
"NAC","P_SAL_Y","TOTAL","P85","D01","BG",2008,8875
"NAC","P_SAL_Y","TOTAL","P85","D111","BG",2008,7091
"NAC","P_SAL_Y","TOTAL","P85","D1111","BG",2008,5933
"NAC","P_SAL_Y","TOTAL","Q","D01","BG",2008,8435
"NAC","P_SAL_Y","TOTAL","Q","D111","BG",2008,6929
"NAC","P_SAL_Y","TOTAL","Q","D1111","BG",2008,6224
"NAC","P_SAL_Y","TOTAL","Q86","D01","BG",2008,9153
"NAC","P_SAL_Y","TOTAL","Q86","D111","BG",2008,7522
"NAC","P_SAL_Y","TOTAL","Q86","D1111","BG",2008,6778
"NAC","P_SAL_Y","TOTAL","Q87","D01","BG",2008,6184
"NAC","P_SAL_Y","TOTAL","Q87","D111","BG",2008,5072
"NAC","P_SAL_Y","TOTAL","Q87","D1111","BG",2008,4460
"NAC","P_SAL_Y","TOTAL","Q88","D01","BG",2008,5368
"NAC","P_SAL_Y","TOTAL","Q88","D111","BG",2008,4395
"NAC","P_SAL_Y","TOTAL","Q88","D1111","BG",2008,3887
"NAC","P_SAL_Y","TOTAL","R","D01","BG",2008,6709
"NAC","P_SAL_Y","TOTAL","R","D111","BG",2008,5566
"NAC","P_SAL_Y","TOTAL","R","D1111","BG",2008,5070
"NAC","P_SAL_Y","TOTAL","R90","D01","BG",2008,7364
"NAC","P_SAL_Y","TOTAL","R90","D111","BG",2008,5973
"NAC","P_SAL_Y","TOTAL","R90","D1111","BG",2008,5224
"NAC","P_SAL_Y","TOTAL","R91","D01","BG",2008,6585
"NAC","P_SAL_Y","TOTAL","R91","D111","BG",2008,5375
"NAC","P_SAL_Y","TOTAL","R91","D1111","BG",2008,4720
"NAC","P_SAL_Y","TOTAL","R92","D01","BG",2008,5663
"NAC","P_SAL_Y","TOTAL","R92","D111","BG",2008,4679
"NAC","P_SAL_Y","TOTAL","R92","D1111","BG",2008,4346
"NAC","P_SAL_Y","TOTAL","R93","D01","BG",2008,7732
"NAC","P_SAL_Y","TOTAL","R93","D111","BG",2008,6621
"NAC","P_SAL_Y","TOTAL","R93","D1111","BG",2008,6208
"NAC","P_SAL_Y","TOTAL","S","D01","BG",2008,5335
"NAC","P_SAL_Y","TOTAL","S","D111","BG",2008,4652
"NAC","P_SAL_Y","TOTAL","S","D1111","BG",2008,4308
"NAC","P_SAL_Y","TOTAL","S94","D01","BG",2008,6174
"NAC","P_SAL_Y","TOTAL","S94","D111","BG",2008,5556
"NAC","P_SAL_Y","TOTAL","S94","D1111","BG",2008,5106
"NAC","P_SAL_Y","TOTAL","S95","D01","BG",2008,4977
"NAC","P_SAL_Y","TOTAL","S95","D111","BG",2008,4127
"NAC","P_SAL_Y","TOTAL","S95","D1111","BG",2008,3916
"NAC","P_SAL_Y","TOTAL","S96","D01","BG",2008,4211
"NAC","P_SAL_Y","TOTAL","S96","D111","BG",2008,3471
"NAC","P_SAL_Y","TOTAL","S96","D1111","BG",2008,3250
"NAC","TOTAL","10-49","B","D01","BG",2008,19799467
"NAC","TOTAL","10-49","B","D111","BG",2008,15857039
"NAC","TOTAL","10-49","B","D1111","BG",2008,14471020
"NAC","TOTAL","10-49","B-E","D01","BG",2008,773829393
"NAC","TOTAL","10-49","B-E","D111","BG",2008,634953792
"NAC","TOTAL","10-49","B-E","D1111","BG",2008,581893651
"NAC","TOTAL","10-49","B-F","D01","BG",2008,1230577421
"NAC","TOTAL","10-49","B-F","D111","BG",2008,1010976399
"NAC","TOTAL","10-49","B-F","D1111","BG",2008,936060787
"NAC","TOTAL","10-49","B-N","D01","BG",2008,3133863075
"NAC","TOTAL","10-49","B-N","D111","BG",2008,2610101005
"NAC","TOTAL","10-49","B-N","D1111","BG",2008,2420011203
"NAC","TOTAL","10-49","B-S","D01","BG",2008,4218702195
"NAC","TOTAL","10-49","B-S","D111","BG",2008,3476907627
"NAC","TOTAL","10-49","B-S","D1111","BG",2008,3171178972
"NAC","TOTAL","10-49","B-S_X_O","D01","BG",2008,3909584946
"NAC","TOTAL","10-49","B-S_X_O","D111","BG",2008,3235551348
"NAC","TOTAL","10-49","B-S_X_O","D1111","BG",2008,2956968016
"NAC","TOTAL","10-49","B05","D01","BG",2008,971560
"NAC","TOTAL","10-49","B05","D111","BG",2008,766383
"NAC","TOTAL","10-49","B05","D1111","BG",2008,720423
"NAC","TOTAL","10-49","B06","D01","BG",2008,NA
"NAC","TOTAL","10-49","B06","D111","BG",2008,NA
"NAC","TOTAL","10-49","B06","D1111","BG",2008,NA
"NAC","TOTAL","10-49","B07","D01","BG",2008,763695
"NAC","TOTAL","10-49","B07","D111","BG",2008,581864
"NAC","TOTAL","10-49","B07","D1111","BG",2008,497490
"NAC","TOTAL","10-49","B08","D01","BG",2008,16390059
"NAC","TOTAL","10-49","B08","D111","BG",2008,13054203
"NAC","TOTAL","10-49","B08","D1111","BG",2008,11910226
"NAC","TOTAL","10-49","B09","D01","BG",2008,NA
"NAC","TOTAL","10-49","B09","D111","BG",2008,NA
"NAC","TOTAL","10-49","B09","D1111","BG",2008,NA
"NAC","TOTAL","10-49","C","D01","BG",2008,663283032
"NAC","TOTAL","10-49","C","D111","BG",2008,544863584
"NAC","TOTAL","10-49","C","D1111","BG",2008,506456198
"NAC","TOTAL","10-49","C10","D01","BG",2008,98616843
"NAC","TOTAL","10-49","C10","D111","BG",2008,80910325
"NAC","TOTAL","10-49","C10","D1111","BG",2008,75482650
"NAC","TOTAL","10-49","C11","D01","BG",2008,NA
"NAC","TOTAL","10-49","C11","D111","BG",2008,NA
"NAC","TOTAL","10-49","C11","D1111","BG",2008,NA
"NAC","TOTAL","10-49","C12","D01","BG",2008,2096832
"NAC","TOTAL","10-49","C12","D111","BG",2008,1710258
"NAC","TOTAL","10-49","C12","D1111","BG",2008,1586149
"NAC","TOTAL","10-49","C13","D01","BG",2008,13248188
"NAC","TOTAL","10-49","C13","D111","BG",2008,10695380
"NAC","TOTAL","10-49","C13","D1111","BG",2008,9880921
"NAC","TOTAL","10-49","C14","D01","BG",2008,104644539
"NAC","TOTAL","10-49","C14","D111","BG",2008,85983995
"NAC","TOTAL","10-49","C14","D1111","BG",2008,80001612
"NAC","TOTAL","10-49","C15","D01","BG",2008,14136964
"NAC","TOTAL","10-49","C15","D111","BG",2008,11637510
"NAC","TOTAL","10-49","C15","D1111","BG",2008,10821847
"NAC","TOTAL","10-49","C16","D01","BG",2008,31273937
"NAC","TOTAL","10-49","C16","D111","BG",2008,25689775
"NAC","TOTAL","10-49","C16","D1111","BG",2008,23942519
"NAC","TOTAL","10-49","C17","D01","BG",2008,13851459
"NAC","TOTAL","10-49","C17","D111","BG",2008,11374595
"NAC","TOTAL","10-49","C17","D1111","BG",2008,10507351
"NAC","TOTAL","10-49","C18","D01","BG",2008,17125837
"NAC","TOTAL","10-49","C18","D111","BG",2008,14148844
"NAC","TOTAL","10-49","C18","D1111","BG",2008,13086840
"NAC","TOTAL","10-49","C19","D01","BG",2008,NA
"NAC","TOTAL","10-49","C19","D111","BG",2008,NA
"NAC","TOTAL","10-49","C19","D1111","BG",2008,NA
"NAC","TOTAL","10-49","C20","D01","BG",2008,14418350
"NAC","TOTAL","10-49","C20","D111","BG",2008,11739435
"NAC","TOTAL","10-49","C20","D1111","BG",2008,10824489
"NAC","TOTAL","10-49","C21","D01","BG",2008,NA
"NAC","TOTAL","10-49","C21","D111","BG",2008,NA
"NAC","TOTAL","10-49","C21","D1111","BG",2008,NA
"NAC","TOTAL","10-49","C22","D01","BG",2008,36475759
"NAC","TOTAL","10-49","C22","D111","BG",2008,29972388
"NAC","TOTAL","10-49","C22","D1111","BG",2008,27906314
"NAC","TOTAL","10-49","C23","D01","BG",2008,45889736
"NAC","TOTAL","10-49","C23","D111","BG",2008,37099468
"NAC","TOTAL","10-49","C23","D1111","BG",2008,34682093
"NAC","TOTAL","10-49","C24","D01","BG",2008,NA
"NAC","TOTAL","10-49","C24","D111","BG",2008,NA
"NAC","TOTAL","10-49","C24","D1111","BG",2008,NA
"NAC","TOTAL","10-49","C25","D01","BG",2008,83870354
"NAC","TOTAL","10-49","C25","D111","BG",2008,69019653
"NAC","TOTAL","10-49","C25","D1111","BG",2008,63910885
"NAC","TOTAL","10-49","C26","D01","BG",2008,14919755
"NAC","TOTAL","10-49","C26","D111","BG",2008,12396067
"NAC","TOTAL","10-49","C26","D1111","BG",2008,11475309
"NAC","TOTAL","10-49","C27","D01","BG",2008,19981116
"NAC","TOTAL","10-49","C27","D111","BG",2008,16455619
"NAC","TOTAL","10-49","C27","D1111","BG",2008,15086843
"NAC","TOTAL","10-49","C28","D01","BG",2008,42809643
"NAC","TOTAL","10-49","C28","D111","BG",2008,35188561
"NAC","TOTAL","10-49","C28","D1111","BG",2008,32382978
"NAC","TOTAL","10-49","C29","D01","BG",2008,NA
"NAC","TOTAL","10-49","C29","D111","BG",2008,NA
"NAC","TOTAL","10-49","C29","D1111","BG",2008,NA
"NAC","TOTAL","10-49","C30","D01","BG",2008,4223553
"NAC","TOTAL","10-49","C30","D111","BG",2008,3540082
"NAC","TOTAL","10-49","C30","D1111","BG",2008,3326833
"NAC","TOTAL","10-49","C31","D01","BG",2008,34758494
"NAC","TOTAL","10-49","C31","D111","BG",2008,28581715
"NAC","TOTAL","10-49","C31","D1111","BG",2008,26607038
"NAC","TOTAL","10-49","C32","D01","BG",2008,9551390
"NAC","TOTAL","10-49","C32","D111","BG",2008,7787837
"NAC","TOTAL","10-49","C32","D1111","BG",2008,7162366
"NAC","TOTAL","10-49","C33","D01","BG",2008,25761368
"NAC","TOTAL","10-49","C33","D111","BG",2008,21210169
"NAC","TOTAL","10-49","C33","D1111","BG",2008,19888393
"NAC","TOTAL","10-49","D","D01","BG",2008,36905578
"NAC","TOTAL","10-49","D","D111","BG",2008,30102214
"NAC","TOTAL","10-49","D","D1111","BG",2008,24464271
"NAC","TOTAL","10-49","D35","D01","BG",2008,36905578
"NAC","TOTAL","10-49","D35","D111","BG",2008,30102214
"NAC","TOTAL","10-49","D35","D1111","BG",2008,24464271
"NAC","TOTAL","10-49","E","D01","BG",2008,53841316
"NAC","TOTAL","10-49","E","D111","BG",2008,44130955
"NAC","TOTAL","10-49","E","D1111","BG",2008,36502162
"NAC","TOTAL","10-49","E36","D01","BG",2008,35264679
"NAC","TOTAL","10-49","E36","D111","BG",2008,28602503
"NAC","TOTAL","10-49","E36","D1111","BG",2008,21977748
"NAC","TOTAL","10-49","E37","D01","BG",2008,2163852
"NAC","TOTAL","10-49","E37","D111","BG",2008,1954362
"NAC","TOTAL","10-49","E37","D1111","BG",2008,1902877
"NAC","TOTAL","10-49","E38","D01","BG",2008,15233813
"NAC","TOTAL","10-49","E38","D111","BG",2008,12625126
"NAC","TOTAL","10-49","E38","D1111","BG",2008,11752672
"NAC","TOTAL","10-49","E39","D01","BG",2008,1178972
"NAC","TOTAL","10-49","E39","D111","BG",2008,948964
"NAC","TOTAL","10-49","E39","D1111","BG",2008,868865
"NAC","TOTAL","10-49","F","D01","BG",2008,456748028
"NAC","TOTAL","10-49","F","D111","BG",2008,376022607
"NAC","TOTAL","10-49","F","D1111","BG",2008,354167136
"NAC","TOTAL","10-49","F41","D01","BG",2008,242579088
"NAC","TOTAL","10-49","F41","D111","BG",2008,199880274
"NAC","TOTAL","10-49","F41","D1111","BG",2008,188478004
"NAC","TOTAL","10-49","F42","D01","BG",2008,57154820
"NAC","TOTAL","10-49","F42","D111","BG",2008,46536576
"NAC","TOTAL","10-49","F42","D1111","BG",2008,43429654
"NAC","TOTAL","10-49","F43","D01","BG",2008,157014120
"NAC","TOTAL","10-49","F43","D111","BG",2008,129605757
"NAC","TOTAL","10-49","F43","D1111","BG",2008,122259478
"NAC","TOTAL","10-49","G","D01","BG",2008,780264471
"NAC","TOTAL","10-49","G","D111","BG",2008,651734189
"NAC","TOTAL","10-49","G","D1111","BG",2008,609170672
"NAC","TOTAL","10-49","G-J","D01","BG",2008,1341094065
"NAC","TOTAL","10-49","G-J","D111","BG",2008,1120548964
"NAC","TOTAL","10-49","G-J","D1111","BG",2008,1040516623
"NAC","TOTAL","10-49","G-N","D01","BG",2008,1903285654
"NAC","TOTAL","10-49","G-N","D111","BG",2008,1599124606
"NAC","TOTAL","10-49","G-N","D1111","BG",2008,1483950416
"NAC","TOTAL","10-49","G-S_X_O","D01","BG",2008,2679007525
"NAC","TOTAL","10-49","G-S_X_O","D111","BG",2008,2224574949
"NAC","TOTAL","10-49","G-S_X_O","D1111","BG",2008,2020907229
"NAC","TOTAL","10-49","G45","D01","BG",2008,74733091
"NAC","TOTAL","10-49","G45","D111","BG",2008,62333436
"NAC","TOTAL","10-49","G45","D1111","BG",2008,58338656
"NAC","TOTAL","10-49","G46","D01","BG",2008,438427124
"NAC","TOTAL","10-49","G46","D111","BG",2008,368886776
"NAC","TOTAL","10-49","G46","D1111","BG",2008,344397731
"NAC","TOTAL","10-49","G47","D01","BG",2008,267104256
"NAC","TOTAL","10-49","G47","D111","BG",2008,220513977
"NAC","TOTAL","10-49","G47","D1111","BG",2008,206434285
"NAC","TOTAL","10-49","H","D01","BG",2008,222453339
"NAC","TOTAL","10-49","H","D111","BG",2008,185175964
"NAC","TOTAL","10-49","H","D1111","BG",2008,165048615
"NAC","TOTAL","10-49","H49","D01","BG",2008,107012558
"NAC","TOTAL","10-49","H49","D111","BG",2008,85233825
"NAC","TOTAL","10-49","H49","D1111","BG",2008,79072365
"NAC","TOTAL","10-49","H50","D01","BG",2008,1914776
"NAC","TOTAL","10-49","H50","D111","BG",2008,1499819
"NAC","TOTAL","10-49","H50","D1111","BG",2008,1423299
"NAC","TOTAL","10-49","H51","D01","BG",2008,2872737
"NAC","TOTAL","10-49","H51","D111","BG",2008,2301151
"NAC","TOTAL","10-49","H51","D1111","BG",2008,2164038
"NAC","TOTAL","10-49","H52","D01","BG",2008,86109978
"NAC","TOTAL","10-49","H52","D111","BG",2008,76021892
"NAC","TOTAL","10-49","H52","D1111","BG",2008,67484777
"NAC","TOTAL","10-49","H53","D01","BG",2008,24543290
"NAC","TOTAL","10-49","H53","D111","BG",2008,20119277
"NAC","TOTAL","10-49","H53","D1111","BG",2008,14904136
"NAC","TOTAL","10-49","I","D01","BG",2008,154142999
"NAC","TOTAL","10-49","I","D111","BG",2008,126857523
"NAC","TOTAL","10-49","I","D1111","BG",2008,119893091
"NAC","TOTAL","10-49","I55","D01","BG",2008,52265934
"NAC","TOTAL","10-49","I55","D111","BG",2008,42823593
"NAC","TOTAL","10-49","I55","D1111","BG",2008,40121621
"NAC","TOTAL","10-49","I56","D01","BG",2008,101877065
"NAC","TOTAL","10-49","I56","D111","BG",2008,84033930
"NAC","TOTAL","10-49","I56","D1111","BG",2008,79771470
"NAC","TOTAL","10-49","J","D01","BG",2008,184233256
"NAC","TOTAL","10-49","J","D111","BG",2008,156781288
"NAC","TOTAL","10-49","J","D1111","BG",2008,146404245
"NAC","TOTAL","10-49","J58","D01","BG",2008,24166213
"NAC","TOTAL","10-49","J58","D111","BG",2008,20424224
"NAC","TOTAL","10-49","J58","D1111","BG",2008,19004428
"NAC","TOTAL","10-49","J59","D01","BG",2008,5352215
"NAC","TOTAL","10-49","J59","D111","BG",2008,4470564
"NAC","TOTAL","10-49","J59","D1111","BG",2008,4168597
"NAC","TOTAL","10-49","J60","D01","BG",2008,9057415
"NAC","TOTAL","10-49","J60","D111","BG",2008,7600601
"NAC","TOTAL","10-49","J60","D1111","BG",2008,7045847
"NAC","TOTAL","10-49","J61","D01","BG",2008,28622830
"NAC","TOTAL","10-49","J61","D111","BG",2008,23427763
"NAC","TOTAL","10-49","J61","D1111","BG",2008,21673482
"NAC","TOTAL","10-49","J62","D01","BG",2008,100797429
"NAC","TOTAL","10-49","J62","D111","BG",2008,86871986
"NAC","TOTAL","10-49","J62","D1111","BG",2008,81455709
"NAC","TOTAL","10-49","J63","D01","BG",2008,16237154
"NAC","TOTAL","10-49","J63","D111","BG",2008,13986150
"NAC","TOTAL","10-49","J63","D1111","BG",2008,13056182
"NAC","TOTAL","10-49","K","D01","BG",2008,150889038
"NAC","TOTAL","10-49","K","D111","BG",2008,128137292
"NAC","TOTAL","10-49","K","D1111","BG",2008,117476232
"NAC","TOTAL","10-49","K-N","D01","BG",2008,562191589
"NAC","TOTAL","10-49","K-N","D111","BG",2008,478575642
"NAC","TOTAL","10-49","K-N","D1111","BG",2008,443433793
"NAC","TOTAL","10-49","K64","D01","BG",2008,113228328
"NAC","TOTAL","10-49","K64","D111","BG",2008,95919828
"NAC","TOTAL","10-49","K64","D1111","BG",2008,87296819
"NAC","TOTAL","10-49","K65","D01","BG",2008,17860443
"NAC","TOTAL","10-49","K65","D111","BG",2008,15177524
"NAC","TOTAL","10-49","K65","D1111","BG",2008,14038699
"NAC","TOTAL","10-49","K66","D01","BG",2008,19800267
"NAC","TOTAL","10-49","K66","D111","BG",2008,17039940
"NAC","TOTAL","10-49","K66","D1111","BG",2008,16140714
"NAC","TOTAL","10-49","L","D01","BG",2008,78937719
"NAC","TOTAL","10-49","L","D111","BG",2008,66328388
"NAC","TOTAL","10-49","L","D1111","BG",2008,61043908
"NAC","TOTAL","10-49","L68","D01","BG",2008,78937719
"NAC","TOTAL","10-49","L68","D111","BG",2008,66328388
"NAC","TOTAL","10-49","L68","D1111","BG",2008,61043908
"NAC","TOTAL","10-49","M","D01","BG",2008,244752579
"NAC","TOTAL","10-49","M","D111","BG",2008,210610060
"NAC","TOTAL","10-49","M","D1111","BG",2008,196015028
"NAC","TOTAL","10-49","M69","D01","BG",2008,25023970
"NAC","TOTAL","10-49","M69","D111","BG",2008,21195142
"NAC","TOTAL","10-49","M69","D1111","BG",2008,19814026
"NAC","TOTAL","10-49","M70","D01","BG",2008,45879480
"NAC","TOTAL","10-49","M70","D111","BG",2008,40888092
"NAC","TOTAL","10-49","M70","D1111","BG",2008,38459641
"NAC","TOTAL","10-49","M71","D01","BG",2008,75446374
"NAC","TOTAL","10-49","M71","D111","BG",2008,63939880
"NAC","TOTAL","10-49","M71","D1111","BG",2008,58708589
"NAC","TOTAL","10-49","M72","D01","BG",2008,20181857
"NAC","TOTAL","10-49","M72","D111","BG",2008,16546337
"NAC","TOTAL","10-49","M72","D1111","BG",2008,14886362
"NAC","TOTAL","10-49","M73","D01","BG",2008,35122109
"NAC","TOTAL","10-49","M73","D111","BG",2008,29815118
"NAC","TOTAL","10-49","M73","D1111","BG",2008,27842723
"NAC","TOTAL","10-49","M74","D01","BG",2008,43098789
"NAC","TOTAL","10-49","M74","D111","BG",2008,38225491
"NAC","TOTAL","10-49","M74","D1111","BG",2008,36303687
"NAC","TOTAL","10-49","M75","D01","BG",2008,NA
"NAC","TOTAL","10-49","M75","D111","BG",2008,NA
"NAC","TOTAL","10-49","M75","D1111","BG",2008,NA
"NAC","TOTAL","10-49","N","D01","BG",2008,87612253
"NAC","TOTAL","10-49","N","D111","BG",2008,73499902
"NAC","TOTAL","10-49","N","D1111","BG",2008,68898625
"NAC","TOTAL","10-49","N77","D01","BG",2008,10302592
"NAC","TOTAL","10-49","N77","D111","BG",2008,8694939
"NAC","TOTAL","10-49","N77","D1111","BG",2008,8086031
"NAC","TOTAL","10-49","N78","D01","BG",2008,10864103
"NAC","TOTAL","10-49","N78","D111","BG",2008,9034620
"NAC","TOTAL","10-49","N78","D1111","BG",2008,8304103
"NAC","TOTAL","10-49","N79","D01","BG",2008,11866464
"NAC","TOTAL","10-49","N79","D111","BG",2008,10040902
"NAC","TOTAL","10-49","N79","D1111","BG",2008,9469160
"NAC","TOTAL","10-49","N80","D01","BG",2008,30611077
"NAC","TOTAL","10-49","N80","D111","BG",2008,25672562
"NAC","TOTAL","10-49","N80","D1111","BG",2008,24408743
"NAC","TOTAL","10-49","N81","D01","BG",2008,15727974
"NAC","TOTAL","10-49","N81","D111","BG",2008,13235555
"NAC","TOTAL","10-49","N81","D1111","BG",2008,12241785
"NAC","TOTAL","10-49","N82","D01","BG",2008,8240043
"NAC","TOTAL","10-49","N82","D111","BG",2008,6821324
"NAC","TOTAL","10-49","N82","D1111","BG",2008,6388803
"NAC","TOTAL","10-49","O","D01","BG",2008,309117249
"NAC","TOTAL","10-49","O","D111","BG",2008,241356279
"NAC","TOTAL","10-49","O","D1111","BG",2008,214210956
"NAC","TOTAL","10-49","O-S","D01","BG",2008,1084839120
"NAC","TOTAL","10-49","O-S","D111","BG",2008,866806622
"NAC","TOTAL","10-49","O-S","D1111","BG",2008,751167769
"NAC","TOTAL","10-49","O84","D01","BG",2008,309117249
"NAC","TOTAL","10-49","O84","D111","BG",2008,241356279
"NAC","TOTAL","10-49","O84","D1111","BG",2008,214210956
"NAC","TOTAL","10-49","P","D01","BG",2008,525199571
"NAC","TOTAL","10-49","P","D111","BG",2008,416337657
"NAC","TOTAL","10-49","P","D1111","BG",2008,346206992
"NAC","TOTAL","10-49","P-S","D01","BG",2008,775721871
"NAC","TOTAL","10-49","P-S","D111","BG",2008,625450343
"NAC","TOTAL","10-49","P-S","D1111","BG",2008,536956813
"NAC","TOTAL","10-49","P85","D01","BG",2008,525199571
"NAC","TOTAL","10-49","P85","D111","BG",2008,416337657
"NAC","TOTAL","10-49","P85","D1111","BG",2008,346206992
"NAC","TOTAL","10-49","Q","D01","BG",2008,144961927
"NAC","TOTAL","10-49","Q","D111","BG",2008,119932973
"NAC","TOTAL","10-49","Q","D1111","BG",2008,109132864
"NAC","TOTAL","10-49","Q86","D01","BG",2008,101143862
"NAC","TOTAL","10-49","Q86","D111","BG",2008,84126727
"NAC","TOTAL","10-49","Q86","D1111","BG",2008,77266644
"NAC","TOTAL","10-49","Q87","D01","BG",2008,NA
"NAC","TOTAL","10-49","Q87","D111","BG",2008,NA
"NAC","TOTAL","10-49","Q87","D1111","BG",2008,NA
"NAC","TOTAL","10-49","Q88","D01","BG",2008,NA
"NAC","TOTAL","10-49","Q88","D111","BG",2008,NA
"NAC","TOTAL","10-49","Q88","D1111","BG",2008,NA
"NAC","TOTAL","10-49","R","D01","BG",2008,51710225
"NAC","TOTAL","10-49","R","D111","BG",2008,42603010
"NAC","TOTAL","10-49","R","D1111","BG",2008,38966070
"NAC","TOTAL","10-49","R90","D01","BG",2008,9812734
"NAC","TOTAL","10-49","R90","D111","BG",2008,8061865
"NAC","TOTAL","10-49","R90","D1111","BG",2008,7207291
"NAC","TOTAL","10-49","R91","D01","BG",2008,12360205
"NAC","TOTAL","10-49","R91","D111","BG",2008,10149589
"NAC","TOTAL","10-49","R91","D1111","BG",2008,8946953
"NAC","TOTAL","10-49","R92","D01","BG",2008,15103442
"NAC","TOTAL","10-49","R92","D111","BG",2008,12444070
"NAC","TOTAL","10-49","R92","D1111","BG",2008,11627233
"NAC","TOTAL","10-49","R93","D01","BG",2008,14433844
"NAC","TOTAL","10-49","R93","D111","BG",2008,11947486
"NAC","TOTAL","10-49","R93","D1111","BG",2008,11184593
"NAC","TOTAL","10-49","S","D01","BG",2008,53850148
"NAC","TOTAL","10-49","S","D111","BG",2008,46576703
"NAC","TOTAL","10-49","S","D1111","BG",2008,42650887
"NAC","TOTAL","10-49","S94","D01","BG",2008,34529330
"NAC","TOTAL","10-49","S94","D111","BG",2008,30625157
"NAC","TOTAL","10-49","S94","D1111","BG",2008,27851874
"NAC","TOTAL","10-49","S95","D01","BG",2008,4287185
"NAC","TOTAL","10-49","S95","D111","BG",2008,3576459
"NAC","TOTAL","10-49","S95","D1111","BG",2008,3336392
"NAC","TOTAL","10-49","S96","D01","BG",2008,15033633
"NAC","TOTAL","10-49","S96","D111","BG",2008,12375087
"NAC","TOTAL","10-49","S96","D1111","BG",2008,11462621
"NAC","TOTAL","250-499","B","D01","BG",2008,43644692
"NAC","TOTAL","250-499","B","D111","BG",2008,31462490
"NAC","TOTAL","250-499","B","D1111","BG",2008,27590243
"NAC","TOTAL","250-499","B-E","D01","BG",2008,771812184
"NAC","TOTAL","250-499","B-E","D111","BG",2008,618976789
"NAC","TOTAL","250-499","B-E","D1111","BG",2008,536148935
"NAC","TOTAL","250-499","B-F","D01","BG",2008,982582566
"NAC","TOTAL","250-499","B-F","D111","BG",2008,791274262
"NAC","TOTAL","250-499","B-F","D1111","BG",2008,694939309
"NAC","TOTAL","250-499","B-N","D01","BG",2008,1744758608
"NAC","TOTAL","250-499","B-N","D111","BG",2008,1426202144
"NAC","TOTAL","250-499","B-N","D1111","BG",2008,1263354640
"NAC","TOTAL","250-499","B-S","D01","BG",2008,2260243019
"NAC","TOTAL","250-499","B-S","D111","BG",2008,1839488181
"NAC","TOTAL","250-499","B-S","D1111","BG",2008,1629301557
"NAC","TOTAL","250-499","B-S_X_O","D01","BG",2008,2002247728
"NAC","TOTAL","250-499","B-S_X_O","D111","BG",2008,1636488243
"NAC","TOTAL","250-499","B-S_X_O","D1111","BG",2008,1446766068
"NAC","TOTAL","250-499","B05","D01","BG",2008,20570999
"NAC","TOTAL","250-499","B05","D111","BG",2008,14053542
"NAC","TOTAL","250-499","B05","D1111","BG",2008,12014161
"NAC","TOTAL","250-499","B06","D01","BG",2008,NA
"NAC","TOTAL","250-499","B06","D111","BG",2008,NA
"NAC","TOTAL","250-499","B06","D1111","BG",2008,NA
"NAC","TOTAL","250-499","B07","D01","BG",2008,11551684
"NAC","TOTAL","250-499","B07","D111","BG",2008,8460961
"NAC","TOTAL","250-499","B07","D1111","BG",2008,7582121
"NAC","TOTAL","250-499","B08","D01","BG",2008,NA
"NAC","TOTAL","250-499","B08","D111","BG",2008,NA
"NAC","TOTAL","250-499","B08","D1111","BG",2008,NA
"NAC","TOTAL","250-499","B09","D01","BG",2008,NA
"NAC","TOTAL","250-499","B09","D111","BG",2008,NA
"NAC","TOTAL","250-499","B09","D1111","BG",2008,NA
"NAC","TOTAL","250-499","C","D01","BG",2008,582786387
"NAC","TOTAL","250-499","C","D111","BG",2008,474637234
"NAC","TOTAL","250-499","C","D1111","BG",2008,423108845
"NAC","TOTAL","250-499","C10","D01","BG",2008,54139168
"NAC","TOTAL","250-499","C10","D111","BG",2008,43975588
"NAC","TOTAL","250-499","C10","D1111","BG",2008,40839157
"NAC","TOTAL","250-499","C11","D01","BG",2008,32182711
"NAC","TOTAL","250-499","C11","D111","BG",2008,27174980
"NAC","TOTAL","250-499","C11","D1111","BG",2008,25228787
"NAC","TOTAL","250-499","C12","D01","BG",2008,22544786
"NAC","TOTAL","250-499","C12","D111","BG",2008,18242849
"NAC","TOTAL","250-499","C12","D1111","BG",2008,15343569
"NAC","TOTAL","250-499","C13","D01","BG",2008,NA
"NAC","TOTAL","250-499","C13","D111","BG",2008,NA
"NAC","TOTAL","250-499","C13","D1111","BG",2008,NA
"NAC","TOTAL","250-499","C14","D01","BG",2008,83256142
"NAC","TOTAL","250-499","C14","D111","BG",2008,68671801
"NAC","TOTAL","250-499","C14","D1111","BG",2008,60880191
"NAC","TOTAL","250-499","C15","D01","BG",2008,9155679
"NAC","TOTAL","250-499","C15","D111","BG",2008,7405278
"NAC","TOTAL","250-499","C15","D1111","BG",2008,6750474
"NAC","TOTAL","250-499","C16","D01","BG",2008,NA
"NAC","TOTAL","250-499","C16","D111","BG",2008,NA
"NAC","TOTAL","250-499","C16","D1111","BG",2008,NA
"NAC","TOTAL","250-499","C17","D01","BG",2008,11028902
"NAC","TOTAL","250-499","C17","D111","BG",2008,8795272
"NAC","TOTAL","250-499","C17","D1111","BG",2008,7984772
"NAC","TOTAL","250-499","C18","D01","BG",2008,21510553
"NAC","TOTAL","250-499","C18","D111","BG",2008,17707360
"NAC","TOTAL","250-499","C18","D1111","BG",2008,15637744
"NAC","TOTAL","250-499","C19","D01","BG",2008,NA
"NAC","TOTAL","250-499","C19","D111","BG",2008,NA
"NAC","TOTAL","250-499","C19","D1111","BG",2008,NA
"NAC","TOTAL","250-499","C20","D01","BG",2008,NA
"NAC","TOTAL","250-499","C20","D111","BG",2008,NA
"NAC","TOTAL","250-499","C20","D1111","BG",2008,NA
"NAC","TOTAL","250-499","C21","D01","BG",2008,15037516
"NAC","TOTAL","250-499","C21","D111","BG",2008,11947472
"NAC","TOTAL","250-499","C21","D1111","BG",2008,10436796
"NAC","TOTAL","250-499","C22","D01","BG",2008,17498296
"NAC","TOTAL","250-499","C22","D111","BG",2008,14158989
"NAC","TOTAL","250-499","C22","D1111","BG",2008,12713102
"NAC","TOTAL","250-499","C23","D01","BG",2008,NA
"NAC","TOTAL","250-499","C23","D111","BG",2008,NA
"NAC","TOTAL","250-499","C23","D1111","BG",2008,NA
"NAC","TOTAL","250-499","C24","D01","BG",2008,NA
"NAC","TOTAL","250-499","C24","D111","BG",2008,NA
"NAC","TOTAL","250-499","C24","D1111","BG",2008,NA
"NAC","TOTAL","250-499","C25","D01","BG",2008,41304374
"NAC","TOTAL","250-499","C25","D111","BG",2008,34053151
"NAC","TOTAL","250-499","C25","D1111","BG",2008,29737916
"NAC","TOTAL","250-499","C26","D01","BG",2008,29016578
"NAC","TOTAL","250-499","C26","D111","BG",2008,23957277
"NAC","TOTAL","250-499","C26","D1111","BG",2008,20888520
"NAC","TOTAL","250-499","C27","D01","BG",2008,39155553
"NAC","TOTAL","250-499","C27","D111","BG",2008,32063908
"NAC","TOTAL","250-499","C27","D1111","BG",2008,27971383
"NAC","TOTAL","250-499","C28","D01","BG",2008,44202379
"NAC","TOTAL","250-499","C28","D111","BG",2008,36050051
"NAC","TOTAL","250-499","C28","D1111","BG",2008,32376323
"NAC","TOTAL","250-499","C29","D01","BG",2008,NA
"NAC","TOTAL","250-499","C29","D111","BG",2008,NA
"NAC","TOTAL","250-499","C29","D1111","BG",2008,NA
"NAC","TOTAL","250-499","C30","D01","BG",2008,NA
"NAC","TOTAL","250-499","C30","D111","BG",2008,NA
"NAC","TOTAL","250-499","C30","D1111","BG",2008,NA
"NAC","TOTAL","250-499","C31","D01","BG",2008,16687527
"NAC","TOTAL","250-499","C31","D111","BG",2008,13631191
"NAC","TOTAL","250-499","C31","D1111","BG",2008,12455009
"NAC","TOTAL","250-499","C32","D01","BG",2008,NA
"NAC","TOTAL","250-499","C32","D111","BG",2008,NA
"NAC","TOTAL","250-499","C32","D1111","BG",2008,NA
"NAC","TOTAL","250-499","C33","D01","BG",2008,NA
"NAC","TOTAL","250-499","C33","D111","BG",2008,NA
"NAC","TOTAL","250-499","C33","D1111","BG",2008,NA
"NAC","TOTAL","250-499","D","D01","BG",2008,87892368
"NAC","TOTAL","250-499","D","D111","BG",2008,66376151
"NAC","TOTAL","250-499","D","D1111","BG",2008,47426579
"NAC","TOTAL","250-499","D35","D01","BG",2008,87892368
"NAC","TOTAL","250-499","D35","D111","BG",2008,66376151
"NAC","TOTAL","250-499","D35","D1111","BG",2008,47426579
"NAC","TOTAL","250-499","E","D01","BG",2008,NA
"NAC","TOTAL","250-499","E","D111","BG",2008,NA
"NAC","TOTAL","250-499","E","D1111","BG",2008,NA
"NAC","TOTAL","250-499","E36","D01","BG",2008,NA
"NAC","TOTAL","250-499","E36","D111","BG",2008,NA
"NAC","TOTAL","250-499","E36","D1111","BG",2008,NA
"NAC","TOTAL","250-499","E37","D01","BG",2008,NA
"NAC","TOTAL","250-499","E37","D111","BG",2008,NA
"NAC","TOTAL","250-499","E37","D1111","BG",2008,NA
"NAC","TOTAL","250-499","E38","D01","BG",2008,19506933
"NAC","TOTAL","250-499","E38","D111","BG",2008,15804323
"NAC","TOTAL","250-499","E38","D1111","BG",2008,13936633
"NAC","TOTAL","250-499","E39","D01","BG",2008,NA
"NAC","TOTAL","250-499","E39","D111","BG",2008,NA
"NAC","TOTAL","250-499","E39","D1111","BG",2008,NA
"NAC","TOTAL","250-499","F","D01","BG",2008,210770382
"NAC","TOTAL","250-499","F","D111","BG",2008,172297473
"NAC","TOTAL","250-499","F","D1111","BG",2008,158790374
"NAC","TOTAL","250-499","F41","D01","BG",2008,85553685
"NAC","TOTAL","250-499","F41","D111","BG",2008,71003201
"NAC","TOTAL","250-499","F41","D1111","BG",2008,65343447
"NAC","TOTAL","250-499","F42","D01","BG",2008,NA
"NAC","TOTAL","250-499","F42","D111","BG",2008,NA
"NAC","TOTAL","250-499","F42","D1111","BG",2008,NA
"NAC","TOTAL","250-499","F43","D01","BG",2008,NA
"NAC","TOTAL","250-499","F43","D111","BG",2008,NA
"NAC","TOTAL","250-499","F43","D1111","BG",2008,NA
"NAC","TOTAL","250-499","G","D01","BG",2008,121205046
"NAC","TOTAL","250-499","G","D111","BG",2008,101524114
"NAC","TOTAL","250-499","G","D1111","BG",2008,95360119
"NAC","TOTAL","250-499","G-J","D01","BG",2008,473455631
"NAC","TOTAL","250-499","G-J","D111","BG",2008,391555143
"NAC","TOTAL","250-499","G-J","D1111","BG",2008,345069060
"NAC","TOTAL","250-499","G-N","D01","BG",2008,762176042
"NAC","TOTAL","250-499","G-N","D111","BG",2008,634927882
"NAC","TOTAL","250-499","G-N","D1111","BG",2008,568415331
"NAC","TOTAL","250-499","G-S_X_O","D01","BG",2008,1019665162
"NAC","TOTAL","250-499","G-S_X_O","D111","BG",2008,845213981
"NAC","TOTAL","250-499","G-S_X_O","D1111","BG",2008,751826759
"NAC","TOTAL","250-499","G45","D01","BG",2008,NA
"NAC","TOTAL","250-499","G45","D111","BG",2008,NA
"NAC","TOTAL","250-499","G45","D1111","BG",2008,NA
"NAC","TOTAL","250-499","G46","D01","BG",2008,67637173
"NAC","TOTAL","250-499","G46","D111","BG",2008,57425391
"NAC","TOTAL","250-499","G46","D1111","BG",2008,53975919
"NAC","TOTAL","250-499","G47","D01","BG",2008,53567873
"NAC","TOTAL","250-499","G47","D111","BG",2008,44098723
"NAC","TOTAL","250-499","G47","D1111","BG",2008,41384200
"NAC","TOTAL","250-499","H","D01","BG",2008,165025590
"NAC","TOTAL","250-499","H","D111","BG",2008,134749741
"NAC","TOTAL","250-499","H","D1111","BG",2008,111102238
"NAC","TOTAL","250-499","H49","D01","BG",2008,89563805
"NAC","TOTAL","250-499","H49","D111","BG",2008,71986045
"NAC","TOTAL","250-499","H49","D1111","BG",2008,59790903
"NAC","TOTAL","250-499","H50","D01","BG",2008,NA
"NAC","TOTAL","250-499","H50","D111","BG",2008,NA
"NAC","TOTAL","250-499","H50","D1111","BG",2008,NA
"NAC","TOTAL","250-499","H51","D01","BG",2008,NA
"NAC","TOTAL","250-499","H51","D111","BG",2008,NA
"NAC","TOTAL","250-499","H51","D1111","BG",2008,NA
"NAC","TOTAL","250-499","H52","D01","BG",2008,29637233
"NAC","TOTAL","250-499","H52","D111","BG",2008,25715364
"NAC","TOTAL","250-499","H52","D1111","BG",2008,20400561
"NAC","TOTAL","250-499","H53","D01","BG",2008,26240256
"NAC","TOTAL","250-499","H53","D111","BG",2008,21777703
"NAC","TOTAL","250-499","H53","D1111","BG",2008,17800003
"NAC","TOTAL","250-499","I","D01","BG",2008,43900641
"NAC","TOTAL","250-499","I","D111","BG",2008,36000728
"NAC","TOTAL","250-499","I","D1111","BG",2008,33248015
"NAC","TOTAL","250-499","I55","D01","BG",2008,NA
"NAC","TOTAL","250-499","I55","D111","BG",2008,NA
"NAC","TOTAL","250-499","I55","D1111","BG",2008,NA
"NAC","TOTAL","250-499","I56","D01","BG",2008,NA
"NAC","TOTAL","250-499","I56","D111","BG",2008,NA
"NAC","TOTAL","250-499","I56","D1111","BG",2008,NA
"NAC","TOTAL","250-499","J","D01","BG",2008,143324354
"NAC","TOTAL","250-499","J","D111","BG",2008,119280560
"NAC","TOTAL","250-499","J","D1111","BG",2008,105358688
"NAC","TOTAL","250-499","J58","D01","BG",2008,NA
"NAC","TOTAL","250-499","J58","D111","BG",2008,NA
"NAC","TOTAL","250-499","J58","D1111","BG",2008,NA
"NAC","TOTAL","250-499","J59","D01","BG",2008,NA
"NAC","TOTAL","250-499","J59","D111","BG",2008,NA
"NAC","TOTAL","250-499","J59","D1111","BG",2008,NA
"NAC","TOTAL","250-499","J60","D01","BG",2008,NA
"NAC","TOTAL","250-499","J60","D111","BG",2008,NA
"NAC","TOTAL","250-499","J60","D1111","BG",2008,NA
"NAC","TOTAL","250-499","J61","D01","BG",2008,22106586
"NAC","TOTAL","250-499","J61","D111","BG",2008,17900151
"NAC","TOTAL","250-499","J61","D1111","BG",2008,16588122
"NAC","TOTAL","250-499","J62","D01","BG",2008,NA
"NAC","TOTAL","250-499","J62","D111","BG",2008,NA
"NAC","TOTAL","250-499","J62","D1111","BG",2008,NA
"NAC","TOTAL","250-499","J63","D01","BG",2008,14831665
"NAC","TOTAL","250-499","J63","D111","BG",2008,12751941
"NAC","TOTAL","250-499","J63","D1111","BG",2008,11713324
"NAC","TOTAL","250-499","K","D01","BG",2008,152808035
"NAC","TOTAL","250-499","K","D111","BG",2008,128936079
"NAC","TOTAL","250-499","K","D1111","BG",2008,118050982
"NAC","TOTAL","250-499","K-N","D01","BG",2008,288720411
"NAC","TOTAL","250-499","K-N","D111","BG",2008,243372739
"NAC","TOTAL","250-499","K-N","D1111","BG",2008,223346271
"NAC","TOTAL","250-499","K64","D01","BG",2008,95516166
"NAC","TOTAL","250-499","K64","D111","BG",2008,79952803
"NAC","TOTAL","250-499","K64","D1111","BG",2008,72489595
"NAC","TOTAL","250-499","K65","D01","BG",2008,57291869
"NAC","TOTAL","250-499","K65","D111","BG",2008,48983276
"NAC","TOTAL","250-499","K65","D1111","BG",2008,45561387
"NAC","TOTAL","250-499","K66","D01","BG",2008,NA
"NAC","TOTAL","250-499","K66","D111","BG",2008,NA
"NAC","TOTAL","250-499","K66","D1111","BG",2008,NA
"NAC","TOTAL","250-499","L","D01","BG",2008,NA
"NAC","TOTAL","250-499","L","D111","BG",2008,NA
"NAC","TOTAL","250-499","L","D1111","BG",2008,NA
"NAC","TOTAL","250-499","L68","D01","BG",2008,NA
"NAC","TOTAL","250-499","L68","D111","BG",2008,NA
"NAC","TOTAL","250-499","L68","D1111","BG",2008,NA
"NAC","TOTAL","250-499","M","D01","BG",2008,NA
"NAC","TOTAL","250-499","M","D111","BG",2008,NA
"NAC","TOTAL","250-499","M","D1111","BG",2008,NA
"NAC","TOTAL","250-499","M69","D01","BG",2008,NA
"NAC","TOTAL","250-499","M69","D111","BG",2008,NA
"NAC","TOTAL","250-499","M69","D1111","BG",2008,NA
"NAC","TOTAL","250-499","M70","D01","BG",2008,NA
"NAC","TOTAL","250-499","M70","D111","BG",2008,NA
"NAC","TOTAL","250-499","M70","D1111","BG",2008,NA
"NAC","TOTAL","250-499","M71","D01","BG",2008,14252578
"NAC","TOTAL","250-499","M71","D111","BG",2008,11442848
"NAC","TOTAL","250-499","M71","D1111","BG",2008,9900525
"NAC","TOTAL","250-499","M72","D01","BG",2008,12541051
"NAC","TOTAL","250-499","M72","D111","BG",2008,10223597
"NAC","TOTAL","250-499","M72","D1111","BG",2008,8866148
"NAC","TOTAL","250-499","M73","D01","BG",2008,NA
"NAC","TOTAL","250-499","M73","D111","BG",2008,NA
"NAC","TOTAL","250-499","M73","D1111","BG",2008,NA
"NAC","TOTAL","250-499","M74","D01","BG",2008,NA
"NAC","TOTAL","250-499","M74","D111","BG",2008,NA
"NAC","TOTAL","250-499","M74","D1111","BG",2008,NA
"NAC","TOTAL","250-499","M75","D01","BG",2008,NA
"NAC","TOTAL","250-499","M75","D111","BG",2008,NA
"NAC","TOTAL","250-499","M75","D1111","BG",2008,NA
"NAC","TOTAL","250-499","N","D01","BG",2008,84335605
"NAC","TOTAL","250-499","N","D111","BG",2008,72062193
"NAC","TOTAL","250-499","N","D1111","BG",2008,67474702
"NAC","TOTAL","250-499","N77","D01","BG",2008,NA
"NAC","TOTAL","250-499","N77","D111","BG",2008,NA
"NAC","TOTAL","250-499","N77","D1111","BG",2008,NA
"NAC","TOTAL","250-499","N78","D01","BG",2008,NA
"NAC","TOTAL","250-499","N78","D111","BG",2008,NA
"NAC","TOTAL","250-499","N78","D1111","BG",2008,NA
"NAC","TOTAL","250-499","N79","D01","BG",2008,NA
"NAC","TOTAL","250-499","N79","D111","BG",2008,NA
"NAC","TOTAL","250-499","N79","D1111","BG",2008,NA
"NAC","TOTAL","250-499","N80","D01","BG",2008,40304714
"NAC","TOTAL","250-499","N80","D111","BG",2008,33256829
"NAC","TOTAL","250-499","N80","D1111","BG",2008,31034900
"NAC","TOTAL","250-499","N81","D01","BG",2008,NA
"NAC","TOTAL","250-499","N81","D111","BG",2008,NA
"NAC","TOTAL","250-499","N81","D1111","BG",2008,NA
"NAC","TOTAL","250-499","N82","D01","BG",2008,NA
"NAC","TOTAL","250-499","N82","D111","BG",2008,NA
"NAC","TOTAL","250-499","N82","D1111","BG",2008,NA
"NAC","TOTAL","250-499","O","D01","BG",2008,257995291
"NAC","TOTAL","250-499","O","D111","BG",2008,202999938
"NAC","TOTAL","250-499","O","D1111","BG",2008,182535489
"NAC","TOTAL","250-499","O-S","D01","BG",2008,515484411
"NAC","TOTAL","250-499","O-S","D111","BG",2008,413286037
"NAC","TOTAL","250-499","O-S","D1111","BG",2008,365946917
"NAC","TOTAL","250-499","O84","D01","BG",2008,257995291
"NAC","TOTAL","250-499","O84","D111","BG",2008,202999938
"NAC","TOTAL","250-499","O84","D1111","BG",2008,182535489
"NAC","TOTAL","250-499","P","D01","BG",2008,111953840
"NAC","TOTAL","250-499","P","D111","BG",2008,91727931
"NAC","TOTAL","250-499","P","D1111","BG",2008,77549145
"NAC","TOTAL","250-499","P-S","D01","BG",2008,257489120
"NAC","TOTAL","250-499","P-S","D111","BG",2008,210286099
"NAC","TOTAL","250-499","P-S","D1111","BG",2008,183411428
"NAC","TOTAL","250-499","P85","D01","BG",2008,111953840
"NAC","TOTAL","250-499","P85","D111","BG",2008,91727931
"NAC","TOTAL","250-499","P85","D1111","BG",2008,77549145
"NAC","TOTAL","250-499","Q","D01","BG",2008,122800542
"NAC","TOTAL","250-499","Q","D111","BG",2008,100059233
"NAC","TOTAL","250-499","Q","D1111","BG",2008,89427412
"NAC","TOTAL","250-499","Q86","D01","BG",2008,110306374
"NAC","TOTAL","250-499","Q86","D111","BG",2008,90081129
"NAC","TOTAL","250-499","Q86","D1111","BG",2008,80688787
"NAC","TOTAL","250-499","Q87","D01","BG",2008,NA
"NAC","TOTAL","250-499","Q87","D111","BG",2008,NA
"NAC","TOTAL","250-499","Q87","D1111","BG",2008,NA
"NAC","TOTAL","250-499","Q88","D01","BG",2008,NA
"NAC","TOTAL","250-499","Q88","D111","BG",2008,NA
"NAC","TOTAL","250-499","Q88","D1111","BG",2008,NA
"NAC","TOTAL","250-499","R","D01","BG",2008,21424018
"NAC","TOTAL","250-499","R","D111","BG",2008,17405758
"NAC","TOTAL","250-499","R","D1111","BG",2008,15391694
"NAC","TOTAL","250-499","R90","D01","BG",2008,11222037
"NAC","TOTAL","250-499","R90","D111","BG",2008,9054623
"NAC","TOTAL","250-499","R90","D1111","BG",2008,7701408
"NAC","TOTAL","250-499","R91","D01","BG",2008,NA
"NAC","TOTAL","250-499","R91","D111","BG",2008,NA
"NAC","TOTAL","250-499","R91","D1111","BG",2008,NA
"NAC","TOTAL","250-499","R92","D01","BG",2008,6884598
"NAC","TOTAL","250-499","R92","D111","BG",2008,5617771
"NAC","TOTAL","250-499","R92","D1111","BG",2008,5225539
"NAC","TOTAL","250-499","R93","D01","BG",2008,NA
"NAC","TOTAL","250-499","R93","D111","BG",2008,NA
"NAC","TOTAL","250-499","R93","D1111","BG",2008,NA
"NAC","TOTAL","250-499","S","D01","BG",2008,NA
"NAC","TOTAL","250-499","S","D111","BG",2008,NA
"NAC","TOTAL","250-499","S","D1111","BG",2008,NA
"NAC","TOTAL","250-499","S94","D01","BG",2008,NA
"NAC","TOTAL","250-499","S94","D111","BG",2008,NA
"NAC","TOTAL","250-499","S94","D1111","BG",2008,NA
"NAC","TOTAL","250-499","S95","D01","BG",2008,NA
"NAC","TOTAL","250-499","S95","D111","BG",2008,NA
"NAC","TOTAL","250-499","S95","D1111","BG",2008,NA
"NAC","TOTAL","250-499","S96","D01","BG",2008,NA
"NAC","TOTAL","250-499","S96","D111","BG",2008,NA
"NAC","TOTAL","250-499","S96","D1111","BG",2008,NA
"NAC","TOTAL","50-249","B","D01","BG",2008,56648902
"NAC","TOTAL","50-249","B","D111","BG",2008,43584458
"NAC","TOTAL","50-249","B","D1111","BG",2008,39039171
"NAC","TOTAL","50-249","B-E","D01","BG",2008,1692151161
"NAC","TOTAL","50-249","B-E","D111","BG",2008,1368501034
"NAC","TOTAL","50-249","B-E","D1111","BG",2008,1220147985
"NAC","TOTAL","50-249","B-F","D01","BG",2008,2333647058
"NAC","TOTAL","50-249","B-F","D111","BG",2008,1892391087
"NAC","TOTAL","50-249","B-F","D1111","BG",2008,1706740692
"NAC","TOTAL","50-249","B-N","D01","BG",2008,4483902377
"NAC","TOTAL","50-249","B-N","D111","BG",2008,3702873487
"NAC","TOTAL","50-249","B-N","D1111","BG",2008,3355439196
"NAC","TOTAL","50-249","B-S","D01","BG",2008,6266216844
"NAC","TOTAL","50-249","B-S","D111","BG",2008,5132268769
"NAC","TOTAL","50-249","B-S","D1111","BG",2008,4606124200
"NAC","TOTAL","50-249","B-S_X_O","D01","BG",2008,5598267535
"NAC","TOTAL","50-249","B-S_X_O","D111","BG",2008,4603523089
"NAC","TOTAL","50-249","B-S_X_O","D1111","BG",2008,4130309998
"NAC","TOTAL","50-249","B05","D01","BG",2008,3172554
"NAC","TOTAL","50-249","B05","D111","BG",2008,2311536
"NAC","TOTAL","50-249","B05","D1111","BG",2008,2144871
"NAC","TOTAL","50-249","B06","D01","BG",2008,NA
"NAC","TOTAL","50-249","B06","D111","BG",2008,NA
"NAC","TOTAL","50-249","B06","D1111","BG",2008,NA
"NAC","TOTAL","50-249","B07","D01","BG",2008,NA
"NAC","TOTAL","50-249","B07","D111","BG",2008,NA
"NAC","TOTAL","50-249","B07","D1111","BG",2008,NA
"NAC","TOTAL","50-249","B08","D01","BG",2008,43799319
"NAC","TOTAL","50-249","B08","D111","BG",2008,34087295
"NAC","TOTAL","50-249","B08","D1111","BG",2008,30380468
"NAC","TOTAL","50-249","B09","D01","BG",2008,NA
"NAC","TOTAL","50-249","B09","D111","BG",2008,NA
"NAC","TOTAL","50-249","B09","D1111","BG",2008,NA
"NAC","TOTAL","50-249","C","D01","BG",2008,1414215604
"NAC","TOTAL","50-249","C","D111","BG",2008,1149043849
"NAC","TOTAL","50-249","C","D1111","BG",2008,1040641479
"NAC","TOTAL","50-249","C10","D01","BG",2008,227174543
"NAC","TOTAL","50-249","C10","D111","BG",2008,186860643
"NAC","TOTAL","50-249","C10","D1111","BG",2008,173265782
"NAC","TOTAL","50-249","C11","D01","BG",2008,32757173
"NAC","TOTAL","50-249","C11","D111","BG",2008,26805228
"NAC","TOTAL","50-249","C11","D1111","BG",2008,23871258
"NAC","TOTAL","50-249","C12","D01","BG",2008,17079322
"NAC","TOTAL","50-249","C12","D111","BG",2008,6556409
"NAC","TOTAL","50-249","C12","D1111","BG",2008,5490525
"NAC","TOTAL","50-249","C13","D01","BG",2008,28051044
"NAC","TOTAL","50-249","C13","D111","BG",2008,22466280
"NAC","TOTAL","50-249","C13","D1111","BG",2008,20511179
"NAC","TOTAL","50-249","C14","D01","BG",2008,264981220
"NAC","TOTAL","50-249","C14","D111","BG",2008,217074470
"NAC","TOTAL","50-249","C14","D1111","BG",2008,196398938
"NAC","TOTAL","50-249","C15","D01","BG",2008,37596371
"NAC","TOTAL","50-249","C15","D111","BG",2008,30822041
"NAC","TOTAL","50-249","C15","D1111","BG",2008,28088571
"NAC","TOTAL","50-249","C16","D01","BG",2008,26369868
"NAC","TOTAL","50-249","C16","D111","BG",2008,21505781
"NAC","TOTAL","50-249","C16","D1111","BG",2008,19559032
"NAC","TOTAL","50-249","C17","D01","BG",2008,20274941
"NAC","TOTAL","50-249","C17","D111","BG",2008,16548236
"NAC","TOTAL","50-249","C17","D1111","BG",2008,14502168
"NAC","TOTAL","50-249","C18","D01","BG",2008,27334934
"NAC","TOTAL","50-249","C18","D111","BG",2008,22883457
"NAC","TOTAL","50-249","C18","D1111","BG",2008,20875180
"NAC","TOTAL","50-249","C19","D01","BG",2008,2359649
"NAC","TOTAL","50-249","C19","D111","BG",2008,1927946
"NAC","TOTAL","50-249","C19","D1111","BG",2008,1775711
"NAC","TOTAL","50-249","C20","D01","BG",2008,45739247
"NAC","TOTAL","50-249","C20","D111","BG",2008,37458678
"NAC","TOTAL","50-249","C20","D1111","BG",2008,33263131
"NAC","TOTAL","50-249","C21","D01","BG",2008,11343938
"NAC","TOTAL","50-249","C21","D111","BG",2008,9332063
"NAC","TOTAL","50-249","C21","D1111","BG",2008,8454960
"NAC","TOTAL","50-249","C22","D01","BG",2008,58458858
"NAC","TOTAL","50-249","C22","D111","BG",2008,48263173
"NAC","TOTAL","50-249","C22","D1111","BG",2008,44299747
"NAC","TOTAL","50-249","C23","D01","BG",2008,112638009
"NAC","TOTAL","50-249","C23","D111","BG",2008,91003099
"NAC","TOTAL","50-249","C23","D1111","BG",2008,82735552
"NAC","TOTAL","50-249","C24","D01","BG",2008,33271073
"NAC","TOTAL","50-249","C24","D111","BG",2008,26159936
"NAC","TOTAL","50-249","C24","D1111","BG",2008,23127292
"NAC","TOTAL","50-249","C25","D01","BG",2008,139585409
"NAC","TOTAL","50-249","C25","D111","BG",2008,113370297
"NAC","TOTAL","50-249","C25","D1111","BG",2008,102467148
"NAC","TOTAL","50-249","C26","D01","BG",2008,43958207
"NAC","TOTAL","50-249","C26","D111","BG",2008,36299055
"NAC","TOTAL","50-249","C26","D1111","BG",2008,31565680
"NAC","TOTAL","50-249","C27","D01","BG",2008,45971195
"NAC","TOTAL","50-249","C27","D111","BG",2008,37659864
"NAC","TOTAL","50-249","C27","D1111","BG",2008,33855428
"NAC","TOTAL","50-249","C28","D01","BG",2008,100680654
"NAC","TOTAL","50-249","C28","D111","BG",2008,82589301
"NAC","TOTAL","50-249","C28","D1111","BG",2008,74167650
"NAC","TOTAL","50-249","C29","D01","BG",2008,8433164
"NAC","TOTAL","50-249","C29","D111","BG",2008,6952762
"NAC","TOTAL","50-249","C29","D1111","BG",2008,6109697
"NAC","TOTAL","50-249","C30","D01","BG",2008,20408529
"NAC","TOTAL","50-249","C30","D111","BG",2008,16530140
"NAC","TOTAL","50-249","C30","D1111","BG",2008,14695595
"NAC","TOTAL","50-249","C31","D01","BG",2008,47048834
"NAC","TOTAL","50-249","C31","D111","BG",2008,38529888
"NAC","TOTAL","50-249","C31","D1111","BG",2008,35187382
"NAC","TOTAL","50-249","C32","D01","BG",2008,15049752
"NAC","TOTAL","50-249","C32","D111","BG",2008,12548104
"NAC","TOTAL","50-249","C32","D1111","BG",2008,11262832
"NAC","TOTAL","50-249","C33","D01","BG",2008,47649670
"NAC","TOTAL","50-249","C33","D111","BG",2008,38896998
"NAC","TOTAL","50-249","C33","D1111","BG",2008,35111041
"NAC","TOTAL","50-249","D","D01","BG",2008,119015878
"NAC","TOTAL","50-249","D","D111","BG",2008,92943392
"NAC","TOTAL","50-249","D","D1111","BG",2008,71974438
"NAC","TOTAL","50-249","D35","D01","BG",2008,119015878
"NAC","TOTAL","50-249","D35","D111","BG",2008,92943392
"NAC","TOTAL","50-249","D35","D1111","BG",2008,71974438
"NAC","TOTAL","50-249","E","D01","BG",2008,102270777
"NAC","TOTAL","50-249","E","D111","BG",2008,82929335
"NAC","TOTAL","50-249","E","D1111","BG",2008,68492897
"NAC","TOTAL","50-249","E36","D01","BG",2008,64093641
"NAC","TOTAL","50-249","E36","D111","BG",2008,51764746
"NAC","TOTAL","50-249","E36","D1111","BG",2008,39870117
"NAC","TOTAL","50-249","E37","D01","BG",2008,NA
"NAC","TOTAL","50-249","E37","D111","BG",2008,NA
"NAC","TOTAL","50-249","E37","D1111","BG",2008,NA
"NAC","TOTAL","50-249","E38","D01","BG",2008,36131997
"NAC","TOTAL","50-249","E38","D111","BG",2008,29487116
"NAC","TOTAL","50-249","E38","D1111","BG",2008,27137102
"NAC","TOTAL","50-249","E39","D01","BG",2008,2045139
"NAC","TOTAL","50-249","E39","D111","BG",2008,1677473
"NAC","TOTAL","50-249","E39","D1111","BG",2008,1485678
"NAC","TOTAL","50-249","F","D01","BG",2008,641495897
"NAC","TOTAL","50-249","F","D111","BG",2008,523890053
"NAC","TOTAL","50-249","F","D1111","BG",2008,486592707
"NAC","TOTAL","50-249","F41","D01","BG",2008,335448246
"NAC","TOTAL","50-249","F41","D111","BG",2008,274976181
"NAC","TOTAL","50-249","F41","D1111","BG",2008,256455907
"NAC","TOTAL","50-249","F42","D01","BG",2008,177676556
"NAC","TOTAL","50-249","F42","D111","BG",2008,143099798
"NAC","TOTAL","50-249","F42","D1111","BG",2008,131529201
"NAC","TOTAL","50-249","F43","D01","BG",2008,128371095
"NAC","TOTAL","50-249","F43","D111","BG",2008,105814074
"NAC","TOTAL","50-249","F43","D1111","BG",2008,98607599
"NAC","TOTAL","50-249","G","D01","BG",2008,649932489
"NAC","TOTAL","50-249","G","D111","BG",2008,547960333
"NAC","TOTAL","50-249","G","D1111","BG",2008,510090006
"NAC","TOTAL","50-249","G-J","D01","BG",2008,1468886229
"NAC","TOTAL","50-249","G-J","D111","BG",2008,1230299187
"NAC","TOTAL","50-249","G-J","D1111","BG",2008,1123280833
"NAC","TOTAL","50-249","G-N","D01","BG",2008,2150255319
"NAC","TOTAL","50-249","G-N","D111","BG",2008,1810482400
"NAC","TOTAL","50-249","G-N","D1111","BG",2008,1648698504
"NAC","TOTAL","50-249","G-S_X_O","D01","BG",2008,3264620477
"NAC","TOTAL","50-249","G-S_X_O","D111","BG",2008,2711132002
"NAC","TOTAL","50-249","G-S_X_O","D1111","BG",2008,2423569306
"NAC","TOTAL","50-249","G45","D01","BG",2008,106533079
"NAC","TOTAL","50-249","G45","D111","BG",2008,90206412
"NAC","TOTAL","50-249","G45","D1111","BG",2008,83632782
"NAC","TOTAL","50-249","G46","D01","BG",2008,364609079
"NAC","TOTAL","50-249","G46","D111","BG",2008,309164046
"NAC","TOTAL","50-249","G46","D1111","BG",2008,288244148
"NAC","TOTAL","50-249","G47","D01","BG",2008,178790331
"NAC","TOTAL","50-249","G47","D111","BG",2008,148589875
"NAC","TOTAL","50-249","G47","D1111","BG",2008,138213076
"NAC","TOTAL","50-249","H","D01","BG",2008,352757168
"NAC","TOTAL","50-249","H","D111","BG",2008,291222146
"NAC","TOTAL","50-249","H","D1111","BG",2008,250915905
"NAC","TOTAL","50-249","H49","D01","BG",2008,141976923
"NAC","TOTAL","50-249","H49","D111","BG",2008,113150708
"NAC","TOTAL","50-249","H49","D1111","BG",2008,101415836
"NAC","TOTAL","50-249","H50","D01","BG",2008,4996844
"NAC","TOTAL","50-249","H50","D111","BG",2008,4026388
"NAC","TOTAL","50-249","H50","D1111","BG",2008,3342180
"NAC","TOTAL","50-249","H51","D01","BG",2008,29000183
"NAC","TOTAL","50-249","H51","D111","BG",2008,23491065
"NAC","TOTAL","50-249","H51","D1111","BG",2008,21421324
"NAC","TOTAL","50-249","H52","D01","BG",2008,126906176
"NAC","TOTAL","50-249","H52","D111","BG",2008,109805848
"NAC","TOTAL","50-249","H52","D1111","BG",2008,92142199
"NAC","TOTAL","50-249","H53","D01","BG",2008,49877042
"NAC","TOTAL","50-249","H53","D111","BG",2008,40748137
"NAC","TOTAL","50-249","H53","D1111","BG",2008,32594366
"NAC","TOTAL","50-249","I","D01","BG",2008,165100310
"NAC","TOTAL","50-249","I","D111","BG",2008,135144404
"NAC","TOTAL","50-249","I","D1111","BG",2008,125340089
"NAC","TOTAL","50-249","I55","D01","BG",2008,116565353
"NAC","TOTAL","50-249","I55","D111","BG",2008,95299558
"NAC","TOTAL","50-249","I55","D1111","BG",2008,88298840
"NAC","TOTAL","50-249","I56","D01","BG",2008,48534957
"NAC","TOTAL","50-249","I56","D111","BG",2008,39844846
"NAC","TOTAL","50-249","I56","D1111","BG",2008,37041249
"NAC","TOTAL","50-249","J","D01","BG",2008,301096262
"NAC","TOTAL","50-249","J","D111","BG",2008,255972304
"NAC","TOTAL","50-249","J","D1111","BG",2008,236934833
"NAC","TOTAL","50-249","J58","D01","BG",2008,28375359
"NAC","TOTAL","50-249","J58","D111","BG",2008,24123026
"NAC","TOTAL","50-249","J58","D1111","BG",2008,22370255
"NAC","TOTAL","50-249","J59","D01","BG",2008,7871248
"NAC","TOTAL","50-249","J59","D111","BG",2008,6531325
"NAC","TOTAL","50-249","J59","D1111","BG",2008,6105666
"NAC","TOTAL","50-249","J60","D01","BG",2008,28194387
"NAC","TOTAL","50-249","J60","D111","BG",2008,23642446
"NAC","TOTAL","50-249","J60","D1111","BG",2008,22218697
"NAC","TOTAL","50-249","J61","D01","BG",2008,69422515
"NAC","TOTAL","50-249","J61","D111","BG",2008,56780847
"NAC","TOTAL","50-249","J61","D1111","BG",2008,52637151
"NAC","TOTAL","50-249","J62","D01","BG",2008,146406159
"NAC","TOTAL","50-249","J62","D111","BG",2008,127388702
"NAC","TOTAL","50-249","J62","D1111","BG",2008,118045140
"NAC","TOTAL","50-249","J63","D01","BG",2008,20826594
"NAC","TOTAL","50-249","J63","D111","BG",2008,17505958
"NAC","TOTAL","50-249","J63","D1111","BG",2008,15557924
"NAC","TOTAL","50-249","K","D01","BG",2008,235540301
"NAC","TOTAL","50-249","K","D111","BG",2008,198358717
"NAC","TOTAL","50-249","K","D1111","BG",2008,178111116
"NAC","TOTAL","50-249","K-N","D01","BG",2008,681369090
"NAC","TOTAL","50-249","K-N","D111","BG",2008,580183213
"NAC","TOTAL","50-249","K-N","D1111","BG",2008,525417671
"NAC","TOTAL","50-249","K64","D01","BG",2008,185619566
"NAC","TOTAL","50-249","K64","D111","BG",2008,156964030
"NAC","TOTAL","50-249","K64","D1111","BG",2008,139759424
"NAC","TOTAL","50-249","K65","D01","BG",2008,32365621
"NAC","TOTAL","50-249","K65","D111","BG",2008,27118951
"NAC","TOTAL","50-249","K65","D1111","BG",2008,25454355
"NAC","TOTAL","50-249","K66","D01","BG",2008,17555114
"NAC","TOTAL","50-249","K66","D111","BG",2008,14275736
"NAC","TOTAL","50-249","K66","D1111","BG",2008,12897337
"NAC","TOTAL","50-249","L","D01","BG",2008,NA
"NAC","TOTAL","50-249","L","D111","BG",2008,NA
"NAC","TOTAL","50-249","L","D1111","BG",2008,NA
"NAC","TOTAL","50-249","L68","D01","BG",2008,NA
"NAC","TOTAL","50-249","L68","D111","BG",2008,NA
"NAC","TOTAL","50-249","L68","D1111","BG",2008,NA
"NAC","TOTAL","50-249","M","D01","BG",2008,243193633
"NAC","TOTAL","50-249","M","D111","BG",2008,204823485
"NAC","TOTAL","50-249","M","D1111","BG",2008,183574928
"NAC","TOTAL","50-249","M69","D01","BG",2008,NA
"NAC","TOTAL","50-249","M69","D111","BG",2008,NA
"NAC","TOTAL","50-249","M69","D1111","BG",2008,NA
"NAC","TOTAL","50-249","M70","D01","BG",2008,NA
"NAC","TOTAL","50-249","M70","D111","BG",2008,NA
"NAC","TOTAL","50-249","M70","D1111","BG",2008,NA
"NAC","TOTAL","50-249","M71","D01","BG",2008,48757435
"NAC","TOTAL","50-249","M71","D111","BG",2008,40824203
"NAC","TOTAL","50-249","M71","D1111","BG",2008,35744429
"NAC","TOTAL","50-249","M72","D01","BG",2008,84816038
"NAC","TOTAL","50-249","M72","D111","BG",2008,69655317
"NAC","TOTAL","50-249","M72","D1111","BG",2008,60680560
"NAC","TOTAL","50-249","M73","D01","BG",2008,NA
"NAC","TOTAL","50-249","M73","D111","BG",2008,NA
"NAC","TOTAL","50-249","M73","D1111","BG",2008,NA
"NAC","TOTAL","50-249","M74","D01","BG",2008,NA
"NAC","TOTAL","50-249","M74","D111","BG",2008,NA
"NAC","TOTAL","50-249","M74","D1111","BG",2008,NA
"NAC","TOTAL","50-249","M75","D01","BG",2008,NA
"NAC","TOTAL","50-249","M75","D111","BG",2008,NA
"NAC","TOTAL","50-249","M75","D1111","BG",2008,NA
"NAC","TOTAL","50-249","N","D01","BG",2008,166011191
"NAC","TOTAL","50-249","N","D111","BG",2008,146539261
"NAC","TOTAL","50-249","N","D1111","BG",2008,136567093
"NAC","TOTAL","50-249","N77","D01","BG",2008,4999706
"NAC","TOTAL","50-249","N77","D111","BG",2008,4198451
"NAC","TOTAL","50-249","N77","D1111","BG",2008,3790843
"NAC","TOTAL","50-249","N78","D01","BG",2008,9893801
"NAC","TOTAL","50-249","N78","D111","BG",2008,8236636
"NAC","TOTAL","50-249","N78","D1111","BG",2008,7536947
"NAC","TOTAL","50-249","N79","D01","BG",2008,10684415
"NAC","TOTAL","50-249","N79","D111","BG",2008,8911752
"NAC","TOTAL","50-249","N79","D1111","BG",2008,8473347
"NAC","TOTAL","50-249","N80","D01","BG",2008,59588316
"NAC","TOTAL","50-249","N80","D111","BG",2008,49101408
"NAC","TOTAL","50-249","N80","D1111","BG",2008,46259776
"NAC","TOTAL","50-249","N81","D01","BG",2008,67754482
"NAC","TOTAL","50-249","N81","D111","BG",2008,65324848
"NAC","TOTAL","50-249","N81","D1111","BG",2008,60409256
"NAC","TOTAL","50-249","N82","D01","BG",2008,13090471
"NAC","TOTAL","50-249","N82","D111","BG",2008,10766166
"NAC","TOTAL","50-249","N82","D1111","BG",2008,10096924
"NAC","TOTAL","50-249","O","D01","BG",2008,667949309
"NAC","TOTAL","50-249","O","D111","BG",2008,528745680
"NAC","TOTAL","50-249","O","D1111","BG",2008,475814202
"NAC","TOTAL","50-249","O-S","D01","BG",2008,1782314467
"NAC","TOTAL","50-249","O-S","D111","BG",2008,1429395282
"NAC","TOTAL","50-249","O-S","D1111","BG",2008,1250685004
"NAC","TOTAL","50-249","O84","D01","BG",2008,667949309
"NAC","TOTAL","50-249","O84","D111","BG",2008,528745680
"NAC","TOTAL","50-249","O84","D1111","BG",2008,475814202
"NAC","TOTAL","50-249","P","D01","BG",2008,621422024
"NAC","TOTAL","50-249","P","D111","BG",2008,494036288
"NAC","TOTAL","50-249","P","D1111","BG",2008,410013291
"NAC","TOTAL","50-249","P-S","D01","BG",2008,1114365158
"NAC","TOTAL","50-249","P-S","D111","BG",2008,900649602
"NAC","TOTAL","50-249","P-S","D1111","BG",2008,774870802
"NAC","TOTAL","50-249","P85","D01","BG",2008,621422024
"NAC","TOTAL","50-249","P85","D111","BG",2008,494036288
"NAC","TOTAL","50-249","P85","D1111","BG",2008,410013291
"NAC","TOTAL","50-249","Q","D01","BG",2008,349784467
"NAC","TOTAL","50-249","Q","D111","BG",2008,287066792
"NAC","TOTAL","50-249","Q","D1111","BG",2008,256427495
"NAC","TOTAL","50-249","Q86","D01","BG",2008,258248444
"NAC","TOTAL","50-249","Q86","D111","BG",2008,211703102
"NAC","TOTAL","50-249","Q86","D1111","BG",2008,190276269
"NAC","TOTAL","50-249","Q87","D01","BG",2008,49993280
"NAC","TOTAL","50-249","Q87","D111","BG",2008,41119845
"NAC","TOTAL","50-249","Q87","D1111","BG",2008,35900798
"NAC","TOTAL","50-249","Q88","D01","BG",2008,41542743
"NAC","TOTAL","50-249","Q88","D111","BG",2008,34243845
"NAC","TOTAL","50-249","Q88","D1111","BG",2008,30250428
"NAC","TOTAL","50-249","R","D01","BG",2008,115226956
"NAC","TOTAL","50-249","R","D111","BG",2008,96342761
"NAC","TOTAL","50-249","R","D1111","BG",2008,87465975
"NAC","TOTAL","50-249","R90","D01","BG",2008,31295800
"NAC","TOTAL","50-249","R90","D111","BG",2008,25302421
"NAC","TOTAL","50-249","R90","D1111","BG",2008,22083012
"NAC","TOTAL","50-249","R91","D01","BG",2008,NA
"NAC","TOTAL","50-249","R91","D111","BG",2008,NA
"NAC","TOTAL","50-249","R91","D1111","BG",2008,NA
"NAC","TOTAL","50-249","R92","D01","BG",2008,37124405
"NAC","TOTAL","50-249","R92","D111","BG",2008,30788078
"NAC","TOTAL","50-249","R92","D1111","BG",2008,28400724
"NAC","TOTAL","50-249","R93","D01","BG",2008,NA
"NAC","TOTAL","50-249","R93","D111","BG",2008,NA
"NAC","TOTAL","50-249","R93","D1111","BG",2008,NA
"NAC","TOTAL","50-249","S","D01","BG",2008,NA
"NAC","TOTAL","50-249","S","D111","BG",2008,NA
"NAC","TOTAL","50-249","S","D1111","BG",2008,NA
"NAC","TOTAL","50-249","S94","D01","BG",2008,NA
"NAC","TOTAL","50-249","S94","D111","BG",2008,NA
"NAC","TOTAL","50-249","S94","D1111","BG",2008,NA
"NAC","TOTAL","50-249","S95","D01","BG",2008,NA
"NAC","TOTAL","50-249","S95","D111","BG",2008,NA
"NAC","TOTAL","50-249","S95","D1111","BG",2008,NA
"NAC","TOTAL","50-249","S96","D01","BG",2008,7177816
"NAC","TOTAL","50-249","S96","D111","BG",2008,5914937
"NAC","TOTAL","50-249","S96","D1111","BG",2008,5200127
"NAC","TOTAL","500-999","B","D01","BG",2008,85164117
"NAC","TOTAL","500-999","B","D111","BG",2008,63388336
"NAC","TOTAL","500-999","B","D1111","BG",2008,53802022
"NAC","TOTAL","500-999","B-E","D01","BG",2008,908226310
"NAC","TOTAL","500-999","B-E","D111","BG",2008,713850353
"NAC","TOTAL","500-999","B-E","D1111","BG",2008,619110516
"NAC","TOTAL","500-999","B-F","D01","BG",2008,1025603731
"NAC","TOTAL","500-999","B-F","D111","BG",2008,810138296
"NAC","TOTAL","500-999","B-F","D1111","BG",2008,709172571
"NAC","TOTAL","500-999","B-N","D01","BG",2008,1749206432
"NAC","TOTAL","500-999","B-N","D111","BG",2008,1407249851
"NAC","TOTAL","500-999","B-N","D1111","BG",2008,1215745690
"NAC","TOTAL","500-999","B-S","D01","BG",2008,2253289184
"NAC","TOTAL","500-999","B-S","D111","BG",2008,1817195106
"NAC","TOTAL","500-999","B-S","D1111","BG",2008,1583029969
"NAC","TOTAL","500-999","B-S_X_O","D01","BG",2008,2109146259
"NAC","TOTAL","500-999","B-S_X_O","D111","BG",2008,1703244970
"NAC","TOTAL","500-999","B-S_X_O","D1111","BG",2008,1477783670
"NAC","TOTAL","500-999","B05","D01","BG",2008,NA
"NAC","TOTAL","500-999","B05","D111","BG",2008,NA
"NAC","TOTAL","500-999","B05","D1111","BG",2008,NA
"NAC","TOTAL","500-999","B06","D01","BG",2008,NA
"NAC","TOTAL","500-999","B06","D111","BG",2008,NA
"NAC","TOTAL","500-999","B06","D1111","BG",2008,NA
"NAC","TOTAL","500-999","B07","D01","BG",2008,69846789
"NAC","TOTAL","500-999","B07","D111","BG",2008,52330799
"NAC","TOTAL","500-999","B07","D1111","BG",2008,43780294
"NAC","TOTAL","500-999","B08","D01","BG",2008,NA
"NAC","TOTAL","500-999","B08","D111","BG",2008,NA
"NAC","TOTAL","500-999","B08","D1111","BG",2008,NA
"NAC","TOTAL","500-999","B09","D01","BG",2008,NA
"NAC","TOTAL","500-999","B09","D111","BG",2008,NA
"NAC","TOTAL","500-999","B09","D1111","BG",2008,NA
"NAC","TOTAL","500-999","C","D01","BG",2008,666718904
"NAC","TOTAL","500-999","C","D111","BG",2008,530633061
"NAC","TOTAL","500-999","C","D1111","BG",2008,468134296
"NAC","TOTAL","500-999","C10","D01","BG",2008,NA
"NAC","TOTAL","500-999","C10","D111","BG",2008,NA
"NAC","TOTAL","500-999","C10","D1111","BG",2008,NA
"NAC","TOTAL","500-999","C11","D01","BG",2008,45435814
"NAC","TOTAL","500-999","C11","D111","BG",2008,37979671
"NAC","TOTAL","500-999","C11","D1111","BG",2008,33360015
"NAC","TOTAL","500-999","C12","D01","BG",2008,NA
"NAC","TOTAL","500-999","C12","D111","BG",2008,NA
"NAC","TOTAL","500-999","C12","D1111","BG",2008,NA
"NAC","TOTAL","500-999","C13","D01","BG",2008,26643447
"NAC","TOTAL","500-999","C13","D111","BG",2008,21469288
"NAC","TOTAL","500-999","C13","D1111","BG",2008,19428799
"NAC","TOTAL","500-999","C14","D01","BG",2008,57675671
"NAC","TOTAL","500-999","C14","D111","BG",2008,47126377
"NAC","TOTAL","500-999","C14","D1111","BG",2008,42754347
"NAC","TOTAL","500-999","C15","D01","BG",2008,8888724
"NAC","TOTAL","500-999","C15","D111","BG",2008,7221262
"NAC","TOTAL","500-999","C15","D1111","BG",2008,6668276
"NAC","TOTAL","500-999","C16","D01","BG",2008,NA
"NAC","TOTAL","500-999","C16","D111","BG",2008,NA
"NAC","TOTAL","500-999","C16","D1111","BG",2008,NA
"NAC","TOTAL","500-999","C17","D01","BG",2008,24533849
"NAC","TOTAL","500-999","C17","D111","BG",2008,19753869
"NAC","TOTAL","500-999","C17","D1111","BG",2008,17063559
"NAC","TOTAL","500-999","C18","D01","BG",2008,NA
"NAC","TOTAL","500-999","C18","D111","BG",2008,NA
"NAC","TOTAL","500-999","C18","D1111","BG",2008,NA
"NAC","TOTAL","500-999","C19","D01","BG",2008,NA
"NAC","TOTAL","500-999","C19","D111","BG",2008,NA
"NAC","TOTAL","500-999","C19","D1111","BG",2008,NA
"NAC","TOTAL","500-999","C20","D01","BG",2008,37050688
"NAC","TOTAL","500-999","C20","D111","BG",2008,24714534
"NAC","TOTAL","500-999","C20","D1111","BG",2008,19918958
"NAC","TOTAL","500-999","C21","D01","BG",2008,30399001
"NAC","TOTAL","500-999","C21","D111","BG",2008,23413418
"NAC","TOTAL","500-999","C21","D1111","BG",2008,20945345
"NAC","TOTAL","500-999","C22","D01","BG",2008,NA
"NAC","TOTAL","500-999","C22","D111","BG",2008,NA
"NAC","TOTAL","500-999","C22","D1111","BG",2008,NA
"NAC","TOTAL","500-999","C23","D01","BG",2008,40542001
"NAC","TOTAL","500-999","C23","D111","BG",2008,31890137
"NAC","TOTAL","500-999","C23","D1111","BG",2008,28274269
"NAC","TOTAL","500-999","C24","D01","BG",2008,84791853
"NAC","TOTAL","500-999","C24","D111","BG",2008,66154228
"NAC","TOTAL","500-999","C24","D1111","BG",2008,57722996
"NAC","TOTAL","500-999","C25","D01","BG",2008,32034993
"NAC","TOTAL","500-999","C25","D111","BG",2008,26000307
"NAC","TOTAL","500-999","C25","D1111","BG",2008,23488808
"NAC","TOTAL","500-999","C26","D01","BG",2008,NA
"NAC","TOTAL","500-999","C26","D111","BG",2008,NA
"NAC","TOTAL","500-999","C26","D1111","BG",2008,NA
"NAC","TOTAL","500-999","C27","D01","BG",2008,NA
"NAC","TOTAL","500-999","C27","D111","BG",2008,NA
"NAC","TOTAL","500-999","C27","D1111","BG",2008,NA
"NAC","TOTAL","500-999","C28","D01","BG",2008,52792196
"NAC","TOTAL","500-999","C28","D111","BG",2008,42623629
"NAC","TOTAL","500-999","C28","D1111","BG",2008,37748187
"NAC","TOTAL","500-999","C29","D01","BG",2008,11143105
"NAC","TOTAL","500-999","C29","D111","BG",2008,9052242
"NAC","TOTAL","500-999","C29","D1111","BG",2008,7826779
"NAC","TOTAL","500-999","C30","D01","BG",2008,NA
"NAC","TOTAL","500-999","C30","D111","BG",2008,NA
"NAC","TOTAL","500-999","C30","D1111","BG",2008,NA
"NAC","TOTAL","500-999","C31","D01","BG",2008,10730907
"NAC","TOTAL","500-999","C31","D111","BG",2008,8638025
"NAC","TOTAL","500-999","C31","D1111","BG",2008,7989313
"NAC","TOTAL","500-999","C32","D01","BG",2008,NA
"NAC","TOTAL","500-999","C32","D111","BG",2008,NA
"NAC","TOTAL","500-999","C32","D1111","BG",2008,NA
"NAC","TOTAL","500-999","C33","D01","BG",2008,77769543
"NAC","TOTAL","500-999","C33","D111","BG",2008,62208356
"NAC","TOTAL","500-999","C33","D1111","BG",2008,53853352
"NAC","TOTAL","500-999","D","D01","BG",2008,99088019
"NAC","TOTAL","500-999","D","D111","BG",2008,72744412
"NAC","TOTAL","500-999","D","D1111","BG",2008,56641870
"NAC","TOTAL","500-999","D35","D01","BG",2008,99088019
"NAC","TOTAL","500-999","D35","D111","BG",2008,72744412
"NAC","TOTAL","500-999","D35","D1111","BG",2008,56641870
"NAC","TOTAL","500-999","E","D01","BG",2008,57255270
"NAC","TOTAL","500-999","E","D111","BG",2008,47084544
"NAC","TOTAL","500-999","E","D1111","BG",2008,40532328
"NAC","TOTAL","500-999","E36","D01","BG",2008,20148415
"NAC","TOTAL","500-999","E36","D111","BG",2008,16433972
"NAC","TOTAL","500-999","E36","D1111","BG",2008,12445849
"NAC","TOTAL","500-999","E37","D01","BG",2008,NA
"NAC","TOTAL","500-999","E37","D111","BG",2008,NA
"NAC","TOTAL","500-999","E37","D1111","BG",2008,NA
"NAC","TOTAL","500-999","E38","D01","BG",2008,37106855
"NAC","TOTAL","500-999","E38","D111","BG",2008,30650572
"NAC","TOTAL","500-999","E38","D1111","BG",2008,28086479
"NAC","TOTAL","500-999","E39","D01","BG",2008,NA
"NAC","TOTAL","500-999","E39","D111","BG",2008,NA
"NAC","TOTAL","500-999","E39","D1111","BG",2008,NA
"NAC","TOTAL","500-999","F","D01","BG",2008,117377421
"NAC","TOTAL","500-999","F","D111","BG",2008,96287943
"NAC","TOTAL","500-999","F","D1111","BG",2008,90062055
"NAC","TOTAL","500-999","F41","D01","BG",2008,64613326
"NAC","TOTAL","500-999","F41","D111","BG",2008,54086849
"NAC","TOTAL","500-999","F41","D1111","BG",2008,51289253
"NAC","TOTAL","500-999","F42","D01","BG",2008,NA
"NAC","TOTAL","500-999","F42","D111","BG",2008,NA
"NAC","TOTAL","500-999","F42","D1111","BG",2008,NA
"NAC","TOTAL","500-999","F43","D01","BG",2008,NA
"NAC","TOTAL","500-999","F43","D111","BG",2008,NA
"NAC","TOTAL","500-999","F43","D1111","BG",2008,NA
"NAC","TOTAL","500-999","G","D01","BG",2008,141711156
"NAC","TOTAL","500-999","G","D111","BG",2008,117866375
"NAC","TOTAL","500-999","G","D1111","BG",2008,109054254
"NAC","TOTAL","500-999","G-J","D01","BG",2008,476113693
"NAC","TOTAL","500-999","G-J","D111","BG",2008,390629741
"NAC","TOTAL","500-999","G-J","D1111","BG",2008,327019215
"NAC","TOTAL","500-999","G-N","D01","BG",2008,723602701
"NAC","TOTAL","500-999","G-N","D111","BG",2008,597111555
"NAC","TOTAL","500-999","G-N","D1111","BG",2008,506573119
"NAC","TOTAL","500-999","G-S_X_O","D01","BG",2008,1083542528
"NAC","TOTAL","500-999","G-S_X_O","D111","BG",2008,893106674
"NAC","TOTAL","500-999","G-S_X_O","D1111","BG",2008,768611099
"NAC","TOTAL","500-999","G45","D01","BG",2008,35580148
"NAC","TOTAL","500-999","G45","D111","BG",2008,30124914
"NAC","TOTAL","500-999","G45","D1111","BG",2008,27404366
"NAC","TOTAL","500-999","G46","D01","BG",2008,47133242
"NAC","TOTAL","500-999","G46","D111","BG",2008,39483645
"NAC","TOTAL","500-999","G46","D1111","BG",2008,36504303
"NAC","TOTAL","500-999","G47","D01","BG",2008,58997766
"NAC","TOTAL","500-999","G47","D111","BG",2008,48257816
"NAC","TOTAL","500-999","G47","D1111","BG",2008,45145585
"NAC","TOTAL","500-999","H","D01","BG",2008,273337484
"NAC","TOTAL","500-999","H","D111","BG",2008,221352172
"NAC","TOTAL","500-999","H","D1111","BG",2008,170934879
"NAC","TOTAL","500-999","H49","D01","BG",2008,73101727
"NAC","TOTAL","500-999","H49","D111","BG",2008,57338461
"NAC","TOTAL","500-999","H49","D1111","BG",2008,43833020
"NAC","TOTAL","500-999","H50","D01","BG",2008,NA
"NAC","TOTAL","500-999","H50","D111","BG",2008,NA
"NAC","TOTAL","500-999","H50","D1111","BG",2008,NA
"NAC","TOTAL","500-999","H51","D01","BG",2008,NA
"NAC","TOTAL","500-999","H51","D111","BG",2008,NA
"NAC","TOTAL","500-999","H51","D1111","BG",2008,NA
"NAC","TOTAL","500-999","H52","D01","BG",2008,148077558
"NAC","TOTAL","500-999","H52","D111","BG",2008,121682727
"NAC","TOTAL","500-999","H52","D1111","BG",2008,92185535
"NAC","TOTAL","500-999","H53","D01","BG",2008,NA
"NAC","TOTAL","500-999","H53","D111","BG",2008,NA
"NAC","TOTAL","500-999","H53","D1111","BG",2008,NA
"NAC","TOTAL","500-999","I","D01","BG",2008,NA
"NAC","TOTAL","500-999","I","D111","BG",2008,NA
"NAC","TOTAL","500-999","I","D1111","BG",2008,NA
"NAC","TOTAL","500-999","I55","D01","BG",2008,NA
"NAC","TOTAL","500-999","I55","D111","BG",2008,NA
"NAC","TOTAL","500-999","I55","D1111","BG",2008,NA
"NAC","TOTAL","500-999","I56","D01","BG",2008,NA
"NAC","TOTAL","500-999","I56","D111","BG",2008,NA
"NAC","TOTAL","500-999","I56","D1111","BG",2008,NA
"NAC","TOTAL","500-999","J","D01","BG",2008,46987367
"NAC","TOTAL","500-999","J","D111","BG",2008,39865955
"NAC","TOTAL","500-999","J","D1111","BG",2008,36293210
"NAC","TOTAL","500-999","J58","D01","BG",2008,NA
"NAC","TOTAL","500-999","J58","D111","BG",2008,NA
"NAC","TOTAL","500-999","J58","D1111","BG",2008,NA
"NAC","TOTAL","500-999","J59","D01","BG",2008,NA
"NAC","TOTAL","500-999","J59","D111","BG",2008,NA
"NAC","TOTAL","500-999","J59","D1111","BG",2008,NA
"NAC","TOTAL","500-999","J60","D01","BG",2008,NA
"NAC","TOTAL","500-999","J60","D111","BG",2008,NA
"NAC","TOTAL","500-999","J60","D1111","BG",2008,NA
"NAC","TOTAL","500-999","J61","D01","BG",2008,NA
"NAC","TOTAL","500-999","J61","D111","BG",2008,NA
"NAC","TOTAL","500-999","J61","D1111","BG",2008,NA
"NAC","TOTAL","500-999","J62","D01","BG",2008,NA
"NAC","TOTAL","500-999","J62","D111","BG",2008,NA
"NAC","TOTAL","500-999","J62","D1111","BG",2008,NA
"NAC","TOTAL","500-999","J63","D01","BG",2008,NA
"NAC","TOTAL","500-999","J63","D111","BG",2008,NA
"NAC","TOTAL","500-999","J63","D1111","BG",2008,NA
"NAC","TOTAL","500-999","K","D01","BG",2008,175902232
"NAC","TOTAL","500-999","K","D111","BG",2008,148724673
"NAC","TOTAL","500-999","K","D1111","BG",2008,129204016
"NAC","TOTAL","500-999","K-N","D01","BG",2008,247489008
"NAC","TOTAL","500-999","K-N","D111","BG",2008,206481814
"NAC","TOTAL","500-999","K-N","D1111","BG",2008,179553904
"NAC","TOTAL","500-999","K64","D01","BG",2008,175902232
"NAC","TOTAL","500-999","K64","D111","BG",2008,148724673
"NAC","TOTAL","500-999","K64","D1111","BG",2008,129204016
"NAC","TOTAL","500-999","K65","D01","BG",2008,NA
"NAC","TOTAL","500-999","K65","D111","BG",2008,NA
"NAC","TOTAL","500-999","K65","D1111","BG",2008,NA
"NAC","TOTAL","500-999","K66","D01","BG",2008,NA
"NAC","TOTAL","500-999","K66","D111","BG",2008,NA
"NAC","TOTAL","500-999","K66","D1111","BG",2008,NA
"NAC","TOTAL","500-999","L","D01","BG",2008,NA
"NAC","TOTAL","500-999","L","D111","BG",2008,NA
"NAC","TOTAL","500-999","L","D1111","BG",2008,NA
"NAC","TOTAL","500-999","L68","D01","BG",2008,NA
"NAC","TOTAL","500-999","L68","D111","BG",2008,NA
"NAC","TOTAL","500-999","L68","D1111","BG",2008,NA
"NAC","TOTAL","500-999","M","D01","BG",2008,NA
"NAC","TOTAL","500-999","M","D111","BG",2008,NA
"NAC","TOTAL","500-999","M","D1111","BG",2008,NA
"NAC","TOTAL","500-999","M69","D01","BG",2008,NA
"NAC","TOTAL","500-999","M69","D111","BG",2008,NA
"NAC","TOTAL","500-999","M69","D1111","BG",2008,NA
"NAC","TOTAL","500-999","M70","D01","BG",2008,NA
"NAC","TOTAL","500-999","M70","D111","BG",2008,NA
"NAC","TOTAL","500-999","M70","D1111","BG",2008,NA
"NAC","TOTAL","500-999","M71","D01","BG",2008,NA
"NAC","TOTAL","500-999","M71","D111","BG",2008,NA
"NAC","TOTAL","500-999","M71","D1111","BG",2008,NA
"NAC","TOTAL","500-999","M72","D01","BG",2008,NA
"NAC","TOTAL","500-999","M72","D111","BG",2008,NA
"NAC","TOTAL","500-999","M72","D1111","BG",2008,NA
"NAC","TOTAL","500-999","M73","D01","BG",2008,NA
"NAC","TOTAL","500-999","M73","D111","BG",2008,NA
"NAC","TOTAL","500-999","M73","D1111","BG",2008,NA
"NAC","TOTAL","500-999","M74","D01","BG",2008,NA
"NAC","TOTAL","500-999","M74","D111","BG",2008,NA
"NAC","TOTAL","500-999","M74","D1111","BG",2008,NA
"NAC","TOTAL","500-999","M75","D01","BG",2008,NA
"NAC","TOTAL","500-999","M75","D111","BG",2008,NA
"NAC","TOTAL","500-999","M75","D1111","BG",2008,NA
"NAC","TOTAL","500-999","N","D01","BG",2008,43487420
"NAC","TOTAL","500-999","N","D111","BG",2008,35352679
"NAC","TOTAL","500-999","N","D1111","BG",2008,32667182
"NAC","TOTAL","500-999","N77","D01","BG",2008,NA
"NAC","TOTAL","500-999","N77","D111","BG",2008,NA
"NAC","TOTAL","500-999","N77","D1111","BG",2008,NA
"NAC","TOTAL","500-999","N78","D01","BG",2008,NA
"NAC","TOTAL","500-999","N78","D111","BG",2008,NA
"NAC","TOTAL","500-999","N78","D1111","BG",2008,NA
"NAC","TOTAL","500-999","N79","D01","BG",2008,NA
"NAC","TOTAL","500-999","N79","D111","BG",2008,NA
"NAC","TOTAL","500-999","N79","D1111","BG",2008,NA
"NAC","TOTAL","500-999","N80","D01","BG",2008,23115710
"NAC","TOTAL","500-999","N80","D111","BG",2008,18892454
"NAC","TOTAL","500-999","N80","D1111","BG",2008,17863058
"NAC","TOTAL","500-999","N81","D01","BG",2008,NA
"NAC","TOTAL","500-999","N81","D111","BG",2008,NA
"NAC","TOTAL","500-999","N81","D1111","BG",2008,NA
"NAC","TOTAL","500-999","N82","D01","BG",2008,NA
"NAC","TOTAL","500-999","N82","D111","BG",2008,NA
"NAC","TOTAL","500-999","N82","D1111","BG",2008,NA
"NAC","TOTAL","500-999","O","D01","BG",2008,144142925
"NAC","TOTAL","500-999","O","D111","BG",2008,113950136
"NAC","TOTAL","500-999","O","D1111","BG",2008,105246299
"NAC","TOTAL","500-999","O-S","D01","BG",2008,504082752
"NAC","TOTAL","500-999","O-S","D111","BG",2008,409945255
"NAC","TOTAL","500-999","O-S","D1111","BG",2008,367284279
"NAC","TOTAL","500-999","O84","D01","BG",2008,144142925
"NAC","TOTAL","500-999","O84","D111","BG",2008,113950136
"NAC","TOTAL","500-999","O84","D1111","BG",2008,105246299
"NAC","TOTAL","500-999","P","D01","BG",2008,128183103
"NAC","TOTAL","500-999","P","D111","BG",2008,105466605
"NAC","TOTAL","500-999","P","D1111","BG",2008,89933968
"NAC","TOTAL","500-999","P-S","D01","BG",2008,359939827
"NAC","TOTAL","500-999","P-S","D111","BG",2008,295995119
"NAC","TOTAL","500-999","P-S","D1111","BG",2008,262037980
"NAC","TOTAL","500-999","P85","D01","BG",2008,128183103
"NAC","TOTAL","500-999","P85","D111","BG",2008,105466605
"NAC","TOTAL","500-999","P85","D1111","BG",2008,89933968
"NAC","TOTAL","500-999","Q","D01","BG",2008,231756724
"NAC","TOTAL","500-999","Q","D111","BG",2008,190528514
"NAC","TOTAL","500-999","Q","D1111","BG",2008,172104012
"NAC","TOTAL","500-999","Q86","D01","BG",2008,231756724
"NAC","TOTAL","500-999","Q86","D111","BG",2008,190528514
"NAC","TOTAL","500-999","Q86","D1111","BG",2008,172104012
"NAC","TOTAL","500-999","Q87","D01","BG",2008,NA
"NAC","TOTAL","500-999","Q87","D111","BG",2008,NA
"NAC","TOTAL","500-999","Q87","D1111","BG",2008,NA
"NAC","TOTAL","500-999","Q88","D01","BG",2008,NA
"NAC","TOTAL","500-999","Q88","D111","BG",2008,NA
"NAC","TOTAL","500-999","Q88","D1111","BG",2008,NA
"NAC","TOTAL","500-999","R","D01","BG",2008,NA
"NAC","TOTAL","500-999","R","D111","BG",2008,NA
"NAC","TOTAL","500-999","R","D1111","BG",2008,NA
"NAC","TOTAL","500-999","R90","D01","BG",2008,NA
"NAC","TOTAL","500-999","R90","D111","BG",2008,NA
"NAC","TOTAL","500-999","R90","D1111","BG",2008,NA
"NAC","TOTAL","500-999","R91","D01","BG",2008,NA
"NAC","TOTAL","500-999","R91","D111","BG",2008,NA
"NAC","TOTAL","500-999","R91","D1111","BG",2008,NA
"NAC","TOTAL","500-999","R92","D01","BG",2008,NA
"NAC","TOTAL","500-999","R92","D111","BG",2008,NA
"NAC","TOTAL","500-999","R92","D1111","BG",2008,NA
"NAC","TOTAL","500-999","R93","D01","BG",2008,NA
"NAC","TOTAL","500-999","R93","D111","BG",2008,NA
"NAC","TOTAL","500-999","R93","D1111","BG",2008,NA
"NAC","TOTAL","500-999","S","D01","BG",2008,NA
"NAC","TOTAL","500-999","S","D111","BG",2008,NA
"NAC","TOTAL","500-999","S","D1111","BG",2008,NA
"NAC","TOTAL","500-999","S94","D01","BG",2008,NA
"NAC","TOTAL","500-999","S94","D111","BG",2008,NA
"NAC","TOTAL","500-999","S94","D1111","BG",2008,NA
"NAC","TOTAL","500-999","S95","D01","BG",2008,NA
"NAC","TOTAL","500-999","S95","D111","BG",2008,NA
"NAC","TOTAL","500-999","S95","D1111","BG",2008,NA
"NAC","TOTAL","500-999","S96","D01","BG",2008,NA
"NAC","TOTAL","500-999","S96","D111","BG",2008,NA
"NAC","TOTAL","500-999","S96","D1111","BG",2008,NA
"NAC","TOTAL","GE10","B","D01","BG",2008,432959758
"NAC","TOTAL","GE10","B","D111","BG",2008,317561835
"NAC","TOTAL","GE10","B","D1111","BG",2008,269246009
"NAC","TOTAL","GE10","B-E","D01","BG",2008,5540795769
"NAC","TOTAL","GE10","B-E","D111","BG",2008,4412105727
"NAC","TOTAL","GE10","B-E","D1111","BG",2008,3848195757
"NAC","TOTAL","GE10","B-F","D01","BG",2008,7001002422
"NAC","TOTAL","GE10","B-F","D111","BG",2008,5608662467
"NAC","TOTAL","GE10","B-F","D1111","BG",2008,4963621837
"NAC","TOTAL","GE10","B-N","D01","BG",2008,13494567705
"NAC","TOTAL","GE10","B-N","D111","BG",2008,11030824006
"NAC","TOTAL","GE10","B-N","D1111","BG",2008,9854193493
"NAC","TOTAL","GE10","B-S","D01","BG",2008,17689326411
"NAC","TOTAL","GE10","B-S","D111","BG",2008,14399964028
"NAC","TOTAL","GE10","B-S","D1111","BG",2008,12810356720
"NAC","TOTAL","GE10","B-S_X_O","D01","BG",2008,16218608066
"NAC","TOTAL","GE10","B-S_X_O","D111","BG",2008,13240355811
"NAC","TOTAL","GE10","B-S_X_O","D1111","BG",2008,11765991671
"NAC","TOTAL","GE10","B05","D01","BG",2008,223746366
"NAC","TOTAL","GE10","B05","D111","BG",2008,157821687
"NAC","TOTAL","GE10","B05","D1111","BG",2008,127537492
"NAC","TOTAL","GE10","B06","D01","BG",2008,NA
"NAC","TOTAL","GE10","B06","D111","BG",2008,NA
"NAC","TOTAL","GE10","B06","D1111","BG",2008,NA
"NAC","TOTAL","GE10","B07","D01","BG",2008,125015910
"NAC","TOTAL","GE10","B07","D111","BG",2008,94226678
"NAC","TOTAL","GE10","B07","D1111","BG",2008,82787358
"NAC","TOTAL","GE10","B08","D01","BG",2008,78012983
"NAC","TOTAL","GE10","B08","D111","BG",2008,60372718
"NAC","TOTAL","GE10","B08","D1111","BG",2008,54269322
"NAC","TOTAL","GE10","B09","D01","BG",2008,NA
"NAC","TOTAL","GE10","B09","D111","BG",2008,NA
"NAC","TOTAL","GE10","B09","D1111","BG",2008,NA
"NAC","TOTAL","GE10","C","D01","BG",2008,4121346001
"NAC","TOTAL","GE10","C","D111","BG",2008,3323650856
"NAC","TOTAL","GE10","C","D1111","BG",2008,2983257486
"NAC","TOTAL","GE10","C10","D01","BG",2008,453552778
"NAC","TOTAL","GE10","C10","D111","BG",2008,372931424
"NAC","TOTAL","GE10","C10","D1111","BG",2008,344553688
"NAC","TOTAL","GE10","C11","D01","BG",2008,154860801
"NAC","TOTAL","GE10","C11","D111","BG",2008,129207029
"NAC","TOTAL","GE10","C11","D1111","BG",2008,114071646
"NAC","TOTAL","GE10","C12","D01","BG",2008,NA
"NAC","TOTAL","GE10","C12","D111","BG",2008,NA
"NAC","TOTAL","GE10","C12","D1111","BG",2008,NA
"NAC","TOTAL","GE10","C13","D01","BG",2008,103156003
"NAC","TOTAL","GE10","C13","D111","BG",2008,83098976
"NAC","TOTAL","GE10","C13","D1111","BG",2008,75455099
"NAC","TOTAL","GE10","C14","D01","BG",2008,545240986
"NAC","TOTAL","GE10","C14","D111","BG",2008,447045824
"NAC","TOTAL","GE10","C14","D1111","BG",2008,405914848
"NAC","TOTAL","GE10","C15","D01","BG",2008,69777738
"NAC","TOTAL","GE10","C15","D111","BG",2008,57086091
"NAC","TOTAL","GE10","C15","D1111","BG",2008,52329168
"NAC","TOTAL","GE10","C16","D01","BG",2008,80533292
"NAC","TOTAL","GE10","C16","D111","BG",2008,65976344
"NAC","TOTAL","GE10","C16","D1111","BG",2008,60088746
"NAC","TOTAL","GE10","C17","D01","BG",2008,69689151
"NAC","TOTAL","GE10","C17","D111","BG",2008,56471972
"NAC","TOTAL","GE10","C17","D1111","BG",2008,50057850
"NAC","TOTAL","GE10","C18","D01","BG",2008,65971324
"NAC","TOTAL","GE10","C18","D111","BG",2008,54739661
"NAC","TOTAL","GE10","C18","D1111","BG",2008,49599764
"NAC","TOTAL","GE10","C19","D01","BG",2008,NA
"NAC","TOTAL","GE10","C19","D111","BG",2008,NA
"NAC","TOTAL","GE10","C19","D1111","BG",2008,NA
"NAC","TOTAL","GE10","C20","D01","BG",2008,156888380
"NAC","TOTAL","GE10","C20","D111","BG",2008,121861263
"NAC","TOTAL","GE10","C20","D1111","BG",2008,107201126
"NAC","TOTAL","GE10","C21","D01","BG",2008,85836541
"NAC","TOTAL","GE10","C21","D111","BG",2008,68020592
"NAC","TOTAL","GE10","C21","D1111","BG",2008,60064271
"NAC","TOTAL","GE10","C22","D01","BG",2008,128408962
"NAC","TOTAL","GE10","C22","D111","BG",2008,105334625
"NAC","TOTAL","GE10","C22","D1111","BG",2008,96707029
"NAC","TOTAL","GE10","C23","D01","BG",2008,260690146
"NAC","TOTAL","GE10","C23","D111","BG",2008,209272830
"NAC","TOTAL","GE10","C23","D1111","BG",2008,188453095
"NAC","TOTAL","GE10","C24","D01","BG",2008,292158925
"NAC","TOTAL","GE10","C24","D111","BG",2008,225959055
"NAC","TOTAL","GE10","C24","D1111","BG",2008,197244248
"NAC","TOTAL","GE10","C25","D01","BG",2008,384765833
"NAC","TOTAL","GE10","C25","D111","BG",2008,311167356
"NAC","TOTAL","GE10","C25","D1111","BG",2008,282400577
"NAC","TOTAL","GE10","C26","D01","BG",2008,87894540
"NAC","TOTAL","GE10","C26","D111","BG",2008,72652399
"NAC","TOTAL","GE10","C26","D1111","BG",2008,63929509
"NAC","TOTAL","GE10","C27","D01","BG",2008,176202528
"NAC","TOTAL","GE10","C27","D111","BG",2008,143475245
"NAC","TOTAL","GE10","C27","D1111","BG",2008,127551754
"NAC","TOTAL","GE10","C28","D01","BG",2008,312604049
"NAC","TOTAL","GE10","C28","D111","BG",2008,254290055
"NAC","TOTAL","GE10","C28","D1111","BG",2008,224766523
"NAC","TOTAL","GE10","C29","D01","BG",2008,72787081
"NAC","TOTAL","GE10","C29","D111","BG",2008,59344663
"NAC","TOTAL","GE10","C29","D1111","BG",2008,53762707
"NAC","TOTAL","GE10","C30","D01","BG",2008,77755750
"NAC","TOTAL","GE10","C30","D111","BG",2008,61939389
"NAC","TOTAL","GE10","C30","D1111","BG",2008,55407223
"NAC","TOTAL","GE10","C31","D01","BG",2008,109225762
"NAC","TOTAL","GE10","C31","D111","BG",2008,89380819
"NAC","TOTAL","GE10","C31","D1111","BG",2008,82238742
"NAC","TOTAL","GE10","C32","D01","BG",2008,36235967
"NAC","TOTAL","GE10","C32","D111","BG",2008,29863014
"NAC","TOTAL","GE10","C32","D1111","BG",2008,27072210
"NAC","TOTAL","GE10","C33","D01","BG",2008,205526865
"NAC","TOTAL","GE10","C33","D111","BG",2008,165186729
"NAC","TOTAL","GE10","C33","D1111","BG",2008,146749320
"NAC","TOTAL","GE10","D","D01","BG",2008,686997496
"NAC","TOTAL","GE10","D","D111","BG",2008,526734441
"NAC","TOTAL","GE10","D","D1111","BG",2008,392070277
"NAC","TOTAL","GE10","D35","D01","BG",2008,686997496
"NAC","TOTAL","GE10","D35","D111","BG",2008,526734441
"NAC","TOTAL","GE10","D35","D1111","BG",2008,392070277
"NAC","TOTAL","GE10","E","D01","BG",2008,299492514
"NAC","TOTAL","GE10","E","D111","BG",2008,244158595
"NAC","TOTAL","GE10","E","D1111","BG",2008,203621985
"NAC","TOTAL","GE10","E36","D01","BG",2008,184121626
"NAC","TOTAL","GE10","E36","D111","BG",2008,149347526
"NAC","TOTAL","GE10","E36","D1111","BG",2008,116939292
"NAC","TOTAL","GE10","E37","D01","BG",2008,4167179
"NAC","TOTAL","GE10","E37","D111","BG",2008,3617495
"NAC","TOTAL","GE10","E37","D1111","BG",2008,3415264
"NAC","TOTAL","GE10","E38","D01","BG",2008,107979598
"NAC","TOTAL","GE10","E38","D111","BG",2008,88567137
"NAC","TOTAL","GE10","E38","D1111","BG",2008,80912886
"NAC","TOTAL","GE10","E39","D01","BG",2008,3224111
"NAC","TOTAL","GE10","E39","D111","BG",2008,2626437
"NAC","TOTAL","GE10","E39","D1111","BG",2008,2354543
"NAC","TOTAL","GE10","F","D01","BG",2008,1460206653
"NAC","TOTAL","GE10","F","D111","BG",2008,1196556740
"NAC","TOTAL","GE10","F","D1111","BG",2008,1115426080
"NAC","TOTAL","GE10","F41","D01","BG",2008,762009270
"NAC","TOTAL","GE10","F41","D111","BG",2008,628005169
"NAC","TOTAL","GE10","F41","D1111","BG",2008,587380419
"NAC","TOTAL","GE10","F42","D01","BG",2008,380189514
"NAC","TOTAL","GE10","F42","D111","BG",2008,305767589
"NAC","TOTAL","GE10","F42","D1111","BG",2008,281449438
"NAC","TOTAL","GE10","F43","D01","BG",2008,318007869
"NAC","TOTAL","GE10","F43","D111","BG",2008,262783982
"NAC","TOTAL","GE10","F43","D1111","BG",2008,246596223
"NAC","TOTAL","GE10","G","D01","BG",2008,1859664017
"NAC","TOTAL","GE10","G","D111","BG",2008,1555263481
"NAC","TOTAL","GE10","G","D1111","BG",2008,1447993925
"NAC","TOTAL","GE10","G-J","D01","BG",2008,4488242300
"NAC","TOTAL","GE10","G-J","D111","BG",2008,3727344086
"NAC","TOTAL","GE10","G-J","D1111","BG",2008,3343436610
"NAC","TOTAL","GE10","G-N","D01","BG",2008,6493565283
"NAC","TOTAL","GE10","G-N","D111","BG",2008,5422161539
"NAC","TOTAL","GE10","G-N","D1111","BG",2008,4890571656
"NAC","TOTAL","GE10","G-S_X_O","D01","BG",2008,9217605644
"NAC","TOTAL","GE10","G-S_X_O","D111","BG",2008,7631693344
"NAC","TOTAL","GE10","G-S_X_O","D1111","BG",2008,6802369834
"NAC","TOTAL","GE10","G45","D01","BG",2008,216846318
"NAC","TOTAL","GE10","G45","D111","BG",2008,182664762
"NAC","TOTAL","GE10","G45","D1111","BG",2008,169375804
"NAC","TOTAL","GE10","G46","D01","BG",2008,1002598423
"NAC","TOTAL","GE10","G46","D111","BG",2008,845855894
"NAC","TOTAL","GE10","G46","D1111","BG",2008,787374644
"NAC","TOTAL","GE10","G47","D01","BG",2008,640219276
"NAC","TOTAL","GE10","G47","D111","BG",2008,526742825
"NAC","TOTAL","GE10","G47","D1111","BG",2008,491243477
"NAC","TOTAL","GE10","H","D01","BG",2008,1314329753
"NAC","TOTAL","GE10","H","D111","BG",2008,1069896534
"NAC","TOTAL","GE10","H","D1111","BG",2008,879870505
"NAC","TOTAL","GE10","H49","D01","BG",2008,542438073
"NAC","TOTAL","GE10","H49","D111","BG",2008,427879774
"NAC","TOTAL","GE10","H49","D1111","BG",2008,364310270
"NAC","TOTAL","GE10","H50","D01","BG",2008,87092561
"NAC","TOTAL","GE10","H50","D111","BG",2008,65109208
"NAC","TOTAL","GE10","H50","D1111","BG",2008,53351159
"NAC","TOTAL","GE10","H51","D01","BG",2008,66878774
"NAC","TOTAL","GE10","H51","D111","BG",2008,54824564
"NAC","TOTAL","GE10","H51","D1111","BG",2008,48908143
"NAC","TOTAL","GE10","H52","D01","BG",2008,468135457
"NAC","TOTAL","GE10","H52","D111","BG",2008,399314265
"NAC","TOTAL","GE10","H52","D1111","BG",2008,317149741
"NAC","TOTAL","GE10","H53","D01","BG",2008,149784888
"NAC","TOTAL","GE10","H53","D111","BG",2008,122768723
"NAC","TOTAL","GE10","H53","D1111","BG",2008,96151192
"NAC","TOTAL","GE10","I","D01","BG",2008,403159842
"NAC","TOTAL","GE10","I","D111","BG",2008,330957792
"NAC","TOTAL","GE10","I","D1111","BG",2008,309701279
"NAC","TOTAL","GE10","I55","D01","BG",2008,206674274
"NAC","TOTAL","GE10","I55","D111","BG",2008,169099444
"NAC","TOTAL","GE10","I55","D1111","BG",2008,156837914
"NAC","TOTAL","GE10","I56","D01","BG",2008,196485568
"NAC","TOTAL","GE10","I56","D111","BG",2008,161858348
"NAC","TOTAL","GE10","I56","D1111","BG",2008,152863365
"NAC","TOTAL","GE10","J","D01","BG",2008,911088688
"NAC","TOTAL","GE10","J","D111","BG",2008,771226279
"NAC","TOTAL","GE10","J","D1111","BG",2008,705870901
"NAC","TOTAL","GE10","J58","D01","BG",2008,60738385
"NAC","TOTAL","GE10","J58","D111","BG",2008,51425850
"NAC","TOTAL","GE10","J58","D1111","BG",2008,47828004
"NAC","TOTAL","GE10","J59","D01","BG",2008,13223463
"NAC","TOTAL","GE10","J59","D111","BG",2008,11001889
"NAC","TOTAL","GE10","J59","D1111","BG",2008,10274263
"NAC","TOTAL","GE10","J60","D01","BG",2008,92546694
"NAC","TOTAL","GE10","J60","D111","BG",2008,77088774
"NAC","TOTAL","GE10","J60","D1111","BG",2008,70957812
"NAC","TOTAL","GE10","J61","D01","BG",2008,333177731
"NAC","TOTAL","GE10","J61","D111","BG",2008,279554769
"NAC","TOTAL","GE10","J61","D1111","BG",2008,255840976
"NAC","TOTAL","GE10","J62","D01","BG",2008,359507002
"NAC","TOTAL","GE10","J62","D111","BG",2008,307910948
"NAC","TOTAL","GE10","J62","D1111","BG",2008,280642416
"NAC","TOTAL","GE10","J63","D01","BG",2008,51895413
"NAC","TOTAL","GE10","J63","D111","BG",2008,44244049
"NAC","TOTAL","GE10","J63","D1111","BG",2008,40327430
"NAC","TOTAL","GE10","K","D01","BG",2008,874514163
"NAC","TOTAL","GE10","K","D111","BG",2008,736560022
"NAC","TOTAL","GE10","K","D1111","BG",2008,667828042
"NAC","TOTAL","GE10","K-N","D01","BG",2008,2005322983
"NAC","TOTAL","GE10","K-N","D111","BG",2008,1694817453
"NAC","TOTAL","GE10","K-N","D1111","BG",2008,1547135046
"NAC","TOTAL","GE10","K64","D01","BG",2008,729640849
"NAC","TOTAL","GE10","K64","D111","BG",2008,613964595
"NAC","TOTAL","GE10","K64","D1111","BG",2008,553735550
"NAC","TOTAL","GE10","K65","D01","BG",2008,107517933
"NAC","TOTAL","GE10","K65","D111","BG",2008,91279751
"NAC","TOTAL","GE10","K65","D1111","BG",2008,85054441
"NAC","TOTAL","GE10","K66","D01","BG",2008,37355381
"NAC","TOTAL","GE10","K66","D111","BG",2008,31315676
"NAC","TOTAL","GE10","K66","D1111","BG",2008,29038051
"NAC","TOTAL","GE10","L","D01","BG",2008,119725945
"NAC","TOTAL","GE10","L","D111","BG",2008,100251599
"NAC","TOTAL","GE10","L","D1111","BG",2008,91466424
"NAC","TOTAL","GE10","L68","D01","BG",2008,119725945
"NAC","TOTAL","GE10","L68","D111","BG",2008,100251599
"NAC","TOTAL","GE10","L68","D1111","BG",2008,91466424
"NAC","TOTAL","GE10","M","D01","BG",2008,563458078
"NAC","TOTAL","GE10","M","D111","BG",2008,476751013
"NAC","TOTAL","GE10","M","D1111","BG",2008,431835267
"NAC","TOTAL","GE10","M69","D01","BG",2008,75922094
"NAC","TOTAL","GE10","M69","D111","BG",2008,65177508
"NAC","TOTAL","GE10","M69","D1111","BG",2008,60219007
"NAC","TOTAL","GE10","M70","D01","BG",2008,90153067
"NAC","TOTAL","GE10","M70","D111","BG",2008,77173897
"NAC","TOTAL","GE10","M70","D1111","BG",2008,68949803
"NAC","TOTAL","GE10","M71","D01","BG",2008,138456387
"NAC","TOTAL","GE10","M71","D111","BG",2008,116206931
"NAC","TOTAL","GE10","M71","D1111","BG",2008,104353543
"NAC","TOTAL","GE10","M72","D01","BG",2008,117538946
"NAC","TOTAL","GE10","M72","D111","BG",2008,96425251
"NAC","TOTAL","GE10","M72","D1111","BG",2008,84433070
"NAC","TOTAL","GE10","M73","D01","BG",2008,73759516
"NAC","TOTAL","GE10","M73","D111","BG",2008,62905116
"NAC","TOTAL","GE10","M73","D1111","BG",2008,58318086
"NAC","TOTAL","GE10","M74","D01","BG",2008,67628068
"NAC","TOTAL","GE10","M74","D111","BG",2008,58862310
"NAC","TOTAL","GE10","M74","D1111","BG",2008,55561758
"NAC","TOTAL","GE10","M75","D01","BG",2008,NA
"NAC","TOTAL","GE10","M75","D111","BG",2008,NA
"NAC","TOTAL","GE10","M75","D1111","BG",2008,NA
"NAC","TOTAL","GE10","N","D01","BG",2008,447624797
"NAC","TOTAL","GE10","N","D111","BG",2008,381254819
"NAC","TOTAL","GE10","N","D1111","BG",2008,356005313
"NAC","TOTAL","GE10","N77","D01","BG",2008,15302298
"NAC","TOTAL","GE10","N77","D111","BG",2008,12893390
"NAC","TOTAL","GE10","N77","D1111","BG",2008,11876874
"NAC","TOTAL","GE10","N78","D01","BG",2008,37115653
"NAC","TOTAL","GE10","N78","D111","BG",2008,30553377
"NAC","TOTAL","GE10","N78","D1111","BG",2008,28255402
"NAC","TOTAL","GE10","N79","D01","BG",2008,22550879
"NAC","TOTAL","GE10","N79","D111","BG",2008,18952654
"NAC","TOTAL","GE10","N79","D1111","BG",2008,17942507
"NAC","TOTAL","GE10","N80","D01","BG",2008,219798145
"NAC","TOTAL","GE10","N80","D111","BG",2008,180724037
"NAC","TOTAL","GE10","N80","D1111","BG",2008,169964188
"NAC","TOTAL","GE10","N81","D01","BG",2008,105829721
"NAC","TOTAL","GE10","N81","D111","BG",2008,99330247
"NAC","TOTAL","GE10","N81","D1111","BG",2008,91817238
"NAC","TOTAL","GE10","N82","D01","BG",2008,47028101
"NAC","TOTAL","GE10","N82","D111","BG",2008,38801114
"NAC","TOTAL","GE10","N82","D1111","BG",2008,36149104
"NAC","TOTAL","GE10","O","D01","BG",2008,1470718345
"NAC","TOTAL","GE10","O","D111","BG",2008,1159608217
"NAC","TOTAL","GE10","O","D1111","BG",2008,1044365049
"NAC","TOTAL","GE10","O-S","D01","BG",2008,4194758706
"NAC","TOTAL","GE10","O-S","D111","BG",2008,3369140022
"NAC","TOTAL","GE10","O-S","D1111","BG",2008,2956163227
"NAC","TOTAL","GE10","O84","D01","BG",2008,1470718345
"NAC","TOTAL","GE10","O84","D111","BG",2008,1159608217
"NAC","TOTAL","GE10","O84","D1111","BG",2008,1044365049
"NAC","TOTAL","GE10","P","D01","BG",2008,1454531702
"NAC","TOTAL","GE10","P","D111","BG",2008,1162712986
"NAC","TOTAL","GE10","P","D1111","BG",2008,971660820
"NAC","TOTAL","GE10","P-S","D01","BG",2008,2724040361
"NAC","TOTAL","GE10","P-S","D111","BG",2008,2209531805
"NAC","TOTAL","GE10","P-S","D1111","BG",2008,1911798178
"NAC","TOTAL","GE10","P85","D01","BG",2008,1454531702
"NAC","TOTAL","GE10","P85","D111","BG",2008,1162712986
"NAC","TOTAL","GE10","P85","D1111","BG",2008,971660820
"NAC","TOTAL","GE10","Q","D01","BG",2008,998054881
"NAC","TOTAL","GE10","Q","D111","BG",2008,819593649
"NAC","TOTAL","GE10","Q","D1111","BG",2008,733655514
"NAC","TOTAL","GE10","Q86","D01","BG",2008,850206625
"NAC","TOTAL","GE10","Q86","D111","BG",2008,698445609
"NAC","TOTAL","GE10","Q86","D1111","BG",2008,626899443
"NAC","TOTAL","GE10","Q87","D01","BG",2008,76304554
"NAC","TOTAL","GE10","Q87","D111","BG",2008,62563306
"NAC","TOTAL","GE10","Q87","D1111","BG",2008,54983239
"NAC","TOTAL","GE10","Q88","D01","BG",2008,71543702
"NAC","TOTAL","GE10","Q88","D111","BG",2008,58584734
"NAC","TOTAL","GE10","Q88","D1111","BG",2008,51772832
"NAC","TOTAL","GE10","R","D01","BG",2008,188361199
"NAC","TOTAL","GE10","R","D111","BG",2008,156351529
"NAC","TOTAL","GE10","R","D1111","BG",2008,141823739
"NAC","TOTAL","GE10","R90","D01","BG",2008,52330571
"NAC","TOTAL","GE10","R90","D111","BG",2008,42418909
"NAC","TOTAL","GE10","R90","D1111","BG",2008,36991711
"NAC","TOTAL","GE10","R91","D01","BG",2008,27158146
"NAC","TOTAL","GE10","R91","D111","BG",2008,22166133
"NAC","TOTAL","GE10","R91","D1111","BG",2008,19433777
"NAC","TOTAL","GE10","R92","D01","BG",2008,59112445
"NAC","TOTAL","GE10","R92","D111","BG",2008,48849919
"NAC","TOTAL","GE10","R92","D1111","BG",2008,45253496
"NAC","TOTAL","GE10","R93","D01","BG",2008,49760037
"NAC","TOTAL","GE10","R93","D111","BG",2008,42916568
"NAC","TOTAL","GE10","R93","D1111","BG",2008,40144755
"NAC","TOTAL","GE10","S","D01","BG",2008,83092579
"NAC","TOTAL","GE10","S","D111","BG",2008,70873641
"NAC","TOTAL","GE10","S","D1111","BG",2008,64658105
"NAC","TOTAL","GE10","S94","D01","BG",2008,56070225
"NAC","TOTAL","GE10","S94","D111","BG",2008,48571187
"NAC","TOTAL","GE10","S94","D1111","BG",2008,44248073
"NAC","TOTAL","GE10","S95","D01","BG",2008,4810905
"NAC","TOTAL","GE10","S95","D111","BG",2008,4012430
"NAC","TOTAL","GE10","S95","D1111","BG",2008,3747284
"NAC","TOTAL","GE10","S96","D01","BG",2008,22211449
"NAC","TOTAL","GE10","S96","D111","BG",2008,18290024
"NAC","TOTAL","GE10","S96","D1111","BG",2008,16662748
"NAC","TOTAL","GE1000","B","D01","BG",2008,227702580
"NAC","TOTAL","GE1000","B","D111","BG",2008,163269512
"NAC","TOTAL","GE1000","B","D1111","BG",2008,134343553
"NAC","TOTAL","GE1000","B-E","D01","BG",2008,1394776721
"NAC","TOTAL","GE1000","B-E","D111","BG",2008,1075823759
"NAC","TOTAL","GE1000","B-E","D1111","BG",2008,890894670
"NAC","TOTAL","GE1000","B-F","D01","BG",2008,1428591646
"NAC","TOTAL","GE1000","B-F","D111","BG",2008,1103882423
"NAC","TOTAL","GE1000","B-F","D1111","BG",2008,916708478
"NAC","TOTAL","GE1000","B-N","D01","BG",2008,2382837213
"NAC","TOTAL","GE1000","B-N","D111","BG",2008,1884397519
"NAC","TOTAL","GE1000","B-N","D1111","BG",2008,1599642764
"NAC","TOTAL","GE1000","B-S","D01","BG",2008,2690875169
"NAC","TOTAL","GE1000","B-S","D111","BG",2008,2134104345
"NAC","TOTAL","GE1000","B-S","D1111","BG",2008,1820722022
"NAC","TOTAL","GE1000","B-S_X_O","D01","BG",2008,2599361598
"NAC","TOTAL","GE1000","B-S_X_O","D111","BG",2008,2061548161
"NAC","TOTAL","GE1000","B-S_X_O","D1111","BG",2008,1754163919
"NAC","TOTAL","GE1000","B05","D01","BG",2008,NA
"NAC","TOTAL","GE1000","B05","D111","BG",2008,NA
"NAC","TOTAL","GE1000","B05","D1111","BG",2008,NA
"NAC","TOTAL","GE1000","B06","D01","BG",2008,NA
"NAC","TOTAL","GE1000","B06","D111","BG",2008,NA
"NAC","TOTAL","GE1000","B06","D1111","BG",2008,NA
"NAC","TOTAL","GE1000","B07","D01","BG",2008,NA
"NAC","TOTAL","GE1000","B07","D111","BG",2008,NA
"NAC","TOTAL","GE1000","B07","D1111","BG",2008,NA
"NAC","TOTAL","GE1000","B08","D01","BG",2008,NA
"NAC","TOTAL","GE1000","B08","D111","BG",2008,NA
"NAC","TOTAL","GE1000","B08","D1111","BG",2008,NA
"NAC","TOTAL","GE1000","B09","D01","BG",2008,NA
"NAC","TOTAL","GE1000","B09","D111","BG",2008,NA
"NAC","TOTAL","GE1000","B09","D1111","BG",2008,NA
"NAC","TOTAL","GE1000","C","D01","BG",2008,794342074
"NAC","TOTAL","GE1000","C","D111","BG",2008,624473128
"NAC","TOTAL","GE1000","C","D1111","BG",2008,544916668
"NAC","TOTAL","GE1000","C10","D01","BG",2008,NA
"NAC","TOTAL","GE1000","C10","D111","BG",2008,NA
"NAC","TOTAL","GE1000","C10","D1111","BG",2008,NA
"NAC","TOTAL","GE1000","C11","D01","BG",2008,NA
"NAC","TOTAL","GE1000","C11","D111","BG",2008,NA
"NAC","TOTAL","GE1000","C11","D1111","BG",2008,NA
"NAC","TOTAL","GE1000","C12","D01","BG",2008,NA
"NAC","TOTAL","GE1000","C12","D111","BG",2008,NA
"NAC","TOTAL","GE1000","C12","D1111","BG",2008,NA
"NAC","TOTAL","GE1000","C13","D01","BG",2008,NA
"NAC","TOTAL","GE1000","C13","D111","BG",2008,NA
"NAC","TOTAL","GE1000","C13","D1111","BG",2008,NA
"NAC","TOTAL","GE1000","C14","D01","BG",2008,34683414
"NAC","TOTAL","GE1000","C14","D111","BG",2008,28189181
"NAC","TOTAL","GE1000","C14","D1111","BG",2008,25879760
"NAC","TOTAL","GE1000","C15","D01","BG",2008,NA
"NAC","TOTAL","GE1000","C15","D111","BG",2008,NA
"NAC","TOTAL","GE1000","C15","D1111","BG",2008,NA
"NAC","TOTAL","GE1000","C16","D01","BG",2008,NA
"NAC","TOTAL","GE1000","C16","D111","BG",2008,NA
"NAC","TOTAL","GE1000","C16","D1111","BG",2008,NA
"NAC","TOTAL","GE1000","C17","D01","BG",2008,NA
"NAC","TOTAL","GE1000","C17","D111","BG",2008,NA
"NAC","TOTAL","GE1000","C17","D1111","BG",2008,NA
"NAC","TOTAL","GE1000","C18","D01","BG",2008,NA
"NAC","TOTAL","GE1000","C18","D111","BG",2008,NA
"NAC","TOTAL","GE1000","C18","D1111","BG",2008,NA
"NAC","TOTAL","GE1000","C19","D01","BG",2008,NA
"NAC","TOTAL","GE1000","C19","D111","BG",2008,NA
"NAC","TOTAL","GE1000","C19","D1111","BG",2008,NA
"NAC","TOTAL","GE1000","C20","D01","BG",2008,NA
"NAC","TOTAL","GE1000","C20","D111","BG",2008,NA
"NAC","TOTAL","GE1000","C20","D1111","BG",2008,NA
"NAC","TOTAL","GE1000","C21","D01","BG",2008,NA
"NAC","TOTAL","GE1000","C21","D111","BG",2008,NA
"NAC","TOTAL","GE1000","C21","D1111","BG",2008,NA
"NAC","TOTAL","GE1000","C22","D01","BG",2008,NA
"NAC","TOTAL","GE1000","C22","D111","BG",2008,NA
"NAC","TOTAL","GE1000","C22","D1111","BG",2008,NA
"NAC","TOTAL","GE1000","C23","D01","BG",2008,NA
"NAC","TOTAL","GE1000","C23","D111","BG",2008,NA
"NAC","TOTAL","GE1000","C23","D1111","BG",2008,NA
"NAC","TOTAL","GE1000","C24","D01","BG",2008,154062292
"NAC","TOTAL","GE1000","C24","D111","BG",2008,116906284
"NAC","TOTAL","GE1000","C24","D1111","BG",2008,100714139
"NAC","TOTAL","GE1000","C25","D01","BG",2008,87970703
"NAC","TOTAL","GE1000","C25","D111","BG",2008,68723948
"NAC","TOTAL","GE1000","C25","D1111","BG",2008,62795820
"NAC","TOTAL","GE1000","C26","D01","BG",2008,NA
"NAC","TOTAL","GE1000","C26","D111","BG",2008,NA
"NAC","TOTAL","GE1000","C26","D1111","BG",2008,NA
"NAC","TOTAL","GE1000","C27","D01","BG",2008,NA
"NAC","TOTAL","GE1000","C27","D111","BG",2008,NA
"NAC","TOTAL","GE1000","C27","D1111","BG",2008,NA
"NAC","TOTAL","GE1000","C28","D01","BG",2008,72119177
"NAC","TOTAL","GE1000","C28","D111","BG",2008,57838513
"NAC","TOTAL","GE1000","C28","D1111","BG",2008,48091385
"NAC","TOTAL","GE1000","C29","D01","BG",2008,44884788
"NAC","TOTAL","GE1000","C29","D111","BG",2008,36550551
"NAC","TOTAL","GE1000","C29","D1111","BG",2008,33608254
"NAC","TOTAL","GE1000","C30","D01","BG",2008,NA
"NAC","TOTAL","GE1000","C30","D111","BG",2008,NA
"NAC","TOTAL","GE1000","C30","D1111","BG",2008,NA
"NAC","TOTAL","GE1000","C31","D01","BG",2008,NA
"NAC","TOTAL","GE1000","C31","D111","BG",2008,NA
"NAC","TOTAL","GE1000","C31","D1111","BG",2008,NA
"NAC","TOTAL","GE1000","C32","D01","BG",2008,NA
"NAC","TOTAL","GE1000","C32","D111","BG",2008,NA
"NAC","TOTAL","GE1000","C32","D1111","BG",2008,NA
"NAC","TOTAL","GE1000","C33","D01","BG",2008,NA
"NAC","TOTAL","GE1000","C33","D111","BG",2008,NA
"NAC","TOTAL","GE1000","C33","D1111","BG",2008,NA
"NAC","TOTAL","GE1000","D","D01","BG",2008,344095653
"NAC","TOTAL","GE1000","D","D111","BG",2008,264568272
"NAC","TOTAL","GE1000","D","D1111","BG",2008,191563119
"NAC","TOTAL","GE1000","D35","D01","BG",2008,344095653
"NAC","TOTAL","GE1000","D35","D111","BG",2008,264568272
"NAC","TOTAL","GE1000","D35","D1111","BG",2008,191563119
"NAC","TOTAL","GE1000","E","D01","BG",2008,NA
"NAC","TOTAL","GE1000","E","D111","BG",2008,NA
"NAC","TOTAL","GE1000","E","D1111","BG",2008,NA
"NAC","TOTAL","GE1000","E36","D01","BG",2008,NA
"NAC","TOTAL","GE1000","E36","D111","BG",2008,NA
"NAC","TOTAL","GE1000","E36","D1111","BG",2008,NA
"NAC","TOTAL","GE1000","E37","D01","BG",2008,NA
"NAC","TOTAL","GE1000","E37","D111","BG",2008,NA
"NAC","TOTAL","GE1000","E37","D1111","BG",2008,NA
"NAC","TOTAL","GE1000","E38","D01","BG",2008,NA
"NAC","TOTAL","GE1000","E38","D111","BG",2008,NA
"NAC","TOTAL","GE1000","E38","D1111","BG",2008,NA
"NAC","TOTAL","GE1000","E39","D01","BG",2008,NA
"NAC","TOTAL","GE1000","E39","D111","BG",2008,NA
"NAC","TOTAL","GE1000","E39","D1111","BG",2008,NA
"NAC","TOTAL","GE1000","F","D01","BG",2008,33814925
"NAC","TOTAL","GE1000","F","D111","BG",2008,28058664
"NAC","TOTAL","GE1000","F","D1111","BG",2008,25813808
"NAC","TOTAL","GE1000","F41","D01","BG",2008,33814925
"NAC","TOTAL","GE1000","F41","D111","BG",2008,28058664
"NAC","TOTAL","GE1000","F41","D1111","BG",2008,25813808
"NAC","TOTAL","GE1000","F42","D01","BG",2008,NA
"NAC","TOTAL","GE1000","F42","D111","BG",2008,NA
"NAC","TOTAL","GE1000","F42","D1111","BG",2008,NA
"NAC","TOTAL","GE1000","F43","D01","BG",2008,NA
"NAC","TOTAL","GE1000","F43","D111","BG",2008,NA
"NAC","TOTAL","GE1000","F43","D1111","BG",2008,NA
"NAC","TOTAL","GE1000","G","D01","BG",2008,166550855
"NAC","TOTAL","GE1000","G","D111","BG",2008,136178470
"NAC","TOTAL","GE1000","G","D1111","BG",2008,124318874
"NAC","TOTAL","GE1000","G-J","D01","BG",2008,728692682
"NAC","TOTAL","GE1000","G-J","D111","BG",2008,594311051
"NAC","TOTAL","GE1000","G-J","D1111","BG",2008,507550879
"NAC","TOTAL","GE1000","G-N","D01","BG",2008,954245567
"NAC","TOTAL","GE1000","G-N","D111","BG",2008,780515096
"NAC","TOTAL","GE1000","G-N","D1111","BG",2008,682934286
"NAC","TOTAL","GE1000","G-S_X_O","D01","BG",2008,1170769952
"NAC","TOTAL","GE1000","G-S_X_O","D111","BG",2008,957665738
"NAC","TOTAL","GE1000","G-S_X_O","D1111","BG",2008,837455441
"NAC","TOTAL","GE1000","G45","D01","BG",2008,NA
"NAC","TOTAL","GE1000","G45","D111","BG",2008,NA
"NAC","TOTAL","GE1000","G45","D1111","BG",2008,NA
"NAC","TOTAL","GE1000","G46","D01","BG",2008,84791805
"NAC","TOTAL","GE1000","G46","D111","BG",2008,70896036
"NAC","TOTAL","GE1000","G46","D1111","BG",2008,64252543
"NAC","TOTAL","GE1000","G47","D01","BG",2008,81759050
"NAC","TOTAL","GE1000","G47","D111","BG",2008,65282434
"NAC","TOTAL","GE1000","G47","D1111","BG",2008,60066331
"NAC","TOTAL","GE1000","H","D01","BG",2008,300756172
"NAC","TOTAL","GE1000","H","D111","BG",2008,237396511
"NAC","TOTAL","GE1000","H","D1111","BG",2008,181868868
"NAC","TOTAL","GE1000","H49","D01","BG",2008,130783060
"NAC","TOTAL","GE1000","H49","D111","BG",2008,100170735
"NAC","TOTAL","GE1000","H49","D1111","BG",2008,80198146
"NAC","TOTAL","GE1000","H50","D01","BG",2008,NA
"NAC","TOTAL","GE1000","H50","D111","BG",2008,NA
"NAC","TOTAL","GE1000","H50","D1111","BG",2008,NA
"NAC","TOTAL","GE1000","H51","D01","BG",2008,NA
"NAC","TOTAL","GE1000","H51","D111","BG",2008,NA
"NAC","TOTAL","GE1000","H51","D1111","BG",2008,NA
"NAC","TOTAL","GE1000","H52","D01","BG",2008,77404512
"NAC","TOTAL","GE1000","H52","D111","BG",2008,66088434
"NAC","TOTAL","GE1000","H52","D1111","BG",2008,44936669
"NAC","TOTAL","GE1000","H53","D01","BG",2008,NA
"NAC","TOTAL","GE1000","H53","D111","BG",2008,NA
"NAC","TOTAL","GE1000","H53","D1111","BG",2008,NA
"NAC","TOTAL","GE1000","I","D01","BG",2008,NA
"NAC","TOTAL","GE1000","I","D111","BG",2008,NA
"NAC","TOTAL","GE1000","I","D1111","BG",2008,NA
"NAC","TOTAL","GE1000","I55","D01","BG",2008,NA
"NAC","TOTAL","GE1000","I55","D111","BG",2008,NA
"NAC","TOTAL","GE1000","I55","D1111","BG",2008,NA
"NAC","TOTAL","GE1000","I56","D01","BG",2008,NA
"NAC","TOTAL","GE1000","I56","D111","BG",2008,NA
"NAC","TOTAL","GE1000","I56","D1111","BG",2008,NA
"NAC","TOTAL","GE1000","J","D01","BG",2008,235447449
"NAC","TOTAL","GE1000","J","D111","BG",2008,199326172
"NAC","TOTAL","GE1000","J","D1111","BG",2008,180879925
"NAC","TOTAL","GE1000","J58","D01","BG",2008,NA
"NAC","TOTAL","GE1000","J58","D111","BG",2008,NA
"NAC","TOTAL","GE1000","J58","D1111","BG",2008,NA
"NAC","TOTAL","GE1000","J59","D01","BG",2008,NA
"NAC","TOTAL","GE1000","J59","D111","BG",2008,NA
"NAC","TOTAL","GE1000","J59","D1111","BG",2008,NA
"NAC","TOTAL","GE1000","J60","D01","BG",2008,NA
"NAC","TOTAL","GE1000","J60","D111","BG",2008,NA
"NAC","TOTAL","GE1000","J60","D1111","BG",2008,NA
"NAC","TOTAL","GE1000","J61","D01","BG",2008,NA
"NAC","TOTAL","GE1000","J61","D111","BG",2008,NA
"NAC","TOTAL","GE1000","J61","D1111","BG",2008,NA
"NAC","TOTAL","GE1000","J62","D01","BG",2008,NA
"NAC","TOTAL","GE1000","J62","D111","BG",2008,NA
"NAC","TOTAL","GE1000","J62","D1111","BG",2008,NA
"NAC","TOTAL","GE1000","J63","D01","BG",2008,NA
"NAC","TOTAL","GE1000","J63","D111","BG",2008,NA
"NAC","TOTAL","GE1000","J63","D1111","BG",2008,NA
"NAC","TOTAL","GE1000","K","D01","BG",2008,159374557
"NAC","TOTAL","GE1000","K","D111","BG",2008,132403261
"NAC","TOTAL","GE1000","K","D1111","BG",2008,124985696
"NAC","TOTAL","GE1000","K-N","D01","BG",2008,225552885
"NAC","TOTAL","GE1000","K-N","D111","BG",2008,186204045
"NAC","TOTAL","GE1000","K-N","D1111","BG",2008,175383407
"NAC","TOTAL","GE1000","K64","D01","BG",2008,159374557
"NAC","TOTAL","GE1000","K64","D111","BG",2008,132403261
"NAC","TOTAL","GE1000","K64","D1111","BG",2008,124985696
"NAC","TOTAL","GE1000","K65","D01","BG",2008,NA
"NAC","TOTAL","GE1000","K65","D111","BG",2008,NA
"NAC","TOTAL","GE1000","K65","D1111","BG",2008,NA
"NAC","TOTAL","GE1000","K66","D01","BG",2008,NA
"NAC","TOTAL","GE1000","K66","D111","BG",2008,NA
"NAC","TOTAL","GE1000","K66","D1111","BG",2008,NA
"NAC","TOTAL","GE1000","L","D01","BG",2008,NA
"NAC","TOTAL","GE1000","L","D111","BG",2008,NA
"NAC","TOTAL","GE1000","L","D1111","BG",2008,NA
"NAC","TOTAL","GE1000","L68","D01","BG",2008,NA
"NAC","TOTAL","GE1000","L68","D111","BG",2008,NA
"NAC","TOTAL","GE1000","L68","D1111","BG",2008,NA
"NAC","TOTAL","GE1000","M","D01","BG",2008,NA
"NAC","TOTAL","GE1000","M","D111","BG",2008,NA
"NAC","TOTAL","GE1000","M","D1111","BG",2008,NA
"NAC","TOTAL","GE1000","M69","D01","BG",2008,NA
"NAC","TOTAL","GE1000","M69","D111","BG",2008,NA
"NAC","TOTAL","GE1000","M69","D1111","BG",2008,NA
"NAC","TOTAL","GE1000","M70","D01","BG",2008,NA
"NAC","TOTAL","GE1000","M70","D111","BG",2008,NA
"NAC","TOTAL","GE1000","M70","D1111","BG",2008,NA
"NAC","TOTAL","GE1000","M71","D01","BG",2008,NA
"NAC","TOTAL","GE1000","M71","D111","BG",2008,NA
"NAC","TOTAL","GE1000","M71","D1111","BG",2008,NA
"NAC","TOTAL","GE1000","M72","D01","BG",2008,NA
"NAC","TOTAL","GE1000","M72","D111","BG",2008,NA
"NAC","TOTAL","GE1000","M72","D1111","BG",2008,NA
"NAC","TOTAL","GE1000","M73","D01","BG",2008,NA
"NAC","TOTAL","GE1000","M73","D111","BG",2008,NA
"NAC","TOTAL","GE1000","M73","D1111","BG",2008,NA
"NAC","TOTAL","GE1000","M74","D01","BG",2008,NA
"NAC","TOTAL","GE1000","M74","D111","BG",2008,NA
"NAC","TOTAL","GE1000","M74","D1111","BG",2008,NA
"NAC","TOTAL","GE1000","M75","D01","BG",2008,NA
"NAC","TOTAL","GE1000","M75","D111","BG",2008,NA
"NAC","TOTAL","GE1000","M75","D1111","BG",2008,NA
"NAC","TOTAL","GE1000","N","D01","BG",2008,66178328
"NAC","TOTAL","GE1000","N","D111","BG",2008,53800784
"NAC","TOTAL","GE1000","N","D1111","BG",2008,50397711
"NAC","TOTAL","GE1000","N77","D01","BG",2008,NA
"NAC","TOTAL","GE1000","N77","D111","BG",2008,NA
"NAC","TOTAL","GE1000","N77","D1111","BG",2008,NA
"NAC","TOTAL","GE1000","N78","D01","BG",2008,NA
"NAC","TOTAL","GE1000","N78","D111","BG",2008,NA
"NAC","TOTAL","GE1000","N78","D1111","BG",2008,NA
"NAC","TOTAL","GE1000","N79","D01","BG",2008,NA
"NAC","TOTAL","GE1000","N79","D111","BG",2008,NA
"NAC","TOTAL","GE1000","N79","D1111","BG",2008,NA
"NAC","TOTAL","GE1000","N80","D01","BG",2008,66178328
"NAC","TOTAL","GE1000","N80","D111","BG",2008,53800784
"NAC","TOTAL","GE1000","N80","D1111","BG",2008,50397711
"NAC","TOTAL","GE1000","N81","D01","BG",2008,NA
"NAC","TOTAL","GE1000","N81","D111","BG",2008,NA
"NAC","TOTAL","GE1000","N81","D1111","BG",2008,NA
"NAC","TOTAL","GE1000","N82","D01","BG",2008,NA
"NAC","TOTAL","GE1000","N82","D111","BG",2008,NA
"NAC","TOTAL","GE1000","N82","D1111","BG",2008,NA
"NAC","TOTAL","GE1000","O","D01","BG",2008,91513571
"NAC","TOTAL","GE1000","O","D111","BG",2008,72556184
"NAC","TOTAL","GE1000","O","D1111","BG",2008,66558103
"NAC","TOTAL","GE1000","O-S","D01","BG",2008,308037956
"NAC","TOTAL","GE1000","O-S","D111","BG",2008,249706826
"NAC","TOTAL","GE1000","O-S","D1111","BG",2008,221079258
"NAC","TOTAL","GE1000","O84","D01","BG",2008,91513571
"NAC","TOTAL","GE1000","O84","D111","BG",2008,72556184
"NAC","TOTAL","GE1000","O84","D1111","BG",2008,66558103
"NAC","TOTAL","GE1000","P","D01","BG",2008,67773164
"NAC","TOTAL","GE1000","P","D111","BG",2008,55144505
"NAC","TOTAL","GE1000","P","D1111","BG",2008,47957424
"NAC","TOTAL","GE1000","P-S","D01","BG",2008,216524385
"NAC","TOTAL","GE1000","P-S","D111","BG",2008,177150642
"NAC","TOTAL","GE1000","P-S","D1111","BG",2008,154521155
"NAC","TOTAL","GE1000","P85","D01","BG",2008,67773164
"NAC","TOTAL","GE1000","P85","D111","BG",2008,55144505
"NAC","TOTAL","GE1000","P85","D1111","BG",2008,47957424
"NAC","TOTAL","GE1000","Q","D01","BG",2008,148751221
"NAC","TOTAL","GE1000","Q","D111","BG",2008,122006137
"NAC","TOTAL","GE1000","Q","D1111","BG",2008,106563731
"NAC","TOTAL","GE1000","Q86","D01","BG",2008,148751221
"NAC","TOTAL","GE1000","Q86","D111","BG",2008,122006137
"NAC","TOTAL","GE1000","Q86","D1111","BG",2008,106563731
"NAC","TOTAL","GE1000","Q87","D01","BG",2008,NA
"NAC","TOTAL","GE1000","Q87","D111","BG",2008,NA
"NAC","TOTAL","GE1000","Q87","D1111","BG",2008,NA
"NAC","TOTAL","GE1000","Q88","D01","BG",2008,NA
"NAC","TOTAL","GE1000","Q88","D111","BG",2008,NA
"NAC","TOTAL","GE1000","Q88","D1111","BG",2008,NA
"NAC","TOTAL","GE1000","R","D01","BG",2008,NA
"NAC","TOTAL","GE1000","R","D111","BG",2008,NA
"NAC","TOTAL","GE1000","R","D1111","BG",2008,NA
"NAC","TOTAL","GE1000","R90","D01","BG",2008,NA
"NAC","TOTAL","GE1000","R90","D111","BG",2008,NA
"NAC","TOTAL","GE1000","R90","D1111","BG",2008,NA
"NAC","TOTAL","GE1000","R91","D01","BG",2008,NA
"NAC","TOTAL","GE1000","R91","D111","BG",2008,NA
"NAC","TOTAL","GE1000","R91","D1111","BG",2008,NA
"NAC","TOTAL","GE1000","R92","D01","BG",2008,NA
"NAC","TOTAL","GE1000","R92","D111","BG",2008,NA
"NAC","TOTAL","GE1000","R92","D1111","BG",2008,NA
"NAC","TOTAL","GE1000","R93","D01","BG",2008,NA
"NAC","TOTAL","GE1000","R93","D111","BG",2008,NA
"NAC","TOTAL","GE1000","R93","D1111","BG",2008,NA
"NAC","TOTAL","GE1000","S","D01","BG",2008,NA
"NAC","TOTAL","GE1000","S","D111","BG",2008,NA
"NAC","TOTAL","GE1000","S","D1111","BG",2008,NA
"NAC","TOTAL","GE1000","S94","D01","BG",2008,NA
"NAC","TOTAL","GE1000","S94","D111","BG",2008,NA
"NAC","TOTAL","GE1000","S94","D1111","BG",2008,NA
"NAC","TOTAL","GE1000","S95","D01","BG",2008,NA
"NAC","TOTAL","GE1000","S95","D111","BG",2008,NA
"NAC","TOTAL","GE1000","S95","D1111","BG",2008,NA
"NAC","TOTAL","GE1000","S96","D01","BG",2008,NA
"NAC","TOTAL","GE1000","S96","D111","BG",2008,NA
"NAC","TOTAL","GE1000","S96","D1111","BG",2008,NA
"NAC","TOTAL","LT10","B","D01","BG",2008,2939132
"NAC","TOTAL","LT10","B","D111","BG",2008,2396763
"NAC","TOTAL","LT10","B","D1111","BG",2008,2274758
"NAC","TOTAL","LT10","B-E","D01","BG",2008,216858109
"NAC","TOTAL","LT10","B-E","D111","BG",2008,178507919
"NAC","TOTAL","LT10","B-E","D1111","BG",2008,169221295
"NAC","TOTAL","LT10","B-F","D01","BG",2008,387822438
"NAC","TOTAL","LT10","B-F","D111","BG",2008,319470900
"NAC","TOTAL","LT10","B-F","D1111","BG",2008,303398959
"NAC","TOTAL","LT10","B-N","D01","BG",2008,1701571469
"NAC","TOTAL","LT10","B-N","D111","BG",2008,1411764368
"NAC","TOTAL","LT10","B-N","D1111","BG",2008,1342536859
"NAC","TOTAL","LT10","B-S","D01","BG",2008,1910369954
"NAC","TOTAL","LT10","B-S","D111","BG",2008,1586718066
"NAC","TOTAL","LT10","B-S","D1111","BG",2008,1505252056
"NAC","TOTAL","LT10","B-S_X_O","D01","BG",2008,1889824997
"NAC","TOTAL","LT10","B-S_X_O","D111","BG",2008,1570708827
"NAC","TOTAL","LT10","B-S_X_O","D1111","BG",2008,1490799608
"NAC","TOTAL","LT10","B05","D01","BG",2008,NA
"NAC","TOTAL","LT10","B05","D111","BG",2008,NA
"NAC","TOTAL","LT10","B05","D1111","BG",2008,NA
"NAC","TOTAL","LT10","B06","D01","BG",2008,NA
"NAC","TOTAL","LT10","B06","D111","BG",2008,NA
"NAC","TOTAL","LT10","B06","D1111","BG",2008,NA
"NAC","TOTAL","LT10","B07","D01","BG",2008,172589
"NAC","TOTAL","LT10","B07","D111","BG",2008,139652
"NAC","TOTAL","LT10","B07","D1111","BG",2008,134361
"NAC","TOTAL","LT10","B08","D01","BG",2008,2560873
"NAC","TOTAL","LT10","B08","D111","BG",2008,2089643
"NAC","TOTAL","LT10","B08","D1111","BG",2008,1978080
"NAC","TOTAL","LT10","B09","D01","BG",2008,123893
"NAC","TOTAL","LT10","B09","D111","BG",2008,102198
"NAC","TOTAL","LT10","B09","D1111","BG",2008,99133
"NAC","TOTAL","LT10","C","D01","BG",2008,199217104
"NAC","TOTAL","LT10","C","D111","BG",2008,163651175
"NAC","TOTAL","LT10","C","D1111","BG",2008,155654707
"NAC","TOTAL","LT10","C10","D01","BG",2008,31436857
"NAC","TOTAL","LT10","C10","D111","BG",2008,25828074
"NAC","TOTAL","LT10","C10","D1111","BG",2008,24851223
"NAC","TOTAL","LT10","C11","D01","BG",2008,2695334
"NAC","TOTAL","LT10","C11","D111","BG",2008,2209565
"NAC","TOTAL","LT10","C11","D1111","BG",2008,2122569
"NAC","TOTAL","LT10","C12","D01","BG",2008,343569
"NAC","TOTAL","LT10","C12","D111","BG",2008,157515
"NAC","TOTAL","LT10","C12","D1111","BG",2008,129051
"NAC","TOTAL","LT10","C13","D01","BG",2008,4602761
"NAC","TOTAL","LT10","C13","D111","BG",2008,3771972
"NAC","TOTAL","LT10","C13","D1111","BG",2008,3557775
"NAC","TOTAL","LT10","C14","D01","BG",2008,26704006
"NAC","TOTAL","LT10","C14","D111","BG",2008,21979154
"NAC","TOTAL","LT10","C14","D1111","BG",2008,21266726
"NAC","TOTAL","LT10","C15","D01","BG",2008,2269712
"NAC","TOTAL","LT10","C15","D111","BG",2008,1866277
"NAC","TOTAL","LT10","C15","D1111","BG",2008,1785509
"NAC","TOTAL","LT10","C16","D01","BG",2008,11799935
"NAC","TOTAL","LT10","C16","D111","BG",2008,9663516
"NAC","TOTAL","LT10","C16","D1111","BG",2008,9189799
"NAC","TOTAL","LT10","C17","D01","BG",2008,3740403
"NAC","TOTAL","LT10","C17","D111","BG",2008,3069945
"NAC","TOTAL","LT10","C17","D1111","BG",2008,2878688
"NAC","TOTAL","LT10","C18","D01","BG",2008,6279018
"NAC","TOTAL","LT10","C18","D111","BG",2008,5202372
"NAC","TOTAL","LT10","C18","D1111","BG",2008,4876083
"NAC","TOTAL","LT10","C19","D01","BG",2008,131456
"NAC","TOTAL","LT10","C19","D111","BG",2008,107356
"NAC","TOTAL","LT10","C19","D1111","BG",2008,97932
"NAC","TOTAL","LT10","C20","D01","BG",2008,3891760
"NAC","TOTAL","LT10","C20","D111","BG",2008,3180033
"NAC","TOTAL","LT10","C20","D1111","BG",2008,2987920
"NAC","TOTAL","LT10","C21","D01","BG",2008,403289
"NAC","TOTAL","LT10","C21","D111","BG",2008,332450
"NAC","TOTAL","LT10","C21","D1111","BG",2008,311702
"NAC","TOTAL","LT10","C22","D01","BG",2008,14134308
"NAC","TOTAL","LT10","C22","D111","BG",2008,11633380
"NAC","TOTAL","LT10","C22","D1111","BG",2008,10964056
"NAC","TOTAL","LT10","C23","D01","BG",2008,10965227
"NAC","TOTAL","LT10","C23","D111","BG",2008,8948015
"NAC","TOTAL","LT10","C23","D1111","BG",2008,8459218
"NAC","TOTAL","LT10","C24","D01","BG",2008,2149840
"NAC","TOTAL","LT10","C24","D111","BG",2008,1751603
"NAC","TOTAL","LT10","C24","D1111","BG",2008,1617286
"NAC","TOTAL","LT10","C25","D01","BG",2008,26708324
"NAC","TOTAL","LT10","C25","D111","BG",2008,21940530
"NAC","TOTAL","LT10","C25","D1111","BG",2008,20754619
"NAC","TOTAL","LT10","C26","D01","BG",2008,2977255
"NAC","TOTAL","LT10","C26","D111","BG",2008,2437935
"NAC","TOTAL","LT10","C26","D1111","BG",2008,2253766
"NAC","TOTAL","LT10","C27","D01","BG",2008,3537314
"NAC","TOTAL","LT10","C27","D111","BG",2008,2948801
"NAC","TOTAL","LT10","C27","D1111","BG",2008,2787701
"NAC","TOTAL","LT10","C28","D01","BG",2008,8730288
"NAC","TOTAL","LT10","C28","D111","BG",2008,7295523
"NAC","TOTAL","LT10","C28","D1111","BG",2008,6868008
"NAC","TOTAL","LT10","C29","D01","BG",2008,751451
"NAC","TOTAL","LT10","C29","D111","BG",2008,625156
"NAC","TOTAL","LT10","C29","D1111","BG",2008,591344
"NAC","TOTAL","LT10","C30","D01","BG",2008,667220
"NAC","TOTAL","LT10","C30","D111","BG",2008,550869
"NAC","TOTAL","LT10","C30","D1111","BG",2008,517544
"NAC","TOTAL","LT10","C31","D01","BG",2008,13981331
"NAC","TOTAL","LT10","C31","D111","BG",2008,11510076
"NAC","TOTAL","LT10","C31","D1111","BG",2008,10995625
"NAC","TOTAL","LT10","C32","D01","BG",2008,6646786
"NAC","TOTAL","LT10","C32","D111","BG",2008,5449856
"NAC","TOTAL","LT10","C32","D1111","BG",2008,5135989
"NAC","TOTAL","LT10","C33","D01","BG",2008,13669660
"NAC","TOTAL","LT10","C33","D111","BG",2008,11191202
"NAC","TOTAL","LT10","C33","D1111","BG",2008,10654574
"NAC","TOTAL","LT10","D","D01","BG",2008,9988569
"NAC","TOTAL","LT10","D","D111","BG",2008,8572347
"NAC","TOTAL","LT10","D","D1111","BG",2008,7704217
"NAC","TOTAL","LT10","D35","D01","BG",2008,9988569
"NAC","TOTAL","LT10","D35","D111","BG",2008,8572347
"NAC","TOTAL","LT10","D35","D1111","BG",2008,7704217
"NAC","TOTAL","LT10","E","D01","BG",2008,4713304
"NAC","TOTAL","LT10","E","D111","BG",2008,3887634
"NAC","TOTAL","LT10","E","D1111","BG",2008,3587613
"NAC","TOTAL","LT10","E36","D01","BG",2008,847334
"NAC","TOTAL","LT10","E36","D111","BG",2008,697962
"NAC","TOTAL","LT10","E36","D1111","BG",2008,569837
"NAC","TOTAL","LT10","E37","D01","BG",2008,396904
"NAC","TOTAL","LT10","E37","D111","BG",2008,330084
"NAC","TOTAL","LT10","E37","D1111","BG",2008,313633
"NAC","TOTAL","LT10","E38","D01","BG",2008,3357979
"NAC","TOTAL","LT10","E38","D111","BG",2008,2768620
"NAC","TOTAL","LT10","E38","D1111","BG",2008,2619265
"NAC","TOTAL","LT10","E39","D01","BG",2008,111087
"NAC","TOTAL","LT10","E39","D111","BG",2008,90968
"NAC","TOTAL","LT10","E39","D1111","BG",2008,84878
"NAC","TOTAL","LT10","F","D01","BG",2008,170964329
"NAC","TOTAL","LT10","F","D111","BG",2008,140962981
"NAC","TOTAL","LT10","F","D1111","BG",2008,134177664
"NAC","TOTAL","LT10","F41","D01","BG",2008,70516875
"NAC","TOTAL","LT10","F41","D111","BG",2008,58171962
"NAC","TOTAL","LT10","F41","D1111","BG",2008,55495697
"NAC","TOTAL","LT10","F42","D01","BG",2008,12856992
"NAC","TOTAL","LT10","F42","D111","BG",2008,10642913
"NAC","TOTAL","LT10","F42","D1111","BG",2008,10124059
"NAC","TOTAL","LT10","F43","D01","BG",2008,87590462
"NAC","TOTAL","LT10","F43","D111","BG",2008,72148106
"NAC","TOTAL","LT10","F43","D1111","BG",2008,68557908
"NAC","TOTAL","LT10","G","D01","BG",2008,652126036
"NAC","TOTAL","LT10","G","D111","BG",2008,539917769
"NAC","TOTAL","LT10","G","D1111","BG",2008,515237922
"NAC","TOTAL","LT10","G-J","D01","BG",2008,944309464
"NAC","TOTAL","LT10","G-J","D111","BG",2008,781871748
"NAC","TOTAL","LT10","G-J","D1111","BG",2008,746444135
"NAC","TOTAL","LT10","G-N","D01","BG",2008,1313749031
"NAC","TOTAL","LT10","G-N","D111","BG",2008,1092293468
"NAC","TOTAL","LT10","G-N","D1111","BG",2008,1039137900
"NAC","TOTAL","LT10","G-S_X_O","D01","BG",2008,1502002559
"NAC","TOTAL","LT10","G-S_X_O","D111","BG",2008,1251237927
"NAC","TOTAL","LT10","G-S_X_O","D1111","BG",2008,1187400649
"NAC","TOTAL","LT10","G45","D01","BG",2008,61992524
"NAC","TOTAL","LT10","G45","D111","BG",2008,51171331
"NAC","TOTAL","LT10","G45","D1111","BG",2008,48710761
"NAC","TOTAL","LT10","G46","D01","BG",2008,222053295
"NAC","TOTAL","LT10","G46","D111","BG",2008,185353889
"NAC","TOTAL","LT10","G46","D1111","BG",2008,174881288
"NAC","TOTAL","LT10","G47","D01","BG",2008,368080217
"NAC","TOTAL","LT10","G47","D111","BG",2008,303392549
"NAC","TOTAL","LT10","G47","D1111","BG",2008,291645873
"NAC","TOTAL","LT10","H","D01","BG",2008,101602773
"NAC","TOTAL","LT10","H","D111","BG",2008,82528395
"NAC","TOTAL","LT10","H","D1111","BG",2008,77966527
"NAC","TOTAL","LT10","H49","D01","BG",2008,78213573
"NAC","TOTAL","LT10","H49","D111","BG",2008,62761463
"NAC","TOTAL","LT10","H49","D1111","BG",2008,59842303
"NAC","TOTAL","LT10","H50","D01","BG",2008,354956
"NAC","TOTAL","LT10","H50","D111","BG",2008,286449
"NAC","TOTAL","LT10","H50","D1111","BG",2008,271659
"NAC","TOTAL","LT10","H51","D01","BG",2008,396880
"NAC","TOTAL","LT10","H51","D111","BG",2008,317350
"NAC","TOTAL","LT10","H51","D1111","BG",2008,297054
"NAC","TOTAL","LT10","H52","D01","BG",2008,20072309
"NAC","TOTAL","LT10","H52","D111","BG",2008,17047054
"NAC","TOTAL","LT10","H52","D1111","BG",2008,15815612
"NAC","TOTAL","LT10","H53","D01","BG",2008,2565055
"NAC","TOTAL","LT10","H53","D111","BG",2008,2116079
"NAC","TOTAL","LT10","H53","D1111","BG",2008,1739899
"NAC","TOTAL","LT10","I","D01","BG",2008,117384231
"NAC","TOTAL","LT10","I","D111","BG",2008,96712045
"NAC","TOTAL","LT10","I","D1111","BG",2008,93865795
"NAC","TOTAL","LT10","I55","D01","BG",2008,15120166
"NAC","TOTAL","LT10","I55","D111","BG",2008,12435446
"NAC","TOTAL","LT10","I55","D1111","BG",2008,11886932
"NAC","TOTAL","LT10","I56","D01","BG",2008,102264065
"NAC","TOTAL","LT10","I56","D111","BG",2008,84276599
"NAC","TOTAL","LT10","I56","D1111","BG",2008,81978863
"NAC","TOTAL","LT10","J","D01","BG",2008,73196424
"NAC","TOTAL","LT10","J","D111","BG",2008,62713539
"NAC","TOTAL","LT10","J","D1111","BG",2008,59373891
"NAC","TOTAL","LT10","J58","D01","BG",2008,7702722
"NAC","TOTAL","LT10","J58","D111","BG",2008,6379489
"NAC","TOTAL","LT10","J58","D1111","BG",2008,5988860
"NAC","TOTAL","LT10","J59","D01","BG",2008,3280789
"NAC","TOTAL","LT10","J59","D111","BG",2008,2766746
"NAC","TOTAL","LT10","J59","D1111","BG",2008,2611645
"NAC","TOTAL","LT10","J60","D01","BG",2008,2896209
"NAC","TOTAL","LT10","J60","D111","BG",2008,2368098
"NAC","TOTAL","LT10","J60","D1111","BG",2008,2208459
"NAC","TOTAL","LT10","J61","D01","BG",2008,16451352
"NAC","TOTAL","LT10","J61","D111","BG",2008,14859036
"NAC","TOTAL","LT10","J61","D1111","BG",2008,14393542
"NAC","TOTAL","LT10","J62","D01","BG",2008,37944974
"NAC","TOTAL","LT10","J62","D111","BG",2008,32239357
"NAC","TOTAL","LT10","J62","D1111","BG",2008,30321895
"NAC","TOTAL","LT10","J63","D01","BG",2008,4920378
"NAC","TOTAL","LT10","J63","D111","BG",2008,4100813
"NAC","TOTAL","LT10","J63","D1111","BG",2008,3849490
"NAC","TOTAL","LT10","K","D01","BG",2008,47533758
"NAC","TOTAL","LT10","K","D111","BG",2008,40009673
"NAC","TOTAL","LT10","K","D1111","BG",2008,37468254
"NAC","TOTAL","LT10","K-N","D01","BG",2008,369439567
"NAC","TOTAL","LT10","K-N","D111","BG",2008,310421720
"NAC","TOTAL","LT10","K-N","D1111","BG",2008,292693765
"NAC","TOTAL","LT10","K64","D01","BG",2008,31297761
"NAC","TOTAL","LT10","K64","D111","BG",2008,26381006
"NAC","TOTAL","LT10","K64","D1111","BG",2008,24528929
"NAC","TOTAL","LT10","K65","D01","BG",2008,3122504
"NAC","TOTAL","LT10","K65","D111","BG",2008,2663415
"NAC","TOTAL","LT10","K65","D1111","BG",2008,2503363
"NAC","TOTAL","LT10","K66","D01","BG",2008,13113493
"NAC","TOTAL","LT10","K66","D111","BG",2008,10965252
"NAC","TOTAL","LT10","K66","D1111","BG",2008,10435962
"NAC","TOTAL","LT10","L","D01","BG",2008,82350739
"NAC","TOTAL","LT10","L","D111","BG",2008,69649751
"NAC","TOTAL","LT10","L","D1111","BG",2008,65903118
"NAC","TOTAL","LT10","L68","D01","BG",2008,82350739
"NAC","TOTAL","LT10","L68","D111","BG",2008,69649751
"NAC","TOTAL","LT10","L68","D1111","BG",2008,65903118
"NAC","TOTAL","LT10","M","D01","BG",2008,197258971
"NAC","TOTAL","LT10","M","D111","BG",2008,165437988
"NAC","TOTAL","LT10","M","D1111","BG",2008,155968742
"NAC","TOTAL","LT10","M69","D01","BG",2008,52373607
"NAC","TOTAL","LT10","M69","D111","BG",2008,43234460
"NAC","TOTAL","LT10","M69","D1111","BG",2008,40763028
"NAC","TOTAL","LT10","M70","D01","BG",2008,29259913
"NAC","TOTAL","LT10","M70","D111","BG",2008,25397820
"NAC","TOTAL","LT10","M70","D1111","BG",2008,23942642
"NAC","TOTAL","LT10","M71","D01","BG",2008,54436893
"NAC","TOTAL","LT10","M71","D111","BG",2008,45451490
"NAC","TOTAL","LT10","M71","D1111","BG",2008,42711295
"NAC","TOTAL","LT10","M72","D01","BG",2008,2741479
"NAC","TOTAL","LT10","M72","D111","BG",2008,2320782
"NAC","TOTAL","LT10","M72","D1111","BG",2008,2175115
"NAC","TOTAL","LT10","M73","D01","BG",2008,26189401
"NAC","TOTAL","LT10","M73","D111","BG",2008,21977299
"NAC","TOTAL","LT10","M73","D1111","BG",2008,20728422
"NAC","TOTAL","LT10","M74","D01","BG",2008,31418627
"NAC","TOTAL","LT10","M74","D111","BG",2008,26362937
"NAC","TOTAL","LT10","M74","D1111","BG",2008,24980621
"NAC","TOTAL","LT10","M75","D01","BG",2008,839051
"NAC","TOTAL","LT10","M75","D111","BG",2008,693200
"NAC","TOTAL","LT10","M75","D1111","BG",2008,667619
"NAC","TOTAL","LT10","N","D01","BG",2008,42296099
"NAC","TOTAL","LT10","N","D111","BG",2008,35324308
"NAC","TOTAL","LT10","N","D1111","BG",2008,33353651
"NAC","TOTAL","LT10","N77","D01","BG",2008,7138410
"NAC","TOTAL","LT10","N77","D111","BG",2008,5980017
"NAC","TOTAL","LT10","N77","D1111","BG",2008,5681765
"NAC","TOTAL","LT10","N78","D01","BG",2008,5869629
"NAC","TOTAL","LT10","N78","D111","BG",2008,4951757
"NAC","TOTAL","LT10","N78","D1111","BG",2008,4643153
"NAC","TOTAL","LT10","N79","D01","BG",2008,10225260
"NAC","TOTAL","LT10","N79","D111","BG",2008,8440354
"NAC","TOTAL","LT10","N79","D1111","BG",2008,7982155
"NAC","TOTAL","LT10","N80","D01","BG",2008,5395732
"NAC","TOTAL","LT10","N80","D111","BG",2008,4488211
"NAC","TOTAL","LT10","N80","D1111","BG",2008,4277224
"NAC","TOTAL","LT10","N81","D01","BG",2008,5999487
"NAC","TOTAL","LT10","N81","D111","BG",2008,4980827
"NAC","TOTAL","LT10","N81","D1111","BG",2008,4715267
"NAC","TOTAL","LT10","N82","D01","BG",2008,7667581
"NAC","TOTAL","LT10","N82","D111","BG",2008,6483142
"NAC","TOTAL","LT10","N82","D1111","BG",2008,6054087
"NAC","TOTAL","LT10","O","D01","BG",2008,20544957
"NAC","TOTAL","LT10","O","D111","BG",2008,16009239
"NAC","TOTAL","LT10","O","D1111","BG",2008,14452448
"NAC","TOTAL","LT10","O-S","D01","BG",2008,208798485
"NAC","TOTAL","LT10","O-S","D111","BG",2008,174953698
"NAC","TOTAL","LT10","O-S","D1111","BG",2008,162715197
"NAC","TOTAL","LT10","O84","D01","BG",2008,20544957
"NAC","TOTAL","LT10","O84","D111","BG",2008,16009239
"NAC","TOTAL","LT10","O84","D1111","BG",2008,14452448
"NAC","TOTAL","LT10","P","D01","BG",2008,41406006
"NAC","TOTAL","LT10","P","D111","BG",2008,32530590
"NAC","TOTAL","LT10","P","D1111","BG",2008,28430924
"NAC","TOTAL","LT10","P-S","D01","BG",2008,188253528
"NAC","TOTAL","LT10","P-S","D111","BG",2008,158944459
"NAC","TOTAL","LT10","P-S","D1111","BG",2008,148262749
"NAC","TOTAL","LT10","P85","D01","BG",2008,41406006
"NAC","TOTAL","LT10","P85","D111","BG",2008,32530590
"NAC","TOTAL","LT10","P85","D1111","BG",2008,28430924
"NAC","TOTAL","LT10","Q","D01","BG",2008,50212927
"NAC","TOTAL","LT10","Q","D111","BG",2008,41510040
"NAC","TOTAL","LT10","Q","D1111","BG",2008,39910274
"NAC","TOTAL","LT10","Q86","D01","BG",2008,46868892
"NAC","TOTAL","LT10","Q86","D111","BG",2008,38757350
"NAC","TOTAL","LT10","Q86","D1111","BG",2008,37405824
"NAC","TOTAL","LT10","Q87","D01","BG",2008,786478
"NAC","TOTAL","LT10","Q87","D111","BG",2008,669172
"NAC","TOTAL","LT10","Q87","D1111","BG",2008,619769
"NAC","TOTAL","LT10","Q88","D01","BG",2008,2557557
"NAC","TOTAL","LT10","Q88","D111","BG",2008,2083518
"NAC","TOTAL","LT10","Q88","D1111","BG",2008,1884681
"NAC","TOTAL","LT10","R","D01","BG",2008,20342002
"NAC","TOTAL","LT10","R","D111","BG",2008,16784720
"NAC","TOTAL","LT10","R","D1111","BG",2008,15870539
"NAC","TOTAL","LT10","R90","D01","BG",2008,1791498
"NAC","TOTAL","LT10","R90","D111","BG",2008,1485363
"NAC","TOTAL","LT10","R90","D1111","BG",2008,1407519
"NAC","TOTAL","LT10","R91","D01","BG",2008,1565323
"NAC","TOTAL","LT10","R91","D111","BG",2008,1281509
"NAC","TOTAL","LT10","R91","D1111","BG",2008,1153978
"NAC","TOTAL","LT10","R92","D01","BG",2008,6844243
"NAC","TOTAL","LT10","R92","D111","BG",2008,5645105
"NAC","TOTAL","LT10","R92","D1111","BG",2008,5362826
"NAC","TOTAL","LT10","R93","D01","BG",2008,10140938
"NAC","TOTAL","LT10","R93","D111","BG",2008,8372743
"NAC","TOTAL","LT10","R93","D1111","BG",2008,7946216
"NAC","TOTAL","LT10","S","D01","BG",2008,76292593
"NAC","TOTAL","LT10","S","D111","BG",2008,68119109
"NAC","TOTAL","LT10","S","D1111","BG",2008,64051012
"NAC","TOTAL","LT10","S94","D01","BG",2008,43765193
"NAC","TOTAL","LT10","S94","D111","BG",2008,41270287
"NAC","TOTAL","LT10","S94","D1111","BG",2008,38317512
"NAC","TOTAL","LT10","S95","D01","BG",2008,7079822
"NAC","TOTAL","LT10","S95","D111","BG",2008,5846178
"NAC","TOTAL","LT10","S95","D1111","BG",2008,5608104
"NAC","TOTAL","LT10","S96","D01","BG",2008,25447578
"NAC","TOTAL","LT10","S96","D111","BG",2008,21002644
"NAC","TOTAL","LT10","S96","D1111","BG",2008,20125396
"NAC","TOTAL","TOTAL","B","D01","BG",2008,435898890
"NAC","TOTAL","TOTAL","B","D111","BG",2008,319958598
"NAC","TOTAL","TOTAL","B","D1111","BG",2008,271520767
"NAC","TOTAL","TOTAL","B-E","D01","BG",2008,5757653878
"NAC","TOTAL","TOTAL","B-E","D111","BG",2008,4590613646
"NAC","TOTAL","TOTAL","B-E","D1111","BG",2008,4017417052
"NAC","TOTAL","TOTAL","B-F","D01","BG",2008,7388824860
"NAC","TOTAL","TOTAL","B-F","D111","BG",2008,5928133367
"NAC","TOTAL","TOTAL","B-F","D1111","BG",2008,5267020796
"NAC","TOTAL","TOTAL","B-N","D01","BG",2008,15196139174
"NAC","TOTAL","TOTAL","B-N","D111","BG",2008,12442588374
"NAC","TOTAL","TOTAL","B-N","D1111","BG",2008,11196730352
"NAC","TOTAL","TOTAL","B-S","D01","BG",2008,19599696365
"NAC","TOTAL","TOTAL","B-S","D111","BG",2008,15986682094
"NAC","TOTAL","TOTAL","B-S","D1111","BG",2008,14315608776
"NAC","TOTAL","TOTAL","B-S_X_O","D01","BG",2008,18108433063
"NAC","TOTAL","TOTAL","B-S_X_O","D111","BG",2008,14811064638
"NAC","TOTAL","TOTAL","B-S_X_O","D1111","BG",2008,13256791279
"NAC","TOTAL","TOTAL","B05","D01","BG",2008,223815774
"NAC","TOTAL","TOTAL","B05","D111","BG",2008,157876821
"NAC","TOTAL","TOTAL","B05","D1111","BG",2008,127590540
"NAC","TOTAL","TOTAL","B06","D01","BG",2008,4979235
"NAC","TOTAL","TOTAL","B06","D111","BG",2008,4124647
"NAC","TOTAL","TOTAL","B06","D1111","BG",2008,3663346
"NAC","TOTAL","TOTAL","B07","D01","BG",2008,125188499
"NAC","TOTAL","TOTAL","B07","D111","BG",2008,94366330
"NAC","TOTAL","TOTAL","B07","D1111","BG",2008,82921719
"NAC","TOTAL","TOTAL","B08","D01","BG",2008,80573856
"NAC","TOTAL","TOTAL","B08","D111","BG",2008,62462361
"NAC","TOTAL","TOTAL","B08","D1111","BG",2008,56247402
"NAC","TOTAL","TOTAL","B09","D01","BG",2008,1341526
"NAC","TOTAL","TOTAL","B09","D111","BG",2008,1128439
"NAC","TOTAL","TOTAL","B09","D1111","BG",2008,1097760
"NAC","TOTAL","TOTAL","C","D01","BG",2008,4320563105
"NAC","TOTAL","TOTAL","C","D111","BG",2008,3487302031
"NAC","TOTAL","TOTAL","C","D1111","BG",2008,3138912193
"NAC","TOTAL","TOTAL","C10","D01","BG",2008,484989635
"NAC","TOTAL","TOTAL","C10","D111","BG",2008,398759498
"NAC","TOTAL","TOTAL","C10","D1111","BG",2008,369404911
"NAC","TOTAL","TOTAL","C11","D01","BG",2008,157556135
"NAC","TOTAL","TOTAL","C11","D111","BG",2008,131416594
"NAC","TOTAL","TOTAL","C11","D1111","BG",2008,116194215
"NAC","TOTAL","TOTAL","C12","D01","BG",2008,87681286
"NAC","TOTAL","TOTAL","C12","D111","BG",2008,65161844
"NAC","TOTAL","TOTAL","C12","D1111","BG",2008,56089627
"NAC","TOTAL","TOTAL","C13","D01","BG",2008,107758764
"NAC","TOTAL","TOTAL","C13","D111","BG",2008,86870948
"NAC","TOTAL","TOTAL","C13","D1111","BG",2008,79012874
"NAC","TOTAL","TOTAL","C14","D01","BG",2008,571944992
"NAC","TOTAL","TOTAL","C14","D111","BG",2008,469024978
"NAC","TOTAL","TOTAL","C14","D1111","BG",2008,427181574
"NAC","TOTAL","TOTAL","C15","D01","BG",2008,72047450
"NAC","TOTAL","TOTAL","C15","D111","BG",2008,58952368
"NAC","TOTAL","TOTAL","C15","D1111","BG",2008,54114677
"NAC","TOTAL","TOTAL","C16","D01","BG",2008,92333227
"NAC","TOTAL","TOTAL","C16","D111","BG",2008,75639860
"NAC","TOTAL","TOTAL","C16","D1111","BG",2008,69278545
"NAC","TOTAL","TOTAL","C17","D01","BG",2008,73429554
"NAC","TOTAL","TOTAL","C17","D111","BG",2008,59541917
"NAC","TOTAL","TOTAL","C17","D1111","BG",2008,52936538
"NAC","TOTAL","TOTAL","C18","D01","BG",2008,72250342
"NAC","TOTAL","TOTAL","C18","D111","BG",2008,59942033
"NAC","TOTAL","TOTAL","C18","D1111","BG",2008,54475847
"NAC","TOTAL","TOTAL","C19","D01","BG",2008,104376338
"NAC","TOTAL","TOTAL","C19","D111","BG",2008,74448528
"NAC","TOTAL","TOTAL","C19","D1111","BG",2008,61775699
"NAC","TOTAL","TOTAL","C20","D01","BG",2008,160780140
"NAC","TOTAL","TOTAL","C20","D111","BG",2008,125041296
"NAC","TOTAL","TOTAL","C20","D1111","BG",2008,110189046
"NAC","TOTAL","TOTAL","C21","D01","BG",2008,86239830
"NAC","TOTAL","TOTAL","C21","D111","BG",2008,68353042
"NAC","TOTAL","TOTAL","C21","D1111","BG",2008,60375973
"NAC","TOTAL","TOTAL","C22","D01","BG",2008,142543270
"NAC","TOTAL","TOTAL","C22","D111","BG",2008,116968005
"NAC","TOTAL","TOTAL","C22","D1111","BG",2008,107671085
"NAC","TOTAL","TOTAL","C23","D01","BG",2008,271655373
"NAC","TOTAL","TOTAL","C23","D111","BG",2008,218220845
"NAC","TOTAL","TOTAL","C23","D1111","BG",2008,196912313
"NAC","TOTAL","TOTAL","C24","D01","BG",2008,294308765
"NAC","TOTAL","TOTAL","C24","D111","BG",2008,227710658
"NAC","TOTAL","TOTAL","C24","D1111","BG",2008,198861534
"NAC","TOTAL","TOTAL","C25","D01","BG",2008,411474157
"NAC","TOTAL","TOTAL","C25","D111","BG",2008,333107886
"NAC","TOTAL","TOTAL","C25","D1111","BG",2008,303155196
"NAC","TOTAL","TOTAL","C26","D01","BG",2008,90871795
"NAC","TOTAL","TOTAL","C26","D111","BG",2008,75090334
"NAC","TOTAL","TOTAL","C26","D1111","BG",2008,66183275
"NAC","TOTAL","TOTAL","C27","D01","BG",2008,179739842
"NAC","TOTAL","TOTAL","C27","D111","BG",2008,146424046
"NAC","TOTAL","TOTAL","C27","D1111","BG",2008,130339455
"NAC","TOTAL","TOTAL","C28","D01","BG",2008,321334337
"NAC","TOTAL","TOTAL","C28","D111","BG",2008,261585578
"NAC","TOTAL","TOTAL","C28","D1111","BG",2008,231634531
"NAC","TOTAL","TOTAL","C29","D01","BG",2008,73538532
"NAC","TOTAL","TOTAL","C29","D111","BG",2008,59969819
"NAC","TOTAL","TOTAL","C29","D1111","BG",2008,54354051
"NAC","TOTAL","TOTAL","C30","D01","BG",2008,78422970
"NAC","TOTAL","TOTAL","C30","D111","BG",2008,62490258
"NAC","TOTAL","TOTAL","C30","D1111","BG",2008,55924767
"NAC","TOTAL","TOTAL","C31","D01","BG",2008,123207093
"NAC","TOTAL","TOTAL","C31","D111","BG",2008,100890895
"NAC","TOTAL","TOTAL","C31","D1111","BG",2008,93234367
"NAC","TOTAL","TOTAL","C32","D01","BG",2008,42882753
"NAC","TOTAL","TOTAL","C32","D111","BG",2008,35312870
"NAC","TOTAL","TOTAL","C32","D1111","BG",2008,32208199
"NAC","TOTAL","TOTAL","C33","D01","BG",2008,219196525
"NAC","TOTAL","TOTAL","C33","D111","BG",2008,176377931
"NAC","TOTAL","TOTAL","C33","D1111","BG",2008,157403894
"NAC","TOTAL","TOTAL","D","D01","BG",2008,696986065
"NAC","TOTAL","TOTAL","D","D111","BG",2008,535306788
"NAC","TOTAL","TOTAL","D","D1111","BG",2008,399774494
"NAC","TOTAL","TOTAL","D35","D01","BG",2008,696986065
"NAC","TOTAL","TOTAL","D35","D111","BG",2008,535306788
"NAC","TOTAL","TOTAL","D35","D1111","BG",2008,399774494
"NAC","TOTAL","TOTAL","E","D01","BG",2008,304205818
"NAC","TOTAL","TOTAL","E","D111","BG",2008,248046229
"NAC","TOTAL","TOTAL","E","D1111","BG",2008,207209598
"NAC","TOTAL","TOTAL","E36","D01","BG",2008,184968960
"NAC","TOTAL","TOTAL","E36","D111","BG",2008,150045488
"NAC","TOTAL","TOTAL","E36","D1111","BG",2008,117509129
"NAC","TOTAL","TOTAL","E37","D01","BG",2008,4564083
"NAC","TOTAL","TOTAL","E37","D111","BG",2008,3947579
"NAC","TOTAL","TOTAL","E37","D1111","BG",2008,3728897
"NAC","TOTAL","TOTAL","E38","D01","BG",2008,111337577
"NAC","TOTAL","TOTAL","E38","D111","BG",2008,91335757
"NAC","TOTAL","TOTAL","E38","D1111","BG",2008,83532151
"NAC","TOTAL","TOTAL","E39","D01","BG",2008,3335198
"NAC","TOTAL","TOTAL","E39","D111","BG",2008,2717405
"NAC","TOTAL","TOTAL","E39","D1111","BG",2008,2439421
"NAC","TOTAL","TOTAL","F","D01","BG",2008,1631170982
"NAC","TOTAL","TOTAL","F","D111","BG",2008,1337519721
"NAC","TOTAL","TOTAL","F","D1111","BG",2008,1249603744
"NAC","TOTAL","TOTAL","F41","D01","BG",2008,832526145
"NAC","TOTAL","TOTAL","F41","D111","BG",2008,686177131
"NAC","TOTAL","TOTAL","F41","D1111","BG",2008,642876116
"NAC","TOTAL","TOTAL","F42","D01","BG",2008,393046506
"NAC","TOTAL","TOTAL","F42","D111","BG",2008,316410502
"NAC","TOTAL","TOTAL","F42","D1111","BG",2008,291573497
"NAC","TOTAL","TOTAL","F43","D01","BG",2008,405598331
"NAC","TOTAL","TOTAL","F43","D111","BG",2008,334932088
"NAC","TOTAL","TOTAL","F43","D1111","BG",2008,315154131
"NAC","TOTAL","TOTAL","G","D01","BG",2008,2511790053
"NAC","TOTAL","TOTAL","G","D111","BG",2008,2095181250
"NAC","TOTAL","TOTAL","G","D1111","BG",2008,1963231847
"NAC","TOTAL","TOTAL","G-J","D01","BG",2008,5432551764
"NAC","TOTAL","TOTAL","G-J","D111","BG",2008,4509215834
"NAC","TOTAL","TOTAL","G-J","D1111","BG",2008,4089880745
"NAC","TOTAL","TOTAL","G-N","D01","BG",2008,7807314314
"NAC","TOTAL","TOTAL","G-N","D111","BG",2008,6514455007
"NAC","TOTAL","TOTAL","G-N","D1111","BG",2008,5929709556
"NAC","TOTAL","TOTAL","G-S_X_O","D01","BG",2008,10719608203
"NAC","TOTAL","TOTAL","G-S_X_O","D111","BG",2008,8882931271
"NAC","TOTAL","TOTAL","G-S_X_O","D1111","BG",2008,7989770483
"NAC","TOTAL","TOTAL","G45","D01","BG",2008,278838842
"NAC","TOTAL","TOTAL","G45","D111","BG",2008,233836093
"NAC","TOTAL","TOTAL","G45","D1111","BG",2008,218086565
"NAC","TOTAL","TOTAL","G46","D01","BG",2008,1224651718
"NAC","TOTAL","TOTAL","G46","D111","BG",2008,1031209783
"NAC","TOTAL","TOTAL","G46","D1111","BG",2008,962255932
"NAC","TOTAL","TOTAL","G47","D01","BG",2008,1008299493
"NAC","TOTAL","TOTAL","G47","D111","BG",2008,830135374
"NAC","TOTAL","TOTAL","G47","D1111","BG",2008,782889350
"NAC","TOTAL","TOTAL","H","D01","BG",2008,1415932526
"NAC","TOTAL","TOTAL","H","D111","BG",2008,1152424929
"NAC","TOTAL","TOTAL","H","D1111","BG",2008,957837032
"NAC","TOTAL","TOTAL","H49","D01","BG",2008,620651646
"NAC","TOTAL","TOTAL","H49","D111","BG",2008,490641237
"NAC","TOTAL","TOTAL","H49","D1111","BG",2008,424152573
"NAC","TOTAL","TOTAL","H50","D01","BG",2008,87447517
"NAC","TOTAL","TOTAL","H50","D111","BG",2008,65395657
"NAC","TOTAL","TOTAL","H50","D1111","BG",2008,53622818
"NAC","TOTAL","TOTAL","H51","D01","BG",2008,67275654
"NAC","TOTAL","TOTAL","H51","D111","BG",2008,55141914
"NAC","TOTAL","TOTAL","H51","D1111","BG",2008,49205197
"NAC","TOTAL","TOTAL","H52","D01","BG",2008,488207766
"NAC","TOTAL","TOTAL","H52","D111","BG",2008,416361319
"NAC","TOTAL","TOTAL","H52","D1111","BG",2008,332965353
"NAC","TOTAL","TOTAL","H53","D01","BG",2008,152349943
"NAC","TOTAL","TOTAL","H53","D111","BG",2008,124884802
"NAC","TOTAL","TOTAL","H53","D1111","BG",2008,97891091
"NAC","TOTAL","TOTAL","I","D01","BG",2008,520544073
"NAC","TOTAL","TOTAL","I","D111","BG",2008,427669837
"NAC","TOTAL","TOTAL","I","D1111","BG",2008,403567074
"NAC","TOTAL","TOTAL","I55","D01","BG",2008,221794440
"NAC","TOTAL","TOTAL","I55","D111","BG",2008,181534890
"NAC","TOTAL","TOTAL","I55","D1111","BG",2008,168724846
"NAC","TOTAL","TOTAL","I56","D01","BG",2008,298749633
"NAC","TOTAL","TOTAL","I56","D111","BG",2008,246134947
"NAC","TOTAL","TOTAL","I56","D1111","BG",2008,234842228
"NAC","TOTAL","TOTAL","J","D01","BG",2008,984285112
"NAC","TOTAL","TOTAL","J","D111","BG",2008,833939818
"NAC","TOTAL","TOTAL","J","D1111","BG",2008,765244792
"NAC","TOTAL","TOTAL","J58","D01","BG",2008,68441107
"NAC","TOTAL","TOTAL","J58","D111","BG",2008,57805339
"NAC","TOTAL","TOTAL","J58","D1111","BG",2008,53816864
"NAC","TOTAL","TOTAL","J59","D01","BG",2008,16504252
"NAC","TOTAL","TOTAL","J59","D111","BG",2008,13768635
"NAC","TOTAL","TOTAL","J59","D1111","BG",2008,12885908
"NAC","TOTAL","TOTAL","J60","D01","BG",2008,95442903
"NAC","TOTAL","TOTAL","J60","D111","BG",2008,79456872
"NAC","TOTAL","TOTAL","J60","D1111","BG",2008,73166271
"NAC","TOTAL","TOTAL","J61","D01","BG",2008,349629083
"NAC","TOTAL","TOTAL","J61","D111","BG",2008,294413805
"NAC","TOTAL","TOTAL","J61","D1111","BG",2008,270234518
"NAC","TOTAL","TOTAL","J62","D01","BG",2008,397451976
"NAC","TOTAL","TOTAL","J62","D111","BG",2008,340150305
"NAC","TOTAL","TOTAL","J62","D1111","BG",2008,310964311
"NAC","TOTAL","TOTAL","J63","D01","BG",2008,56815791
"NAC","TOTAL","TOTAL","J63","D111","BG",2008,48344862
"NAC","TOTAL","TOTAL","J63","D1111","BG",2008,44176920
"NAC","TOTAL","TOTAL","K","D01","BG",2008,922047921
"NAC","TOTAL","TOTAL","K","D111","BG",2008,776569695
"NAC","TOTAL","TOTAL","K","D1111","BG",2008,705296296
"NAC","TOTAL","TOTAL","K-N","D01","BG",2008,2374762550
"NAC","TOTAL","TOTAL","K-N","D111","BG",2008,2005239173
"NAC","TOTAL","TOTAL","K-N","D1111","BG",2008,1839828811
"NAC","TOTAL","TOTAL","K64","D01","BG",2008,760938610
"NAC","TOTAL","TOTAL","K64","D111","BG",2008,640345601
"NAC","TOTAL","TOTAL","K64","D1111","BG",2008,578264479
"NAC","TOTAL","TOTAL","K65","D01","BG",2008,110640437
"NAC","TOTAL","TOTAL","K65","D111","BG",2008,93943166
"NAC","TOTAL","TOTAL","K65","D1111","BG",2008,87557804
"NAC","TOTAL","TOTAL","K66","D01","BG",2008,50468874
"NAC","TOTAL","TOTAL","K66","D111","BG",2008,42280928
"NAC","TOTAL","TOTAL","K66","D1111","BG",2008,39474013
"NAC","TOTAL","TOTAL","L","D01","BG",2008,202076684
"NAC","TOTAL","TOTAL","L","D111","BG",2008,169901350
"NAC","TOTAL","TOTAL","L","D1111","BG",2008,157369542
"NAC","TOTAL","TOTAL","L68","D01","BG",2008,202076684
"NAC","TOTAL","TOTAL","L68","D111","BG",2008,169901350
"NAC","TOTAL","TOTAL","L68","D1111","BG",2008,157369542
"NAC","TOTAL","TOTAL","M","D01","BG",2008,760717049
"NAC","TOTAL","TOTAL","M","D111","BG",2008,642189001
"NAC","TOTAL","TOTAL","M","D1111","BG",2008,587804009
"NAC","TOTAL","TOTAL","M69","D01","BG",2008,128295701
"NAC","TOTAL","TOTAL","M69","D111","BG",2008,108411968
"NAC","TOTAL","TOTAL","M69","D1111","BG",2008,100982035
"NAC","TOTAL","TOTAL","M70","D01","BG",2008,119412980
"NAC","TOTAL","TOTAL","M70","D111","BG",2008,102571717
"NAC","TOTAL","TOTAL","M70","D1111","BG",2008,92892445
"NAC","TOTAL","TOTAL","M71","D01","BG",2008,192893280
"NAC","TOTAL","TOTAL","M71","D111","BG",2008,161658421
"NAC","TOTAL","TOTAL","M71","D1111","BG",2008,147064838
"NAC","TOTAL","TOTAL","M72","D01","BG",2008,120280425
"NAC","TOTAL","TOTAL","M72","D111","BG",2008,98746033
"NAC","TOTAL","TOTAL","M72","D1111","BG",2008,86608185
"NAC","TOTAL","TOTAL","M73","D01","BG",2008,99948917
"NAC","TOTAL","TOTAL","M73","D111","BG",2008,84882415
"NAC","TOTAL","TOTAL","M73","D1111","BG",2008,79046508
"NAC","TOTAL","TOTAL","M74","D01","BG",2008,99046695
"NAC","TOTAL","TOTAL","M74","D111","BG",2008,85225247
"NAC","TOTAL","TOTAL","M74","D1111","BG",2008,80542379
"NAC","TOTAL","TOTAL","M75","D01","BG",2008,839051
"NAC","TOTAL","TOTAL","M75","D111","BG",2008,693200
"NAC","TOTAL","TOTAL","M75","D1111","BG",2008,667619
"NAC","TOTAL","TOTAL","N","D01","BG",2008,489920896
"NAC","TOTAL","TOTAL","N","D111","BG",2008,416579127
"NAC","TOTAL","TOTAL","N","D1111","BG",2008,389358964
"NAC","TOTAL","TOTAL","N77","D01","BG",2008,22440708
"NAC","TOTAL","TOTAL","N77","D111","BG",2008,18873407
"NAC","TOTAL","TOTAL","N77","D1111","BG",2008,17558639
"NAC","TOTAL","TOTAL","N78","D01","BG",2008,42985282
"NAC","TOTAL","TOTAL","N78","D111","BG",2008,35505134
"NAC","TOTAL","TOTAL","N78","D1111","BG",2008,32898555
"NAC","TOTAL","TOTAL","N79","D01","BG",2008,32776139
"NAC","TOTAL","TOTAL","N79","D111","BG",2008,27393008
"NAC","TOTAL","TOTAL","N79","D1111","BG",2008,25924662
"NAC","TOTAL","TOTAL","N80","D01","BG",2008,225193877
"NAC","TOTAL","TOTAL","N80","D111","BG",2008,185212248
"NAC","TOTAL","TOTAL","N80","D1111","BG",2008,174241412
"NAC","TOTAL","TOTAL","N81","D01","BG",2008,111829208
"NAC","TOTAL","TOTAL","N81","D111","BG",2008,104311074
"NAC","TOTAL","TOTAL","N81","D1111","BG",2008,96532505
"NAC","TOTAL","TOTAL","N82","D01","BG",2008,54695682
"NAC","TOTAL","TOTAL","N82","D111","BG",2008,45284256
"NAC","TOTAL","TOTAL","N82","D1111","BG",2008,42203191
"NAC","TOTAL","TOTAL","O","D01","BG",2008,1491263302
"NAC","TOTAL","TOTAL","O","D111","BG",2008,1175617456
"NAC","TOTAL","TOTAL","O","D1111","BG",2008,1058817497
"NAC","TOTAL","TOTAL","O-S","D01","BG",2008,4403557191
"NAC","TOTAL","TOTAL","O-S","D111","BG",2008,3544093720
"NAC","TOTAL","TOTAL","O-S","D1111","BG",2008,3118878424
"NAC","TOTAL","TOTAL","O84","D01","BG",2008,1491263302
"NAC","TOTAL","TOTAL","O84","D111","BG",2008,1175617456
"NAC","TOTAL","TOTAL","O84","D1111","BG",2008,1058817497
"NAC","TOTAL","TOTAL","P","D01","BG",2008,1495937708
"NAC","TOTAL","TOTAL","P","D111","BG",2008,1195243576
"NAC","TOTAL","TOTAL","P","D1111","BG",2008,1000091744
"NAC","TOTAL","TOTAL","P-S","D01","BG",2008,2912293889
"NAC","TOTAL","TOTAL","P-S","D111","BG",2008,2368476264
"NAC","TOTAL","TOTAL","P-S","D1111","BG",2008,2060060927
"NAC","TOTAL","TOTAL","P85","D01","BG",2008,1495937708
"NAC","TOTAL","TOTAL","P85","D111","BG",2008,1195243576
"NAC","TOTAL","TOTAL","P85","D1111","BG",2008,1000091744
"NAC","TOTAL","TOTAL","Q","D01","BG",2008,1048267808
"NAC","TOTAL","TOTAL","Q","D111","BG",2008,861103689
"NAC","TOTAL","TOTAL","Q","D1111","BG",2008,773565788
"NAC","TOTAL","TOTAL","Q86","D01","BG",2008,897075517
"NAC","TOTAL","TOTAL","Q86","D111","BG",2008,737202959
"NAC","TOTAL","TOTAL","Q86","D1111","BG",2008,664305267
"NAC","TOTAL","TOTAL","Q87","D01","BG",2008,77091032
"NAC","TOTAL","TOTAL","Q87","D111","BG",2008,63232478
"NAC","TOTAL","TOTAL","Q87","D1111","BG",2008,55603008
"NAC","TOTAL","TOTAL","Q88","D01","BG",2008,74101259
"NAC","TOTAL","TOTAL","Q88","D111","BG",2008,60668252
"NAC","TOTAL","TOTAL","Q88","D1111","BG",2008,53657513
"NAC","TOTAL","TOTAL","R","D01","BG",2008,208703201
"NAC","TOTAL","TOTAL","R","D111","BG",2008,173136249
"NAC","TOTAL","TOTAL","R","D1111","BG",2008,157694278
"NAC","TOTAL","TOTAL","R90","D01","BG",2008,54122069
"NAC","TOTAL","TOTAL","R90","D111","BG",2008,43904272
"NAC","TOTAL","TOTAL","R90","D1111","BG",2008,38399230
"NAC","TOTAL","TOTAL","R91","D01","BG",2008,28723469
"NAC","TOTAL","TOTAL","R91","D111","BG",2008,23447642
"NAC","TOTAL","TOTAL","R91","D1111","BG",2008,20587755
"NAC","TOTAL","TOTAL","R92","D01","BG",2008,65956688
"NAC","TOTAL","TOTAL","R92","D111","BG",2008,54495024
"NAC","TOTAL","TOTAL","R92","D1111","BG",2008,50616322
"NAC","TOTAL","TOTAL","R93","D01","BG",2008,59900975
"NAC","TOTAL","TOTAL","R93","D111","BG",2008,51289311
"NAC","TOTAL","TOTAL","R93","D1111","BG",2008,48090971
"NAC","TOTAL","TOTAL","S","D01","BG",2008,159385172
"NAC","TOTAL","TOTAL","S","D111","BG",2008,138992750
"NAC","TOTAL","TOTAL","S","D1111","BG",2008,128709117
"NAC","TOTAL","TOTAL","S94","D01","BG",2008,99835418
"NAC","TOTAL","TOTAL","S94","D111","BG",2008,89841474
"NAC","TOTAL","TOTAL","S94","D1111","BG",2008,82565585
"NAC","TOTAL","TOTAL","S95","D01","BG",2008,11890727
"NAC","TOTAL","TOTAL","S95","D111","BG",2008,9858608
"NAC","TOTAL","TOTAL","S95","D1111","BG",2008,9355388
"NAC","TOTAL","TOTAL","S96","D01","BG",2008,47659027
"NAC","TOTAL","TOTAL","S96","D111","BG",2008,39292668
"NAC","TOTAL","TOTAL","S96","D1111","BG",2008,36788144
"PPS","P_SAL_H","10-49","B","D01","BG",2008,5.91
"PPS","P_SAL_H","10-49","B","D111","BG",2008,4.73
"PPS","P_SAL_H","10-49","B","D1111","BG",2008,4.32
"PPS","P_SAL_H","10-49","B-E","D01","BG",2008,3.54
"PPS","P_SAL_H","10-49","B-E","D111","BG",2008,2.91
"PPS","P_SAL_H","10-49","B-E","D1111","BG",2008,2.67
"PPS","P_SAL_H","10-49","B-F","D01","BG",2008,3.64
"PPS","P_SAL_H","10-49","B-F","D111","BG",2008,2.99
"PPS","P_SAL_H","10-49","B-F","D1111","BG",2008,2.77
"PPS","P_SAL_H","10-49","B-N","D01","BG",2008,4.26
"PPS","P_SAL_H","10-49","B-N","D111","BG",2008,3.55
"PPS","P_SAL_H","10-49","B-N","D1111","BG",2008,3.29
"PPS","P_SAL_H","10-49","B-S","D01","BG",2008,4.6
"PPS","P_SAL_H","10-49","B-S","D111","BG",2008,3.79
"PPS","P_SAL_H","10-49","B-S","D1111","BG",2008,3.46
"PPS","P_SAL_H","10-49","B-S_X_O","D01","BG",2008,4.43
"PPS","P_SAL_H","10-49","B-S_X_O","D111","BG",2008,3.67
"PPS","P_SAL_H","10-49","B-S_X_O","D1111","BG",2008,3.35
"PPS","P_SAL_H","10-49","B05","D01","BG",2008,5.68
"PPS","P_SAL_H","10-49","B05","D111","BG",2008,4.48
"PPS","P_SAL_H","10-49","B05","D1111","BG",2008,4.21
"PPS","P_SAL_H","10-49","B06","D01","BG",2008,NA
"PPS","P_SAL_H","10-49","B06","D111","BG",2008,NA
"PPS","P_SAL_H","10-49","B06","D1111","BG",2008,NA
"PPS","P_SAL_H","10-49","B07","D01","BG",2008,7.04
"PPS","P_SAL_H","10-49","B07","D111","BG",2008,5.36
"PPS","P_SAL_H","10-49","B07","D1111","BG",2008,4.58
"PPS","P_SAL_H","10-49","B08","D01","BG",2008,5.55
"PPS","P_SAL_H","10-49","B08","D111","BG",2008,4.42
"PPS","P_SAL_H","10-49","B08","D1111","BG",2008,4.03
"PPS","P_SAL_H","10-49","B09","D01","BG",2008,NA
"PPS","P_SAL_H","10-49","B09","D111","BG",2008,NA
"PPS","P_SAL_H","10-49","B09","D1111","BG",2008,NA
"PPS","P_SAL_H","10-49","C","D01","BG",2008,3.27
"PPS","P_SAL_H","10-49","C","D111","BG",2008,2.69
"PPS","P_SAL_H","10-49","C","D1111","BG",2008,2.5
"PPS","P_SAL_H","10-49","C10","D01","BG",2008,2.93
"PPS","P_SAL_H","10-49","C10","D111","BG",2008,2.41
"PPS","P_SAL_H","10-49","C10","D1111","BG",2008,2.24
"PPS","P_SAL_H","10-49","C11","D01","BG",2008,NA
"PPS","P_SAL_H","10-49","C11","D111","BG",2008,NA
"PPS","P_SAL_H","10-49","C11","D1111","BG",2008,NA
"PPS","P_SAL_H","10-49","C12","D01","BG",2008,4.7
"PPS","P_SAL_H","10-49","C12","D111","BG",2008,3.83
"PPS","P_SAL_H","10-49","C12","D1111","BG",2008,3.55
"PPS","P_SAL_H","10-49","C13","D01","BG",2008,3.16
"PPS","P_SAL_H","10-49","C13","D111","BG",2008,2.55
"PPS","P_SAL_H","10-49","C13","D1111","BG",2008,2.36
"PPS","P_SAL_H","10-49","C14","D01","BG",2008,2.55
"PPS","P_SAL_H","10-49","C14","D111","BG",2008,2.1
"PPS","P_SAL_H","10-49","C14","D1111","BG",2008,1.95
"PPS","P_SAL_H","10-49","C15","D01","BG",2008,2.47
"PPS","P_SAL_H","10-49","C15","D111","BG",2008,2.04
"PPS","P_SAL_H","10-49","C15","D1111","BG",2008,1.89
"PPS","P_SAL_H","10-49","C16","D01","BG",2008,2.65
"PPS","P_SAL_H","10-49","C16","D111","BG",2008,2.18
"PPS","P_SAL_H","10-49","C16","D1111","BG",2008,2.03
"PPS","P_SAL_H","10-49","C17","D01","BG",2008,3.21
"PPS","P_SAL_H","10-49","C17","D111","BG",2008,2.64
"PPS","P_SAL_H","10-49","C17","D1111","BG",2008,2.44
"PPS","P_SAL_H","10-49","C18","D01","BG",2008,3.6
"PPS","P_SAL_H","10-49","C18","D111","BG",2008,2.97
"PPS","P_SAL_H","10-49","C18","D1111","BG",2008,2.75
"PPS","P_SAL_H","10-49","C19","D01","BG",2008,NA
"PPS","P_SAL_H","10-49","C19","D111","BG",2008,NA
"PPS","P_SAL_H","10-49","C19","D1111","BG",2008,NA
"PPS","P_SAL_H","10-49","C20","D01","BG",2008,4.03
"PPS","P_SAL_H","10-49","C20","D111","BG",2008,3.28
"PPS","P_SAL_H","10-49","C20","D1111","BG",2008,3.02
"PPS","P_SAL_H","10-49","C21","D01","BG",2008,NA
"PPS","P_SAL_H","10-49","C21","D111","BG",2008,NA
"PPS","P_SAL_H","10-49","C21","D1111","BG",2008,NA
"PPS","P_SAL_H","10-49","C22","D01","BG",2008,3.26
"PPS","P_SAL_H","10-49","C22","D111","BG",2008,2.68
"PPS","P_SAL_H","10-49","C22","D1111","BG",2008,2.5
"PPS","P_SAL_H","10-49","C23","D01","BG",2008,3.96
"PPS","P_SAL_H","10-49","C23","D111","BG",2008,3.2
"PPS","P_SAL_H","10-49","C23","D1111","BG",2008,2.99
"PPS","P_SAL_H","10-49","C24","D01","BG",2008,NA
"PPS","P_SAL_H","10-49","C24","D111","BG",2008,NA
"PPS","P_SAL_H","10-49","C24","D1111","BG",2008,NA
"PPS","P_SAL_H","10-49","C25","D01","BG",2008,3.6
"PPS","P_SAL_H","10-49","C25","D111","BG",2008,2.96
"PPS","P_SAL_H","10-49","C25","D1111","BG",2008,2.74
"PPS","P_SAL_H","10-49","C26","D01","BG",2008,5.43
"PPS","P_SAL_H","10-49","C26","D111","BG",2008,4.51
"PPS","P_SAL_H","10-49","C26","D1111","BG",2008,4.18
"PPS","P_SAL_H","10-49","C27","D01","BG",2008,4.26
"PPS","P_SAL_H","10-49","C27","D111","BG",2008,3.51
"PPS","P_SAL_H","10-49","C27","D1111","BG",2008,3.22
"PPS","P_SAL_H","10-49","C28","D01","BG",2008,4.47
"PPS","P_SAL_H","10-49","C28","D111","BG",2008,3.68
"PPS","P_SAL_H","10-49","C28","D1111","BG",2008,3.38
"PPS","P_SAL_H","10-49","C29","D01","BG",2008,NA
"PPS","P_SAL_H","10-49","C29","D111","BG",2008,NA
"PPS","P_SAL_H","10-49","C29","D1111","BG",2008,NA
"PPS","P_SAL_H","10-49","C30","D01","BG",2008,5.39
"PPS","P_SAL_H","10-49","C30","D111","BG",2008,4.51
"PPS","P_SAL_H","10-49","C30","D1111","BG",2008,4.24
"PPS","P_SAL_H","10-49","C31","D01","BG",2008,2.59
"PPS","P_SAL_H","10-49","C31","D111","BG",2008,2.13
"PPS","P_SAL_H","10-49","C31","D1111","BG",2008,1.98
"PPS","P_SAL_H","10-49","C32","D01","BG",2008,3.32
"PPS","P_SAL_H","10-49","C32","D111","BG",2008,2.71
"PPS","P_SAL_H","10-49","C32","D1111","BG",2008,2.49
"PPS","P_SAL_H","10-49","C33","D01","BG",2008,4.95
"PPS","P_SAL_H","10-49","C33","D111","BG",2008,4.07
"PPS","P_SAL_H","10-49","C33","D1111","BG",2008,3.82
"PPS","P_SAL_H","10-49","D","D01","BG",2008,11.36
"PPS","P_SAL_H","10-49","D","D111","BG",2008,9.27
"PPS","P_SAL_H","10-49","D","D1111","BG",2008,7.53
"PPS","P_SAL_H","10-49","D35","D01","BG",2008,11.36
"PPS","P_SAL_H","10-49","D35","D111","BG",2008,9.27
"PPS","P_SAL_H","10-49","D35","D1111","BG",2008,7.53
"PPS","P_SAL_H","10-49","E","D01","BG",2008,5.96
"PPS","P_SAL_H","10-49","E","D111","BG",2008,4.88
"PPS","P_SAL_H","10-49","E","D1111","BG",2008,4.04
"PPS","P_SAL_H","10-49","E36","D01","BG",2008,6.43
"PPS","P_SAL_H","10-49","E36","D111","BG",2008,5.22
"PPS","P_SAL_H","10-49","E36","D1111","BG",2008,4.01
"PPS","P_SAL_H","10-49","E37","D01","BG",2008,13.88
"PPS","P_SAL_H","10-49","E37","D111","BG",2008,12.54
"PPS","P_SAL_H","10-49","E37","D1111","BG",2008,12.21
"PPS","P_SAL_H","10-49","E38","D01","BG",2008,4.77
"PPS","P_SAL_H","10-49","E38","D111","BG",2008,3.95
"PPS","P_SAL_H","10-49","E38","D1111","BG",2008,3.68
"PPS","P_SAL_H","10-49","E39","D01","BG",2008,5.72
"PPS","P_SAL_H","10-49","E39","D111","BG",2008,4.6
"PPS","P_SAL_H","10-49","E39","D1111","BG",2008,4.21
"PPS","P_SAL_H","10-49","F","D01","BG",2008,3.83
"PPS","P_SAL_H","10-49","F","D111","BG",2008,3.15
"PPS","P_SAL_H","10-49","F","D1111","BG",2008,2.97
"PPS","P_SAL_H","10-49","F41","D01","BG",2008,3.54
"PPS","P_SAL_H","10-49","F41","D111","BG",2008,2.91
"PPS","P_SAL_H","10-49","F41","D1111","BG",2008,2.75
"PPS","P_SAL_H","10-49","F42","D01","BG",2008,4.61
"PPS","P_SAL_H","10-49","F42","D111","BG",2008,3.75
"PPS","P_SAL_H","10-49","F42","D1111","BG",2008,3.5
"PPS","P_SAL_H","10-49","F43","D01","BG",2008,4.09
"PPS","P_SAL_H","10-49","F43","D111","BG",2008,3.38
"PPS","P_SAL_H","10-49","F43","D1111","BG",2008,3.19
"PPS","P_SAL_H","10-49","G","D01","BG",2008,4.04
"PPS","P_SAL_H","10-49","G","D111","BG",2008,3.38
"PPS","P_SAL_H","10-49","G","D1111","BG",2008,3.16
"PPS","P_SAL_H","10-49","G-J","D01","BG",2008,4.22
"PPS","P_SAL_H","10-49","G-J","D111","BG",2008,3.53
"PPS","P_SAL_H","10-49","G-J","D1111","BG",2008,3.28
"PPS","P_SAL_H","10-49","G-N","D01","BG",2008,4.79
"PPS","P_SAL_H","10-49","G-N","D111","BG",2008,4.03
"PPS","P_SAL_H","10-49","G-N","D1111","BG",2008,3.74
"PPS","P_SAL_H","10-49","G-S_X_O","D01","BG",2008,4.92
"PPS","P_SAL_H","10-49","G-S_X_O","D111","BG",2008,4.08
"PPS","P_SAL_H","10-49","G-S_X_O","D1111","BG",2008,3.71
"PPS","P_SAL_H","10-49","G45","D01","BG",2008,4.21
"PPS","P_SAL_H","10-49","G45","D111","BG",2008,3.51
"PPS","P_SAL_H","10-49","G45","D1111","BG",2008,3.29
"PPS","P_SAL_H","10-49","G46","D01","BG",2008,4.84
"PPS","P_SAL_H","10-49","G46","D111","BG",2008,4.07
"PPS","P_SAL_H","10-49","G46","D1111","BG",2008,3.8
"PPS","P_SAL_H","10-49","G47","D01","BG",2008,3.15
"PPS","P_SAL_H","10-49","G47","D111","BG",2008,2.6
"PPS","P_SAL_H","10-49","G47","D1111","BG",2008,2.44
"PPS","P_SAL_H","10-49","H","D01","BG",2008,4.52
"PPS","P_SAL_H","10-49","H","D111","BG",2008,3.76
"PPS","P_SAL_H","10-49","H","D1111","BG",2008,3.35
"PPS","P_SAL_H","10-49","H49","D01","BG",2008,3.35
"PPS","P_SAL_H","10-49","H49","D111","BG",2008,2.67
"PPS","P_SAL_H","10-49","H49","D1111","BG",2008,2.48
"PPS","P_SAL_H","10-49","H50","D01","BG",2008,4.93
"PPS","P_SAL_H","10-49","H50","D111","BG",2008,3.87
"PPS","P_SAL_H","10-49","H50","D1111","BG",2008,3.67
"PPS","P_SAL_H","10-49","H51","D01","BG",2008,10.65
"PPS","P_SAL_H","10-49","H51","D111","BG",2008,8.53
"PPS","P_SAL_H","10-49","H51","D1111","BG",2008,8.02
"PPS","P_SAL_H","10-49","H52","D01","BG",2008,7.34
"PPS","P_SAL_H","10-49","H52","D111","BG",2008,6.48
"PPS","P_SAL_H","10-49","H52","D1111","BG",2008,5.75
"PPS","P_SAL_H","10-49","H53","D01","BG",2008,4.96
"PPS","P_SAL_H","10-49","H53","D111","BG",2008,4.06
"PPS","P_SAL_H","10-49","H53","D1111","BG",2008,3.01
"PPS","P_SAL_H","10-49","I","D01","BG",2008,2.86
"PPS","P_SAL_H","10-49","I","D111","BG",2008,2.36
"PPS","P_SAL_H","10-49","I","D1111","BG",2008,2.23
"PPS","P_SAL_H","10-49","I55","D01","BG",2008,3.44
"PPS","P_SAL_H","10-49","I55","D111","BG",2008,2.82
"PPS","P_SAL_H","10-49","I55","D1111","BG",2008,2.64
"PPS","P_SAL_H","10-49","I56","D01","BG",2008,2.64
"PPS","P_SAL_H","10-49","I56","D111","BG",2008,2.18
"PPS","P_SAL_H","10-49","I56","D1111","BG",2008,2.07
"PPS","P_SAL_H","10-49","J","D01","BG",2008,8.54
"PPS","P_SAL_H","10-49","J","D111","BG",2008,7.26
"PPS","P_SAL_H","10-49","J","D1111","BG",2008,6.78
"PPS","P_SAL_H","10-49","J58","D01","BG",2008,5.87
"PPS","P_SAL_H","10-49","J58","D111","BG",2008,4.96
"PPS","P_SAL_H","10-49","J58","D1111","BG",2008,4.62
"PPS","P_SAL_H","10-49","J59","D01","BG",2008,6.72
"PPS","P_SAL_H","10-49","J59","D111","BG",2008,5.61
"PPS","P_SAL_H","10-49","J59","D1111","BG",2008,5.23
"PPS","P_SAL_H","10-49","J60","D01","BG",2008,5.61
"PPS","P_SAL_H","10-49","J60","D111","BG",2008,4.71
"PPS","P_SAL_H","10-49","J60","D1111","BG",2008,4.37
"PPS","P_SAL_H","10-49","J61","D01","BG",2008,6.12
"PPS","P_SAL_H","10-49","J61","D111","BG",2008,5.01
"PPS","P_SAL_H","10-49","J61","D1111","BG",2008,4.63
"PPS","P_SAL_H","10-49","J62","D01","BG",2008,11.54
"PPS","P_SAL_H","10-49","J62","D111","BG",2008,9.94
"PPS","P_SAL_H","10-49","J62","D1111","BG",2008,9.32
"PPS","P_SAL_H","10-49","J63","D01","BG",2008,9.92
"PPS","P_SAL_H","10-49","J63","D111","BG",2008,8.54
"PPS","P_SAL_H","10-49","J63","D1111","BG",2008,7.97
"PPS","P_SAL_H","10-49","K","D01","BG",2008,10.28
"PPS","P_SAL_H","10-49","K","D111","BG",2008,8.73
"PPS","P_SAL_H","10-49","K","D1111","BG",2008,8
"PPS","P_SAL_H","10-49","K-N","D01","BG",2008,7.06
"PPS","P_SAL_H","10-49","K-N","D111","BG",2008,6.01
"PPS","P_SAL_H","10-49","K-N","D1111","BG",2008,5.57
"PPS","P_SAL_H","10-49","K64","D01","BG",2008,10.15
"PPS","P_SAL_H","10-49","K64","D111","BG",2008,8.59
"PPS","P_SAL_H","10-49","K64","D1111","BG",2008,7.82
"PPS","P_SAL_H","10-49","K65","D01","BG",2008,12.46
"PPS","P_SAL_H","10-49","K65","D111","BG",2008,10.59
"PPS","P_SAL_H","10-49","K65","D1111","BG",2008,9.8
"PPS","P_SAL_H","10-49","K66","D01","BG",2008,9.51
"PPS","P_SAL_H","10-49","K66","D111","BG",2008,8.18
"PPS","P_SAL_H","10-49","K66","D1111","BG",2008,7.75
"PPS","P_SAL_H","10-49","L","D01","BG",2008,6.04
"PPS","P_SAL_H","10-49","L","D111","BG",2008,5.08
"PPS","P_SAL_H","10-49","L","D1111","BG",2008,4.67
"PPS","P_SAL_H","10-49","L68","D01","BG",2008,6.04
"PPS","P_SAL_H","10-49","L68","D111","BG",2008,5.08
"PPS","P_SAL_H","10-49","L68","D1111","BG",2008,4.67
"PPS","P_SAL_H","10-49","M","D01","BG",2008,8.78
"PPS","P_SAL_H","10-49","M","D111","BG",2008,7.55
"PPS","P_SAL_H","10-49","M","D1111","BG",2008,7.03
"PPS","P_SAL_H","10-49","M69","D01","BG",2008,6.85
"PPS","P_SAL_H","10-49","M69","D111","BG",2008,5.8
"PPS","P_SAL_H","10-49","M69","D1111","BG",2008,5.43
"PPS","P_SAL_H","10-49","M70","D01","BG",2008,16.12
"PPS","P_SAL_H","10-49","M70","D111","BG",2008,14.37
"PPS","P_SAL_H","10-49","M70","D1111","BG",2008,13.51
"PPS","P_SAL_H","10-49","M71","D01","BG",2008,8.49
"PPS","P_SAL_H","10-49","M71","D111","BG",2008,7.19
"PPS","P_SAL_H","10-49","M71","D1111","BG",2008,6.61
"PPS","P_SAL_H","10-49","M72","D01","BG",2008,6.91
"PPS","P_SAL_H","10-49","M72","D111","BG",2008,5.67
"PPS","P_SAL_H","10-49","M72","D1111","BG",2008,5.1
"PPS","P_SAL_H","10-49","M73","D01","BG",2008,6.77
"PPS","P_SAL_H","10-49","M73","D111","BG",2008,5.75
"PPS","P_SAL_H","10-49","M73","D1111","BG",2008,5.37
"PPS","P_SAL_H","10-49","M74","D01","BG",2008,9.81
"PPS","P_SAL_H","10-49","M74","D111","BG",2008,8.7
"PPS","P_SAL_H","10-49","M74","D1111","BG",2008,8.26
"PPS","P_SAL_H","10-49","M75","D01","BG",2008,NA
"PPS","P_SAL_H","10-49","M75","D111","BG",2008,NA
"PPS","P_SAL_H","10-49","M75","D1111","BG",2008,NA
"PPS","P_SAL_H","10-49","N","D01","BG",2008,3.64
"PPS","P_SAL_H","10-49","N","D111","BG",2008,3.06
"PPS","P_SAL_H","10-49","N","D1111","BG",2008,2.87
"PPS","P_SAL_H","10-49","N77","D01","BG",2008,7.2
"PPS","P_SAL_H","10-49","N77","D111","BG",2008,6.08
"PPS","P_SAL_H","10-49","N77","D1111","BG",2008,5.65
"PPS","P_SAL_H","10-49","N78","D01","BG",2008,5.58
"PPS","P_SAL_H","10-49","N78","D111","BG",2008,4.64
"PPS","P_SAL_H","10-49","N78","D1111","BG",2008,4.26
"PPS","P_SAL_H","10-49","N79","D01","BG",2008,5.21
"PPS","P_SAL_H","10-49","N79","D111","BG",2008,4.41
"PPS","P_SAL_H","10-49","N79","D1111","BG",2008,4.16
"PPS","P_SAL_H","10-49","N80","D01","BG",2008,2.69
"PPS","P_SAL_H","10-49","N80","D111","BG",2008,2.26
"PPS","P_SAL_H","10-49","N80","D1111","BG",2008,2.15
"PPS","P_SAL_H","10-49","N81","D01","BG",2008,2.84
"PPS","P_SAL_H","10-49","N81","D111","BG",2008,2.39
"PPS","P_SAL_H","10-49","N81","D1111","BG",2008,2.21
"PPS","P_SAL_H","10-49","N82","D01","BG",2008,5.56
"PPS","P_SAL_H","10-49","N82","D111","BG",2008,4.6
"PPS","P_SAL_H","10-49","N82","D1111","BG",2008,4.31
"PPS","P_SAL_H","10-49","O","D01","BG",2008,8.76
"PPS","P_SAL_H","10-49","O","D111","BG",2008,6.84
"PPS","P_SAL_H","10-49","O","D1111","BG",2008,6.07
"PPS","P_SAL_H","10-49","O-S","D01","BG",2008,5.94
"PPS","P_SAL_H","10-49","O-S","D111","BG",2008,4.75
"PPS","P_SAL_H","10-49","O-S","D1111","BG",2008,4.11
"PPS","P_SAL_H","10-49","O84","D01","BG",2008,8.76
"PPS","P_SAL_H","10-49","O84","D111","BG",2008,6.84
"PPS","P_SAL_H","10-49","O84","D1111","BG",2008,6.07
"PPS","P_SAL_H","10-49","P","D01","BG",2008,5.89
"PPS","P_SAL_H","10-49","P","D111","BG",2008,4.67
"PPS","P_SAL_H","10-49","P","D1111","BG",2008,3.88
"PPS","P_SAL_H","10-49","P-S","D01","BG",2008,5.26
"PPS","P_SAL_H","10-49","P-S","D111","BG",2008,4.25
"PPS","P_SAL_H","10-49","P-S","D1111","BG",2008,3.64
"PPS","P_SAL_H","10-49","P85","D01","BG",2008,5.89
"PPS","P_SAL_H","10-49","P85","D111","BG",2008,4.67
"PPS","P_SAL_H","10-49","P85","D1111","BG",2008,3.88
"PPS","P_SAL_H","10-49","Q","D01","BG",2008,4.84
"PPS","P_SAL_H","10-49","Q","D111","BG",2008,4
"PPS","P_SAL_H","10-49","Q","D1111","BG",2008,3.64
"PPS","P_SAL_H","10-49","Q86","D01","BG",2008,5.42
"PPS","P_SAL_H","10-49","Q86","D111","BG",2008,4.51
"PPS","P_SAL_H","10-49","Q86","D1111","BG",2008,4.14
"PPS","P_SAL_H","10-49","Q87","D01","BG",2008,NA
"PPS","P_SAL_H","10-49","Q87","D111","BG",2008,NA
"PPS","P_SAL_H","10-49","Q87","D1111","BG",2008,NA
"PPS","P_SAL_H","10-49","Q88","D01","BG",2008,NA
"PPS","P_SAL_H","10-49","Q88","D111","BG",2008,NA
"PPS","P_SAL_H","10-49","Q88","D1111","BG",2008,NA
"PPS","P_SAL_H","10-49","R","D01","BG",2008,3.65
"PPS","P_SAL_H","10-49","R","D111","BG",2008,3.01
"PPS","P_SAL_H","10-49","R","D1111","BG",2008,2.75
"PPS","P_SAL_H","10-49","R90","D01","BG",2008,4.48
"PPS","P_SAL_H","10-49","R90","D111","BG",2008,3.68
"PPS","P_SAL_H","10-49","R90","D1111","BG",2008,3.29
"PPS","P_SAL_H","10-49","R91","D01","BG",2008,4.38
"PPS","P_SAL_H","10-49","R91","D111","BG",2008,3.6
"PPS","P_SAL_H","10-49","R91","D1111","BG",2008,3.17
"PPS","P_SAL_H","10-49","R92","D01","BG",2008,2.81
"PPS","P_SAL_H","10-49","R92","D111","BG",2008,2.32
"PPS","P_SAL_H","10-49","R92","D1111","BG",2008,2.16
"PPS","P_SAL_H","10-49","R93","D01","BG",2008,3.81
"PPS","P_SAL_H","10-49","R93","D111","BG",2008,3.15
"PPS","P_SAL_H","10-49","R93","D1111","BG",2008,2.95
"PPS","P_SAL_H","10-49","S","D01","BG",2008,3.85
"PPS","P_SAL_H","10-49","S","D111","BG",2008,3.33
"PPS","P_SAL_H","10-49","S","D1111","BG",2008,3.05
"PPS","P_SAL_H","10-49","S94","D01","BG",2008,4.12
"PPS","P_SAL_H","10-49","S94","D111","BG",2008,3.66
"PPS","P_SAL_H","10-49","S94","D1111","BG",2008,3.32
"PPS","P_SAL_H","10-49","S95","D01","BG",2008,5.36
"PPS","P_SAL_H","10-49","S95","D111","BG",2008,4.47
"PPS","P_SAL_H","10-49","S95","D1111","BG",2008,4.17
"PPS","P_SAL_H","10-49","S96","D01","BG",2008,3.13
"PPS","P_SAL_H","10-49","S96","D111","BG",2008,2.57
"PPS","P_SAL_H","10-49","S96","D1111","BG",2008,2.38
"PPS","P_SAL_H","250-499","B","D01","BG",2008,7.52
"PPS","P_SAL_H","250-499","B","D111","BG",2008,5.42
"PPS","P_SAL_H","250-499","B","D1111","BG",2008,4.76
"PPS","P_SAL_H","250-499","B-E","D01","BG",2008,6.48
"PPS","P_SAL_H","250-499","B-E","D111","BG",2008,5.19
"PPS","P_SAL_H","250-499","B-E","D1111","BG",2008,4.5
"PPS","P_SAL_H","250-499","B-F","D01","BG",2008,6.32
"PPS","P_SAL_H","250-499","B-F","D111","BG",2008,5.09
"PPS","P_SAL_H","250-499","B-F","D1111","BG",2008,4.47
"PPS","P_SAL_H","250-499","B-N","D01","BG",2008,6.75
"PPS","P_SAL_H","250-499","B-N","D111","BG",2008,5.52
"PPS","P_SAL_H","250-499","B-N","D1111","BG",2008,4.89
"PPS","P_SAL_H","250-499","B-S","D01","BG",2008,6.92
"PPS","P_SAL_H","250-499","B-S","D111","BG",2008,5.63
"PPS","P_SAL_H","250-499","B-S","D1111","BG",2008,4.99
"PPS","P_SAL_H","250-499","B-S_X_O","D01","BG",2008,6.74
"PPS","P_SAL_H","250-499","B-S_X_O","D111","BG",2008,5.51
"PPS","P_SAL_H","250-499","B-S_X_O","D1111","BG",2008,4.87
"PPS","P_SAL_H","250-499","B05","D01","BG",2008,6.96
"PPS","P_SAL_H","250-499","B05","D111","BG",2008,4.75
"PPS","P_SAL_H","250-499","B05","D1111","BG",2008,4.06
"PPS","P_SAL_H","250-499","B06","D01","BG",2008,NA
"PPS","P_SAL_H","250-499","B06","D111","BG",2008,NA
"PPS","P_SAL_H","250-499","B06","D1111","BG",2008,NA
"PPS","P_SAL_H","250-499","B07","D01","BG",2008,8.41
"PPS","P_SAL_H","250-499","B07","D111","BG",2008,6.16
"PPS","P_SAL_H","250-499","B07","D1111","BG",2008,5.52
"PPS","P_SAL_H","250-499","B08","D01","BG",2008,NA
"PPS","P_SAL_H","250-499","B08","D111","BG",2008,NA
"PPS","P_SAL_H","250-499","B08","D1111","BG",2008,NA
"PPS","P_SAL_H","250-499","C","D01","BG",2008,5.87
"PPS","P_SAL_H","250-499","C","D111","BG",2008,4.78
"PPS","P_SAL_H","250-499","C","D1111","BG",2008,4.26
"PPS","P_SAL_H","250-499","C10","D01","BG",2008,5.01
"PPS","P_SAL_H","250-499","C10","D111","BG",2008,4.07
"PPS","P_SAL_H","250-499","C10","D1111","BG",2008,3.78
"PPS","P_SAL_H","250-499","C11","D01","BG",2008,8.34
"PPS","P_SAL_H","250-499","C11","D111","BG",2008,7.04
"PPS","P_SAL_H","250-499","C11","D1111","BG",2008,6.54
"PPS","P_SAL_H","250-499","C12","D01","BG",2008,14.16
"PPS","P_SAL_H","250-499","C12","D111","BG",2008,11.46
"PPS","P_SAL_H","250-499","C12","D1111","BG",2008,9.64
"PPS","P_SAL_H","250-499","C13","D01","BG",2008,NA
"PPS","P_SAL_H","250-499","C13","D111","BG",2008,NA
"PPS","P_SAL_H","250-499","C13","D1111","BG",2008,NA
"PPS","P_SAL_H","250-499","C14","D01","BG",2008,3.68
"PPS","P_SAL_H","250-499","C14","D111","BG",2008,3.03
"PPS","P_SAL_H","250-499","C14","D1111","BG",2008,2.69
"PPS","P_SAL_H","250-499","C15","D01","BG",2008,3.42
"PPS","P_SAL_H","250-499","C15","D111","BG",2008,2.77
"PPS","P_SAL_H","250-499","C15","D1111","BG",2008,2.52
"PPS","P_SAL_H","250-499","C16","D01","BG",2008,NA
"PPS","P_SAL_H","250-499","C16","D111","BG",2008,NA
"PPS","P_SAL_H","250-499","C16","D1111","BG",2008,NA
"PPS","P_SAL_H","250-499","C17","D01","BG",2008,5.21
"PPS","P_SAL_H","250-499","C17","D111","BG",2008,4.16
"PPS","P_SAL_H","250-499","C17","D1111","BG",2008,3.77
"PPS","P_SAL_H","250-499","C18","D01","BG",2008,10.39
"PPS","P_SAL_H","250-499","C18","D111","BG",2008,8.56
"PPS","P_SAL_H","250-499","C18","D1111","BG",2008,7.56
"PPS","P_SAL_H","250-499","C19","D01","BG",2008,NA
"PPS","P_SAL_H","250-499","C19","D111","BG",2008,NA
"PPS","P_SAL_H","250-499","C19","D1111","BG",2008,NA
"PPS","P_SAL_H","250-499","C20","D01","BG",2008,NA
"PPS","P_SAL_H","250-499","C20","D111","BG",2008,NA
"PPS","P_SAL_H","250-499","C20","D1111","BG",2008,NA
"PPS","P_SAL_H","250-499","C21","D01","BG",2008,8.18
"PPS","P_SAL_H","250-499","C21","D111","BG",2008,6.5
"PPS","P_SAL_H","250-499","C21","D1111","BG",2008,5.68
"PPS","P_SAL_H","250-499","C22","D01","BG",2008,3.99
"PPS","P_SAL_H","250-499","C22","D111","BG",2008,3.23
"PPS","P_SAL_H","250-499","C22","D1111","BG",2008,2.9
"PPS","P_SAL_H","250-499","C23","D01","BG",2008,NA
"PPS","P_SAL_H","250-499","C23","D111","BG",2008,NA
"PPS","P_SAL_H","250-499","C23","D1111","BG",2008,NA
"PPS","P_SAL_H","250-499","C24","D01","BG",2008,NA
"PPS","P_SAL_H","250-499","C24","D111","BG",2008,NA
"PPS","P_SAL_H","250-499","C24","D1111","BG",2008,NA
"PPS","P_SAL_H","250-499","C25","D01","BG",2008,6.3
"PPS","P_SAL_H","250-499","C25","D111","BG",2008,5.19
"PPS","P_SAL_H","250-499","C25","D1111","BG",2008,4.53
"PPS","P_SAL_H","250-499","C26","D01","BG",2008,7.24
"PPS","P_SAL_H","250-499","C26","D111","BG",2008,5.97
"PPS","P_SAL_H","250-499","C26","D1111","BG",2008,5.21
"PPS","P_SAL_H","250-499","C27","D01","BG",2008,6.47
"PPS","P_SAL_H","250-499","C27","D111","BG",2008,5.3
"PPS","P_SAL_H","250-499","C27","D1111","BG",2008,4.62
"PPS","P_SAL_H","250-499","C28","D01","BG",2008,6.26
"PPS","P_SAL_H","250-499","C28","D111","BG",2008,5.11
"PPS","P_SAL_H","250-499","C28","D1111","BG",2008,4.59
"PPS","P_SAL_H","250-499","C29","D01","BG",2008,NA
"PPS","P_SAL_H","250-499","C29","D111","BG",2008,NA
"PPS","P_SAL_H","250-499","C29","D1111","BG",2008,NA
"PPS","P_SAL_H","250-499","C30","D01","BG",2008,NA
"PPS","P_SAL_H","250-499","C30","D111","BG",2008,NA
"PPS","P_SAL_H","250-499","C30","D1111","BG",2008,NA
"PPS","P_SAL_H","250-499","C31","D01","BG",2008,3.67
"PPS","P_SAL_H","250-499","C31","D111","BG",2008,3
"PPS","P_SAL_H","250-499","C31","D1111","BG",2008,2.74
"PPS","P_SAL_H","250-499","C32","D01","BG",2008,NA
"PPS","P_SAL_H","250-499","C32","D111","BG",2008,NA
"PPS","P_SAL_H","250-499","C32","D1111","BG",2008,NA
"PPS","P_SAL_H","250-499","C33","D01","BG",2008,NA
"PPS","P_SAL_H","250-499","C33","D111","BG",2008,NA
"PPS","P_SAL_H","250-499","C33","D1111","BG",2008,NA
"PPS","P_SAL_H","250-499","D","D01","BG",2008,16.72
"PPS","P_SAL_H","250-499","D","D111","BG",2008,12.63
"PPS","P_SAL_H","250-499","D","D1111","BG",2008,9.02
"PPS","P_SAL_H","250-499","D35","D01","BG",2008,16.72
"PPS","P_SAL_H","250-499","D35","D111","BG",2008,12.63
"PPS","P_SAL_H","250-499","D35","D1111","BG",2008,9.02
"PPS","P_SAL_H","250-499","E","D01","BG",2008,NA
"PPS","P_SAL_H","250-499","E","D111","BG",2008,NA
"PPS","P_SAL_H","250-499","E","D1111","BG",2008,NA
"PPS","P_SAL_H","250-499","E36","D01","BG",2008,NA
"PPS","P_SAL_H","250-499","E36","D111","BG",2008,NA
"PPS","P_SAL_H","250-499","E36","D1111","BG",2008,NA
"PPS","P_SAL_H","250-499","E37","D01","BG",2008,NA
"PPS","P_SAL_H","250-499","E37","D111","BG",2008,NA
"PPS","P_SAL_H","250-499","E37","D1111","BG",2008,NA
"PPS","P_SAL_H","250-499","E38","D01","BG",2008,7.12
"PPS","P_SAL_H","250-499","E38","D111","BG",2008,5.77
"PPS","P_SAL_H","250-499","E38","D1111","BG",2008,5.09
"PPS","P_SAL_H","250-499","F","D01","BG",2008,5.81
"PPS","P_SAL_H","250-499","F","D111","BG",2008,4.75
"PPS","P_SAL_H","250-499","F","D1111","BG",2008,4.38
"PPS","P_SAL_H","250-499","F41","D01","BG",2008,4.73
"PPS","P_SAL_H","250-499","F41","D111","BG",2008,3.93
"PPS","P_SAL_H","250-499","F41","D1111","BG",2008,3.62
"PPS","P_SAL_H","250-499","F42","D01","BG",2008,NA
"PPS","P_SAL_H","250-499","F42","D111","BG",2008,NA
"PPS","P_SAL_H","250-499","F42","D1111","BG",2008,NA
"PPS","P_SAL_H","250-499","F43","D01","BG",2008,NA
"PPS","P_SAL_H","250-499","F43","D111","BG",2008,NA
"PPS","P_SAL_H","250-499","F43","D1111","BG",2008,NA
"PPS","P_SAL_H","250-499","G","D01","BG",2008,6.36
"PPS","P_SAL_H","250-499","G","D111","BG",2008,5.33
"PPS","P_SAL_H","250-499","G","D1111","BG",2008,5
"PPS","P_SAL_H","250-499","G-J","D01","BG",2008,7.95
"PPS","P_SAL_H","250-499","G-J","D111","BG",2008,6.57
"PPS","P_SAL_H","250-499","G-J","D1111","BG",2008,5.79
"PPS","P_SAL_H","250-499","G-N","D01","BG",2008,7.39
"PPS","P_SAL_H","250-499","G-N","D111","BG",2008,6.16
"PPS","P_SAL_H","250-499","G-N","D1111","BG",2008,5.51
"PPS","P_SAL_H","250-499","G-S_X_O","D01","BG",2008,7.2
"PPS","P_SAL_H","250-499","G-S_X_O","D111","BG",2008,5.97
"PPS","P_SAL_H","250-499","G-S_X_O","D1111","BG",2008,5.31
"PPS","P_SAL_H","250-499","G45","D01","BG",2008,NA
"PPS","P_SAL_H","250-499","G45","D111","BG",2008,NA
"PPS","P_SAL_H","250-499","G45","D1111","BG",2008,NA
"PPS","P_SAL_H","250-499","G46","D01","BG",2008,9.38
"PPS","P_SAL_H","250-499","G46","D111","BG",2008,7.96
"PPS","P_SAL_H","250-499","G46","D1111","BG",2008,7.48
"PPS","P_SAL_H","250-499","G47","D01","BG",2008,4.52
"PPS","P_SAL_H","250-499","G47","D111","BG",2008,3.72
"PPS","P_SAL_H","250-499","G47","D1111","BG",2008,3.49
"PPS","P_SAL_H","250-499","H","D01","BG",2008,7.54
"PPS","P_SAL_H","250-499","H","D111","BG",2008,6.15
"PPS","P_SAL_H","250-499","H","D1111","BG",2008,5.07
"PPS","P_SAL_H","250-499","H49","D01","BG",2008,7.05
"PPS","P_SAL_H","250-499","H49","D111","BG",2008,5.67
"PPS","P_SAL_H","250-499","H49","D1111","BG",2008,4.71
"PPS","P_SAL_H","250-499","H50","D01","BG",2008,NA
"PPS","P_SAL_H","250-499","H50","D111","BG",2008,NA
"PPS","P_SAL_H","250-499","H50","D1111","BG",2008,NA
"PPS","P_SAL_H","250-499","H51","D01","BG",2008,NA
"PPS","P_SAL_H","250-499","H51","D111","BG",2008,NA
"PPS","P_SAL_H","250-499","H51","D1111","BG",2008,NA
"PPS","P_SAL_H","250-499","H52","D01","BG",2008,6.9
"PPS","P_SAL_H","250-499","H52","D111","BG",2008,5.99
"PPS","P_SAL_H","250-499","H52","D1111","BG",2008,4.75
"PPS","P_SAL_H","250-499","H53","D01","BG",2008,6.74
"PPS","P_SAL_H","250-499","H53","D111","BG",2008,5.59
"PPS","P_SAL_H","250-499","H53","D1111","BG",2008,4.57
"PPS","P_SAL_H","250-499","I","D01","BG",2008,4.57
"PPS","P_SAL_H","250-499","I","D111","BG",2008,3.75
"PPS","P_SAL_H","250-499","I","D1111","BG",2008,3.46
"PPS","P_SAL_H","250-499","I55","D01","BG",2008,NA
"PPS","P_SAL_H","250-499","I55","D111","BG",2008,NA
"PPS","P_SAL_H","250-499","I55","D1111","BG",2008,NA
"PPS","P_SAL_H","250-499","I56","D01","BG",2008,NA
"PPS","P_SAL_H","250-499","I56","D111","BG",2008,NA
"PPS","P_SAL_H","250-499","I56","D1111","BG",2008,NA
"PPS","P_SAL_H","250-499","J","D01","BG",2008,15.87
"PPS","P_SAL_H","250-499","J","D111","BG",2008,13.21
"PPS","P_SAL_H","250-499","J","D1111","BG",2008,11.67
"PPS","P_SAL_H","250-499","J58","D01","BG",2008,NA
"PPS","P_SAL_H","250-499","J58","D111","BG",2008,NA
"PPS","P_SAL_H","250-499","J58","D1111","BG",2008,NA
"PPS","P_SAL_H","250-499","J60","D01","BG",2008,NA
"PPS","P_SAL_H","250-499","J60","D111","BG",2008,NA
"PPS","P_SAL_H","250-499","J60","D1111","BG",2008,NA
"PPS","P_SAL_H","250-499","J61","D01","BG",2008,8.59
"PPS","P_SAL_H","250-499","J61","D111","BG",2008,6.96
"PPS","P_SAL_H","250-499","J61","D1111","BG",2008,6.45
"PPS","P_SAL_H","250-499","J62","D01","BG",2008,NA
"PPS","P_SAL_H","250-499","J62","D111","BG",2008,NA
"PPS","P_SAL_H","250-499","J62","D1111","BG",2008,NA
"PPS","P_SAL_H","250-499","J63","D01","BG",2008,12.87
"PPS","P_SAL_H","250-499","J63","D111","BG",2008,11.06
"PPS","P_SAL_H","250-499","J63","D1111","BG",2008,10.16
"PPS","P_SAL_H","250-499","K","D01","BG",2008,11.69
"PPS","P_SAL_H","250-499","K","D111","BG",2008,9.87
"PPS","P_SAL_H","250-499","K","D1111","BG",2008,9.03
"PPS","P_SAL_H","250-499","K-N","D01","BG",2008,6.63
"PPS","P_SAL_H","250-499","K-N","D111","BG",2008,5.59
"PPS","P_SAL_H","250-499","K-N","D1111","BG",2008,5.13
"PPS","P_SAL_H","250-499","K64","D01","BG",2008,11.6
"PPS","P_SAL_H","250-499","K64","D111","BG",2008,9.71
"PPS","P_SAL_H","250-499","K64","D1111","BG",2008,8.8
"PPS","P_SAL_H","250-499","K65","D01","BG",2008,11.86
"PPS","P_SAL_H","250-499","K65","D111","BG",2008,10.14
"PPS","P_SAL_H","250-499","K65","D1111","BG",2008,9.43
"PPS","P_SAL_H","250-499","K66","D01","BG",2008,NA
"PPS","P_SAL_H","250-499","K66","D111","BG",2008,NA
"PPS","P_SAL_H","250-499","K66","D1111","BG",2008,NA
"PPS","P_SAL_H","250-499","L","D01","BG",2008,NA
"PPS","P_SAL_H","250-499","L","D111","BG",2008,NA
"PPS","P_SAL_H","250-499","L","D1111","BG",2008,NA
"PPS","P_SAL_H","250-499","L68","D01","BG",2008,NA
"PPS","P_SAL_H","250-499","L68","D111","BG",2008,NA
"PPS","P_SAL_H","250-499","L68","D1111","BG",2008,NA
"PPS","P_SAL_H","250-499","M","D01","BG",2008,NA
"PPS","P_SAL_H","250-499","M","D111","BG",2008,NA
"PPS","P_SAL_H","250-499","M","D1111","BG",2008,NA
"PPS","P_SAL_H","250-499","M69","D01","BG",2008,NA
"PPS","P_SAL_H","250-499","M69","D111","BG",2008,NA
"PPS","P_SAL_H","250-499","M69","D1111","BG",2008,NA
"PPS","P_SAL_H","250-499","M70","D01","BG",2008,NA
"PPS","P_SAL_H","250-499","M70","D111","BG",2008,NA
"PPS","P_SAL_H","250-499","M70","D1111","BG",2008,NA
"PPS","P_SAL_H","250-499","M71","D01","BG",2008,9.63
"PPS","P_SAL_H","250-499","M71","D111","BG",2008,7.73
"PPS","P_SAL_H","250-499","M71","D1111","BG",2008,6.69
"PPS","P_SAL_H","250-499","M72","D01","BG",2008,6.25
"PPS","P_SAL_H","250-499","M72","D111","BG",2008,5.09
"PPS","P_SAL_H","250-499","M72","D1111","BG",2008,4.42
"PPS","P_SAL_H","250-499","M73","D01","BG",2008,NA
"PPS","P_SAL_H","250-499","M73","D111","BG",2008,NA
"PPS","P_SAL_H","250-499","M73","D1111","BG",2008,NA
"PPS","P_SAL_H","250-499","M74","D01","BG",2008,NA
"PPS","P_SAL_H","250-499","M74","D111","BG",2008,NA
"PPS","P_SAL_H","250-499","M74","D1111","BG",2008,NA
"PPS","P_SAL_H","250-499","N","D01","BG",2008,3.52
"PPS","P_SAL_H","250-499","N","D111","BG",2008,3.01
"PPS","P_SAL_H","250-499","N","D1111","BG",2008,2.82
"PPS","P_SAL_H","250-499","N78","D01","BG",2008,NA
"PPS","P_SAL_H","250-499","N78","D111","BG",2008,NA
"PPS","P_SAL_H","250-499","N78","D1111","BG",2008,NA
"PPS","P_SAL_H","250-499","N80","D01","BG",2008,3.32
"PPS","P_SAL_H","250-499","N80","D111","BG",2008,2.74
"PPS","P_SAL_H","250-499","N80","D1111","BG",2008,2.56
"PPS","P_SAL_H","250-499","N81","D01","BG",2008,NA
"PPS","P_SAL_H","250-499","N81","D111","BG",2008,NA
"PPS","P_SAL_H","250-499","N81","D1111","BG",2008,NA
"PPS","P_SAL_H","250-499","N82","D01","BG",2008,NA
"PPS","P_SAL_H","250-499","N82","D111","BG",2008,NA
"PPS","P_SAL_H","250-499","N82","D1111","BG",2008,NA
"PPS","P_SAL_H","250-499","O","D01","BG",2008,8.67
"PPS","P_SAL_H","250-499","O","D111","BG",2008,6.82
"PPS","P_SAL_H","250-499","O","D1111","BG",2008,6.14
"PPS","P_SAL_H","250-499","O-S","D01","BG",2008,7.56
"PPS","P_SAL_H","250-499","O-S","D111","BG",2008,6.06
"PPS","P_SAL_H","250-499","O-S","D1111","BG",2008,5.37
"PPS","P_SAL_H","250-499","O84","D01","BG",2008,8.67
"PPS","P_SAL_H","250-499","O84","D111","BG",2008,6.82
"PPS","P_SAL_H","250-499","O84","D1111","BG",2008,6.14
"PPS","P_SAL_H","250-499","P","D01","BG",2008,7.21
"PPS","P_SAL_H","250-499","P","D111","BG",2008,5.91
"PPS","P_SAL_H","250-499","P","D1111","BG",2008,4.99
"PPS","P_SAL_H","250-499","P-S","D01","BG",2008,6.7
"PPS","P_SAL_H","250-499","P-S","D111","BG",2008,5.47
"PPS","P_SAL_H","250-499","P-S","D1111","BG",2008,4.77
"PPS","P_SAL_H","250-499","P85","D01","BG",2008,7.21
"PPS","P_SAL_H","250-499","P85","D111","BG",2008,5.91
"PPS","P_SAL_H","250-499","P85","D1111","BG",2008,4.99
"PPS","P_SAL_H","250-499","Q","D01","BG",2008,6.82
"PPS","P_SAL_H","250-499","Q","D111","BG",2008,5.55
"PPS","P_SAL_H","250-499","Q","D1111","BG",2008,4.96
"PPS","P_SAL_H","250-499","Q86","D01","BG",2008,7.32
"PPS","P_SAL_H","250-499","Q86","D111","BG",2008,5.98
"PPS","P_SAL_H","250-499","Q86","D1111","BG",2008,5.35
"PPS","P_SAL_H","250-499","Q87","D01","BG",2008,NA
"PPS","P_SAL_H","250-499","Q87","D111","BG",2008,NA
"PPS","P_SAL_H","250-499","Q87","D1111","BG",2008,NA
"PPS","P_SAL_H","250-499","Q88","D01","BG",2008,NA
"PPS","P_SAL_H","250-499","Q88","D111","BG",2008,NA
"PPS","P_SAL_H","250-499","Q88","D1111","BG",2008,NA
"PPS","P_SAL_H","250-499","R","D01","BG",2008,4.8
"PPS","P_SAL_H","250-499","R","D111","BG",2008,3.9
"PPS","P_SAL_H","250-499","R","D1111","BG",2008,3.45
"PPS","P_SAL_H","250-499","R90","D01","BG",2008,6.85
"PPS","P_SAL_H","250-499","R90","D111","BG",2008,5.53
"PPS","P_SAL_H","250-499","R90","D1111","BG",2008,4.7
"PPS","P_SAL_H","250-499","R91","D01","BG",2008,NA
"PPS","P_SAL_H","250-499","R91","D111","BG",2008,NA
"PPS","P_SAL_H","250-499","R91","D1111","BG",2008,NA
"PPS","P_SAL_H","250-499","R92","D01","BG",2008,3.68
"PPS","P_SAL_H","250-499","R92","D111","BG",2008,3
"PPS","P_SAL_H","250-499","R92","D1111","BG",2008,2.79
"PPS","P_SAL_H","250-499","R93","D01","BG",2008,NA
"PPS","P_SAL_H","250-499","R93","D111","BG",2008,NA
"PPS","P_SAL_H","250-499","R93","D1111","BG",2008,NA
"PPS","P_SAL_H","250-499","S","D01","BG",2008,NA
"PPS","P_SAL_H","250-499","S","D111","BG",2008,NA
"PPS","P_SAL_H","250-499","S","D1111","BG",2008,NA
"PPS","P_SAL_H","250-499","S94","D01","BG",2008,NA
"PPS","P_SAL_H","250-499","S94","D111","BG",2008,NA
"PPS","P_SAL_H","250-499","S94","D1111","BG",2008,NA
"PPS","P_SAL_H","50-249","B","D01","BG",2008,6.66
"PPS","P_SAL_H","50-249","B","D111","BG",2008,5.13
"PPS","P_SAL_H","50-249","B","D1111","BG",2008,4.59
"PPS","P_SAL_H","50-249","B-E","D01","BG",2008,4.76
"PPS","P_SAL_H","50-249","B-E","D111","BG",2008,3.85
"PPS","P_SAL_H","50-249","B-E","D1111","BG",2008,3.43
"PPS","P_SAL_H","50-249","B-F","D01","BG",2008,4.8
"PPS","P_SAL_H","50-249","B-F","D111","BG",2008,3.89
"PPS","P_SAL_H","50-249","B-F","D1111","BG",2008,3.51
"PPS","P_SAL_H","50-249","B-N","D01","BG",2008,5.47
"PPS","P_SAL_H","50-249","B-N","D111","BG",2008,4.51
"PPS","P_SAL_H","50-249","B-N","D1111","BG",2008,4.09
"PPS","P_SAL_H","50-249","B-S","D01","BG",2008,5.73
"PPS","P_SAL_H","50-249","B-S","D111","BG",2008,4.69
"PPS","P_SAL_H","50-249","B-S","D1111","BG",2008,4.21
"PPS","P_SAL_H","50-249","B-S_X_O","D01","BG",2008,5.6
"PPS","P_SAL_H","50-249","B-S_X_O","D111","BG",2008,4.61
"PPS","P_SAL_H","50-249","B-S_X_O","D1111","BG",2008,4.13
"PPS","P_SAL_H","50-249","B05","D01","BG",2008,4.48
"PPS","P_SAL_H","50-249","B05","D111","BG",2008,3.27
"PPS","P_SAL_H","50-249","B05","D1111","BG",2008,3.03
"PPS","P_SAL_H","50-249","B07","D01","BG",2008,NA
"PPS","P_SAL_H","50-249","B07","D111","BG",2008,NA
"PPS","P_SAL_H","50-249","B07","D1111","BG",2008,NA
"PPS","P_SAL_H","50-249","B08","D01","BG",2008,6.9
"PPS","P_SAL_H","50-249","B08","D111","BG",2008,5.37
"PPS","P_SAL_H","50-249","B08","D1111","BG",2008,4.79
"PPS","P_SAL_H","50-249","B09","D01","BG",2008,NA
"PPS","P_SAL_H","50-249","B09","D111","BG",2008,NA
"PPS","P_SAL_H","50-249","B09","D1111","BG",2008,NA
"PPS","P_SAL_H","50-249","C","D01","BG",2008,4.43
"PPS","P_SAL_H","50-249","C","D111","BG",2008,3.6
"PPS","P_SAL_H","50-249","C","D1111","BG",2008,3.26
"PPS","P_SAL_H","50-249","C10","D01","BG",2008,4.12
"PPS","P_SAL_H","50-249","C10","D111","BG",2008,3.39
"PPS","P_SAL_H","50-249","C10","D1111","BG",2008,3.14
"PPS","P_SAL_H","50-249","C11","D01","BG",2008,4.66
"PPS","P_SAL_H","50-249","C11","D111","BG",2008,3.82
"PPS","P_SAL_H","50-249","C11","D1111","BG",2008,3.4
"PPS","P_SAL_H","50-249","C12","D01","BG",2008,15
"PPS","P_SAL_H","50-249","C12","D111","BG",2008,5.76
"PPS","P_SAL_H","50-249","C12","D1111","BG",2008,4.82
"PPS","P_SAL_H","50-249","C13","D01","BG",2008,4.34
"PPS","P_SAL_H","50-249","C13","D111","BG",2008,3.48
"PPS","P_SAL_H","50-249","C13","D1111","BG",2008,3.18
"PPS","P_SAL_H","50-249","C14","D01","BG",2008,3.15
"PPS","P_SAL_H","50-249","C14","D111","BG",2008,2.58
"PPS","P_SAL_H","50-249","C14","D1111","BG",2008,2.34
"PPS","P_SAL_H","50-249","C15","D01","BG",2008,3.07
"PPS","P_SAL_H","50-249","C15","D111","BG",2008,2.52
"PPS","P_SAL_H","50-249","C15","D1111","BG",2008,2.3
"PPS","P_SAL_H","50-249","C16","D01","BG",2008,4.33
"PPS","P_SAL_H","50-249","C16","D111","BG",2008,3.53
"PPS","P_SAL_H","50-249","C16","D1111","BG",2008,3.21
"PPS","P_SAL_H","50-249","C17","D01","BG",2008,4.14
"PPS","P_SAL_H","50-249","C17","D111","BG",2008,3.38
"PPS","P_SAL_H","50-249","C17","D1111","BG",2008,2.96
"PPS","P_SAL_H","50-249","C18","D01","BG",2008,5.86
"PPS","P_SAL_H","50-249","C18","D111","BG",2008,4.91
"PPS","P_SAL_H","50-249","C18","D1111","BG",2008,4.48
"PPS","P_SAL_H","50-249","C19","D01","BG",2008,6.21
"PPS","P_SAL_H","50-249","C19","D111","BG",2008,5.08
"PPS","P_SAL_H","50-249","C19","D1111","BG",2008,4.68
"PPS","P_SAL_H","50-249","C20","D01","BG",2008,5.74
"PPS","P_SAL_H","50-249","C20","D111","BG",2008,4.7
"PPS","P_SAL_H","50-249","C20","D1111","BG",2008,4.18
"PPS","P_SAL_H","50-249","C21","D01","BG",2008,6.45
"PPS","P_SAL_H","50-249","C21","D111","BG",2008,5.31
"PPS","P_SAL_H","50-249","C21","D1111","BG",2008,4.81
"PPS","P_SAL_H","50-249","C22","D01","BG",2008,4.27
"PPS","P_SAL_H","50-249","C22","D111","BG",2008,3.53
"PPS","P_SAL_H","50-249","C22","D1111","BG",2008,3.24
"PPS","P_SAL_H","50-249","C23","D01","BG",2008,6.15
"PPS","P_SAL_H","50-249","C23","D111","BG",2008,4.97
"PPS","P_SAL_H","50-249","C23","D1111","BG",2008,4.52
"PPS","P_SAL_H","50-249","C24","D01","BG",2008,6.28
"PPS","P_SAL_H","50-249","C24","D111","BG",2008,4.94
"PPS","P_SAL_H","50-249","C24","D1111","BG",2008,4.37
"PPS","P_SAL_H","50-249","C25","D01","BG",2008,4.95
"PPS","P_SAL_H","50-249","C25","D111","BG",2008,4.02
"PPS","P_SAL_H","50-249","C25","D1111","BG",2008,3.64
"PPS","P_SAL_H","50-249","C26","D01","BG",2008,6.72
"PPS","P_SAL_H","50-249","C26","D111","BG",2008,5.55
"PPS","P_SAL_H","50-249","C26","D1111","BG",2008,4.83
"PPS","P_SAL_H","50-249","C27","D01","BG",2008,5.17
"PPS","P_SAL_H","50-249","C27","D111","BG",2008,4.23
"PPS","P_SAL_H","50-249","C27","D1111","BG",2008,3.81
"PPS","P_SAL_H","50-249","C28","D01","BG",2008,5.64
"PPS","P_SAL_H","50-249","C28","D111","BG",2008,4.63
"PPS","P_SAL_H","50-249","C28","D1111","BG",2008,4.16
"PPS","P_SAL_H","50-249","C29","D01","BG",2008,5.23
"PPS","P_SAL_H","50-249","C29","D111","BG",2008,4.31
"PPS","P_SAL_H","50-249","C29","D1111","BG",2008,3.79
"PPS","P_SAL_H","50-249","C30","D01","BG",2008,6.27
"PPS","P_SAL_H","50-249","C30","D111","BG",2008,5.08
"PPS","P_SAL_H","50-249","C30","D1111","BG",2008,4.51
"PPS","P_SAL_H","50-249","C31","D01","BG",2008,3.4
"PPS","P_SAL_H","50-249","C31","D111","BG",2008,2.79
"PPS","P_SAL_H","50-249","C31","D1111","BG",2008,2.54
"PPS","P_SAL_H","50-249","C32","D01","BG",2008,5.38
"PPS","P_SAL_H","50-249","C32","D111","BG",2008,4.49
"PPS","P_SAL_H","50-249","C32","D1111","BG",2008,4.03
"PPS","P_SAL_H","50-249","C33","D01","BG",2008,6.81
"PPS","P_SAL_H","50-249","C33","D111","BG",2008,5.56
"PPS","P_SAL_H","50-249","C33","D1111","BG",2008,5.01
"PPS","P_SAL_H","50-249","D","D01","BG",2008,12.8
"PPS","P_SAL_H","50-249","D","D111","BG",2008,10
"PPS","P_SAL_H","50-249","D","D1111","BG",2008,7.74
"PPS","P_SAL_H","50-249","D35","D01","BG",2008,12.8
"PPS","P_SAL_H","50-249","D35","D111","BG",2008,10
"PPS","P_SAL_H","50-249","D35","D1111","BG",2008,7.74
"PPS","P_SAL_H","50-249","E","D01","BG",2008,5.46
"PPS","P_SAL_H","50-249","E","D111","BG",2008,4.43
"PPS","P_SAL_H","50-249","E","D1111","BG",2008,3.66
"PPS","P_SAL_H","50-249","E36","D01","BG",2008,6.68
"PPS","P_SAL_H","50-249","E36","D111","BG",2008,5.39
"PPS","P_SAL_H","50-249","E36","D1111","BG",2008,4.15
"PPS","P_SAL_H","50-249","E37","D01","BG",2008,NA
"PPS","P_SAL_H","50-249","E37","D111","BG",2008,NA
"PPS","P_SAL_H","50-249","E37","D1111","BG",2008,NA
"PPS","P_SAL_H","50-249","E38","D01","BG",2008,4.11
"PPS","P_SAL_H","50-249","E38","D111","BG",2008,3.35
"PPS","P_SAL_H","50-249","E38","D1111","BG",2008,3.08
"PPS","P_SAL_H","50-249","E39","D01","BG",2008,6.39
"PPS","P_SAL_H","50-249","E39","D111","BG",2008,5.24
"PPS","P_SAL_H","50-249","E39","D1111","BG",2008,4.64
"PPS","P_SAL_H","50-249","F","D01","BG",2008,4.9
"PPS","P_SAL_H","50-249","F","D111","BG",2008,4
"PPS","P_SAL_H","50-249","F","D1111","BG",2008,3.71
"PPS","P_SAL_H","50-249","F41","D01","BG",2008,4.24
"PPS","P_SAL_H","50-249","F41","D111","BG",2008,3.48
"PPS","P_SAL_H","50-249","F41","D1111","BG",2008,3.24
"PPS","P_SAL_H","50-249","F42","D01","BG",2008,5.93
"PPS","P_SAL_H","50-249","F42","D111","BG",2008,4.77
"PPS","P_SAL_H","50-249","F42","D1111","BG",2008,4.39
"PPS","P_SAL_H","50-249","F43","D01","BG",2008,5.84
"PPS","P_SAL_H","50-249","F43","D111","BG",2008,4.81
"PPS","P_SAL_H","50-249","F43","D1111","BG",2008,4.48
"PPS","P_SAL_H","50-249","G","D01","BG",2008,6.09
"PPS","P_SAL_H","50-249","G","D111","BG",2008,5.13
"PPS","P_SAL_H","50-249","G","D1111","BG",2008,4.78
"PPS","P_SAL_H","50-249","G-J","D01","BG",2008,6.51
"PPS","P_SAL_H","50-249","G-J","D111","BG",2008,5.45
"PPS","P_SAL_H","50-249","G-J","D1111","BG",2008,4.98
"PPS","P_SAL_H","50-249","G-N","D01","BG",2008,6.44
"PPS","P_SAL_H","50-249","G-N","D111","BG",2008,5.42
"PPS","P_SAL_H","50-249","G-N","D1111","BG",2008,4.94
"PPS","P_SAL_H","50-249","G-S_X_O","D01","BG",2008,6.36
"PPS","P_SAL_H","50-249","G-S_X_O","D111","BG",2008,5.28
"PPS","P_SAL_H","50-249","G-S_X_O","D1111","BG",2008,4.72
"PPS","P_SAL_H","50-249","G45","D01","BG",2008,8.68
"PPS","P_SAL_H","50-249","G45","D111","BG",2008,7.35
"PPS","P_SAL_H","50-249","G45","D1111","BG",2008,6.81
"PPS","P_SAL_H","50-249","G46","D01","BG",2008,6.54
"PPS","P_SAL_H","50-249","G46","D111","BG",2008,5.55
"PPS","P_SAL_H","50-249","G46","D1111","BG",2008,5.17
"PPS","P_SAL_H","50-249","G47","D01","BG",2008,4.61
"PPS","P_SAL_H","50-249","G47","D111","BG",2008,3.83
"PPS","P_SAL_H","50-249","G47","D1111","BG",2008,3.57
"PPS","P_SAL_H","50-249","H","D01","BG",2008,6.68
"PPS","P_SAL_H","50-249","H","D111","BG",2008,5.52
"PPS","P_SAL_H","50-249","H","D1111","BG",2008,4.75
"PPS","P_SAL_H","50-249","H49","D01","BG",2008,5.04
"PPS","P_SAL_H","50-249","H49","D111","BG",2008,4.02
"PPS","P_SAL_H","50-249","H49","D1111","BG",2008,3.6
"PPS","P_SAL_H","50-249","H50","D01","BG",2008,9.82
"PPS","P_SAL_H","50-249","H50","D111","BG",2008,7.91
"PPS","P_SAL_H","50-249","H50","D1111","BG",2008,6.57
"PPS","P_SAL_H","50-249","H51","D01","BG",2008,16.98
"PPS","P_SAL_H","50-249","H51","D111","BG",2008,13.76
"PPS","P_SAL_H","50-249","H51","D1111","BG",2008,12.55
"PPS","P_SAL_H","50-249","H52","D01","BG",2008,9.35
"PPS","P_SAL_H","50-249","H52","D111","BG",2008,8.09
"PPS","P_SAL_H","50-249","H52","D1111","BG",2008,6.79
"PPS","P_SAL_H","50-249","H53","D01","BG",2008,5.65
"PPS","P_SAL_H","50-249","H53","D111","BG",2008,4.62
"PPS","P_SAL_H","50-249","H53","D1111","BG",2008,3.69
"PPS","P_SAL_H","50-249","I","D01","BG",2008,4
"PPS","P_SAL_H","50-249","I","D111","BG",2008,3.28
"PPS","P_SAL_H","50-249","I","D1111","BG",2008,3.04
"PPS","P_SAL_H","50-249","I55","D01","BG",2008,4.5
"PPS","P_SAL_H","50-249","I55","D111","BG",2008,3.68
"PPS","P_SAL_H","50-249","I55","D1111","BG",2008,3.41
"PPS","P_SAL_H","50-249","I56","D01","BG",2008,3.16
"PPS","P_SAL_H","50-249","I56","D111","BG",2008,2.6
"PPS","P_SAL_H","50-249","I56","D1111","BG",2008,2.42
"PPS","P_SAL_H","50-249","J","D01","BG",2008,12.12
"PPS","P_SAL_H","50-249","J","D111","BG",2008,10.31
"PPS","P_SAL_H","50-249","J","D1111","BG",2008,9.54
"PPS","P_SAL_H","50-249","J58","D01","BG",2008,7.98
"PPS","P_SAL_H","50-249","J58","D111","BG",2008,6.78
"PPS","P_SAL_H","50-249","J58","D1111","BG",2008,6.29
"PPS","P_SAL_H","50-249","J59","D01","BG",2008,9.18
"PPS","P_SAL_H","50-249","J59","D111","BG",2008,7.62
"PPS","P_SAL_H","50-249","J59","D1111","BG",2008,7.12
"PPS","P_SAL_H","50-249","J60","D01","BG",2008,7.56
"PPS","P_SAL_H","50-249","J60","D111","BG",2008,6.34
"PPS","P_SAL_H","50-249","J60","D1111","BG",2008,5.96
"PPS","P_SAL_H","50-249","J61","D01","BG",2008,10.53
"PPS","P_SAL_H","50-249","J61","D111","BG",2008,8.61
"PPS","P_SAL_H","50-249","J61","D1111","BG",2008,7.98
"PPS","P_SAL_H","50-249","J62","D01","BG",2008,18
"PPS","P_SAL_H","50-249","J62","D111","BG",2008,15.66
"PPS","P_SAL_H","50-249","J62","D1111","BG",2008,14.51
"PPS","P_SAL_H","50-249","J63","D01","BG",2008,10.63
"PPS","P_SAL_H","50-249","J63","D111","BG",2008,8.94
"PPS","P_SAL_H","50-249","J63","D1111","BG",2008,7.94
"PPS","P_SAL_H","50-249","K","D01","BG",2008,12.87
"PPS","P_SAL_H","50-249","K","D111","BG",2008,10.84
"PPS","P_SAL_H","50-249","K","D1111","BG",2008,9.74
"PPS","P_SAL_H","50-249","K-N","D01","BG",2008,6.3
"PPS","P_SAL_H","50-249","K-N","D111","BG",2008,5.36
"PPS","P_SAL_H","50-249","K-N","D1111","BG",2008,4.86
"PPS","P_SAL_H","50-249","K64","D01","BG",2008,12.52
"PPS","P_SAL_H","50-249","K64","D111","BG",2008,10.58
"PPS","P_SAL_H","50-249","K64","D1111","BG",2008,9.42
"PPS","P_SAL_H","50-249","K65","D01","BG",2008,15.25
"PPS","P_SAL_H","50-249","K65","D111","BG",2008,12.77
"PPS","P_SAL_H","50-249","K65","D1111","BG",2008,11.99
"PPS","P_SAL_H","50-249","K66","D01","BG",2008,13.07
"PPS","P_SAL_H","50-249","K66","D111","BG",2008,10.63
"PPS","P_SAL_H","50-249","K66","D1111","BG",2008,9.6
"PPS","P_SAL_H","50-249","L","D01","BG",2008,NA
"PPS","P_SAL_H","50-249","L","D111","BG",2008,NA
"PPS","P_SAL_H","50-249","L","D1111","BG",2008,NA
"PPS","P_SAL_H","50-249","L68","D01","BG",2008,NA
"PPS","P_SAL_H","50-249","L68","D111","BG",2008,NA
"PPS","P_SAL_H","50-249","L68","D1111","BG",2008,NA
"PPS","P_SAL_H","50-249","M","D01","BG",2008,10.11
"PPS","P_SAL_H","50-249","M","D111","BG",2008,8.51
"PPS","P_SAL_H","50-249","M","D1111","BG",2008,7.63
"PPS","P_SAL_H","50-249","M69","D01","BG",2008,NA
"PPS","P_SAL_H","50-249","M69","D111","BG",2008,NA
"PPS","P_SAL_H","50-249","M69","D1111","BG",2008,NA
"PPS","P_SAL_H","50-249","M70","D01","BG",2008,NA
"PPS","P_SAL_H","50-249","M70","D111","BG",2008,NA
"PPS","P_SAL_H","50-249","M70","D1111","BG",2008,NA
"PPS","P_SAL_H","50-249","M71","D01","BG",2008,11.74
"PPS","P_SAL_H","50-249","M71","D111","BG",2008,9.83
"PPS","P_SAL_H","50-249","M71","D1111","BG",2008,8.61
"PPS","P_SAL_H","50-249","M72","D01","BG",2008,6.39
"PPS","P_SAL_H","50-249","M72","D111","BG",2008,5.25
"PPS","P_SAL_H","50-249","M72","D1111","BG",2008,4.57
"PPS","P_SAL_H","50-249","M73","D01","BG",2008,NA
"PPS","P_SAL_H","50-249","M73","D111","BG",2008,NA
"PPS","P_SAL_H","50-249","M73","D1111","BG",2008,NA
"PPS","P_SAL_H","50-249","M74","D01","BG",2008,NA
"PPS","P_SAL_H","50-249","M74","D111","BG",2008,NA
"PPS","P_SAL_H","50-249","M74","D1111","BG",2008,NA
"PPS","P_SAL_H","50-249","N","D01","BG",2008,2.76
"PPS","P_SAL_H","50-249","N","D111","BG",2008,2.43
"PPS","P_SAL_H","50-249","N","D1111","BG",2008,2.27
"PPS","P_SAL_H","50-249","N77","D01","BG",2008,9.09
"PPS","P_SAL_H","50-249","N77","D111","BG",2008,7.63
"PPS","P_SAL_H","50-249","N77","D1111","BG",2008,6.89
"PPS","P_SAL_H","50-249","N78","D01","BG",2008,8.15
"PPS","P_SAL_H","50-249","N78","D111","BG",2008,6.78
"PPS","P_SAL_H","50-249","N78","D1111","BG",2008,6.21
"PPS","P_SAL_H","50-249","N79","D01","BG",2008,4.69
"PPS","P_SAL_H","50-249","N79","D111","BG",2008,3.91
"PPS","P_SAL_H","50-249","N79","D1111","BG",2008,3.72
"PPS","P_SAL_H","50-249","N80","D01","BG",2008,2.64
"PPS","P_SAL_H","50-249","N80","D111","BG",2008,2.18
"PPS","P_SAL_H","50-249","N80","D1111","BG",2008,2.05
"PPS","P_SAL_H","50-249","N81","D01","BG",2008,2.13
"PPS","P_SAL_H","50-249","N81","D111","BG",2008,2.05
"PPS","P_SAL_H","50-249","N81","D1111","BG",2008,1.9
"PPS","P_SAL_H","50-249","N82","D01","BG",2008,7.22
"PPS","P_SAL_H","50-249","N82","D111","BG",2008,5.94
"PPS","P_SAL_H","50-249","N82","D1111","BG",2008,5.57
"PPS","P_SAL_H","50-249","O","D01","BG",2008,7.05
"PPS","P_SAL_H","50-249","O","D111","BG",2008,5.58
"PPS","P_SAL_H","50-249","O","D1111","BG",2008,5.02
"PPS","P_SAL_H","50-249","O-S","D01","BG",2008,6.5
"PPS","P_SAL_H","50-249","O-S","D111","BG",2008,5.22
"PPS","P_SAL_H","50-249","O-S","D1111","BG",2008,4.56
"PPS","P_SAL_H","50-249","O84","D01","BG",2008,7.05
"PPS","P_SAL_H","50-249","O84","D111","BG",2008,5.58
"PPS","P_SAL_H","50-249","O84","D1111","BG",2008,5.02
"PPS","P_SAL_H","50-249","P","D01","BG",2008,6.74
"PPS","P_SAL_H","50-249","P","D111","BG",2008,5.36
"PPS","P_SAL_H","50-249","P","D1111","BG",2008,4.45
"PPS","P_SAL_H","50-249","P-S","D01","BG",2008,6.22
"PPS","P_SAL_H","50-249","P-S","D111","BG",2008,5.02
"PPS","P_SAL_H","50-249","P-S","D1111","BG",2008,4.32
"PPS","P_SAL_H","50-249","P85","D01","BG",2008,6.74
"PPS","P_SAL_H","50-249","P85","D111","BG",2008,5.36
"PPS","P_SAL_H","50-249","P85","D1111","BG",2008,4.45
"PPS","P_SAL_H","50-249","Q","D01","BG",2008,5.73
"PPS","P_SAL_H","50-249","Q","D111","BG",2008,4.71
"PPS","P_SAL_H","50-249","Q","D1111","BG",2008,4.2
"PPS","P_SAL_H","50-249","Q86","D01","BG",2008,6.59
"PPS","P_SAL_H","50-249","Q86","D111","BG",2008,5.4
"PPS","P_SAL_H","50-249","Q86","D1111","BG",2008,4.86
"PPS","P_SAL_H","50-249","Q87","D01","BG",2008,4.59
"PPS","P_SAL_H","50-249","Q87","D111","BG",2008,3.78
"PPS","P_SAL_H","50-249","Q87","D1111","BG",2008,3.3
"PPS","P_SAL_H","50-249","Q88","D01","BG",2008,3.81
"PPS","P_SAL_H","50-249","Q88","D111","BG",2008,3.14
"PPS","P_SAL_H","50-249","Q88","D1111","BG",2008,2.77
"PPS","P_SAL_H","50-249","R","D01","BG",2008,5.56
"PPS","P_SAL_H","50-249","R","D111","BG",2008,4.65
"PPS","P_SAL_H","50-249","R","D1111","BG",2008,4.22
"PPS","P_SAL_H","50-249","R90","D01","BG",2008,4.98
"PPS","P_SAL_H","50-249","R90","D111","BG",2008,4.02
"PPS","P_SAL_H","50-249","R90","D1111","BG",2008,3.51
"PPS","P_SAL_H","50-249","R91","D01","BG",2008,NA
"PPS","P_SAL_H","50-249","R91","D111","BG",2008,NA
"PPS","P_SAL_H","50-249","R91","D1111","BG",2008,NA
"PPS","P_SAL_H","50-249","R92","D01","BG",2008,4.85
"PPS","P_SAL_H","50-249","R92","D111","BG",2008,4.03
"PPS","P_SAL_H","50-249","R92","D1111","BG",2008,3.71
"PPS","P_SAL_H","50-249","R93","D01","BG",2008,NA
"PPS","P_SAL_H","50-249","R93","D111","BG",2008,NA
"PPS","P_SAL_H","50-249","R93","D1111","BG",2008,NA
"PPS","P_SAL_H","50-249","S","D01","BG",2008,NA
"PPS","P_SAL_H","50-249","S","D111","BG",2008,NA
"PPS","P_SAL_H","50-249","S","D1111","BG",2008,NA
"PPS","P_SAL_H","50-249","S94","D01","BG",2008,NA
"PPS","P_SAL_H","50-249","S94","D111","BG",2008,NA
"PPS","P_SAL_H","50-249","S94","D1111","BG",2008,NA
"PPS","P_SAL_H","50-249","S95","D01","BG",2008,NA
"PPS","P_SAL_H","50-249","S95","D111","BG",2008,NA
"PPS","P_SAL_H","50-249","S95","D1111","BG",2008,NA
"PPS","P_SAL_H","50-249","S96","D01","BG",2008,5.01
"PPS","P_SAL_H","50-249","S96","D111","BG",2008,4.13
"PPS","P_SAL_H","50-249","S96","D1111","BG",2008,3.63
"PPS","P_SAL_H","500-999","B","D01","BG",2008,11.91
"PPS","P_SAL_H","500-999","B","D111","BG",2008,8.87
"PPS","P_SAL_H","500-999","B","D1111","BG",2008,7.53
"PPS","P_SAL_H","500-999","B-E","D01","BG",2008,7.73
"PPS","P_SAL_H","500-999","B-E","D111","BG",2008,6.08
"PPS","P_SAL_H","500-999","B-E","D1111","BG",2008,5.27
"PPS","P_SAL_H","500-999","B-F","D01","BG",2008,7.65
"PPS","P_SAL_H","500-999","B-F","D111","BG",2008,6.04
"PPS","P_SAL_H","500-999","B-F","D1111","BG",2008,5.29
"PPS","P_SAL_H","500-999","B-N","D01","BG",2008,8.31
"PPS","P_SAL_H","500-999","B-N","D111","BG",2008,6.68
"PPS","P_SAL_H","500-999","B-N","D1111","BG",2008,5.77
"PPS","P_SAL_H","500-999","B-S","D01","BG",2008,8.3
"PPS","P_SAL_H","500-999","B-S","D111","BG",2008,6.69
"PPS","P_SAL_H","500-999","B-S","D1111","BG",2008,5.83
"PPS","P_SAL_H","500-999","B-S_X_O","D01","BG",2008,8.16
"PPS","P_SAL_H","500-999","B-S_X_O","D111","BG",2008,6.59
"PPS","P_SAL_H","500-999","B-S_X_O","D1111","BG",2008,5.72
"PPS","P_SAL_H","500-999","B05","D01","BG",2008,NA
"PPS","P_SAL_H","500-999","B05","D111","BG",2008,NA
"PPS","P_SAL_H","500-999","B05","D1111","BG",2008,NA
"PPS","P_SAL_H","500-999","B06","D01","BG",2008,NA
"PPS","P_SAL_H","500-999","B06","D111","BG",2008,NA
"PPS","P_SAL_H","500-999","B06","D1111","BG",2008,NA
"PPS","P_SAL_H","500-999","B07","D01","BG",2008,14.09
"PPS","P_SAL_H","500-999","B07","D111","BG",2008,10.55
"PPS","P_SAL_H","500-999","B07","D1111","BG",2008,8.83
"PPS","P_SAL_H","500-999","B08","D01","BG",2008,NA
"PPS","P_SAL_H","500-999","B08","D111","BG",2008,NA
"PPS","P_SAL_H","500-999","B08","D1111","BG",2008,NA
"PPS","P_SAL_H","500-999","C","D01","BG",2008,7.11
"PPS","P_SAL_H","500-999","C","D111","BG",2008,5.66
"PPS","P_SAL_H","500-999","C","D1111","BG",2008,4.99
"PPS","P_SAL_H","500-999","C10","D01","BG",2008,NA
"PPS","P_SAL_H","500-999","C10","D111","BG",2008,NA
"PPS","P_SAL_H","500-999","C10","D1111","BG",2008,NA
"PPS","P_SAL_H","500-999","C11","D01","BG",2008,7.25
"PPS","P_SAL_H","500-999","C11","D111","BG",2008,6.06
"PPS","P_SAL_H","500-999","C11","D1111","BG",2008,5.33
"PPS","P_SAL_H","500-999","C12","D01","BG",2008,NA
"PPS","P_SAL_H","500-999","C12","D111","BG",2008,NA
"PPS","P_SAL_H","500-999","C12","D1111","BG",2008,NA
"PPS","P_SAL_H","500-999","C13","D01","BG",2008,4.92
"PPS","P_SAL_H","500-999","C13","D111","BG",2008,3.96
"PPS","P_SAL_H","500-999","C13","D1111","BG",2008,3.59
"PPS","P_SAL_H","500-999","C14","D01","BG",2008,4.41
"PPS","P_SAL_H","500-999","C14","D111","BG",2008,3.6
"PPS","P_SAL_H","500-999","C14","D1111","BG",2008,3.27
"PPS","P_SAL_H","500-999","C15","D01","BG",2008,2.9
"PPS","P_SAL_H","500-999","C15","D111","BG",2008,2.36
"PPS","P_SAL_H","500-999","C15","D1111","BG",2008,2.18
"PPS","P_SAL_H","500-999","C16","D01","BG",2008,NA
"PPS","P_SAL_H","500-999","C16","D111","BG",2008,NA
"PPS","P_SAL_H","500-999","C16","D1111","BG",2008,NA
"PPS","P_SAL_H","500-999","C17","D01","BG",2008,8.73
"PPS","P_SAL_H","500-999","C17","D111","BG",2008,7.03
"PPS","P_SAL_H","500-999","C17","D1111","BG",2008,6.07
"PPS","P_SAL_H","500-999","C20","D01","BG",2008,12.47
"PPS","P_SAL_H","500-999","C20","D111","BG",2008,8.32
"PPS","P_SAL_H","500-999","C20","D1111","BG",2008,6.7
"PPS","P_SAL_H","500-999","C21","D01","BG",2008,7.64
"PPS","P_SAL_H","500-999","C21","D111","BG",2008,5.88
"PPS","P_SAL_H","500-999","C21","D1111","BG",2008,5.26
"PPS","P_SAL_H","500-999","C22","D01","BG",2008,NA
"PPS","P_SAL_H","500-999","C22","D111","BG",2008,NA
"PPS","P_SAL_H","500-999","C22","D1111","BG",2008,NA
"PPS","P_SAL_H","500-999","C23","D01","BG",2008,8.12
"PPS","P_SAL_H","500-999","C23","D111","BG",2008,6.38
"PPS","P_SAL_H","500-999","C23","D1111","BG",2008,5.66
"PPS","P_SAL_H","500-999","C24","D01","BG",2008,11.14
"PPS","P_SAL_H","500-999","C24","D111","BG",2008,8.69
"PPS","P_SAL_H","500-999","C24","D1111","BG",2008,7.58
"PPS","P_SAL_H","500-999","C25","D01","BG",2008,6.35
"PPS","P_SAL_H","500-999","C25","D111","BG",2008,5.15
"PPS","P_SAL_H","500-999","C25","D1111","BG",2008,4.65
"PPS","P_SAL_H","500-999","C27","D01","BG",2008,NA
"PPS","P_SAL_H","500-999","C27","D111","BG",2008,NA
"PPS","P_SAL_H","500-999","C27","D1111","BG",2008,NA
"PPS","P_SAL_H","500-999","C28","D01","BG",2008,6.43
"PPS","P_SAL_H","500-999","C28","D111","BG",2008,5.19
"PPS","P_SAL_H","500-999","C28","D1111","BG",2008,4.6
"PPS","P_SAL_H","500-999","C29","D01","BG",2008,3.91
"PPS","P_SAL_H","500-999","C29","D111","BG",2008,3.18
"PPS","P_SAL_H","500-999","C29","D1111","BG",2008,2.75
"PPS","P_SAL_H","500-999","C30","D01","BG",2008,NA
"PPS","P_SAL_H","500-999","C30","D111","BG",2008,NA
"PPS","P_SAL_H","500-999","C30","D1111","BG",2008,NA
"PPS","P_SAL_H","500-999","C31","D01","BG",2008,4.45
"PPS","P_SAL_H","500-999","C31","D111","BG",2008,3.58
"PPS","P_SAL_H","500-999","C31","D1111","BG",2008,3.32
"PPS","P_SAL_H","500-999","C32","D01","BG",2008,NA
"PPS","P_SAL_H","500-999","C32","D111","BG",2008,NA
"PPS","P_SAL_H","500-999","C32","D1111","BG",2008,NA
"PPS","P_SAL_H","500-999","C33","D01","BG",2008,10.49
"PPS","P_SAL_H","500-999","C33","D111","BG",2008,8.39
"PPS","P_SAL_H","500-999","C33","D1111","BG",2008,7.26
"PPS","P_SAL_H","500-999","D","D01","BG",2008,12.98
"PPS","P_SAL_H","500-999","D","D111","BG",2008,9.53
"PPS","P_SAL_H","500-999","D","D1111","BG",2008,7.42
"PPS","P_SAL_H","500-999","D35","D01","BG",2008,12.98
"PPS","P_SAL_H","500-999","D35","D111","BG",2008,9.53
"PPS","P_SAL_H","500-999","D35","D1111","BG",2008,7.42
"PPS","P_SAL_H","500-999","E","D01","BG",2008,6.43
"PPS","P_SAL_H","500-999","E","D111","BG",2008,5.29
"PPS","P_SAL_H","500-999","E","D1111","BG",2008,4.55
"PPS","P_SAL_H","500-999","E36","D01","BG",2008,7.51
"PPS","P_SAL_H","500-999","E36","D111","BG",2008,6.13
"PPS","P_SAL_H","500-999","E36","D1111","BG",2008,4.64
"PPS","P_SAL_H","500-999","E38","D01","BG",2008,5.97
"PPS","P_SAL_H","500-999","E38","D111","BG",2008,4.93
"PPS","P_SAL_H","500-999","E38","D1111","BG",2008,4.52
"PPS","P_SAL_H","500-999","F","D01","BG",2008,7.04
"PPS","P_SAL_H","500-999","F","D111","BG",2008,5.77
"PPS","P_SAL_H","500-999","F","D1111","BG",2008,5.4
"PPS","P_SAL_H","500-999","F41","D01","BG",2008,6.13
"PPS","P_SAL_H","500-999","F41","D111","BG",2008,5.13
"PPS","P_SAL_H","500-999","F41","D1111","BG",2008,4.86
"PPS","P_SAL_H","500-999","F42","D01","BG",2008,NA
"PPS","P_SAL_H","500-999","F42","D111","BG",2008,NA
"PPS","P_SAL_H","500-999","F42","D1111","BG",2008,NA
"PPS","P_SAL_H","500-999","F43","D01","BG",2008,NA
"PPS","P_SAL_H","500-999","F43","D111","BG",2008,NA
"PPS","P_SAL_H","500-999","F43","D1111","BG",2008,NA
"PPS","P_SAL_H","500-999","G","D01","BG",2008,8.67
"PPS","P_SAL_H","500-999","G","D111","BG",2008,7.21
"PPS","P_SAL_H","500-999","G","D1111","BG",2008,6.67
"PPS","P_SAL_H","500-999","G-J","D01","BG",2008,9.75
"PPS","P_SAL_H","500-999","G-J","D111","BG",2008,8
"PPS","P_SAL_H","500-999","G-J","D1111","BG",2008,6.69
"PPS","P_SAL_H","500-999","G-N","D01","BG",2008,9.47
"PPS","P_SAL_H","500-999","G-N","D111","BG",2008,7.81
"PPS","P_SAL_H","500-999","G-N","D1111","BG",2008,6.63
"PPS","P_SAL_H","500-999","G-S_X_O","D01","BG",2008,8.72
"PPS","P_SAL_H","500-999","G-S_X_O","D111","BG",2008,7.18
"PPS","P_SAL_H","500-999","G-S_X_O","D1111","BG",2008,6.18
"PPS","P_SAL_H","500-999","G45","D01","BG",2008,12.65
"PPS","P_SAL_H","500-999","G45","D111","BG",2008,10.71
"PPS","P_SAL_H","500-999","G45","D1111","BG",2008,9.75
"PPS","P_SAL_H","500-999","G46","D01","BG",2008,9.43
"PPS","P_SAL_H","500-999","G46","D111","BG",2008,7.9
"PPS","P_SAL_H","500-999","G46","D1111","BG",2008,7.31
"PPS","P_SAL_H","500-999","G47","D01","BG",2008,6.91
"PPS","P_SAL_H","500-999","G47","D111","BG",2008,5.65
"PPS","P_SAL_H","500-999","G47","D1111","BG",2008,5.28
"PPS","P_SAL_H","500-999","H","D01","BG",2008,10.64
"PPS","P_SAL_H","500-999","H","D111","BG",2008,8.62
"PPS","P_SAL_H","500-999","H","D1111","BG",2008,6.66
"PPS","P_SAL_H","500-999","H49","D01","BG",2008,7.34
"PPS","P_SAL_H","500-999","H49","D111","BG",2008,5.76
"PPS","P_SAL_H","500-999","H49","D1111","BG",2008,4.4
"PPS","P_SAL_H","500-999","H50","D01","BG",2008,NA
"PPS","P_SAL_H","500-999","H50","D111","BG",2008,NA
"PPS","P_SAL_H","500-999","H50","D1111","BG",2008,NA
"PPS","P_SAL_H","500-999","H51","D01","BG",2008,NA
"PPS","P_SAL_H","500-999","H51","D111","BG",2008,NA
"PPS","P_SAL_H","500-999","H51","D1111","BG",2008,NA
"PPS","P_SAL_H","500-999","H52","D01","BG",2008,15.79
"PPS","P_SAL_H","500-999","H52","D111","BG",2008,12.98
"PPS","P_SAL_H","500-999","H52","D1111","BG",2008,9.83
"PPS","P_SAL_H","500-999","H53","D01","BG",2008,NA
"PPS","P_SAL_H","500-999","H53","D111","BG",2008,NA
"PPS","P_SAL_H","500-999","H53","D1111","BG",2008,NA
"PPS","P_SAL_H","500-999","I","D01","BG",2008,NA
"PPS","P_SAL_H","500-999","I","D111","BG",2008,NA
"PPS","P_SAL_H","500-999","I","D1111","BG",2008,NA
"PPS","P_SAL_H","500-999","I55","D01","BG",2008,NA
"PPS","P_SAL_H","500-999","I55","D111","BG",2008,NA
"PPS","P_SAL_H","500-999","I55","D1111","BG",2008,NA
"PPS","P_SAL_H","500-999","I56","D01","BG",2008,NA
"PPS","P_SAL_H","500-999","I56","D111","BG",2008,NA
"PPS","P_SAL_H","500-999","I56","D1111","BG",2008,NA
"PPS","P_SAL_H","500-999","J","D01","BG",2008,11.34
"PPS","P_SAL_H","500-999","J","D111","BG",2008,9.62
"PPS","P_SAL_H","500-999","J","D1111","BG",2008,8.76
"PPS","P_SAL_H","500-999","J58","D01","BG",2008,NA
"PPS","P_SAL_H","500-999","J58","D111","BG",2008,NA
"PPS","P_SAL_H","500-999","J58","D1111","BG",2008,NA
"PPS","P_SAL_H","500-999","J60","D01","BG",2008,NA
"PPS","P_SAL_H","500-999","J60","D111","BG",2008,NA
"PPS","P_SAL_H","500-999","J60","D1111","BG",2008,NA
"PPS","P_SAL_H","500-999","J61","D01","BG",2008,NA
"PPS","P_SAL_H","500-999","J61","D111","BG",2008,NA
"PPS","P_SAL_H","500-999","J61","D1111","BG",2008,NA
"PPS","P_SAL_H","500-999","J62","D01","BG",2008,NA
"PPS","P_SAL_H","500-999","J62","D111","BG",2008,NA
"PPS","P_SAL_H","500-999","J62","D1111","BG",2008,NA
"PPS","P_SAL_H","500-999","K","D01","BG",2008,14.4
"PPS","P_SAL_H","500-999","K","D111","BG",2008,12.17
"PPS","P_SAL_H","500-999","K","D1111","BG",2008,10.58
"PPS","P_SAL_H","500-999","K-N","D01","BG",2008,8.97
"PPS","P_SAL_H","500-999","K-N","D111","BG",2008,7.48
"PPS","P_SAL_H","500-999","K-N","D1111","BG",2008,6.51
"PPS","P_SAL_H","500-999","K64","D01","BG",2008,14.4
"PPS","P_SAL_H","500-999","K64","D111","BG",2008,12.17
"PPS","P_SAL_H","500-999","K64","D1111","BG",2008,10.58
"PPS","P_SAL_H","500-999","K65","D01","BG",2008,NA
"PPS","P_SAL_H","500-999","K65","D111","BG",2008,NA
"PPS","P_SAL_H","500-999","K65","D1111","BG",2008,NA
"PPS","P_SAL_H","500-999","M","D01","BG",2008,NA
"PPS","P_SAL_H","500-999","M","D111","BG",2008,NA
"PPS","P_SAL_H","500-999","M","D1111","BG",2008,NA
"PPS","P_SAL_H","500-999","M70","D01","BG",2008,NA
"PPS","P_SAL_H","500-999","M70","D111","BG",2008,NA
"PPS","P_SAL_H","500-999","M70","D1111","BG",2008,NA
"PPS","P_SAL_H","500-999","M73","D01","BG",2008,NA
"PPS","P_SAL_H","500-999","M73","D111","BG",2008,NA
"PPS","P_SAL_H","500-999","M73","D1111","BG",2008,NA
"PPS","P_SAL_H","500-999","N","D01","BG",2008,3.3
"PPS","P_SAL_H","500-999","N","D111","BG",2008,2.68
"PPS","P_SAL_H","500-999","N","D1111","BG",2008,2.48
"PPS","P_SAL_H","500-999","N78","D01","BG",2008,NA
"PPS","P_SAL_H","500-999","N78","D111","BG",2008,NA
"PPS","P_SAL_H","500-999","N78","D1111","BG",2008,NA
"PPS","P_SAL_H","500-999","N80","D01","BG",2008,2.52
"PPS","P_SAL_H","500-999","N80","D111","BG",2008,2.06
"PPS","P_SAL_H","500-999","N80","D1111","BG",2008,1.95
"PPS","P_SAL_H","500-999","N81","D01","BG",2008,NA
"PPS","P_SAL_H","500-999","N81","D111","BG",2008,NA
"PPS","P_SAL_H","500-999","N81","D1111","BG",2008,NA
"PPS","P_SAL_H","500-999","N82","D01","BG",2008,NA
"PPS","P_SAL_H","500-999","N82","D111","BG",2008,NA
"PPS","P_SAL_H","500-999","N82","D1111","BG",2008,NA
"PPS","P_SAL_H","500-999","O","D01","BG",2008,10.93
"PPS","P_SAL_H","500-999","O","D111","BG",2008,8.64
"PPS","P_SAL_H","500-999","O","D1111","BG",2008,7.98
"PPS","P_SAL_H","500-999","O-S","D01","BG",2008,8.26
"PPS","P_SAL_H","500-999","O-S","D111","BG",2008,6.71
"PPS","P_SAL_H","500-999","O-S","D1111","BG",2008,6.02
"PPS","P_SAL_H","500-999","O84","D01","BG",2008,10.93
"PPS","P_SAL_H","500-999","O84","D111","BG",2008,8.64
"PPS","P_SAL_H","500-999","O84","D1111","BG",2008,7.98
"PPS","P_SAL_H","500-999","P","D01","BG",2008,8.35
"PPS","P_SAL_H","500-999","P","D111","BG",2008,6.87
"PPS","P_SAL_H","500-999","P","D1111","BG",2008,5.86
"PPS","P_SAL_H","500-999","P-S","D01","BG",2008,7.52
"PPS","P_SAL_H","500-999","P-S","D111","BG",2008,6.18
"PPS","P_SAL_H","500-999","P-S","D1111","BG",2008,5.47
"PPS","P_SAL_H","500-999","P85","D01","BG",2008,8.35
"PPS","P_SAL_H","500-999","P85","D111","BG",2008,6.87
"PPS","P_SAL_H","500-999","P85","D1111","BG",2008,5.86
"PPS","P_SAL_H","500-999","Q","D01","BG",2008,7.13
"PPS","P_SAL_H","500-999","Q","D111","BG",2008,5.86
"PPS","P_SAL_H","500-999","Q","D1111","BG",2008,5.29
"PPS","P_SAL_H","500-999","Q86","D01","BG",2008,7.13
"PPS","P_SAL_H","500-999","Q86","D111","BG",2008,5.86
"PPS","P_SAL_H","500-999","Q86","D1111","BG",2008,5.29
"PPS","P_SAL_H","500-999","Q87","D01","BG",2008,NA
"PPS","P_SAL_H","500-999","Q87","D111","BG",2008,NA
"PPS","P_SAL_H","500-999","Q87","D1111","BG",2008,NA
"PPS","P_SAL_H","500-999","Q88","D01","BG",2008,NA
"PPS","P_SAL_H","500-999","Q88","D111","BG",2008,NA
"PPS","P_SAL_H","500-999","Q88","D1111","BG",2008,NA
"PPS","P_SAL_H","GE10","B","D01","BG",2008,10.49
"PPS","P_SAL_H","GE10","B","D111","BG",2008,7.69
"PPS","P_SAL_H","GE10","B","D1111","BG",2008,6.52
"PPS","P_SAL_H","GE10","B-E","D01","BG",2008,5.92
"PPS","P_SAL_H","GE10","B-E","D111","BG",2008,4.72
"PPS","P_SAL_H","GE10","B-E","D1111","BG",2008,4.11
"PPS","P_SAL_H","GE10","B-F","D01","BG",2008,5.62
"PPS","P_SAL_H","GE10","B-F","D111","BG",2008,4.5
"PPS","P_SAL_H","GE10","B-F","D1111","BG",2008,3.98
"PPS","P_SAL_H","GE10","B-N","D01","BG",2008,5.94
"PPS","P_SAL_H","GE10","B-N","D111","BG",2008,4.86
"PPS","P_SAL_H","GE10","B-N","D1111","BG",2008,4.34
"PPS","P_SAL_H","GE10","B-S","D01","BG",2008,6.12
"PPS","P_SAL_H","GE10","B-S","D111","BG",2008,4.98
"PPS","P_SAL_H","GE10","B-S","D1111","BG",2008,4.43
"PPS","P_SAL_H","GE10","B-S_X_O","D01","BG",2008,5.99
"PPS","P_SAL_H","GE10","B-S_X_O","D111","BG",2008,4.89
"PPS","P_SAL_H","GE10","B-S_X_O","D1111","BG",2008,4.34
"PPS","P_SAL_H","GE10","B05","D01","BG",2008,11.56
"PPS","P_SAL_H","GE10","B05","D111","BG",2008,8.16
"PPS","P_SAL_H","GE10","B05","D1111","BG",2008,6.59
"PPS","P_SAL_H","GE10","B06","D01","BG",2008,NA
"PPS","P_SAL_H","GE10","B06","D111","BG",2008,NA
"PPS","P_SAL_H","GE10","B06","D1111","BG",2008,NA
"PPS","P_SAL_H","GE10","B07","D01","BG",2008,13.19
"PPS","P_SAL_H","GE10","B07","D111","BG",2008,9.94
"PPS","P_SAL_H","GE10","B07","D1111","BG",2008,8.73
"PPS","P_SAL_H","GE10","B08","D01","BG",2008,6.83
"PPS","P_SAL_H","GE10","B08","D111","BG",2008,5.28
"PPS","P_SAL_H","GE10","B08","D1111","BG",2008,4.75
"PPS","P_SAL_H","GE10","B09","D01","BG",2008,NA
"PPS","P_SAL_H","GE10","B09","D111","BG",2008,NA
"PPS","P_SAL_H","GE10","B09","D1111","BG",2008,NA
"PPS","P_SAL_H","GE10","C","D01","BG",2008,5.17
"PPS","P_SAL_H","GE10","C","D111","BG",2008,4.17
"PPS","P_SAL_H","GE10","C","D1111","BG",2008,3.74
"PPS","P_SAL_H","GE10","C10","D01","BG",2008,4.13
"PPS","P_SAL_H","GE10","C10","D111","BG",2008,3.4
"PPS","P_SAL_H","GE10","C10","D1111","BG",2008,3.14
"PPS","P_SAL_H","GE10","C11","D01","BG",2008,6.72
"PPS","P_SAL_H","GE10","C11","D111","BG",2008,5.61
"PPS","P_SAL_H","GE10","C11","D1111","BG",2008,4.95
"PPS","P_SAL_H","GE10","C12","D01","BG",2008,NA
"PPS","P_SAL_H","GE10","C12","D111","BG",2008,NA
"PPS","P_SAL_H","GE10","C12","D1111","BG",2008,NA
"PPS","P_SAL_H","GE10","C13","D01","BG",2008,4.68
"PPS","P_SAL_H","GE10","C13","D111","BG",2008,3.77
"PPS","P_SAL_H","GE10","C13","D1111","BG",2008,3.43
"PPS","P_SAL_H","GE10","C14","D01","BG",2008,3.25
"PPS","P_SAL_H","GE10","C14","D111","BG",2008,2.67
"PPS","P_SAL_H","GE10","C14","D1111","BG",2008,2.42
"PPS","P_SAL_H","GE10","C15","D01","BG",2008,2.95
"PPS","P_SAL_H","GE10","C15","D111","BG",2008,2.41
"PPS","P_SAL_H","GE10","C15","D1111","BG",2008,2.21
"PPS","P_SAL_H","GE10","C16","D01","BG",2008,3.92
"PPS","P_SAL_H","GE10","C16","D111","BG",2008,3.21
"PPS","P_SAL_H","GE10","C16","D1111","BG",2008,2.93
"PPS","P_SAL_H","GE10","C17","D01","BG",2008,4.93
"PPS","P_SAL_H","GE10","C17","D111","BG",2008,4
"PPS","P_SAL_H","GE10","C17","D1111","BG",2008,3.54
"PPS","P_SAL_H","GE10","C18","D01","BG",2008,5.74
"PPS","P_SAL_H","GE10","C18","D111","BG",2008,4.76
"PPS","P_SAL_H","GE10","C18","D1111","BG",2008,4.32
"PPS","P_SAL_H","GE10","C19","D01","BG",2008,NA
"PPS","P_SAL_H","GE10","C19","D111","BG",2008,NA
"PPS","P_SAL_H","GE10","C19","D1111","BG",2008,NA
"PPS","P_SAL_H","GE10","C20","D01","BG",2008,7.72
"PPS","P_SAL_H","GE10","C20","D111","BG",2008,6
"PPS","P_SAL_H","GE10","C20","D1111","BG",2008,5.28
"PPS","P_SAL_H","GE10","C21","D01","BG",2008,8
"PPS","P_SAL_H","GE10","C21","D111","BG",2008,6.34
"PPS","P_SAL_H","GE10","C21","D1111","BG",2008,5.59
"PPS","P_SAL_H","GE10","C22","D01","BG",2008,3.88
"PPS","P_SAL_H","GE10","C22","D111","BG",2008,3.18
"PPS","P_SAL_H","GE10","C22","D1111","BG",2008,2.92
"PPS","P_SAL_H","GE10","C23","D01","BG",2008,6.28
"PPS","P_SAL_H","GE10","C23","D111","BG",2008,5.04
"PPS","P_SAL_H","GE10","C23","D1111","BG",2008,4.54
"PPS","P_SAL_H","GE10","C24","D01","BG",2008,11.02
"PPS","P_SAL_H","GE10","C24","D111","BG",2008,8.53
"PPS","P_SAL_H","GE10","C24","D1111","BG",2008,7.44
"PPS","P_SAL_H","GE10","C25","D01","BG",2008,4.96
"PPS","P_SAL_H","GE10","C25","D111","BG",2008,4.01
"PPS","P_SAL_H","GE10","C25","D1111","BG",2008,3.64
"PPS","P_SAL_H","GE10","C26","D01","BG",2008,6.61
"PPS","P_SAL_H","GE10","C26","D111","BG",2008,5.46
"PPS","P_SAL_H","GE10","C26","D1111","BG",2008,4.81
"PPS","P_SAL_H","GE10","C27","D01","BG",2008,6.36
"PPS","P_SAL_H","GE10","C27","D111","BG",2008,5.18
"PPS","P_SAL_H","GE10","C27","D1111","BG",2008,4.6
"PPS","P_SAL_H","GE10","C28","D01","BG",2008,6.19
"PPS","P_SAL_H","GE10","C28","D111","BG",2008,5.03
"PPS","P_SAL_H","GE10","C28","D1111","BG",2008,4.45
"PPS","P_SAL_H","GE10","C29","D01","BG",2008,4.85
"PPS","P_SAL_H","GE10","C29","D111","BG",2008,3.96
"PPS","P_SAL_H","GE10","C29","D1111","BG",2008,3.59
"PPS","P_SAL_H","GE10","C30","D01","BG",2008,7.71
"PPS","P_SAL_H","GE10","C30","D111","BG",2008,6.14
"PPS","P_SAL_H","GE10","C30","D1111","BG",2008,5.49
"PPS","P_SAL_H","GE10","C31","D01","BG",2008,3.19
"PPS","P_SAL_H","GE10","C31","D111","BG",2008,2.61
"PPS","P_SAL_H","GE10","C31","D1111","BG",2008,2.4
"PPS","P_SAL_H","GE10","C32","D01","BG",2008,4.26
"PPS","P_SAL_H","GE10","C32","D111","BG",2008,3.51
"PPS","P_SAL_H","GE10","C32","D1111","BG",2008,3.19
"PPS","P_SAL_H","GE10","C33","D01","BG",2008,8.19
"PPS","P_SAL_H","GE10","C33","D111","BG",2008,6.59
"PPS","P_SAL_H","GE10","C33","D1111","BG",2008,5.85
"PPS","P_SAL_H","GE10","D","D01","BG",2008,14.31
"PPS","P_SAL_H","GE10","D","D111","BG",2008,10.97
"PPS","P_SAL_H","GE10","D","D1111","BG",2008,8.17
"PPS","P_SAL_H","GE10","D35","D01","BG",2008,14.31
"PPS","P_SAL_H","GE10","D35","D111","BG",2008,10.97
"PPS","P_SAL_H","GE10","D35","D1111","BG",2008,8.17
"PPS","P_SAL_H","GE10","E","D01","BG",2008,6.16
"PPS","P_SAL_H","GE10","E","D111","BG",2008,5.02
"PPS","P_SAL_H","GE10","E","D1111","BG",2008,4.19
"PPS","P_SAL_H","GE10","E36","D01","BG",2008,6.94
"PPS","P_SAL_H","GE10","E36","D111","BG",2008,5.63
"PPS","P_SAL_H","GE10","E36","D1111","BG",2008,4.41
"PPS","P_SAL_H","GE10","E37","D01","BG",2008,6.74
"PPS","P_SAL_H","GE10","E37","D111","BG",2008,5.86
"PPS","P_SAL_H","GE10","E37","D1111","BG",2008,5.53
"PPS","P_SAL_H","GE10","E38","D01","BG",2008,5.15
"PPS","P_SAL_H","GE10","E38","D111","BG",2008,4.23
"PPS","P_SAL_H","GE10","E38","D1111","BG",2008,3.86
"PPS","P_SAL_H","GE10","E39","D01","BG",2008,6.12
"PPS","P_SAL_H","GE10","E39","D111","BG",2008,4.99
"PPS","P_SAL_H","GE10","E39","D1111","BG",2008,4.47
"PPS","P_SAL_H","GE10","F","D01","BG",2008,4.7
"PPS","P_SAL_H","GE10","F","D111","BG",2008,3.85
"PPS","P_SAL_H","GE10","F","D1111","BG",2008,3.59
"PPS","P_SAL_H","GE10","F41","D01","BG",2008,4.16
"PPS","P_SAL_H","GE10","F41","D111","BG",2008,3.42
"PPS","P_SAL_H","GE10","F41","D1111","BG",2008,3.2
"PPS","P_SAL_H","GE10","F42","D01","BG",2008,6.15
"PPS","P_SAL_H","GE10","F42","D111","BG",2008,4.95
"PPS","P_SAL_H","GE10","F42","D1111","BG",2008,4.55
"PPS","P_SAL_H","GE10","F43","D01","BG",2008,4.87
"PPS","P_SAL_H","GE10","F43","D111","BG",2008,4.03
"PPS","P_SAL_H","GE10","F43","D1111","BG",2008,3.78
"PPS","P_SAL_H","GE10","G","D01","BG",2008,5.14
"PPS","P_SAL_H","GE10","G","D111","BG",2008,4.3
"PPS","P_SAL_H","GE10","G","D1111","BG",2008,4
"PPS","P_SAL_H","GE10","G-J","D01","BG",2008,6.14
"PPS","P_SAL_H","GE10","G-J","D111","BG",2008,5.1
"PPS","P_SAL_H","GE10","G-J","D1111","BG",2008,4.57
"PPS","P_SAL_H","GE10","G-N","D01","BG",2008,6.34
"PPS","P_SAL_H","GE10","G-N","D111","BG",2008,5.29
"PPS","P_SAL_H","GE10","G-N","D1111","BG",2008,4.78
"PPS","P_SAL_H","GE10","G-S_X_O","D01","BG",2008,6.3
"PPS","P_SAL_H","GE10","G-S_X_O","D111","BG",2008,5.22
"PPS","P_SAL_H","GE10","G-S_X_O","D1111","BG",2008,4.65
"PPS","P_SAL_H","GE10","G45","D01","BG",2008,6.61
"PPS","P_SAL_H","GE10","G45","D111","BG",2008,5.57
"PPS","P_SAL_H","GE10","G45","D1111","BG",2008,5.16
"PPS","P_SAL_H","GE10","G46","D01","BG",2008,5.81
"PPS","P_SAL_H","GE10","G46","D111","BG",2008,4.91
"PPS","P_SAL_H","GE10","G46","D1111","BG",2008,4.57
"PPS","P_SAL_H","GE10","G47","D01","BG",2008,4.09
"PPS","P_SAL_H","GE10","G47","D111","BG",2008,3.36
"PPS","P_SAL_H","GE10","G47","D1111","BG",2008,3.14
"PPS","P_SAL_H","GE10","H","D01","BG",2008,7.22
"PPS","P_SAL_H","GE10","H","D111","BG",2008,5.87
"PPS","P_SAL_H","GE10","H","D1111","BG",2008,4.83
"PPS","P_SAL_H","GE10","H49","D01","BG",2008,5.56
"PPS","P_SAL_H","GE10","H49","D111","BG",2008,4.38
"PPS","P_SAL_H","GE10","H49","D1111","BG",2008,3.73
"PPS","P_SAL_H","GE10","H50","D01","BG",2008,11.1
"PPS","P_SAL_H","GE10","H50","D111","BG",2008,8.3
"PPS","P_SAL_H","GE10","H50","D1111","BG",2008,6.8
"PPS","P_SAL_H","GE10","H51","D01","BG",2008,17.05
"PPS","P_SAL_H","GE10","H51","D111","BG",2008,13.98
"PPS","P_SAL_H","GE10","H51","D1111","BG",2008,12.47
"PPS","P_SAL_H","GE10","H52","D01","BG",2008,10.05
"PPS","P_SAL_H","GE10","H52","D111","BG",2008,8.57
"PPS","P_SAL_H","GE10","H52","D1111","BG",2008,6.81
"PPS","P_SAL_H","GE10","H53","D01","BG",2008,5.72
"PPS","P_SAL_H","GE10","H53","D111","BG",2008,4.69
"PPS","P_SAL_H","GE10","H53","D1111","BG",2008,3.67
"PPS","P_SAL_H","GE10","I","D01","BG",2008,3.61
"PPS","P_SAL_H","GE10","I","D111","BG",2008,2.97
"PPS","P_SAL_H","GE10","I","D1111","BG",2008,2.78
"PPS","P_SAL_H","GE10","I55","D01","BG",2008,4.24
"PPS","P_SAL_H","GE10","I55","D111","BG",2008,3.47
"PPS","P_SAL_H","GE10","I55","D1111","BG",2008,3.21
"PPS","P_SAL_H","GE10","I56","D01","BG",2008,3.13
"PPS","P_SAL_H","GE10","I56","D111","BG",2008,2.58
"PPS","P_SAL_H","GE10","I56","D1111","BG",2008,2.44
"PPS","P_SAL_H","GE10","J","D01","BG",2008,12.06
"PPS","P_SAL_H","GE10","J","D111","BG",2008,10.21
"PPS","P_SAL_H","GE10","J","D1111","BG",2008,9.35
"PPS","P_SAL_H","GE10","J58","D01","BG",2008,7.11
"PPS","P_SAL_H","GE10","J58","D111","BG",2008,6.02
"PPS","P_SAL_H","GE10","J58","D1111","BG",2008,5.6
"PPS","P_SAL_H","GE10","J59","D01","BG",2008,7.99
"PPS","P_SAL_H","GE10","J59","D111","BG",2008,6.65
"PPS","P_SAL_H","GE10","J59","D1111","BG",2008,6.21
"PPS","P_SAL_H","GE10","J60","D01","BG",2008,8.2
"PPS","P_SAL_H","GE10","J60","D111","BG",2008,6.83
"PPS","P_SAL_H","GE10","J60","D1111","BG",2008,6.29
"PPS","P_SAL_H","GE10","J61","D01","BG",2008,12.17
"PPS","P_SAL_H","GE10","J61","D111","BG",2008,10.21
"PPS","P_SAL_H","GE10","J61","D1111","BG",2008,9.35
"PPS","P_SAL_H","GE10","J62","D01","BG",2008,16.4
"PPS","P_SAL_H","GE10","J62","D111","BG",2008,14.05
"PPS","P_SAL_H","GE10","J62","D1111","BG",2008,12.8
"PPS","P_SAL_H","GE10","J63","D01","BG",2008,10.93
"PPS","P_SAL_H","GE10","J63","D111","BG",2008,9.32
"PPS","P_SAL_H","GE10","J63","D1111","BG",2008,8.49
"PPS","P_SAL_H","GE10","K","D01","BG",2008,12.44
"PPS","P_SAL_H","GE10","K","D111","BG",2008,10.48
"PPS","P_SAL_H","GE10","K","D1111","BG",2008,9.5
"PPS","P_SAL_H","GE10","K-N","D01","BG",2008,6.85
"PPS","P_SAL_H","GE10","K-N","D111","BG",2008,5.79
"PPS","P_SAL_H","GE10","K-N","D1111","BG",2008,5.28
"PPS","P_SAL_H","GE10","K64","D01","BG",2008,12.48
"PPS","P_SAL_H","GE10","K64","D111","BG",2008,10.5
"PPS","P_SAL_H","GE10","K64","D1111","BG",2008,9.47
"PPS","P_SAL_H","GE10","K65","D01","BG",2008,12.82
"PPS","P_SAL_H","GE10","K65","D111","BG",2008,10.89
"PPS","P_SAL_H","GE10","K65","D1111","BG",2008,10.14
"PPS","P_SAL_H","GE10","K66","D01","BG",2008,10.9
"PPS","P_SAL_H","GE10","K66","D111","BG",2008,9.14
"PPS","P_SAL_H","GE10","K66","D1111","BG",2008,8.48
"PPS","P_SAL_H","GE10","L","D01","BG",2008,6.12
"PPS","P_SAL_H","GE10","L","D111","BG",2008,5.13
"PPS","P_SAL_H","GE10","L","D1111","BG",2008,4.68
"PPS","P_SAL_H","GE10","L68","D01","BG",2008,6.12
"PPS","P_SAL_H","GE10","L68","D111","BG",2008,5.13
"PPS","P_SAL_H","GE10","L68","D1111","BG",2008,4.68
"PPS","P_SAL_H","GE10","M","D01","BG",2008,9.44
"PPS","P_SAL_H","GE10","M","D111","BG",2008,7.99
"PPS","P_SAL_H","GE10","M","D1111","BG",2008,7.24
"PPS","P_SAL_H","GE10","M69","D01","BG",2008,13.24
"PPS","P_SAL_H","GE10","M69","D111","BG",2008,11.36
"PPS","P_SAL_H","GE10","M69","D1111","BG",2008,10.5
"PPS","P_SAL_H","GE10","M70","D01","BG",2008,13.63
"PPS","P_SAL_H","GE10","M70","D111","BG",2008,11.66
"PPS","P_SAL_H","GE10","M70","D1111","BG",2008,10.42
"PPS","P_SAL_H","GE10","M71","D01","BG",2008,9.54
"PPS","P_SAL_H","GE10","M71","D111","BG",2008,8
"PPS","P_SAL_H","GE10","M71","D1111","BG",2008,7.19
"PPS","P_SAL_H","GE10","M72","D01","BG",2008,6.46
"PPS","P_SAL_H","GE10","M72","D111","BG",2008,5.3
"PPS","P_SAL_H","GE10","M72","D1111","BG",2008,4.64
"PPS","P_SAL_H","GE10","M73","D01","BG",2008,9.28
"PPS","P_SAL_H","GE10","M73","D111","BG",2008,7.91
"PPS","P_SAL_H","GE10","M73","D1111","BG",2008,7.34
"PPS","P_SAL_H","GE10","M74","D01","BG",2008,10.14
"PPS","P_SAL_H","GE10","M74","D111","BG",2008,8.82
"PPS","P_SAL_H","GE10","M74","D1111","BG",2008,8.33
"PPS","P_SAL_H","GE10","M75","D01","BG",2008,NA
"PPS","P_SAL_H","GE10","M75","D111","BG",2008,NA
"PPS","P_SAL_H","GE10","M75","D1111","BG",2008,NA
"PPS","P_SAL_H","GE10","N","D01","BG",2008,3.12
"PPS","P_SAL_H","GE10","N","D111","BG",2008,2.66
"PPS","P_SAL_H","GE10","N","D1111","BG",2008,2.48
"PPS","P_SAL_H","GE10","N77","D01","BG",2008,7.73
"PPS","P_SAL_H","GE10","N77","D111","BG",2008,6.51
"PPS","P_SAL_H","GE10","N77","D1111","BG",2008,6
"PPS","P_SAL_H","GE10","N78","D01","BG",2008,5.87
"PPS","P_SAL_H","GE10","N78","D111","BG",2008,4.84
"PPS","P_SAL_H","GE10","N78","D1111","BG",2008,4.47
"PPS","P_SAL_H","GE10","N79","D01","BG",2008,4.95
"PPS","P_SAL_H","GE10","N79","D111","BG",2008,4.16
"PPS","P_SAL_H","GE10","N79","D1111","BG",2008,3.94
"PPS","P_SAL_H","GE10","N80","D01","BG",2008,2.85
"PPS","P_SAL_H","GE10","N80","D111","BG",2008,2.34
"PPS","P_SAL_H","GE10","N80","D1111","BG",2008,2.2
"PPS","P_SAL_H","GE10","N81","D01","BG",2008,2.26
"PPS","P_SAL_H","GE10","N81","D111","BG",2008,2.12
"PPS","P_SAL_H","GE10","N81","D1111","BG",2008,1.96
"PPS","P_SAL_H","GE10","N82","D01","BG",2008,7.27
"PPS","P_SAL_H","GE10","N82","D111","BG",2008,6
"PPS","P_SAL_H","GE10","N82","D1111","BG",2008,5.59
"PPS","P_SAL_H","GE10","O","D01","BG",2008,8.04
"PPS","P_SAL_H","GE10","O","D111","BG",2008,6.34
"PPS","P_SAL_H","GE10","O","D1111","BG",2008,5.71
"PPS","P_SAL_H","GE10","O-S","D01","BG",2008,6.75
"PPS","P_SAL_H","GE10","O-S","D111","BG",2008,5.42
"PPS","P_SAL_H","GE10","O-S","D1111","BG",2008,4.75
"PPS","P_SAL_H","GE10","O84","D01","BG",2008,8.04
"PPS","P_SAL_H","GE10","O84","D111","BG",2008,6.34
"PPS","P_SAL_H","GE10","O84","D1111","BG",2008,5.71
"PPS","P_SAL_H","GE10","P","D01","BG",2008,6.59
"PPS","P_SAL_H","GE10","P","D111","BG",2008,5.27
"PPS","P_SAL_H","GE10","P","D1111","BG",2008,4.4
"PPS","P_SAL_H","GE10","P-S","D01","BG",2008,6.21
"PPS","P_SAL_H","GE10","P-S","D111","BG",2008,5.03
"PPS","P_SAL_H","GE10","P-S","D1111","BG",2008,4.36
"PPS","P_SAL_H","GE10","P85","D01","BG",2008,6.59
"PPS","P_SAL_H","GE10","P85","D111","BG",2008,5.27
"PPS","P_SAL_H","GE10","P85","D1111","BG",2008,4.4
"PPS","P_SAL_H","GE10","Q","D01","BG",2008,6.27
"PPS","P_SAL_H","GE10","Q","D111","BG",2008,5.15
"PPS","P_SAL_H","GE10","Q","D1111","BG",2008,4.61
"PPS","P_SAL_H","GE10","Q86","D01","BG",2008,6.91
"PPS","P_SAL_H","GE10","Q86","D111","BG",2008,5.67
"PPS","P_SAL_H","GE10","Q86","D1111","BG",2008,5.09
"PPS","P_SAL_H","GE10","Q87","D01","BG",2008,4.45
"PPS","P_SAL_H","GE10","Q87","D111","BG",2008,3.65
"PPS","P_SAL_H","GE10","Q87","D1111","BG",2008,3.21
"PPS","P_SAL_H","GE10","Q88","D01","BG",2008,3.78
"PPS","P_SAL_H","GE10","Q88","D111","BG",2008,3.1
"PPS","P_SAL_H","GE10","Q88","D1111","BG",2008,2.74
"PPS","P_SAL_H","GE10","R","D01","BG",2008,4.78
"PPS","P_SAL_H","GE10","R","D111","BG",2008,3.97
"PPS","P_SAL_H","GE10","R","D1111","BG",2008,3.6
"PPS","P_SAL_H","GE10","R90","D01","BG",2008,5.17
"PPS","P_SAL_H","GE10","R90","D111","BG",2008,4.19
"PPS","P_SAL_H","GE10","R90","D1111","BG",2008,3.66
"PPS","P_SAL_H","GE10","R91","D01","BG",2008,4.59
"PPS","P_SAL_H","GE10","R91","D111","BG",2008,3.75
"PPS","P_SAL_H","GE10","R91","D1111","BG",2008,3.29
"PPS","P_SAL_H","GE10","R92","D01","BG",2008,3.97
"PPS","P_SAL_H","GE10","R92","D111","BG",2008,3.28
"PPS","P_SAL_H","GE10","R92","D1111","BG",2008,3.04
"PPS","P_SAL_H","GE10","R93","D01","BG",2008,5.88
"PPS","P_SAL_H","GE10","R93","D111","BG",2008,5.07
"PPS","P_SAL_H","GE10","R93","D1111","BG",2008,4.75
"PPS","P_SAL_H","GE10","S","D01","BG",2008,4.2
"PPS","P_SAL_H","GE10","S","D111","BG",2008,3.59
"PPS","P_SAL_H","GE10","S","D1111","BG",2008,3.27
"PPS","P_SAL_H","GE10","S94","D01","BG",2008,4.45
"PPS","P_SAL_H","GE10","S94","D111","BG",2008,3.85
"PPS","P_SAL_H","GE10","S94","D1111","BG",2008,3.51
"PPS","P_SAL_H","GE10","S95","D01","BG",2008,5.28
"PPS","P_SAL_H","GE10","S95","D111","BG",2008,4.41
"PPS","P_SAL_H","GE10","S95","D1111","BG",2008,4.11
"PPS","P_SAL_H","GE10","S96","D01","BG",2008,3.56
"PPS","P_SAL_H","GE10","S96","D111","BG",2008,2.93
"PPS","P_SAL_H","GE10","S96","D1111","BG",2008,2.67
"PPS","P_SAL_H","GE1000","B","D01","BG",2008,13.82
"PPS","P_SAL_H","GE1000","B","D111","BG",2008,9.91
"PPS","P_SAL_H","GE1000","B","D1111","BG",2008,8.16
"PPS","P_SAL_H","GE1000","B-E","D01","BG",2008,11.17
"PPS","P_SAL_H","GE1000","B-E","D111","BG",2008,8.61
"PPS","P_SAL_H","GE1000","B-E","D1111","BG",2008,7.13
"PPS","P_SAL_H","GE1000","B-F","D01","BG",2008,10.82
"PPS","P_SAL_H","GE1000","B-F","D111","BG",2008,8.36
"PPS","P_SAL_H","GE1000","B-F","D1111","BG",2008,6.94
"PPS","P_SAL_H","GE1000","B-N","D01","BG",2008,9.71
"PPS","P_SAL_H","GE1000","B-N","D111","BG",2008,7.68
"PPS","P_SAL_H","GE1000","B-N","D1111","BG",2008,6.52
"PPS","P_SAL_H","GE1000","B-S","D01","BG",2008,9.56
"PPS","P_SAL_H","GE1000","B-S","D111","BG",2008,7.58
"PPS","P_SAL_H","GE1000","B-S","D1111","BG",2008,6.47
"PPS","P_SAL_H","GE1000","B-S_X_O","D01","BG",2008,9.57
"PPS","P_SAL_H","GE1000","B-S_X_O","D111","BG",2008,7.59
"PPS","P_SAL_H","GE1000","B-S_X_O","D1111","BG",2008,6.46
"PPS","P_SAL_H","GE1000","B05","D01","BG",2008,NA
"PPS","P_SAL_H","GE1000","B05","D111","BG",2008,NA
"PPS","P_SAL_H","GE1000","B05","D1111","BG",2008,NA
"PPS","P_SAL_H","GE1000","B07","D01","BG",2008,NA
"PPS","P_SAL_H","GE1000","B07","D111","BG",2008,NA
"PPS","P_SAL_H","GE1000","B07","D1111","BG",2008,NA
"PPS","P_SAL_H","GE1000","C","D01","BG",2008,9.6
"PPS","P_SAL_H","GE1000","C","D111","BG",2008,7.55
"PPS","P_SAL_H","GE1000","C","D1111","BG",2008,6.58
"PPS","P_SAL_H","GE1000","C10","D01","BG",2008,NA
"PPS","P_SAL_H","GE1000","C10","D111","BG",2008,NA
"PPS","P_SAL_H","GE1000","C10","D1111","BG",2008,NA
"PPS","P_SAL_H","GE1000","C11","D01","BG",2008,NA
"PPS","P_SAL_H","GE1000","C11","D111","BG",2008,NA
"PPS","P_SAL_H","GE1000","C11","D1111","BG",2008,NA
"PPS","P_SAL_H","GE1000","C12","D01","BG",2008,NA
"PPS","P_SAL_H","GE1000","C12","D111","BG",2008,NA
"PPS","P_SAL_H","GE1000","C12","D1111","BG",2008,NA
"PPS","P_SAL_H","GE1000","C13","D01","BG",2008,NA
"PPS","P_SAL_H","GE1000","C13","D111","BG",2008,NA
"PPS","P_SAL_H","GE1000","C13","D1111","BG",2008,NA
"PPS","P_SAL_H","GE1000","C14","D01","BG",2008,4.97
"PPS","P_SAL_H","GE1000","C14","D111","BG",2008,4.04
"PPS","P_SAL_H","GE1000","C14","D1111","BG",2008,3.71
"PPS","P_SAL_H","GE1000","C19","D01","BG",2008,NA
"PPS","P_SAL_H","GE1000","C19","D111","BG",2008,NA
"PPS","P_SAL_H","GE1000","C19","D1111","BG",2008,NA
"PPS","P_SAL_H","GE1000","C20","D01","BG",2008,NA
"PPS","P_SAL_H","GE1000","C20","D111","BG",2008,NA
"PPS","P_SAL_H","GE1000","C20","D1111","BG",2008,NA
"PPS","P_SAL_H","GE1000","C21","D01","BG",2008,NA
"PPS","P_SAL_H","GE1000","C21","D111","BG",2008,NA
"PPS","P_SAL_H","GE1000","C21","D1111","BG",2008,NA
"PPS","P_SAL_H","GE1000","C22","D01","BG",2008,NA
"PPS","P_SAL_H","GE1000","C22","D111","BG",2008,NA
"PPS","P_SAL_H","GE1000","C22","D1111","BG",2008,NA
"PPS","P_SAL_H","GE1000","C23","D01","BG",2008,NA
"PPS","P_SAL_H","GE1000","C23","D111","BG",2008,NA
"PPS","P_SAL_H","GE1000","C23","D1111","BG",2008,NA
"PPS","P_SAL_H","GE1000","C24","D01","BG",2008,14.96
"PPS","P_SAL_H","GE1000","C24","D111","BG",2008,11.35
"PPS","P_SAL_H","GE1000","C24","D1111","BG",2008,9.78
"PPS","P_SAL_H","GE1000","C25","D01","BG",2008,6.06
"PPS","P_SAL_H","GE1000","C25","D111","BG",2008,4.73
"PPS","P_SAL_H","GE1000","C25","D1111","BG",2008,4.33
"PPS","P_SAL_H","GE1000","C27","D01","BG",2008,NA
"PPS","P_SAL_H","GE1000","C27","D111","BG",2008,NA
"PPS","P_SAL_H","GE1000","C27","D1111","BG",2008,NA
"PPS","P_SAL_H","GE1000","C28","D01","BG",2008,9.18
"PPS","P_SAL_H","GE1000","C28","D111","BG",2008,7.36
"PPS","P_SAL_H","GE1000","C28","D1111","BG",2008,6.12
"PPS","P_SAL_H","GE1000","C29","D01","BG",2008,5.13
"PPS","P_SAL_H","GE1000","C29","D111","BG",2008,4.18
"PPS","P_SAL_H","GE1000","C29","D1111","BG",2008,3.84
"PPS","P_SAL_H","GE1000","C30","D01","BG",2008,NA
"PPS","P_SAL_H","GE1000","C30","D111","BG",2008,NA
"PPS","P_SAL_H","GE1000","C30","D1111","BG",2008,NA
"PPS","P_SAL_H","GE1000","C33","D01","BG",2008,NA
"PPS","P_SAL_H","GE1000","C33","D111","BG",2008,NA
"PPS","P_SAL_H","GE1000","C33","D1111","BG",2008,NA
"PPS","P_SAL_H","GE1000","D","D01","BG",2008,15.24
"PPS","P_SAL_H","GE1000","D","D111","BG",2008,11.72
"PPS","P_SAL_H","GE1000","D","D1111","BG",2008,8.49
"PPS","P_SAL_H","GE1000","D35","D01","BG",2008,15.24
"PPS","P_SAL_H","GE1000","D35","D111","BG",2008,11.72
"PPS","P_SAL_H","GE1000","D35","D1111","BG",2008,8.49
"PPS","P_SAL_H","GE1000","E","D01","BG",2008,NA
"PPS","P_SAL_H","GE1000","E","D111","BG",2008,NA
"PPS","P_SAL_H","GE1000","E","D1111","BG",2008,NA
"PPS","P_SAL_H","GE1000","E36","D01","BG",2008,NA
"PPS","P_SAL_H","GE1000","E36","D111","BG",2008,NA
"PPS","P_SAL_H","GE1000","E36","D1111","BG",2008,NA
"PPS","P_SAL_H","GE1000","F","D01","BG",2008,4.77
"PPS","P_SAL_H","GE1000","F","D111","BG",2008,3.96
"PPS","P_SAL_H","GE1000","F","D1111","BG",2008,3.64
"PPS","P_SAL_H","GE1000","F41","D01","BG",2008,4.77
"PPS","P_SAL_H","GE1000","F41","D111","BG",2008,3.96
"PPS","P_SAL_H","GE1000","F41","D1111","BG",2008,3.64
"PPS","P_SAL_H","GE1000","G","D01","BG",2008,6.23
"PPS","P_SAL_H","GE1000","G","D111","BG",2008,5.1
"PPS","P_SAL_H","GE1000","G","D1111","BG",2008,4.65
"PPS","P_SAL_H","GE1000","G-J","D01","BG",2008,9.17
"PPS","P_SAL_H","GE1000","G-J","D111","BG",2008,7.48
"PPS","P_SAL_H","GE1000","G-J","D1111","BG",2008,6.39
"PPS","P_SAL_H","GE1000","G-N","D01","BG",2008,8.41
"PPS","P_SAL_H","GE1000","G-N","D111","BG",2008,6.88
"PPS","P_SAL_H","GE1000","G-N","D1111","BG",2008,6.02
"PPS","P_SAL_H","GE1000","G-S_X_O","D01","BG",2008,8.39
"PPS","P_SAL_H","GE1000","G-S_X_O","D111","BG",2008,6.87
"PPS","P_SAL_H","GE1000","G-S_X_O","D1111","BG",2008,6
"PPS","P_SAL_H","GE1000","G46","D01","BG",2008,6.1
"PPS","P_SAL_H","GE1000","G46","D111","BG",2008,5.1
"PPS","P_SAL_H","GE1000","G46","D1111","BG",2008,4.62
"PPS","P_SAL_H","GE1000","G47","D01","BG",2008,6.38
"PPS","P_SAL_H","GE1000","G47","D111","BG",2008,5.09
"PPS","P_SAL_H","GE1000","G47","D1111","BG",2008,4.69
"PPS","P_SAL_H","GE1000","H","D01","BG",2008,9.24
"PPS","P_SAL_H","GE1000","H","D111","BG",2008,7.29
"PPS","P_SAL_H","GE1000","H","D1111","BG",2008,5.59
"PPS","P_SAL_H","GE1000","H49","D01","BG",2008,8.79
"PPS","P_SAL_H","GE1000","H49","D111","BG",2008,6.73
"PPS","P_SAL_H","GE1000","H49","D1111","BG",2008,5.39
"PPS","P_SAL_H","GE1000","H50","D01","BG",2008,NA
"PPS","P_SAL_H","GE1000","H50","D111","BG",2008,NA
"PPS","P_SAL_H","GE1000","H50","D1111","BG",2008,NA
"PPS","P_SAL_H","GE1000","H52","D01","BG",2008,10.16
"PPS","P_SAL_H","GE1000","H52","D111","BG",2008,8.67
"PPS","P_SAL_H","GE1000","H52","D1111","BG",2008,5.9
"PPS","P_SAL_H","GE1000","H53","D01","BG",2008,NA
"PPS","P_SAL_H","GE1000","H53","D111","BG",2008,NA
"PPS","P_SAL_H","GE1000","H53","D1111","BG",2008,NA
"PPS","P_SAL_H","GE1000","I","D01","BG",2008,NA
"PPS","P_SAL_H","GE1000","I","D111","BG",2008,NA
"PPS","P_SAL_H","GE1000","I","D1111","BG",2008,NA
"PPS","P_SAL_H","GE1000","I56","D01","BG",2008,NA
"PPS","P_SAL_H","GE1000","I56","D111","BG",2008,NA
"PPS","P_SAL_H","GE1000","I56","D1111","BG",2008,NA
"PPS","P_SAL_H","GE1000","J","D01","BG",2008,14.77
"PPS","P_SAL_H","GE1000","J","D111","BG",2008,12.5
"PPS","P_SAL_H","GE1000","J","D1111","BG",2008,11.35
"PPS","P_SAL_H","GE1000","J60","D01","BG",2008,NA
"PPS","P_SAL_H","GE1000","J60","D111","BG",2008,NA
"PPS","P_SAL_H","GE1000","J60","D1111","BG",2008,NA
"PPS","P_SAL_H","GE1000","J61","D01","BG",2008,NA
"PPS","P_SAL_H","GE1000","J61","D111","BG",2008,NA
"PPS","P_SAL_H","GE1000","J61","D1111","BG",2008,NA
"PPS","P_SAL_H","GE1000","J62","D01","BG",2008,NA
"PPS","P_SAL_H","GE1000","J62","D111","BG",2008,NA
"PPS","P_SAL_H","GE1000","J62","D1111","BG",2008,NA
"PPS","P_SAL_H","GE1000","K","D01","BG",2008,13.24
"PPS","P_SAL_H","GE1000","K","D111","BG",2008,11
"PPS","P_SAL_H","GE1000","K","D1111","BG",2008,10.38
"PPS","P_SAL_H","GE1000","K-N","D01","BG",2008,6.63
"PPS","P_SAL_H","GE1000","K-N","D111","BG",2008,5.47
"PPS","P_SAL_H","GE1000","K-N","D1111","BG",2008,5.15
"PPS","P_SAL_H","GE1000","K64","D01","BG",2008,13.24
"PPS","P_SAL_H","GE1000","K64","D111","BG",2008,11
"PPS","P_SAL_H","GE1000","K64","D1111","BG",2008,10.38
"PPS","P_SAL_H","GE1000","M","D01","BG",2008,NA
"PPS","P_SAL_H","GE1000","M","D111","BG",2008,NA
"PPS","P_SAL_H","GE1000","M","D1111","BG",2008,NA
"PPS","P_SAL_H","GE1000","M71","D01","BG",2008,NA
"PPS","P_SAL_H","GE1000","M71","D111","BG",2008,NA
"PPS","P_SAL_H","GE1000","M71","D1111","BG",2008,NA
"PPS","P_SAL_H","GE1000","M72","D01","BG",2008,NA
"PPS","P_SAL_H","GE1000","M72","D111","BG",2008,NA
"PPS","P_SAL_H","GE1000","M72","D1111","BG",2008,NA
"PPS","P_SAL_H","GE1000","N","D01","BG",2008,3.01
"PPS","P_SAL_H","GE1000","N","D111","BG",2008,2.45
"PPS","P_SAL_H","GE1000","N","D1111","BG",2008,2.29
"PPS","P_SAL_H","GE1000","N78","D01","BG",2008,NA
"PPS","P_SAL_H","GE1000","N78","D111","BG",2008,NA
"PPS","P_SAL_H","GE1000","N78","D1111","BG",2008,NA
"PPS","P_SAL_H","GE1000","N80","D01","BG",2008,3.01
"PPS","P_SAL_H","GE1000","N80","D111","BG",2008,2.45
"PPS","P_SAL_H","GE1000","N80","D1111","BG",2008,2.29
"PPS","P_SAL_H","GE1000","O","D01","BG",2008,9.25
"PPS","P_SAL_H","GE1000","O","D111","BG",2008,7.33
"PPS","P_SAL_H","GE1000","O","D1111","BG",2008,6.73
"PPS","P_SAL_H","GE1000","O-S","D01","BG",2008,8.57
"PPS","P_SAL_H","GE1000","O-S","D111","BG",2008,6.95
"PPS","P_SAL_H","GE1000","O-S","D1111","BG",2008,6.15
"PPS","P_SAL_H","GE1000","O84","D01","BG",2008,9.25
"PPS","P_SAL_H","GE1000","O84","D111","BG",2008,7.33
"PPS","P_SAL_H","GE1000","O84","D1111","BG",2008,6.73
"PPS","P_SAL_H","GE1000","P","D01","BG",2008,8.08
"PPS","P_SAL_H","GE1000","P","D111","BG",2008,6.58
"PPS","P_SAL_H","GE1000","P","D1111","BG",2008,5.72
"PPS","P_SAL_H","GE1000","P-S","D01","BG",2008,8.32
"PPS","P_SAL_H","GE1000","P-S","D111","BG",2008,6.8
"PPS","P_SAL_H","GE1000","P-S","D1111","BG",2008,5.93
"PPS","P_SAL_H","GE1000","P85","D01","BG",2008,8.08
"PPS","P_SAL_H","GE1000","P85","D111","BG",2008,6.58
"PPS","P_SAL_H","GE1000","P85","D1111","BG",2008,5.72
"PPS","P_SAL_H","GE1000","Q","D01","BG",2008,8.43
"PPS","P_SAL_H","GE1000","Q","D111","BG",2008,6.91
"PPS","P_SAL_H","GE1000","Q","D1111","BG",2008,6.04
"PPS","P_SAL_H","GE1000","Q86","D01","BG",2008,8.43
"PPS","P_SAL_H","GE1000","Q86","D111","BG",2008,6.91
"PPS","P_SAL_H","GE1000","Q86","D1111","BG",2008,6.04
"PPS","P_SAL_H","GE1000","R","D01","BG",2008,NA
"PPS","P_SAL_H","GE1000","R","D111","BG",2008,NA
"PPS","P_SAL_H","GE1000","R","D1111","BG",2008,NA
"PPS","P_SAL_H","GE1000","R92","D01","BG",2008,NA
"PPS","P_SAL_H","GE1000","R92","D111","BG",2008,NA
"PPS","P_SAL_H","GE1000","R92","D1111","BG",2008,NA
"PPS","P_SAL_H","LT10","B","D01","BG",2008,4.53
"PPS","P_SAL_H","LT10","B","D111","BG",2008,3.7
"PPS","P_SAL_H","LT10","B","D1111","BG",2008,3.51
"PPS","P_SAL_H","LT10","B-E","D01","BG",2008,2.9
"PPS","P_SAL_H","LT10","B-E","D111","BG",2008,2.39
"PPS","P_SAL_H","LT10","B-E","D1111","BG",2008,2.26
"PPS","P_SAL_H","LT10","B-F","D01","BG",2008,3.14
"PPS","P_SAL_H","LT10","B-F","D111","BG",2008,2.59
"PPS","P_SAL_H","LT10","B-F","D1111","BG",2008,2.46
"PPS","P_SAL_H","LT10","B-N","D01","BG",2008,3.31
"PPS","P_SAL_H","LT10","B-N","D111","BG",2008,2.75
"PPS","P_SAL_H","LT10","B-N","D1111","BG",2008,2.61
"PPS","P_SAL_H","LT10","B-S","D01","BG",2008,3.33
"PPS","P_SAL_H","LT10","B-S","D111","BG",2008,2.77
"PPS","P_SAL_H","LT10","B-S","D1111","BG",2008,2.63
"PPS","P_SAL_H","LT10","B-S_X_O","D01","BG",2008,3.31
"PPS","P_SAL_H","LT10","B-S_X_O","D111","BG",2008,2.75
"PPS","P_SAL_H","LT10","B-S_X_O","D1111","BG",2008,2.61
"PPS","P_SAL_H","LT10","B05","D01","BG",2008,NA
"PPS","P_SAL_H","LT10","B05","D111","BG",2008,NA
"PPS","P_SAL_H","LT10","B05","D1111","BG",2008,NA
"PPS","P_SAL_H","LT10","B06","D01","BG",2008,NA
"PPS","P_SAL_H","LT10","B06","D111","BG",2008,NA
"PPS","P_SAL_H","LT10","B06","D1111","BG",2008,NA
"PPS","P_SAL_H","LT10","B07","D01","BG",2008,5.12
"PPS","P_SAL_H","LT10","B07","D111","BG",2008,4.15
"PPS","P_SAL_H","LT10","B07","D1111","BG",2008,3.99
"PPS","P_SAL_H","LT10","B08","D01","BG",2008,4.47
"PPS","P_SAL_H","LT10","B08","D111","BG",2008,3.65
"PPS","P_SAL_H","LT10","B08","D1111","BG",2008,3.45
"PPS","P_SAL_H","LT10","B09","D01","BG",2008,4.41
"PPS","P_SAL_H","LT10","B09","D111","BG",2008,3.64
"PPS","P_SAL_H","LT10","B09","D1111","BG",2008,3.53
"PPS","P_SAL_H","LT10","C","D01","BG",2008,2.77
"PPS","P_SAL_H","LT10","C","D111","BG",2008,2.28
"PPS","P_SAL_H","LT10","C","D1111","BG",2008,2.17
"PPS","P_SAL_H","LT10","C10","D01","BG",2008,2.51
"PPS","P_SAL_H","LT10","C10","D111","BG",2008,2.06
"PPS","P_SAL_H","LT10","C10","D1111","BG",2008,1.98
"PPS","P_SAL_H","LT10","C11","D01","BG",2008,2.91
"PPS","P_SAL_H","LT10","C11","D111","BG",2008,2.38
"PPS","P_SAL_H","LT10","C11","D1111","BG",2008,2.29
"PPS","P_SAL_H","LT10","C12","D01","BG",2008,13.06
"PPS","P_SAL_H","LT10","C12","D111","BG",2008,5.99
"PPS","P_SAL_H","LT10","C12","D1111","BG",2008,4.91
"PPS","P_SAL_H","LT10","C13","D01","BG",2008,2.95
"PPS","P_SAL_H","LT10","C13","D111","BG",2008,2.42
"PPS","P_SAL_H","LT10","C13","D1111","BG",2008,2.28
"PPS","P_SAL_H","LT10","C14","D01","BG",2008,2.38
"PPS","P_SAL_H","LT10","C14","D111","BG",2008,1.96
"PPS","P_SAL_H","LT10","C14","D1111","BG",2008,1.9
"PPS","P_SAL_H","LT10","C15","D01","BG",2008,2.36
"PPS","P_SAL_H","LT10","C15","D111","BG",2008,1.94
"PPS","P_SAL_H","LT10","C15","D1111","BG",2008,1.86
"PPS","P_SAL_H","LT10","C16","D01","BG",2008,2.32
"PPS","P_SAL_H","LT10","C16","D111","BG",2008,1.9
"PPS","P_SAL_H","LT10","C16","D1111","BG",2008,1.81
"PPS","P_SAL_H","LT10","C17","D01","BG",2008,2.62
"PPS","P_SAL_H","LT10","C17","D111","BG",2008,2.15
"PPS","P_SAL_H","LT10","C17","D1111","BG",2008,2.02
"PPS","P_SAL_H","LT10","C18","D01","BG",2008,2.96
"PPS","P_SAL_H","LT10","C18","D111","BG",2008,2.45
"PPS","P_SAL_H","LT10","C18","D1111","BG",2008,2.3
"PPS","P_SAL_H","LT10","C19","D01","BG",2008,4.26
"PPS","P_SAL_H","LT10","C19","D111","BG",2008,3.48
"PPS","P_SAL_H","LT10","C19","D1111","BG",2008,3.17
"PPS","P_SAL_H","LT10","C20","D01","BG",2008,3.28
"PPS","P_SAL_H","LT10","C20","D111","BG",2008,2.68
"PPS","P_SAL_H","LT10","C20","D1111","BG",2008,2.52
"PPS","P_SAL_H","LT10","C21","D01","BG",2008,5.22
"PPS","P_SAL_H","LT10","C21","D111","BG",2008,4.3
"PPS","P_SAL_H","LT10","C21","D1111","BG",2008,4.04
"PPS","P_SAL_H","LT10","C22","D01","BG",2008,2.66
"PPS","P_SAL_H","LT10","C22","D111","BG",2008,2.19
"PPS","P_SAL_H","LT10","C22","D1111","BG",2008,2.06
"PPS","P_SAL_H","LT10","C23","D01","BG",2008,3.32
"PPS","P_SAL_H","LT10","C23","D111","BG",2008,2.71
"PPS","P_SAL_H","LT10","C23","D1111","BG",2008,2.56
"PPS","P_SAL_H","LT10","C24","D01","BG",2008,3.65
"PPS","P_SAL_H","LT10","C24","D111","BG",2008,2.98
"PPS","P_SAL_H","LT10","C24","D1111","BG",2008,2.75
"PPS","P_SAL_H","LT10","C25","D01","BG",2008,2.79
"PPS","P_SAL_H","LT10","C25","D111","BG",2008,2.29
"PPS","P_SAL_H","LT10","C25","D1111","BG",2008,2.17
"PPS","P_SAL_H","LT10","C26","D01","BG",2008,4.01
"PPS","P_SAL_H","LT10","C26","D111","BG",2008,3.29
"PPS","P_SAL_H","LT10","C26","D1111","BG",2008,3.04
"PPS","P_SAL_H","LT10","C27","D01","BG",2008,3.84
"PPS","P_SAL_H","LT10","C27","D111","BG",2008,3.2
"PPS","P_SAL_H","LT10","C27","D1111","BG",2008,3.02
"PPS","P_SAL_H","LT10","C28","D01","BG",2008,4.09
"PPS","P_SAL_H","LT10","C28","D111","BG",2008,3.42
"PPS","P_SAL_H","LT10","C28","D1111","BG",2008,3.22
"PPS","P_SAL_H","LT10","C29","D01","BG",2008,4.32
"PPS","P_SAL_H","LT10","C29","D111","BG",2008,3.59
"PPS","P_SAL_H","LT10","C29","D1111","BG",2008,3.4
"PPS","P_SAL_H","LT10","C30","D01","BG",2008,4.51
"PPS","P_SAL_H","LT10","C30","D111","BG",2008,3.73
"PPS","P_SAL_H","LT10","C30","D1111","BG",2008,3.5
"PPS","P_SAL_H","LT10","C31","D01","BG",2008,2.34
"PPS","P_SAL_H","LT10","C31","D111","BG",2008,1.93
"PPS","P_SAL_H","LT10","C31","D1111","BG",2008,1.84
"PPS","P_SAL_H","LT10","C32","D01","BG",2008,2.62
"PPS","P_SAL_H","LT10","C32","D111","BG",2008,2.15
"PPS","P_SAL_H","LT10","C32","D1111","BG",2008,2.02
"PPS","P_SAL_H","LT10","C33","D01","BG",2008,4.15
"PPS","P_SAL_H","LT10","C33","D111","BG",2008,3.39
"PPS","P_SAL_H","LT10","C33","D1111","BG",2008,3.23
"PPS","P_SAL_H","LT10","D","D01","BG",2008,9.75
"PPS","P_SAL_H","LT10","D","D111","BG",2008,8.36
"PPS","P_SAL_H","LT10","D","D1111","BG",2008,7.52
"PPS","P_SAL_H","LT10","D35","D01","BG",2008,9.75
"PPS","P_SAL_H","LT10","D35","D111","BG",2008,8.36
"PPS","P_SAL_H","LT10","D35","D1111","BG",2008,7.52
"PPS","P_SAL_H","LT10","E","D01","BG",2008,3.78
"PPS","P_SAL_H","LT10","E","D111","BG",2008,3.11
"PPS","P_SAL_H","LT10","E","D1111","BG",2008,2.87
"PPS","P_SAL_H","LT10","E36","D01","BG",2008,4.64
"PPS","P_SAL_H","LT10","E36","D111","BG",2008,3.82
"PPS","P_SAL_H","LT10","E36","D1111","BG",2008,3.12
"PPS","P_SAL_H","LT10","E37","D01","BG",2008,4.42
"PPS","P_SAL_H","LT10","E37","D111","BG",2008,3.68
"PPS","P_SAL_H","LT10","E37","D1111","BG",2008,3.49
"PPS","P_SAL_H","LT10","E38","D01","BG",2008,3.58
"PPS","P_SAL_H","LT10","E38","D111","BG",2008,2.95
"PPS","P_SAL_H","LT10","E38","D1111","BG",2008,2.79
"PPS","P_SAL_H","LT10","E39","D01","BG",2008,2.89
"PPS","P_SAL_H","LT10","E39","D111","BG",2008,2.37
"PPS","P_SAL_H","LT10","E39","D1111","BG",2008,2.21
"PPS","P_SAL_H","LT10","F","D01","BG",2008,3.51
"PPS","P_SAL_H","LT10","F","D111","BG",2008,2.89
"PPS","P_SAL_H","LT10","F","D1111","BG",2008,2.76
"PPS","P_SAL_H","LT10","F41","D01","BG",2008,3.61
"PPS","P_SAL_H","LT10","F41","D111","BG",2008,2.98
"PPS","P_SAL_H","LT10","F41","D1111","BG",2008,2.84
"PPS","P_SAL_H","LT10","F42","D01","BG",2008,4.66
"PPS","P_SAL_H","LT10","F42","D111","BG",2008,3.86
"PPS","P_SAL_H","LT10","F42","D1111","BG",2008,3.67
"PPS","P_SAL_H","LT10","F43","D01","BG",2008,3.32
"PPS","P_SAL_H","LT10","F43","D111","BG",2008,2.73
"PPS","P_SAL_H","LT10","F43","D1111","BG",2008,2.6
"PPS","P_SAL_H","LT10","G","D01","BG",2008,2.94
"PPS","P_SAL_H","LT10","G","D111","BG",2008,2.44
"PPS","P_SAL_H","LT10","G","D1111","BG",2008,2.33
"PPS","P_SAL_H","LT10","G-J","D01","BG",2008,2.99
"PPS","P_SAL_H","LT10","G-J","D111","BG",2008,2.48
"PPS","P_SAL_H","LT10","G-J","D1111","BG",2008,2.37
"PPS","P_SAL_H","LT10","G-N","D01","BG",2008,3.36
"PPS","P_SAL_H","LT10","G-N","D111","BG",2008,2.8
"PPS","P_SAL_H","LT10","G-N","D1111","BG",2008,2.66
"PPS","P_SAL_H","LT10","G-S_X_O","D01","BG",2008,3.36
"PPS","P_SAL_H","LT10","G-S_X_O","D111","BG",2008,2.8
"PPS","P_SAL_H","LT10","G-S_X_O","D1111","BG",2008,2.66
"PPS","P_SAL_H","LT10","G45","D01","BG",2008,2.84
"PPS","P_SAL_H","LT10","G45","D111","BG",2008,2.34
"PPS","P_SAL_H","LT10","G45","D1111","BG",2008,2.23
"PPS","P_SAL_H","LT10","G46","D01","BG",2008,4.04
"PPS","P_SAL_H","LT10","G46","D111","BG",2008,3.37
"PPS","P_SAL_H","LT10","G46","D1111","BG",2008,3.18
"PPS","P_SAL_H","LT10","G47","D01","BG",2008,2.54
"PPS","P_SAL_H","LT10","G47","D111","BG",2008,2.1
"PPS","P_SAL_H","LT10","G47","D1111","BG",2008,2.02
"PPS","P_SAL_H","LT10","H","D01","BG",2008,3.05
"PPS","P_SAL_H","LT10","H","D111","BG",2008,2.48
"PPS","P_SAL_H","LT10","H","D1111","BG",2008,2.34
"PPS","P_SAL_H","LT10","H49","D01","BG",2008,2.74
"PPS","P_SAL_H","LT10","H49","D111","BG",2008,2.2
"PPS","P_SAL_H","LT10","H49","D1111","BG",2008,2.09
"PPS","P_SAL_H","LT10","H50","D01","BG",2008,3.89
"PPS","P_SAL_H","LT10","H50","D111","BG",2008,3.14
"PPS","P_SAL_H","LT10","H50","D1111","BG",2008,2.98
"PPS","P_SAL_H","LT10","H51","D01","BG",2008,7.26
"PPS","P_SAL_H","LT10","H51","D111","BG",2008,5.8
"PPS","P_SAL_H","LT10","H51","D1111","BG",2008,5.43
"PPS","P_SAL_H","LT10","H52","D01","BG",2008,5.04
"PPS","P_SAL_H","LT10","H52","D111","BG",2008,4.28
"PPS","P_SAL_H","LT10","H52","D1111","BG",2008,3.97
"PPS","P_SAL_H","LT10","H53","D01","BG",2008,4.32
"PPS","P_SAL_H","LT10","H53","D111","BG",2008,3.57
"PPS","P_SAL_H","LT10","H53","D1111","BG",2008,2.93
"PPS","P_SAL_H","LT10","I","D01","BG",2008,2.41
"PPS","P_SAL_H","LT10","I","D111","BG",2008,1.99
"PPS","P_SAL_H","LT10","I","D1111","BG",2008,1.93
"PPS","P_SAL_H","LT10","I55","D01","BG",2008,2.85
"PPS","P_SAL_H","LT10","I55","D111","BG",2008,2.35
"PPS","P_SAL_H","LT10","I55","D1111","BG",2008,2.24
"PPS","P_SAL_H","LT10","I56","D01","BG",2008,2.36
"PPS","P_SAL_H","LT10","I56","D111","BG",2008,1.94
"PPS","P_SAL_H","LT10","I56","D1111","BG",2008,1.89
"PPS","P_SAL_H","LT10","J","D01","BG",2008,6.11
"PPS","P_SAL_H","LT10","J","D111","BG",2008,5.24
"PPS","P_SAL_H","LT10","J","D1111","BG",2008,4.96
"PPS","P_SAL_H","LT10","J58","D01","BG",2008,3.96
"PPS","P_SAL_H","LT10","J58","D111","BG",2008,3.28
"PPS","P_SAL_H","LT10","J58","D1111","BG",2008,3.08
"PPS","P_SAL_H","LT10","J59","D01","BG",2008,4.31
"PPS","P_SAL_H","LT10","J59","D111","BG",2008,3.64
"PPS","P_SAL_H","LT10","J59","D1111","BG",2008,3.43
"PPS","P_SAL_H","LT10","J60","D01","BG",2008,3.5
"PPS","P_SAL_H","LT10","J60","D111","BG",2008,2.86
"PPS","P_SAL_H","LT10","J60","D1111","BG",2008,2.67
"PPS","P_SAL_H","LT10","J61","D01","BG",2008,7.66
"PPS","P_SAL_H","LT10","J61","D111","BG",2008,6.92
"PPS","P_SAL_H","LT10","J61","D1111","BG",2008,6.71
"PPS","P_SAL_H","LT10","J62","D01","BG",2008,7.18
"PPS","P_SAL_H","LT10","J62","D111","BG",2008,6.1
"PPS","P_SAL_H","LT10","J62","D1111","BG",2008,5.74
"PPS","P_SAL_H","LT10","J63","D01","BG",2008,4.9
"PPS","P_SAL_H","LT10","J63","D111","BG",2008,4.09
"PPS","P_SAL_H","LT10","J63","D1111","BG",2008,3.84
"PPS","P_SAL_H","LT10","K","D01","BG",2008,7.36
"PPS","P_SAL_H","LT10","K","D111","BG",2008,6.2
"PPS","P_SAL_H","LT10","K","D1111","BG",2008,5.8
"PPS","P_SAL_H","LT10","K-N","D01","BG",2008,4.92
"PPS","P_SAL_H","LT10","K-N","D111","BG",2008,4.14
"PPS","P_SAL_H","LT10","K-N","D1111","BG",2008,3.9
"PPS","P_SAL_H","LT10","K64","D01","BG",2008,8.93
"PPS","P_SAL_H","LT10","K64","D111","BG",2008,7.52
"PPS","P_SAL_H","LT10","K64","D1111","BG",2008,7
"PPS","P_SAL_H","LT10","K65","D01","BG",2008,11.59
"PPS","P_SAL_H","LT10","K65","D111","BG",2008,9.88
"PPS","P_SAL_H","LT10","K65","D1111","BG",2008,9.29
"PPS","P_SAL_H","LT10","K66","D01","BG",2008,4.89
"PPS","P_SAL_H","LT10","K66","D111","BG",2008,4.09
"PPS","P_SAL_H","LT10","K66","D1111","BG",2008,3.89
"PPS","P_SAL_H","LT10","L","D01","BG",2008,5.09
"PPS","P_SAL_H","LT10","L","D111","BG",2008,4.31
"PPS","P_SAL_H","LT10","L","D1111","BG",2008,4.08
"PPS","P_SAL_H","LT10","L68","D01","BG",2008,5.09
"PPS","P_SAL_H","LT10","L68","D111","BG",2008,4.31
"PPS","P_SAL_H","LT10","L68","D1111","BG",2008,4.08
"PPS","P_SAL_H","LT10","M","D01","BG",2008,4.77
"PPS","P_SAL_H","LT10","M","D111","BG",2008,4
"PPS","P_SAL_H","LT10","M","D1111","BG",2008,3.77
"PPS","P_SAL_H","LT10","M69","D01","BG",2008,3.77
"PPS","P_SAL_H","LT10","M69","D111","BG",2008,3.12
"PPS","P_SAL_H","LT10","M69","D1111","BG",2008,2.94
"PPS","P_SAL_H","LT10","M70","D01","BG",2008,8.52
"PPS","P_SAL_H","LT10","M70","D111","BG",2008,7.4
"PPS","P_SAL_H","LT10","M70","D1111","BG",2008,6.97
"PPS","P_SAL_H","LT10","M71","D01","BG",2008,4.94
"PPS","P_SAL_H","LT10","M71","D111","BG",2008,4.12
"PPS","P_SAL_H","LT10","M71","D1111","BG",2008,3.87
"PPS","P_SAL_H","LT10","M72","D01","BG",2008,6.9
"PPS","P_SAL_H","LT10","M72","D111","BG",2008,5.84
"PPS","P_SAL_H","LT10","M72","D1111","BG",2008,5.47
"PPS","P_SAL_H","LT10","M73","D01","BG",2008,4.31
"PPS","P_SAL_H","LT10","M73","D111","BG",2008,3.62
"PPS","P_SAL_H","LT10","M73","D1111","BG",2008,3.41
"PPS","P_SAL_H","LT10","M74","D01","BG",2008,5.01
"PPS","P_SAL_H","LT10","M74","D111","BG",2008,4.2
"PPS","P_SAL_H","LT10","M74","D1111","BG",2008,3.98
"PPS","P_SAL_H","LT10","M75","D01","BG",2008,2.9
"PPS","P_SAL_H","LT10","M75","D111","BG",2008,2.39
"PPS","P_SAL_H","LT10","M75","D1111","BG",2008,2.31
"PPS","P_SAL_H","LT10","N","D01","BG",2008,3.82
"PPS","P_SAL_H","LT10","N","D111","BG",2008,3.19
"PPS","P_SAL_H","LT10","N","D1111","BG",2008,3.01
"PPS","P_SAL_H","LT10","N77","D01","BG",2008,4.48
"PPS","P_SAL_H","LT10","N77","D111","BG",2008,3.75
"PPS","P_SAL_H","LT10","N77","D1111","BG",2008,3.56
"PPS","P_SAL_H","LT10","N78","D01","BG",2008,6.47
"PPS","P_SAL_H","LT10","N78","D111","BG",2008,5.46
"PPS","P_SAL_H","LT10","N78","D1111","BG",2008,5.12
"PPS","P_SAL_H","LT10","N79","D01","BG",2008,3.9
"PPS","P_SAL_H","LT10","N79","D111","BG",2008,3.22
"PPS","P_SAL_H","LT10","N79","D1111","BG",2008,3.05
"PPS","P_SAL_H","LT10","N80","D01","BG",2008,2.55
"PPS","P_SAL_H","LT10","N80","D111","BG",2008,2.12
"PPS","P_SAL_H","LT10","N80","D1111","BG",2008,2.02
"PPS","P_SAL_H","LT10","N81","D01","BG",2008,2.84
"PPS","P_SAL_H","LT10","N81","D111","BG",2008,2.36
"PPS","P_SAL_H","LT10","N81","D1111","BG",2008,2.23
"PPS","P_SAL_H","LT10","N82","D01","BG",2008,4.45
"PPS","P_SAL_H","LT10","N82","D111","BG",2008,3.77
"PPS","P_SAL_H","LT10","N82","D1111","BG",2008,3.52
"PPS","P_SAL_H","LT10","O","D01","BG",2008,9.17
"PPS","P_SAL_H","LT10","O","D111","BG",2008,7.15
"PPS","P_SAL_H","LT10","O","D1111","BG",2008,6.45
"PPS","P_SAL_H","LT10","O-S","D01","BG",2008,3.54
"PPS","P_SAL_H","LT10","O-S","D111","BG",2008,2.97
"PPS","P_SAL_H","LT10","O-S","D1111","BG",2008,2.76
"PPS","P_SAL_H","LT10","O84","D01","BG",2008,9.17
"PPS","P_SAL_H","LT10","O84","D111","BG",2008,7.15
"PPS","P_SAL_H","LT10","O84","D1111","BG",2008,6.45
"PPS","P_SAL_H","LT10","P","D01","BG",2008,4.53
"PPS","P_SAL_H","LT10","P","D111","BG",2008,3.56
"PPS","P_SAL_H","LT10","P","D1111","BG",2008,3.11
"PPS","P_SAL_H","LT10","P-S","D01","BG",2008,3.32
"PPS","P_SAL_H","LT10","P-S","D111","BG",2008,2.8
"PPS","P_SAL_H","LT10","P-S","D1111","BG",2008,2.62
"PPS","P_SAL_H","LT10","P85","D01","BG",2008,4.53
"PPS","P_SAL_H","LT10","P85","D111","BG",2008,3.56
"PPS","P_SAL_H","LT10","P85","D1111","BG",2008,3.11
"PPS","P_SAL_H","LT10","Q","D01","BG",2008,3.07
"PPS","P_SAL_H","LT10","Q","D111","BG",2008,2.54
"PPS","P_SAL_H","LT10","Q","D1111","BG",2008,2.44
"PPS","P_SAL_H","LT10","Q86","D01","BG",2008,3.05
"PPS","P_SAL_H","LT10","Q86","D111","BG",2008,2.52
"PPS","P_SAL_H","LT10","Q86","D1111","BG",2008,2.43
"PPS","P_SAL_H","LT10","Q87","D01","BG",2008,3.06
"PPS","P_SAL_H","LT10","Q87","D111","BG",2008,2.6
"PPS","P_SAL_H","LT10","Q87","D1111","BG",2008,2.41
"PPS","P_SAL_H","LT10","Q88","D01","BG",2008,3.52
"PPS","P_SAL_H","LT10","Q88","D111","BG",2008,2.86
"PPS","P_SAL_H","LT10","Q88","D1111","BG",2008,2.59
"PPS","P_SAL_H","LT10","R","D01","BG",2008,2.95
"PPS","P_SAL_H","LT10","R","D111","BG",2008,2.43
"PPS","P_SAL_H","LT10","R","D1111","BG",2008,2.3
"PPS","P_SAL_H","LT10","R90","D01","BG",2008,3.56
"PPS","P_SAL_H","LT10","R90","D111","BG",2008,2.95
"PPS","P_SAL_H","LT10","R90","D1111","BG",2008,2.8
"PPS","P_SAL_H","LT10","R91","D01","BG",2008,4.23
"PPS","P_SAL_H","LT10","R91","D111","BG",2008,3.46
"PPS","P_SAL_H","LT10","R91","D1111","BG",2008,3.12
"PPS","P_SAL_H","LT10","R92","D01","BG",2008,2.48
"PPS","P_SAL_H","LT10","R92","D111","BG",2008,2.04
"PPS","P_SAL_H","LT10","R92","D1111","BG",2008,1.94
"PPS","P_SAL_H","LT10","R93","D01","BG",2008,3.11
"PPS","P_SAL_H","LT10","R93","D111","BG",2008,2.57
"PPS","P_SAL_H","LT10","R93","D1111","BG",2008,2.44
"PPS","P_SAL_H","LT10","S","D01","BG",2008,3.14
"PPS","P_SAL_H","LT10","S","D111","BG",2008,2.8
"PPS","P_SAL_H","LT10","S","D1111","BG",2008,2.64
"PPS","P_SAL_H","LT10","S94","D01","BG",2008,3.83
"PPS","P_SAL_H","LT10","S94","D111","BG",2008,3.61
"PPS","P_SAL_H","LT10","S94","D1111","BG",2008,3.35
"PPS","P_SAL_H","LT10","S95","D01","BG",2008,2.7
"PPS","P_SAL_H","LT10","S95","D111","BG",2008,2.23
"PPS","P_SAL_H","LT10","S95","D1111","BG",2008,2.14
"PPS","P_SAL_H","LT10","S96","D01","BG",2008,2.49
"PPS","P_SAL_H","LT10","S96","D111","BG",2008,2.05
"PPS","P_SAL_H","LT10","S96","D1111","BG",2008,1.97
"PPS","P_SAL_H","TOTAL","B","D01","BG",2008,10.4
"PPS","P_SAL_H","TOTAL","B","D111","BG",2008,7.63
"PPS","P_SAL_H","TOTAL","B","D1111","BG",2008,6.48
"PPS","P_SAL_H","TOTAL","B-E","D01","BG",2008,5.7
"PPS","P_SAL_H","TOTAL","B-E","D111","BG",2008,4.54
"PPS","P_SAL_H","TOTAL","B-E","D1111","BG",2008,3.98
"PPS","P_SAL_H","TOTAL","B-F","D01","BG",2008,5.4
"PPS","P_SAL_H","TOTAL","B-F","D111","BG",2008,4.33
"PPS","P_SAL_H","TOTAL","B-F","D1111","BG",2008,3.85
"PPS","P_SAL_H","TOTAL","B-N","D01","BG",2008,5.46
"PPS","P_SAL_H","TOTAL","B-N","D111","BG",2008,4.47
"PPS","P_SAL_H","TOTAL","B-N","D1111","BG",2008,4.02
"PPS","P_SAL_H","TOTAL","B-S","D01","BG",2008,5.66
"PPS","P_SAL_H","TOTAL","B-S","D111","BG",2008,4.61
"PPS","P_SAL_H","TOTAL","B-S","D1111","BG",2008,4.13
"PPS","P_SAL_H","TOTAL","B-S_X_O","D01","BG",2008,5.52
"PPS","P_SAL_H","TOTAL","B-S_X_O","D111","BG",2008,4.52
"PPS","P_SAL_H","TOTAL","B-S_X_O","D1111","BG",2008,4.04
"PPS","P_SAL_H","TOTAL","B05","D01","BG",2008,11.56
"PPS","P_SAL_H","TOTAL","B05","D111","BG",2008,8.15
"PPS","P_SAL_H","TOTAL","B05","D1111","BG",2008,6.59
"PPS","P_SAL_H","TOTAL","B06","D01","BG",2008,8.02
"PPS","P_SAL_H","TOTAL","B06","D111","BG",2008,6.64
"PPS","P_SAL_H","TOTAL","B06","D1111","BG",2008,5.9
"PPS","P_SAL_H","TOTAL","B07","D01","BG",2008,13.16
"PPS","P_SAL_H","TOTAL","B07","D111","BG",2008,9.92
"PPS","P_SAL_H","TOTAL","B07","D1111","BG",2008,8.72
"PPS","P_SAL_H","TOTAL","B08","D01","BG",2008,6.72
"PPS","P_SAL_H","TOTAL","B08","D111","BG",2008,5.21
"PPS","P_SAL_H","TOTAL","B08","D1111","BG",2008,4.69
"PPS","P_SAL_H","TOTAL","B09","D01","BG",2008,3.12
"PPS","P_SAL_H","TOTAL","B09","D111","BG",2008,2.62
"PPS","P_SAL_H","TOTAL","B09","D1111","BG",2008,2.55
"PPS","P_SAL_H","TOTAL","C","D01","BG",2008,4.97
"PPS","P_SAL_H","TOTAL","C","D111","BG",2008,4.01
"PPS","P_SAL_H","TOTAL","C","D1111","BG",2008,3.61
"PPS","P_SAL_H","TOTAL","C10","D01","BG",2008,3.97
"PPS","P_SAL_H","TOTAL","C10","D111","BG",2008,3.26
"PPS","P_SAL_H","TOTAL","C10","D1111","BG",2008,3.02
"PPS","P_SAL_H","TOTAL","C11","D01","BG",2008,6.57
"PPS","P_SAL_H","TOTAL","C11","D111","BG",2008,5.48
"PPS","P_SAL_H","TOTAL","C11","D1111","BG",2008,4.85
"PPS","P_SAL_H","TOTAL","C12","D01","BG",2008,14.38
"PPS","P_SAL_H","TOTAL","C12","D111","BG",2008,10.69
"PPS","P_SAL_H","TOTAL","C12","D1111","BG",2008,9.2
"PPS","P_SAL_H","TOTAL","C13","D01","BG",2008,4.57
"PPS","P_SAL_H","TOTAL","C13","D111","BG",2008,3.68
"PPS","P_SAL_H","TOTAL","C13","D1111","BG",2008,3.35
"PPS","P_SAL_H","TOTAL","C14","D01","BG",2008,3.2
"PPS","P_SAL_H","TOTAL","C14","D111","BG",2008,2.62
"PPS","P_SAL_H","TOTAL","C14","D1111","BG",2008,2.39
"PPS","P_SAL_H","TOTAL","C15","D01","BG",2008,2.92
"PPS","P_SAL_H","TOTAL","C15","D111","BG",2008,2.39
"PPS","P_SAL_H","TOTAL","C15","D1111","BG",2008,2.2
"PPS","P_SAL_H","TOTAL","C16","D01","BG",2008,3.6
"PPS","P_SAL_H","TOTAL","C16","D111","BG",2008,2.95
"PPS","P_SAL_H","TOTAL","C16","D1111","BG",2008,2.7
"PPS","P_SAL_H","TOTAL","C17","D01","BG",2008,4.72
"PPS","P_SAL_H","TOTAL","C17","D111","BG",2008,3.83
"PPS","P_SAL_H","TOTAL","C17","D1111","BG",2008,3.4
"PPS","P_SAL_H","TOTAL","C18","D01","BG",2008,5.31
"PPS","P_SAL_H","TOTAL","C18","D111","BG",2008,4.4
"PPS","P_SAL_H","TOTAL","C18","D1111","BG",2008,4
"PPS","P_SAL_H","TOTAL","C19","D01","BG",2008,21.13
"PPS","P_SAL_H","TOTAL","C19","D111","BG",2008,15.07
"PPS","P_SAL_H","TOTAL","C19","D1111","BG",2008,12.51
"PPS","P_SAL_H","TOTAL","C20","D01","BG",2008,7.48
"PPS","P_SAL_H","TOTAL","C20","D111","BG",2008,5.82
"PPS","P_SAL_H","TOTAL","C20","D1111","BG",2008,5.12
"PPS","P_SAL_H","TOTAL","C21","D01","BG",2008,7.98
"PPS","P_SAL_H","TOTAL","C21","D111","BG",2008,6.32
"PPS","P_SAL_H","TOTAL","C21","D1111","BG",2008,5.58
"PPS","P_SAL_H","TOTAL","C22","D01","BG",2008,3.71
"PPS","P_SAL_H","TOTAL","C22","D111","BG",2008,3.05
"PPS","P_SAL_H","TOTAL","C22","D1111","BG",2008,2.8
"PPS","P_SAL_H","TOTAL","C23","D01","BG",2008,6.07
"PPS","P_SAL_H","TOTAL","C23","D111","BG",2008,4.87
"PPS","P_SAL_H","TOTAL","C23","D1111","BG",2008,4.4
"PPS","P_SAL_H","TOTAL","C24","D01","BG",2008,10.86
"PPS","P_SAL_H","TOTAL","C24","D111","BG",2008,8.41
"PPS","P_SAL_H","TOTAL","C24","D1111","BG",2008,7.34
"PPS","P_SAL_H","TOTAL","C25","D01","BG",2008,4.72
"PPS","P_SAL_H","TOTAL","C25","D111","BG",2008,3.82
"PPS","P_SAL_H","TOTAL","C25","D1111","BG",2008,3.48
"PPS","P_SAL_H","TOTAL","C26","D01","BG",2008,6.47
"PPS","P_SAL_H","TOTAL","C26","D111","BG",2008,5.35
"PPS","P_SAL_H","TOTAL","C26","D1111","BG",2008,4.71
"PPS","P_SAL_H","TOTAL","C27","D01","BG",2008,6.27
"PPS","P_SAL_H","TOTAL","C27","D111","BG",2008,5.11
"PPS","P_SAL_H","TOTAL","C27","D1111","BG",2008,4.55
"PPS","P_SAL_H","TOTAL","C28","D01","BG",2008,6.1
"PPS","P_SAL_H","TOTAL","C28","D111","BG",2008,4.97
"PPS","P_SAL_H","TOTAL","C28","D1111","BG",2008,4.4
"PPS","P_SAL_H","TOTAL","C29","D01","BG",2008,4.85
"PPS","P_SAL_H","TOTAL","C29","D111","BG",2008,3.95
"PPS","P_SAL_H","TOTAL","C29","D1111","BG",2008,3.58
"PPS","P_SAL_H","TOTAL","C30","D01","BG",2008,7.66
"PPS","P_SAL_H","TOTAL","C30","D111","BG",2008,6.1
"PPS","P_SAL_H","TOTAL","C30","D1111","BG",2008,5.46
"PPS","P_SAL_H","TOTAL","C31","D01","BG",2008,3.07
"PPS","P_SAL_H","TOTAL","C31","D111","BG",2008,2.51
"PPS","P_SAL_H","TOTAL","C31","D1111","BG",2008,2.32
"PPS","P_SAL_H","TOTAL","C32","D01","BG",2008,3.89
"PPS","P_SAL_H","TOTAL","C32","D111","BG",2008,3.2
"PPS","P_SAL_H","TOTAL","C32","D1111","BG",2008,2.92
"PPS","P_SAL_H","TOTAL","C33","D01","BG",2008,7.72
"PPS","P_SAL_H","TOTAL","C33","D111","BG",2008,6.21
"PPS","P_SAL_H","TOTAL","C33","D1111","BG",2008,5.55
"PPS","P_SAL_H","TOTAL","D","D01","BG",2008,14.21
"PPS","P_SAL_H","TOTAL","D","D111","BG",2008,10.92
"PPS","P_SAL_H","TOTAL","D","D1111","BG",2008,8.15
"PPS","P_SAL_H","TOTAL","D35","D01","BG",2008,14.21
"PPS","P_SAL_H","TOTAL","D35","D111","BG",2008,10.92
"PPS","P_SAL_H","TOTAL","D35","D1111","BG",2008,8.15
"PPS","P_SAL_H","TOTAL","E","D01","BG",2008,6.1
"PPS","P_SAL_H","TOTAL","E","D111","BG",2008,4.97
"PPS","P_SAL_H","TOTAL","E","D1111","BG",2008,4.15
"PPS","P_SAL_H","TOTAL","E36","D01","BG",2008,6.92
"PPS","P_SAL_H","TOTAL","E36","D111","BG",2008,5.62
"PPS","P_SAL_H","TOTAL","E36","D1111","BG",2008,4.4
"PPS","P_SAL_H","TOTAL","E37","D01","BG",2008,6.45
"PPS","P_SAL_H","TOTAL","E37","D111","BG",2008,5.58
"PPS","P_SAL_H","TOTAL","E37","D1111","BG",2008,5.27
"PPS","P_SAL_H","TOTAL","E38","D01","BG",2008,5.09
"PPS","P_SAL_H","TOTAL","E38","D111","BG",2008,4.17
"PPS","P_SAL_H","TOTAL","E38","D1111","BG",2008,3.82
"PPS","P_SAL_H","TOTAL","E39","D01","BG",2008,5.9
"PPS","P_SAL_H","TOTAL","E39","D111","BG",2008,4.81
"PPS","P_SAL_H","TOTAL","E39","D1111","BG",2008,4.32
"PPS","P_SAL_H","TOTAL","F","D01","BG",2008,4.54
"PPS","P_SAL_H","TOTAL","F","D111","BG",2008,3.72
"PPS","P_SAL_H","TOTAL","F","D1111","BG",2008,3.48
"PPS","P_SAL_H","TOTAL","F41","D01","BG",2008,4.1
"PPS","P_SAL_H","TOTAL","F41","D111","BG",2008,3.38
"PPS","P_SAL_H","TOTAL","F41","D1111","BG",2008,3.17
"PPS","P_SAL_H","TOTAL","F42","D01","BG",2008,6.09
"PPS","P_SAL_H","TOTAL","F42","D111","BG",2008,4.9
"PPS","P_SAL_H","TOTAL","F42","D1111","BG",2008,4.51
"PPS","P_SAL_H","TOTAL","F43","D01","BG",2008,4.43
"PPS","P_SAL_H","TOTAL","F43","D111","BG",2008,3.65
"PPS","P_SAL_H","TOTAL","F43","D1111","BG",2008,3.44
"PPS","P_SAL_H","TOTAL","G","D01","BG",2008,4.31
"PPS","P_SAL_H","TOTAL","G","D111","BG",2008,3.59
"PPS","P_SAL_H","TOTAL","G","D1111","BG",2008,3.37
"PPS","P_SAL_H","TOTAL","G-J","D01","BG",2008,5.19
"PPS","P_SAL_H","TOTAL","G-J","D111","BG",2008,4.31
"PPS","P_SAL_H","TOTAL","G-J","D1111","BG",2008,3.91
"PPS","P_SAL_H","TOTAL","G-N","D01","BG",2008,5.52
"PPS","P_SAL_H","TOTAL","G-N","D111","BG",2008,4.61
"PPS","P_SAL_H","TOTAL","G-N","D1111","BG",2008,4.19
"PPS","P_SAL_H","TOTAL","G-S_X_O","D01","BG",2008,5.61
"PPS","P_SAL_H","TOTAL","G-S_X_O","D111","BG",2008,4.65
"PPS","P_SAL_H","TOTAL","G-S_X_O","D1111","BG",2008,4.18
"PPS","P_SAL_H","TOTAL","G45","D01","BG",2008,5.1
"PPS","P_SAL_H","TOTAL","G45","D111","BG",2008,4.28
"PPS","P_SAL_H","TOTAL","G45","D1111","BG",2008,3.99
"PPS","P_SAL_H","TOTAL","G46","D01","BG",2008,5.38
"PPS","P_SAL_H","TOTAL","G46","D111","BG",2008,4.53
"PPS","P_SAL_H","TOTAL","G46","D1111","BG",2008,4.23
"PPS","P_SAL_H","TOTAL","G47","D01","BG",2008,3.35
"PPS","P_SAL_H","TOTAL","G47","D111","BG",2008,2.76
"PPS","P_SAL_H","TOTAL","G47","D1111","BG",2008,2.6
"PPS","P_SAL_H","TOTAL","H","D01","BG",2008,6.57
"PPS","P_SAL_H","TOTAL","H","D111","BG",2008,5.35
"PPS","P_SAL_H","TOTAL","H","D1111","BG",2008,4.45
"PPS","P_SAL_H","TOTAL","H49","D01","BG",2008,4.92
"PPS","P_SAL_H","TOTAL","H49","D111","BG",2008,3.89
"PPS","P_SAL_H","TOTAL","H49","D1111","BG",2008,3.36
"PPS","P_SAL_H","TOTAL","H50","D01","BG",2008,11.02
"PPS","P_SAL_H","TOTAL","H50","D111","BG",2008,8.24
"PPS","P_SAL_H","TOTAL","H50","D1111","BG",2008,6.76
"PPS","P_SAL_H","TOTAL","H51","D01","BG",2008,16.91
"PPS","P_SAL_H","TOTAL","H51","D111","BG",2008,13.86
"PPS","P_SAL_H","TOTAL","H51","D1111","BG",2008,12.37
"PPS","P_SAL_H","TOTAL","H52","D01","BG",2008,9.65
"PPS","P_SAL_H","TOTAL","H52","D111","BG",2008,8.23
"PPS","P_SAL_H","TOTAL","H52","D1111","BG",2008,6.58
"PPS","P_SAL_H","TOTAL","H53","D01","BG",2008,5.69
"PPS","P_SAL_H","TOTAL","H53","D111","BG",2008,4.67
"PPS","P_SAL_H","TOTAL","H53","D1111","BG",2008,3.66
"PPS","P_SAL_H","TOTAL","I","D01","BG",2008,3.25
"PPS","P_SAL_H","TOTAL","I","D111","BG",2008,2.67
"PPS","P_SAL_H","TOTAL","I","D1111","BG",2008,2.52
"PPS","P_SAL_H","TOTAL","I55","D01","BG",2008,4.1
"PPS","P_SAL_H","TOTAL","I55","D111","BG",2008,3.36
"PPS","P_SAL_H","TOTAL","I55","D1111","BG",2008,3.12
"PPS","P_SAL_H","TOTAL","I56","D01","BG",2008,2.81
"PPS","P_SAL_H","TOTAL","I56","D111","BG",2008,2.32
"PPS","P_SAL_H","TOTAL","I56","D1111","BG",2008,2.21
"PPS","P_SAL_H","TOTAL","J","D01","BG",2008,11.25
"PPS","P_SAL_H","TOTAL","J","D111","BG",2008,9.53
"PPS","P_SAL_H","TOTAL","J","D1111","BG",2008,8.75
"PPS","P_SAL_H","TOTAL","J58","D01","BG",2008,6.52
"PPS","P_SAL_H","TOTAL","J58","D111","BG",2008,5.51
"PPS","P_SAL_H","TOTAL","J58","D1111","BG",2008,5.13
"PPS","P_SAL_H","TOTAL","J59","D01","BG",2008,6.84
"PPS","P_SAL_H","TOTAL","J59","D111","BG",2008,5.7
"PPS","P_SAL_H","TOTAL","J59","D1111","BG",2008,5.34
"PPS","P_SAL_H","TOTAL","J60","D01","BG",2008,7.88
"PPS","P_SAL_H","TOTAL","J60","D111","BG",2008,6.56
"PPS","P_SAL_H","TOTAL","J60","D1111","BG",2008,6.04
"PPS","P_SAL_H","TOTAL","J61","D01","BG",2008,11.84
"PPS","P_SAL_H","TOTAL","J61","D111","BG",2008,9.97
"PPS","P_SAL_H","TOTAL","J61","D1111","BG",2008,9.15
"PPS","P_SAL_H","TOTAL","J62","D01","BG",2008,14.61
"PPS","P_SAL_H","TOTAL","J62","D111","BG",2008,12.5
"PPS","P_SAL_H","TOTAL","J62","D1111","BG",2008,11.43
"PPS","P_SAL_H","TOTAL","J63","D01","BG",2008,9.88
"PPS","P_SAL_H","TOTAL","J63","D111","BG",2008,8.4
"PPS","P_SAL_H","TOTAL","J63","D1111","BG",2008,7.68
"PPS","P_SAL_H","TOTAL","K","D01","BG",2008,12.01
"PPS","P_SAL_H","TOTAL","K","D111","BG",2008,10.12
"PPS","P_SAL_H","TOTAL","K","D1111","BG",2008,9.19
"PPS","P_SAL_H","TOTAL","K-N","D01","BG",2008,6.45
"PPS","P_SAL_H","TOTAL","K-N","D111","BG",2008,5.45
"PPS","P_SAL_H","TOTAL","K-N","D1111","BG",2008,5
"PPS","P_SAL_H","TOTAL","K64","D01","BG",2008,12.28
"PPS","P_SAL_H","TOTAL","K64","D111","BG",2008,10.33
"PPS","P_SAL_H","TOTAL","K64","D1111","BG",2008,9.33
"PPS","P_SAL_H","TOTAL","K65","D01","BG",2008,12.78
"PPS","P_SAL_H","TOTAL","K65","D111","BG",2008,10.85
"PPS","P_SAL_H","TOTAL","K65","D1111","BG",2008,10.12
"PPS","P_SAL_H","TOTAL","K66","D01","BG",2008,8.27
"PPS","P_SAL_H","TOTAL","K66","D111","BG",2008,6.93
"PPS","P_SAL_H","TOTAL","K66","D1111","BG",2008,6.47
"PPS","P_SAL_H","TOTAL","L","D01","BG",2008,5.66
"PPS","P_SAL_H","TOTAL","L","D111","BG",2008,4.76
"PPS","P_SAL_H","TOTAL","L","D1111","BG",2008,4.41
"PPS","P_SAL_H","TOTAL","L68","D01","BG",2008,5.66
"PPS","P_SAL_H","TOTAL","L68","D111","BG",2008,4.76
"PPS","P_SAL_H","TOTAL","L68","D1111","BG",2008,4.41
"PPS","P_SAL_H","TOTAL","M","D01","BG",2008,7.53
"PPS","P_SAL_H","TOTAL","M","D111","BG",2008,6.35
"PPS","P_SAL_H","TOTAL","M","D1111","BG",2008,5.82
"PPS","P_SAL_H","TOTAL","M69","D01","BG",2008,6.54
"PPS","P_SAL_H","TOTAL","M69","D111","BG",2008,5.53
"PPS","P_SAL_H","TOTAL","M69","D1111","BG",2008,5.15
"PPS","P_SAL_H","TOTAL","M70","D01","BG",2008,11.88
"PPS","P_SAL_H","TOTAL","M70","D111","BG",2008,10.21
"PPS","P_SAL_H","TOTAL","M70","D1111","BG",2008,9.24
"PPS","P_SAL_H","TOTAL","M71","D01","BG",2008,7.55
"PPS","P_SAL_H","TOTAL","M71","D111","BG",2008,6.33
"PPS","P_SAL_H","TOTAL","M71","D1111","BG",2008,5.76
"PPS","P_SAL_H","TOTAL","M72","D01","BG",2008,6.47
"PPS","P_SAL_H","TOTAL","M72","D111","BG",2008,5.31
"PPS","P_SAL_H","TOTAL","M72","D1111","BG",2008,4.66
"PPS","P_SAL_H","TOTAL","M73","D01","BG",2008,7.13
"PPS","P_SAL_H","TOTAL","M73","D111","BG",2008,6.05
"PPS","P_SAL_H","TOTAL","M73","D1111","BG",2008,5.64
"PPS","P_SAL_H","TOTAL","M74","D01","BG",2008,7.65
"PPS","P_SAL_H","TOTAL","M74","D111","BG",2008,6.58
"PPS","P_SAL_H","TOTAL","M74","D1111","BG",2008,6.22
"PPS","P_SAL_H","TOTAL","M75","D01","BG",2008,2.9
"PPS","P_SAL_H","TOTAL","M75","D111","BG",2008,2.39
"PPS","P_SAL_H","TOTAL","M75","D1111","BG",2008,2.31
"PPS","P_SAL_H","TOTAL","N","D01","BG",2008,3.17
"PPS","P_SAL_H","TOTAL","N","D111","BG",2008,2.7
"PPS","P_SAL_H","TOTAL","N","D1111","BG",2008,2.52
"PPS","P_SAL_H","TOTAL","N77","D01","BG",2008,6.28
"PPS","P_SAL_H","TOTAL","N77","D111","BG",2008,5.28
"PPS","P_SAL_H","TOTAL","N77","D1111","BG",2008,4.91
"PPS","P_SAL_H","TOTAL","N78","D01","BG",2008,5.95
"PPS","P_SAL_H","TOTAL","N78","D111","BG",2008,4.91
"PPS","P_SAL_H","TOTAL","N78","D1111","BG",2008,4.55
"PPS","P_SAL_H","TOTAL","N79","D01","BG",2008,4.57
"PPS","P_SAL_H","TOTAL","N79","D111","BG",2008,3.82
"PPS","P_SAL_H","TOTAL","N79","D1111","BG",2008,3.61
"PPS","P_SAL_H","TOTAL","N80","D01","BG",2008,2.84
"PPS","P_SAL_H","TOTAL","N80","D111","BG",2008,2.34
"PPS","P_SAL_H","TOTAL","N80","D1111","BG",2008,2.2
"PPS","P_SAL_H","TOTAL","N81","D01","BG",2008,2.28
"PPS","P_SAL_H","TOTAL","N81","D111","BG",2008,2.13
"PPS","P_SAL_H","TOTAL","N81","D1111","BG",2008,1.97
"PPS","P_SAL_H","TOTAL","N82","D01","BG",2008,6.68
"PPS","P_SAL_H","TOTAL","N82","D111","BG",2008,5.53
"PPS","P_SAL_H","TOTAL","N82","D1111","BG",2008,5.15
"PPS","P_SAL_H","TOTAL","O","D01","BG",2008,8.05
"PPS","P_SAL_H","TOTAL","O","D111","BG",2008,6.35
"PPS","P_SAL_H","TOTAL","O","D1111","BG",2008,5.72
"PPS","P_SAL_H","TOTAL","O-S","D01","BG",2008,6.47
"PPS","P_SAL_H","TOTAL","O-S","D111","BG",2008,5.21
"PPS","P_SAL_H","TOTAL","O-S","D1111","BG",2008,4.58
"PPS","P_SAL_H","TOTAL","O84","D01","BG",2008,8.05
"PPS","P_SAL_H","TOTAL","O84","D111","BG",2008,6.35
"PPS","P_SAL_H","TOTAL","O84","D1111","BG",2008,5.72
"PPS","P_SAL_H","TOTAL","P","D01","BG",2008,6.51
"PPS","P_SAL_H","TOTAL","P","D111","BG",2008,5.2
"PPS","P_SAL_H","TOTAL","P","D1111","BG",2008,4.35
"PPS","P_SAL_H","TOTAL","P-S","D01","BG",2008,5.88
"PPS","P_SAL_H","TOTAL","P-S","D111","BG",2008,4.78
"PPS","P_SAL_H","TOTAL","P-S","D1111","BG",2008,4.16
"PPS","P_SAL_H","TOTAL","P85","D01","BG",2008,6.51
"PPS","P_SAL_H","TOTAL","P85","D111","BG",2008,5.2
"PPS","P_SAL_H","TOTAL","P85","D1111","BG",2008,4.35
"PPS","P_SAL_H","TOTAL","Q","D01","BG",2008,5.97
"PPS","P_SAL_H","TOTAL","Q","D111","BG",2008,4.91
"PPS","P_SAL_H","TOTAL","Q","D1111","BG",2008,4.41
"PPS","P_SAL_H","TOTAL","Q86","D01","BG",2008,6.48
"PPS","P_SAL_H","TOTAL","Q86","D111","BG",2008,5.32
"PPS","P_SAL_H","TOTAL","Q86","D1111","BG",2008,4.8
"PPS","P_SAL_H","TOTAL","Q87","D01","BG",2008,4.43
"PPS","P_SAL_H","TOTAL","Q87","D111","BG",2008,3.63
"PPS","P_SAL_H","TOTAL","Q87","D1111","BG",2008,3.2
"PPS","P_SAL_H","TOTAL","Q88","D01","BG",2008,3.77
"PPS","P_SAL_H","TOTAL","Q88","D111","BG",2008,3.09
"PPS","P_SAL_H","TOTAL","Q88","D1111","BG",2008,2.73
"PPS","P_SAL_H","TOTAL","R","D01","BG",2008,4.51
"PPS","P_SAL_H","TOTAL","R","D111","BG",2008,3.74
"PPS","P_SAL_H","TOTAL","R","D1111","BG",2008,3.41
"PPS","P_SAL_H","TOTAL","R90","D01","BG",2008,5.1
"PPS","P_SAL_H","TOTAL","R90","D111","BG",2008,4.13
"PPS","P_SAL_H","TOTAL","R90","D1111","BG",2008,3.62
"PPS","P_SAL_H","TOTAL","R91","D01","BG",2008,4.57
"PPS","P_SAL_H","TOTAL","R91","D111","BG",2008,3.73
"PPS","P_SAL_H","TOTAL","R91","D1111","BG",2008,3.28
"PPS","P_SAL_H","TOTAL","R92","D01","BG",2008,3.74
"PPS","P_SAL_H","TOTAL","R92","D111","BG",2008,3.09
"PPS","P_SAL_H","TOTAL","R92","D1111","BG",2008,2.87
"PPS","P_SAL_H","TOTAL","R93","D01","BG",2008,5.11
"PPS","P_SAL_H","TOTAL","R93","D111","BG",2008,4.38
"PPS","P_SAL_H","TOTAL","R93","D1111","BG",2008,4.1
"PPS","P_SAL_H","TOTAL","S","D01","BG",2008,3.62
"PPS","P_SAL_H","TOTAL","S","D111","BG",2008,3.16
"PPS","P_SAL_H","TOTAL","S","D1111","BG",2008,2.92
"PPS","P_SAL_H","TOTAL","S94","D01","BG",2008,4.15
"PPS","P_SAL_H","TOTAL","S94","D111","BG",2008,3.74
"PPS","P_SAL_H","TOTAL","S94","D1111","BG",2008,3.43
"PPS","P_SAL_H","TOTAL","S95","D01","BG",2008,3.36
"PPS","P_SAL_H","TOTAL","S95","D111","BG",2008,2.79
"PPS","P_SAL_H","TOTAL","S95","D1111","BG",2008,2.65
"PPS","P_SAL_H","TOTAL","S96","D01","BG",2008,2.89
"PPS","P_SAL_H","TOTAL","S96","D111","BG",2008,2.38
"PPS","P_SAL_H","TOTAL","S96","D1111","BG",2008,2.23
"PPS","P_SAL_M","10-49","B","D01","BG",2008,867
"PPS","P_SAL_M","10-49","B","D111","BG",2008,694
"PPS","P_SAL_M","10-49","B","D1111","BG",2008,633
"PPS","P_SAL_M","10-49","B-E","D01","BG",2008,520
"PPS","P_SAL_M","10-49","B-E","D111","BG",2008,427
"PPS","P_SAL_M","10-49","B-E","D1111","BG",2008,391
"PPS","P_SAL_M","10-49","B-F","D01","BG",2008,540
"PPS","P_SAL_M","10-49","B-F","D111","BG",2008,443
"PPS","P_SAL_M","10-49","B-F","D1111","BG",2008,410
"PPS","P_SAL_M","10-49","B-N","D01","BG",2008,636
"PPS","P_SAL_M","10-49","B-N","D111","BG",2008,530
"PPS","P_SAL_M","10-49","B-N","D1111","BG",2008,491
"PPS","P_SAL_M","10-49","B-S","D01","BG",2008,677
"PPS","P_SAL_M","10-49","B-S","D111","BG",2008,558
"PPS","P_SAL_M","10-49","B-S","D1111","BG",2008,509
"PPS","P_SAL_M","10-49","B-S_X_O","D01","BG",2008,653
"PPS","P_SAL_M","10-49","B-S_X_O","D111","BG",2008,540
"PPS","P_SAL_M","10-49","B-S_X_O","D1111","BG",2008,494
"PPS","P_SAL_M","10-49","B05","D01","BG",2008,827
"PPS","P_SAL_M","10-49","B05","D111","BG",2008,652
"PPS","P_SAL_M","10-49","B05","D1111","BG",2008,613
"PPS","P_SAL_M","10-49","B06","D01","BG",2008,NA
"PPS","P_SAL_M","10-49","B06","D111","BG",2008,NA
"PPS","P_SAL_M","10-49","B06","D1111","BG",2008,NA
"PPS","P_SAL_M","10-49","B07","D01","BG",2008,951
"PPS","P_SAL_M","10-49","B07","D111","BG",2008,724
"PPS","P_SAL_M","10-49","B07","D1111","BG",2008,619
"PPS","P_SAL_M","10-49","B08","D01","BG",2008,817
"PPS","P_SAL_M","10-49","B08","D111","BG",2008,651
"PPS","P_SAL_M","10-49","B08","D1111","BG",2008,594
"PPS","P_SAL_M","10-49","B09","D01","BG",2008,NA
"PPS","P_SAL_M","10-49","B09","D111","BG",2008,NA
"PPS","P_SAL_M","10-49","B09","D1111","BG",2008,NA
"PPS","P_SAL_M","10-49","C","D01","BG",2008,480
"PPS","P_SAL_M","10-49","C","D111","BG",2008,394
"PPS","P_SAL_M","10-49","C","D1111","BG",2008,366
"PPS","P_SAL_M","10-49","C10","D01","BG",2008,435
"PPS","P_SAL_M","10-49","C10","D111","BG",2008,357
"PPS","P_SAL_M","10-49","C10","D1111","BG",2008,333
"PPS","P_SAL_M","10-49","C11","D01","BG",2008,NA
"PPS","P_SAL_M","10-49","C11","D111","BG",2008,NA
"PPS","P_SAL_M","10-49","C11","D1111","BG",2008,NA
"PPS","P_SAL_M","10-49","C12","D01","BG",2008,674
"PPS","P_SAL_M","10-49","C12","D111","BG",2008,549
"PPS","P_SAL_M","10-49","C12","D1111","BG",2008,509
"PPS","P_SAL_M","10-49","C13","D01","BG",2008,461
"PPS","P_SAL_M","10-49","C13","D111","BG",2008,372
"PPS","P_SAL_M","10-49","C13","D1111","BG",2008,344
"PPS","P_SAL_M","10-49","C14","D01","BG",2008,364
"PPS","P_SAL_M","10-49","C14","D111","BG",2008,299
"PPS","P_SAL_M","10-49","C14","D1111","BG",2008,278
"PPS","P_SAL_M","10-49","C15","D01","BG",2008,350
"PPS","P_SAL_M","10-49","C15","D111","BG",2008,288
"PPS","P_SAL_M","10-49","C15","D1111","BG",2008,268
"PPS","P_SAL_M","10-49","C16","D01","BG",2008,390
"PPS","P_SAL_M","10-49","C16","D111","BG",2008,320
"PPS","P_SAL_M","10-49","C16","D1111","BG",2008,298
"PPS","P_SAL_M","10-49","C17","D01","BG",2008,456
"PPS","P_SAL_M","10-49","C17","D111","BG",2008,375
"PPS","P_SAL_M","10-49","C17","D1111","BG",2008,346
"PPS","P_SAL_M","10-49","C18","D01","BG",2008,538
"PPS","P_SAL_M","10-49","C18","D111","BG",2008,444
"PPS","P_SAL_M","10-49","C18","D1111","BG",2008,411
"PPS","P_SAL_M","10-49","C19","D01","BG",2008,NA
"PPS","P_SAL_M","10-49","C19","D111","BG",2008,NA
"PPS","P_SAL_M","10-49","C19","D1111","BG",2008,NA
"PPS","P_SAL_M","10-49","C20","D01","BG",2008,598
"PPS","P_SAL_M","10-49","C20","D111","BG",2008,487
"PPS","P_SAL_M","10-49","C20","D1111","BG",2008,449
"PPS","P_SAL_M","10-49","C21","D01","BG",2008,NA
"PPS","P_SAL_M","10-49","C21","D111","BG",2008,NA
"PPS","P_SAL_M","10-49","C21","D1111","BG",2008,NA
"PPS","P_SAL_M","10-49","C22","D01","BG",2008,480
"PPS","P_SAL_M","10-49","C22","D111","BG",2008,395
"PPS","P_SAL_M","10-49","C22","D1111","BG",2008,368
"PPS","P_SAL_M","10-49","C23","D01","BG",2008,581
"PPS","P_SAL_M","10-49","C23","D111","BG",2008,470
"PPS","P_SAL_M","10-49","C23","D1111","BG",2008,439
"PPS","P_SAL_M","10-49","C24","D01","BG",2008,NA
"PPS","P_SAL_M","10-49","C24","D111","BG",2008,NA
"PPS","P_SAL_M","10-49","C24","D1111","BG",2008,NA
"PPS","P_SAL_M","10-49","C25","D01","BG",2008,540
"PPS","P_SAL_M","10-49","C25","D111","BG",2008,445
"PPS","P_SAL_M","10-49","C25","D1111","BG",2008,412
"PPS","P_SAL_M","10-49","C26","D01","BG",2008,796
"PPS","P_SAL_M","10-49","C26","D111","BG",2008,661
"PPS","P_SAL_M","10-49","C26","D1111","BG",2008,612
"PPS","P_SAL_M","10-49","C27","D01","BG",2008,620
"PPS","P_SAL_M","10-49","C27","D111","BG",2008,511
"PPS","P_SAL_M","10-49","C27","D1111","BG",2008,468
"PPS","P_SAL_M","10-49","C28","D01","BG",2008,665
"PPS","P_SAL_M","10-49","C28","D111","BG",2008,546
"PPS","P_SAL_M","10-49","C28","D1111","BG",2008,503
"PPS","P_SAL_M","10-49","C29","D01","BG",2008,NA
"PPS","P_SAL_M","10-49","C29","D111","BG",2008,NA
"PPS","P_SAL_M","10-49","C29","D1111","BG",2008,NA
"PPS","P_SAL_M","10-49","C30","D01","BG",2008,821
"PPS","P_SAL_M","10-49","C30","D111","BG",2008,688
"PPS","P_SAL_M","10-49","C30","D1111","BG",2008,647
"PPS","P_SAL_M","10-49","C31","D01","BG",2008,386
"PPS","P_SAL_M","10-49","C31","D111","BG",2008,317
"PPS","P_SAL_M","10-49","C31","D1111","BG",2008,295
"PPS","P_SAL_M","10-49","C32","D01","BG",2008,487
"PPS","P_SAL_M","10-49","C32","D111","BG",2008,397
"PPS","P_SAL_M","10-49","C32","D1111","BG",2008,366
"PPS","P_SAL_M","10-49","C33","D01","BG",2008,721
"PPS","P_SAL_M","10-49","C33","D111","BG",2008,594
"PPS","P_SAL_M","10-49","C33","D1111","BG",2008,557
"PPS","P_SAL_M","10-49","D","D01","BG",2008,1682
"PPS","P_SAL_M","10-49","D","D111","BG",2008,1372
"PPS","P_SAL_M","10-49","D","D1111","BG",2008,1115
"PPS","P_SAL_M","10-49","D35","D01","BG",2008,1682
"PPS","P_SAL_M","10-49","D35","D111","BG",2008,1372
"PPS","P_SAL_M","10-49","D35","D1111","BG",2008,1115
"PPS","P_SAL_M","10-49","E","D01","BG",2008,896
"PPS","P_SAL_M","10-49","E","D111","BG",2008,734
"PPS","P_SAL_M","10-49","E","D1111","BG",2008,607
"PPS","P_SAL_M","10-49","E36","D01","BG",2008,955
"PPS","P_SAL_M","10-49","E36","D111","BG",2008,775
"PPS","P_SAL_M","10-49","E36","D1111","BG",2008,595
"PPS","P_SAL_M","10-49","E37","D01","BG",2008,2092
"PPS","P_SAL_M","10-49","E37","D111","BG",2008,1889
"PPS","P_SAL_M","10-49","E37","D1111","BG",2008,1840
"PPS","P_SAL_M","10-49","E38","D01","BG",2008,731
"PPS","P_SAL_M","10-49","E38","D111","BG",2008,606
"PPS","P_SAL_M","10-49","E38","D1111","BG",2008,564
"PPS","P_SAL_M","10-49","E39","D01","BG",2008,889
"PPS","P_SAL_M","10-49","E39","D111","BG",2008,716
"PPS","P_SAL_M","10-49","E39","D1111","BG",2008,655
"PPS","P_SAL_M","10-49","F","D01","BG",2008,576
"PPS","P_SAL_M","10-49","F","D111","BG",2008,474
"PPS","P_SAL_M","10-49","F","D1111","BG",2008,446
"PPS","P_SAL_M","10-49","F41","D01","BG",2008,536
"PPS","P_SAL_M","10-49","F41","D111","BG",2008,441
"PPS","P_SAL_M","10-49","F41","D1111","BG",2008,416
"PPS","P_SAL_M","10-49","F42","D01","BG",2008,690
"PPS","P_SAL_M","10-49","F42","D111","BG",2008,562
"PPS","P_SAL_M","10-49","F42","D1111","BG",2008,525
"PPS","P_SAL_M","10-49","F43","D01","BG",2008,609
"PPS","P_SAL_M","10-49","F43","D111","BG",2008,503
"PPS","P_SAL_M","10-49","F43","D1111","BG",2008,474
"PPS","P_SAL_M","10-49","G","D01","BG",2008,610
"PPS","P_SAL_M","10-49","G","D111","BG",2008,510
"PPS","P_SAL_M","10-49","G","D1111","BG",2008,477
"PPS","P_SAL_M","10-49","G-J","D01","BG",2008,636
"PPS","P_SAL_M","10-49","G-J","D111","BG",2008,531
"PPS","P_SAL_M","10-49","G-J","D1111","BG",2008,493
"PPS","P_SAL_M","10-49","G-N","D01","BG",2008,720
"PPS","P_SAL_M","10-49","G-N","D111","BG",2008,605
"PPS","P_SAL_M","10-49","G-N","D1111","BG",2008,561
"PPS","P_SAL_M","10-49","G-S_X_O","D01","BG",2008,723
"PPS","P_SAL_M","10-49","G-S_X_O","D111","BG",2008,600
"PPS","P_SAL_M","10-49","G-S_X_O","D1111","BG",2008,545
"PPS","P_SAL_M","10-49","G45","D01","BG",2008,645
"PPS","P_SAL_M","10-49","G45","D111","BG",2008,538
"PPS","P_SAL_M","10-49","G45","D1111","BG",2008,504
"PPS","P_SAL_M","10-49","G46","D01","BG",2008,731
"PPS","P_SAL_M","10-49","G46","D111","BG",2008,615
"PPS","P_SAL_M","10-49","G46","D1111","BG",2008,575
"PPS","P_SAL_M","10-49","G47","D01","BG",2008,474
"PPS","P_SAL_M","10-49","G47","D111","BG",2008,392
"PPS","P_SAL_M","10-49","G47","D1111","BG",2008,367
"PPS","P_SAL_M","10-49","H","D01","BG",2008,677
"PPS","P_SAL_M","10-49","H","D111","BG",2008,564
"PPS","P_SAL_M","10-49","H","D1111","BG",2008,502
"PPS","P_SAL_M","10-49","H49","D01","BG",2008,510
"PPS","P_SAL_M","10-49","H49","D111","BG",2008,406
"PPS","P_SAL_M","10-49","H49","D1111","BG",2008,377
"PPS","P_SAL_M","10-49","H50","D01","BG",2008,760
"PPS","P_SAL_M","10-49","H50","D111","BG",2008,595
"PPS","P_SAL_M","10-49","H50","D1111","BG",2008,565
"PPS","P_SAL_M","10-49","H51","D01","BG",2008,1673
"PPS","P_SAL_M","10-49","H51","D111","BG",2008,1340
"PPS","P_SAL_M","10-49","H51","D1111","BG",2008,1260
"PPS","P_SAL_M","10-49","H52","D01","BG",2008,1079
"PPS","P_SAL_M","10-49","H52","D111","BG",2008,953
"PPS","P_SAL_M","10-49","H52","D1111","BG",2008,846
"PPS","P_SAL_M","10-49","H53","D01","BG",2008,708
"PPS","P_SAL_M","10-49","H53","D111","BG",2008,581
"PPS","P_SAL_M","10-49","H53","D1111","BG",2008,430
"PPS","P_SAL_M","10-49","I","D01","BG",2008,429
"PPS","P_SAL_M","10-49","I","D111","BG",2008,353
"PPS","P_SAL_M","10-49","I","D1111","BG",2008,334
"PPS","P_SAL_M","10-49","I55","D01","BG",2008,527
"PPS","P_SAL_M","10-49","I55","D111","BG",2008,432
"PPS","P_SAL_M","10-49","I55","D1111","BG",2008,405
"PPS","P_SAL_M","10-49","I56","D01","BG",2008,391
"PPS","P_SAL_M","10-49","I56","D111","BG",2008,323
"PPS","P_SAL_M","10-49","I56","D1111","BG",2008,306
"PPS","P_SAL_M","10-49","J","D01","BG",2008,1289
"PPS","P_SAL_M","10-49","J","D111","BG",2008,1097
"PPS","P_SAL_M","10-49","J","D1111","BG",2008,1024
"PPS","P_SAL_M","10-49","J58","D01","BG",2008,895
"PPS","P_SAL_M","10-49","J58","D111","BG",2008,756
"PPS","P_SAL_M","10-49","J58","D1111","BG",2008,704
"PPS","P_SAL_M","10-49","J59","D01","BG",2008,1057
"PPS","P_SAL_M","10-49","J59","D111","BG",2008,883
"PPS","P_SAL_M","10-49","J59","D1111","BG",2008,824
"PPS","P_SAL_M","10-49","J60","D01","BG",2008,834
"PPS","P_SAL_M","10-49","J60","D111","BG",2008,700
"PPS","P_SAL_M","10-49","J60","D1111","BG",2008,649
"PPS","P_SAL_M","10-49","J61","D01","BG",2008,916
"PPS","P_SAL_M","10-49","J61","D111","BG",2008,750
"PPS","P_SAL_M","10-49","J61","D1111","BG",2008,694
"PPS","P_SAL_M","10-49","J62","D01","BG",2008,1732
"PPS","P_SAL_M","10-49","J62","D111","BG",2008,1493
"PPS","P_SAL_M","10-49","J62","D1111","BG",2008,1400
"PPS","P_SAL_M","10-49","J63","D01","BG",2008,1532
"PPS","P_SAL_M","10-49","J63","D111","BG",2008,1320
"PPS","P_SAL_M","10-49","J63","D1111","BG",2008,1232
"PPS","P_SAL_M","10-49","K","D01","BG",2008,1542
"PPS","P_SAL_M","10-49","K","D111","BG",2008,1310
"PPS","P_SAL_M","10-49","K","D1111","BG",2008,1201
"PPS","P_SAL_M","10-49","K-N","D01","BG",2008,1048
"PPS","P_SAL_M","10-49","K-N","D111","BG",2008,892
"PPS","P_SAL_M","10-49","K-N","D1111","BG",2008,827
"PPS","P_SAL_M","10-49","K64","D01","BG",2008,1520
"PPS","P_SAL_M","10-49","K64","D111","BG",2008,1287
"PPS","P_SAL_M","10-49","K64","D1111","BG",2008,1172
"PPS","P_SAL_M","10-49","K65","D01","BG",2008,1839
"PPS","P_SAL_M","10-49","K65","D111","BG",2008,1563
"PPS","P_SAL_M","10-49","K65","D1111","BG",2008,1446
"PPS","P_SAL_M","10-49","K66","D01","BG",2008,1454
"PPS","P_SAL_M","10-49","K66","D111","BG",2008,1251
"PPS","P_SAL_M","10-49","K66","D1111","BG",2008,1185
"PPS","P_SAL_M","10-49","L","D01","BG",2008,884
"PPS","P_SAL_M","10-49","L","D111","BG",2008,742
"PPS","P_SAL_M","10-49","L","D1111","BG",2008,683
"PPS","P_SAL_M","10-49","L68","D01","BG",2008,884
"PPS","P_SAL_M","10-49","L68","D111","BG",2008,742
"PPS","P_SAL_M","10-49","L68","D1111","BG",2008,683
"PPS","P_SAL_M","10-49","M","D01","BG",2008,1292
"PPS","P_SAL_M","10-49","M","D111","BG",2008,1111
"PPS","P_SAL_M","10-49","M","D1111","BG",2008,1034
"PPS","P_SAL_M","10-49","M69","D01","BG",2008,1004
"PPS","P_SAL_M","10-49","M69","D111","BG",2008,850
"PPS","P_SAL_M","10-49","M69","D1111","BG",2008,795
"PPS","P_SAL_M","10-49","M70","D01","BG",2008,2403
"PPS","P_SAL_M","10-49","M70","D111","BG",2008,2142
"PPS","P_SAL_M","10-49","M70","D1111","BG",2008,2014
"PPS","P_SAL_M","10-49","M71","D01","BG",2008,1236
"PPS","P_SAL_M","10-49","M71","D111","BG",2008,1048
"PPS","P_SAL_M","10-49","M71","D1111","BG",2008,962
"PPS","P_SAL_M","10-49","M72","D01","BG",2008,1007
"PPS","P_SAL_M","10-49","M72","D111","BG",2008,826
"PPS","P_SAL_M","10-49","M72","D1111","BG",2008,743
"PPS","P_SAL_M","10-49","M73","D01","BG",2008,1010
"PPS","P_SAL_M","10-49","M73","D111","BG",2008,857
"PPS","P_SAL_M","10-49","M73","D1111","BG",2008,801
"PPS","P_SAL_M","10-49","M74","D01","BG",2008,1454
"PPS","P_SAL_M","10-49","M74","D111","BG",2008,1289
"PPS","P_SAL_M","10-49","M74","D1111","BG",2008,1225
"PPS","P_SAL_M","10-49","M75","D01","BG",2008,NA
"PPS","P_SAL_M","10-49","M75","D111","BG",2008,NA
"PPS","P_SAL_M","10-49","M75","D1111","BG",2008,NA
"PPS","P_SAL_M","10-49","N","D01","BG",2008,549
"PPS","P_SAL_M","10-49","N","D111","BG",2008,461
"PPS","P_SAL_M","10-49","N","D1111","BG",2008,432
"PPS","P_SAL_M","10-49","N77","D01","BG",2008,1050
"PPS","P_SAL_M","10-49","N77","D111","BG",2008,886
"PPS","P_SAL_M","10-49","N77","D1111","BG",2008,824
"PPS","P_SAL_M","10-49","N78","D01","BG",2008,927
"PPS","P_SAL_M","10-49","N78","D111","BG",2008,771
"PPS","P_SAL_M","10-49","N78","D1111","BG",2008,709
"PPS","P_SAL_M","10-49","N79","D01","BG",2008,787
"PPS","P_SAL_M","10-49","N79","D111","BG",2008,666
"PPS","P_SAL_M","10-49","N79","D1111","BG",2008,628
"PPS","P_SAL_M","10-49","N80","D01","BG",2008,410
"PPS","P_SAL_M","10-49","N80","D111","BG",2008,343
"PPS","P_SAL_M","10-49","N80","D1111","BG",2008,327
"PPS","P_SAL_M","10-49","N81","D01","BG",2008,410
"PPS","P_SAL_M","10-49","N81","D111","BG",2008,345
"PPS","P_SAL_M","10-49","N81","D1111","BG",2008,319
"PPS","P_SAL_M","10-49","N82","D01","BG",2008,842
"PPS","P_SAL_M","10-49","N82","D111","BG",2008,697
"PPS","P_SAL_M","10-49","N82","D1111","BG",2008,653
"PPS","P_SAL_M","10-49","O","D01","BG",2008,1271
"PPS","P_SAL_M","10-49","O","D111","BG",2008,993
"PPS","P_SAL_M","10-49","O","D1111","BG",2008,881
"PPS","P_SAL_M","10-49","O-S","D01","BG",2008,832
"PPS","P_SAL_M","10-49","O-S","D111","BG",2008,665
"PPS","P_SAL_M","10-49","O-S","D1111","BG",2008,576
"PPS","P_SAL_M","10-49","O84","D01","BG",2008,1271
"PPS","P_SAL_M","10-49","O84","D111","BG",2008,993
"PPS","P_SAL_M","10-49","O84","D1111","BG",2008,881
"PPS","P_SAL_M","10-49","P","D01","BG",2008,796
"PPS","P_SAL_M","10-49","P","D111","BG",2008,631
"PPS","P_SAL_M","10-49","P","D1111","BG",2008,525
"PPS","P_SAL_M","10-49","P-S","D01","BG",2008,731
"PPS","P_SAL_M","10-49","P-S","D111","BG",2008,589
"PPS","P_SAL_M","10-49","P-S","D1111","BG",2008,506
"PPS","P_SAL_M","10-49","P85","D01","BG",2008,796
"PPS","P_SAL_M","10-49","P85","D111","BG",2008,631
"PPS","P_SAL_M","10-49","P85","D1111","BG",2008,525
"PPS","P_SAL_M","10-49","Q","D01","BG",2008,686
"PPS","P_SAL_M","10-49","Q","D111","BG",2008,567
"PPS","P_SAL_M","10-49","Q","D1111","BG",2008,516
"PPS","P_SAL_M","10-49","Q86","D01","BG",2008,769
"PPS","P_SAL_M","10-49","Q86","D111","BG",2008,640
"PPS","P_SAL_M","10-49","Q86","D1111","BG",2008,588
"PPS","P_SAL_M","10-49","Q87","D01","BG",2008,NA
"PPS","P_SAL_M","10-49","Q87","D111","BG",2008,NA
"PPS","P_SAL_M","10-49","Q87","D1111","BG",2008,NA
"PPS","P_SAL_M","10-49","Q88","D01","BG",2008,NA
"PPS","P_SAL_M","10-49","Q88","D111","BG",2008,NA
"PPS","P_SAL_M","10-49","Q88","D1111","BG",2008,NA
"PPS","P_SAL_M","10-49","R","D01","BG",2008,542
"PPS","P_SAL_M","10-49","R","D111","BG",2008,447
"PPS","P_SAL_M","10-49","R","D1111","BG",2008,408
"PPS","P_SAL_M","10-49","R90","D01","BG",2008,648
"PPS","P_SAL_M","10-49","R90","D111","BG",2008,533
"PPS","P_SAL_M","10-49","R90","D1111","BG",2008,476
"PPS","P_SAL_M","10-49","R91","D01","BG",2008,623
"PPS","P_SAL_M","10-49","R91","D111","BG",2008,511
"PPS","P_SAL_M","10-49","R91","D1111","BG",2008,451
"PPS","P_SAL_M","10-49","R92","D01","BG",2008,431
"PPS","P_SAL_M","10-49","R92","D111","BG",2008,355
"PPS","P_SAL_M","10-49","R92","D1111","BG",2008,331
"PPS","P_SAL_M","10-49","R93","D01","BG",2008,570
"PPS","P_SAL_M","10-49","R93","D111","BG",2008,472
"PPS","P_SAL_M","10-49","R93","D1111","BG",2008,442
"PPS","P_SAL_M","10-49","S","D01","BG",2008,569
"PPS","P_SAL_M","10-49","S","D111","BG",2008,492
"PPS","P_SAL_M","10-49","S","D1111","BG",2008,451
"PPS","P_SAL_M","10-49","S94","D01","BG",2008,616
"PPS","P_SAL_M","10-49","S94","D111","BG",2008,546
"PPS","P_SAL_M","10-49","S94","D1111","BG",2008,497
"PPS","P_SAL_M","10-49","S95","D01","BG",2008,823
"PPS","P_SAL_M","10-49","S95","D111","BG",2008,686
"PPS","P_SAL_M","10-49","S95","D1111","BG",2008,640
"PPS","P_SAL_M","10-49","S96","D01","BG",2008,451
"PPS","P_SAL_M","10-49","S96","D111","BG",2008,372
"PPS","P_SAL_M","10-49","S96","D1111","BG",2008,344
"PPS","P_SAL_M","250-499","B","D01","BG",2008,1064
"PPS","P_SAL_M","250-499","B","D111","BG",2008,767
"PPS","P_SAL_M","250-499","B","D1111","BG",2008,672
"PPS","P_SAL_M","250-499","B-E","D01","BG",2008,939
"PPS","P_SAL_M","250-499","B-E","D111","BG",2008,753
"PPS","P_SAL_M","250-499","B-E","D1111","BG",2008,652
"PPS","P_SAL_M","250-499","B-F","D01","BG",2008,921
"PPS","P_SAL_M","250-499","B-F","D111","BG",2008,742
"PPS","P_SAL_M","250-499","B-F","D1111","BG",2008,651
"PPS","P_SAL_M","250-499","B-N","D01","BG",2008,986
"PPS","P_SAL_M","250-499","B-N","D111","BG",2008,806
"PPS","P_SAL_M","250-499","B-N","D1111","BG",2008,714
"PPS","P_SAL_M","250-499","B-S","D01","BG",2008,1007
"PPS","P_SAL_M","250-499","B-S","D111","BG",2008,819
"PPS","P_SAL_M","250-499","B-S","D1111","BG",2008,726
"PPS","P_SAL_M","250-499","B-S_X_O","D01","BG",2008,981
"PPS","P_SAL_M","250-499","B-S_X_O","D111","BG",2008,802
"PPS","P_SAL_M","250-499","B-S_X_O","D1111","BG",2008,709
"PPS","P_SAL_M","250-499","B05","D01","BG",2008,991
"PPS","P_SAL_M","250-499","B05","D111","BG",2008,677
"PPS","P_SAL_M","250-499","B05","D1111","BG",2008,579
"PPS","P_SAL_M","250-499","B06","D01","BG",2008,NA
"PPS","P_SAL_M","250-499","B06","D111","BG",2008,NA
"PPS","P_SAL_M","250-499","B06","D1111","BG",2008,NA
"PPS","P_SAL_M","250-499","B07","D01","BG",2008,1123
"PPS","P_SAL_M","250-499","B07","D111","BG",2008,823
"PPS","P_SAL_M","250-499","B07","D1111","BG",2008,737
"PPS","P_SAL_M","250-499","B08","D01","BG",2008,NA
"PPS","P_SAL_M","250-499","B08","D111","BG",2008,NA
"PPS","P_SAL_M","250-499","B08","D1111","BG",2008,NA
"PPS","P_SAL_M","250-499","C","D01","BG",2008,850
"PPS","P_SAL_M","250-499","C","D111","BG",2008,692
"PPS","P_SAL_M","250-499","C","D1111","BG",2008,617
"PPS","P_SAL_M","250-499","C10","D01","BG",2008,750
"PPS","P_SAL_M","250-499","C10","D111","BG",2008,609
"PPS","P_SAL_M","250-499","C10","D1111","BG",2008,565
"PPS","P_SAL_M","250-499","C11","D01","BG",2008,1225
"PPS","P_SAL_M","250-499","C11","D111","BG",2008,1035
"PPS","P_SAL_M","250-499","C11","D1111","BG",2008,961
"PPS","P_SAL_M","250-499","C12","D01","BG",2008,2082
"PPS","P_SAL_M","250-499","C12","D111","BG",2008,1685
"PPS","P_SAL_M","250-499","C12","D1111","BG",2008,1417
"PPS","P_SAL_M","250-499","C13","D01","BG",2008,NA
"PPS","P_SAL_M","250-499","C13","D111","BG",2008,NA
"PPS","P_SAL_M","250-499","C13","D1111","BG",2008,NA
"PPS","P_SAL_M","250-499","C14","D01","BG",2008,523
"PPS","P_SAL_M","250-499","C14","D111","BG",2008,432
"PPS","P_SAL_M","250-499","C14","D1111","BG",2008,383
"PPS","P_SAL_M","250-499","C15","D01","BG",2008,492
"PPS","P_SAL_M","250-499","C15","D111","BG",2008,398
"PPS","P_SAL_M","250-499","C15","D1111","BG",2008,363
"PPS","P_SAL_M","250-499","C16","D01","BG",2008,NA
"PPS","P_SAL_M","250-499","C16","D111","BG",2008,NA
"PPS","P_SAL_M","250-499","C16","D1111","BG",2008,NA
"PPS","P_SAL_M","250-499","C17","D01","BG",2008,802
"PPS","P_SAL_M","250-499","C17","D111","BG",2008,640
"PPS","P_SAL_M","250-499","C17","D1111","BG",2008,581
"PPS","P_SAL_M","250-499","C18","D01","BG",2008,1471
"PPS","P_SAL_M","250-499","C18","D111","BG",2008,1211
"PPS","P_SAL_M","250-499","C18","D1111","BG",2008,1069
"PPS","P_SAL_M","250-499","C19","D01","BG",2008,NA
"PPS","P_SAL_M","250-499","C19","D111","BG",2008,NA
"PPS","P_SAL_M","250-499","C19","D1111","BG",2008,NA
"PPS","P_SAL_M","250-499","C20","D01","BG",2008,NA
"PPS","P_SAL_M","250-499","C20","D111","BG",2008,NA
"PPS","P_SAL_M","250-499","C20","D1111","BG",2008,NA
"PPS","P_SAL_M","250-499","C21","D01","BG",2008,1156
"PPS","P_SAL_M","250-499","C21","D111","BG",2008,919
"PPS","P_SAL_M","250-499","C21","D1111","BG",2008,802
"PPS","P_SAL_M","250-499","C22","D01","BG",2008,552
"PPS","P_SAL_M","250-499","C22","D111","BG",2008,447
"PPS","P_SAL_M","250-499","C22","D1111","BG",2008,401
"PPS","P_SAL_M","250-499","C23","D01","BG",2008,NA
"PPS","P_SAL_M","250-499","C23","D111","BG",2008,NA
"PPS","P_SAL_M","250-499","C23","D1111","BG",2008,NA
"PPS","P_SAL_M","250-499","C24","D01","BG",2008,NA
"PPS","P_SAL_M","250-499","C24","D111","BG",2008,NA
"PPS","P_SAL_M","250-499","C24","D1111","BG",2008,NA
"PPS","P_SAL_M","250-499","C25","D01","BG",2008,887
"PPS","P_SAL_M","250-499","C25","D111","BG",2008,731
"PPS","P_SAL_M","250-499","C25","D1111","BG",2008,638
"PPS","P_SAL_M","250-499","C26","D01","BG",2008,1016
"PPS","P_SAL_M","250-499","C26","D111","BG",2008,839
"PPS","P_SAL_M","250-499","C26","D1111","BG",2008,732
"PPS","P_SAL_M","250-499","C27","D01","BG",2008,922
"PPS","P_SAL_M","250-499","C27","D111","BG",2008,755
"PPS","P_SAL_M","250-499","C27","D1111","BG",2008,659
"PPS","P_SAL_M","250-499","C28","D01","BG",2008,931
"PPS","P_SAL_M","250-499","C28","D111","BG",2008,760
"PPS","P_SAL_M","250-499","C28","D1111","BG",2008,682
"PPS","P_SAL_M","250-499","C29","D01","BG",2008,NA
"PPS","P_SAL_M","250-499","C29","D111","BG",2008,NA
"PPS","P_SAL_M","250-499","C29","D1111","BG",2008,NA
"PPS","P_SAL_M","250-499","C30","D01","BG",2008,NA
"PPS","P_SAL_M","250-499","C30","D111","BG",2008,NA
"PPS","P_SAL_M","250-499","C30","D1111","BG",2008,NA
"PPS","P_SAL_M","250-499","C31","D01","BG",2008,540
"PPS","P_SAL_M","250-499","C31","D111","BG",2008,441
"PPS","P_SAL_M","250-499","C31","D1111","BG",2008,403
"PPS","P_SAL_M","250-499","C32","D01","BG",2008,NA
"PPS","P_SAL_M","250-499","C32","D111","BG",2008,NA
"PPS","P_SAL_M","250-499","C32","D1111","BG",2008,NA
"PPS","P_SAL_M","250-499","C33","D01","BG",2008,NA
"PPS","P_SAL_M","250-499","C33","D111","BG",2008,NA
"PPS","P_SAL_M","250-499","C33","D1111","BG",2008,NA
"PPS","P_SAL_M","250-499","D","D01","BG",2008,2480
"PPS","P_SAL_M","250-499","D","D111","BG",2008,1873
"PPS","P_SAL_M","250-499","D","D1111","BG",2008,1338
"PPS","P_SAL_M","250-499","D35","D01","BG",2008,2480
"PPS","P_SAL_M","250-499","D35","D111","BG",2008,1873
"PPS","P_SAL_M","250-499","D35","D1111","BG",2008,1338
"PPS","P_SAL_M","250-499","E","D01","BG",2008,NA
"PPS","P_SAL_M","250-499","E","D111","BG",2008,NA
"PPS","P_SAL_M","250-499","E","D1111","BG",2008,NA
"PPS","P_SAL_M","250-499","E36","D01","BG",2008,NA
"PPS","P_SAL_M","250-499","E36","D111","BG",2008,NA
"PPS","P_SAL_M","250-499","E36","D1111","BG",2008,NA
"PPS","P_SAL_M","250-499","E37","D01","BG",2008,NA
"PPS","P_SAL_M","250-499","E37","D111","BG",2008,NA
"PPS","P_SAL_M","250-499","E37","D1111","BG",2008,NA
"PPS","P_SAL_M","250-499","E38","D01","BG",2008,996
"PPS","P_SAL_M","250-499","E38","D111","BG",2008,807
"PPS","P_SAL_M","250-499","E38","D1111","BG",2008,712
"PPS","P_SAL_M","250-499","F","D01","BG",2008,862
"PPS","P_SAL_M","250-499","F","D111","BG",2008,705
"PPS","P_SAL_M","250-499","F","D1111","BG",2008,650
"PPS","P_SAL_M","250-499","F41","D01","BG",2008,696
"PPS","P_SAL_M","250-499","F41","D111","BG",2008,577
"PPS","P_SAL_M","250-499","F41","D1111","BG",2008,531
"PPS","P_SAL_M","250-499","F42","D01","BG",2008,NA
"PPS","P_SAL_M","250-499","F42","D111","BG",2008,NA
"PPS","P_SAL_M","250-499","F42","D1111","BG",2008,NA
"PPS","P_SAL_M","250-499","F43","D01","BG",2008,NA
"PPS","P_SAL_M","250-499","F43","D111","BG",2008,NA
"PPS","P_SAL_M","250-499","F43","D1111","BG",2008,NA
"PPS","P_SAL_M","250-499","G","D01","BG",2008,951
"PPS","P_SAL_M","250-499","G","D111","BG",2008,797
"PPS","P_SAL_M","250-499","G","D1111","BG",2008,748
"PPS","P_SAL_M","250-499","G-J","D01","BG",2008,1171
"PPS","P_SAL_M","250-499","G-J","D111","BG",2008,968
"PPS","P_SAL_M","250-499","G-J","D1111","BG",2008,853
"PPS","P_SAL_M","250-499","G-N","D01","BG",2008,1085
"PPS","P_SAL_M","250-499","G-N","D111","BG",2008,904
"PPS","P_SAL_M","250-499","G-N","D1111","BG",2008,809
"PPS","P_SAL_M","250-499","G-S_X_O","D01","BG",2008,1046
"PPS","P_SAL_M","250-499","G-S_X_O","D111","BG",2008,867
"PPS","P_SAL_M","250-499","G-S_X_O","D1111","BG",2008,771
"PPS","P_SAL_M","250-499","G45","D01","BG",2008,NA
"PPS","P_SAL_M","250-499","G45","D111","BG",2008,NA
"PPS","P_SAL_M","250-499","G45","D1111","BG",2008,NA
"PPS","P_SAL_M","250-499","G46","D01","BG",2008,1406
"PPS","P_SAL_M","250-499","G46","D111","BG",2008,1194
"PPS","P_SAL_M","250-499","G46","D1111","BG",2008,1122
"PPS","P_SAL_M","250-499","G47","D01","BG",2008,675
"PPS","P_SAL_M","250-499","G47","D111","BG",2008,556
"PPS","P_SAL_M","250-499","G47","D1111","BG",2008,522
"PPS","P_SAL_M","250-499","H","D01","BG",2008,1098
"PPS","P_SAL_M","250-499","H","D111","BG",2008,897
"PPS","P_SAL_M","250-499","H","D1111","BG",2008,739
"PPS","P_SAL_M","250-499","H49","D01","BG",2008,1043
"PPS","P_SAL_M","250-499","H49","D111","BG",2008,838
"PPS","P_SAL_M","250-499","H49","D1111","BG",2008,696
"PPS","P_SAL_M","250-499","H50","D01","BG",2008,NA
"PPS","P_SAL_M","250-499","H50","D111","BG",2008,NA
"PPS","P_SAL_M","250-499","H50","D1111","BG",2008,NA
"PPS","P_SAL_M","250-499","H51","D01","BG",2008,NA
"PPS","P_SAL_M","250-499","H51","D111","BG",2008,NA
"PPS","P_SAL_M","250-499","H51","D1111","BG",2008,NA
"PPS","P_SAL_M","250-499","H52","D01","BG",2008,965
"PPS","P_SAL_M","250-499","H52","D111","BG",2008,837
"PPS","P_SAL_M","250-499","H52","D1111","BG",2008,664
"PPS","P_SAL_M","250-499","H53","D01","BG",2008,1001
"PPS","P_SAL_M","250-499","H53","D111","BG",2008,831
"PPS","P_SAL_M","250-499","H53","D1111","BG",2008,679
"PPS","P_SAL_M","250-499","I","D01","BG",2008,686
"PPS","P_SAL_M","250-499","I","D111","BG",2008,563
"PPS","P_SAL_M","250-499","I","D1111","BG",2008,520
"PPS","P_SAL_M","250-499","I55","D01","BG",2008,NA
"PPS","P_SAL_M","250-499","I55","D111","BG",2008,NA
"PPS","P_SAL_M","250-499","I55","D1111","BG",2008,NA
"PPS","P_SAL_M","250-499","I56","D01","BG",2008,NA
"PPS","P_SAL_M","250-499","I56","D111","BG",2008,NA
"PPS","P_SAL_M","250-499","I56","D1111","BG",2008,NA
"PPS","P_SAL_M","250-499","J","D01","BG",2008,2282
"PPS","P_SAL_M","250-499","J","D111","BG",2008,1899
"PPS","P_SAL_M","250-499","J","D1111","BG",2008,1677
"PPS","P_SAL_M","250-499","J58","D01","BG",2008,NA
"PPS","P_SAL_M","250-499","J58","D111","BG",2008,NA
"PPS","P_SAL_M","250-499","J58","D1111","BG",2008,NA
"PPS","P_SAL_M","250-499","J60","D01","BG",2008,NA
"PPS","P_SAL_M","250-499","J60","D111","BG",2008,NA
"PPS","P_SAL_M","250-499","J60","D1111","BG",2008,NA
"PPS","P_SAL_M","250-499","J61","D01","BG",2008,1246
"PPS","P_SAL_M","250-499","J61","D111","BG",2008,1009
"PPS","P_SAL_M","250-499","J61","D1111","BG",2008,935
"PPS","P_SAL_M","250-499","J62","D01","BG",2008,NA
"PPS","P_SAL_M","250-499","J62","D111","BG",2008,NA
"PPS","P_SAL_M","250-499","J62","D1111","BG",2008,NA
"PPS","P_SAL_M","250-499","J63","D01","BG",2008,1713
"PPS","P_SAL_M","250-499","J63","D111","BG",2008,1473
"PPS","P_SAL_M","250-499","J63","D1111","BG",2008,1353
"PPS","P_SAL_M","250-499","K","D01","BG",2008,1714
"PPS","P_SAL_M","250-499","K","D111","BG",2008,1446
"PPS","P_SAL_M","250-499","K","D1111","BG",2008,1324
"PPS","P_SAL_M","250-499","K-N","D01","BG",2008,968
"PPS","P_SAL_M","250-499","K-N","D111","BG",2008,816
"PPS","P_SAL_M","250-499","K-N","D1111","BG",2008,749
"PPS","P_SAL_M","250-499","K64","D01","BG",2008,1686
"PPS","P_SAL_M","250-499","K64","D111","BG",2008,1411
"PPS","P_SAL_M","250-499","K64","D1111","BG",2008,1280
"PPS","P_SAL_M","250-499","K65","D01","BG",2008,1762
"PPS","P_SAL_M","250-499","K65","D111","BG",2008,1506
"PPS","P_SAL_M","250-499","K65","D1111","BG",2008,1401
"PPS","P_SAL_M","250-499","K66","D01","BG",2008,NA
"PPS","P_SAL_M","250-499","K66","D111","BG",2008,NA
"PPS","P_SAL_M","250-499","K66","D1111","BG",2008,NA
"PPS","P_SAL_M","250-499","L","D01","BG",2008,NA
"PPS","P_SAL_M","250-499","L","D111","BG",2008,NA
"PPS","P_SAL_M","250-499","L","D1111","BG",2008,NA
"PPS","P_SAL_M","250-499","L68","D01","BG",2008,NA
"PPS","P_SAL_M","250-499","L68","D111","BG",2008,NA
"PPS","P_SAL_M","250-499","L68","D1111","BG",2008,NA
"PPS","P_SAL_M","250-499","M","D01","BG",2008,NA
"PPS","P_SAL_M","250-499","M","D111","BG",2008,NA
"PPS","P_SAL_M","250-499","M","D1111","BG",2008,NA
"PPS","P_SAL_M","250-499","M69","D01","BG",2008,NA
"PPS","P_SAL_M","250-499","M69","D111","BG",2008,NA
"PPS","P_SAL_M","250-499","M69","D1111","BG",2008,NA
"PPS","P_SAL_M","250-499","M70","D01","BG",2008,NA
"PPS","P_SAL_M","250-499","M70","D111","BG",2008,NA
"PPS","P_SAL_M","250-499","M70","D1111","BG",2008,NA
"PPS","P_SAL_M","250-499","M71","D01","BG",2008,1442
"PPS","P_SAL_M","250-499","M71","D111","BG",2008,1158
"PPS","P_SAL_M","250-499","M71","D1111","BG",2008,1002
"PPS","P_SAL_M","250-499","M72","D01","BG",2008,929
"PPS","P_SAL_M","250-499","M72","D111","BG",2008,757
"PPS","P_SAL_M","250-499","M72","D1111","BG",2008,657
"PPS","P_SAL_M","250-499","M73","D01","BG",2008,NA
"PPS","P_SAL_M","250-499","M73","D111","BG",2008,NA
"PPS","P_SAL_M","250-499","M73","D1111","BG",2008,NA
"PPS","P_SAL_M","250-499","M74","D01","BG",2008,NA
"PPS","P_SAL_M","250-499","M74","D111","BG",2008,NA
"PPS","P_SAL_M","250-499","M74","D1111","BG",2008,NA
"PPS","P_SAL_M","250-499","N","D01","BG",2008,512
"PPS","P_SAL_M","250-499","N","D111","BG",2008,438
"PPS","P_SAL_M","250-499","N","D1111","BG",2008,410
"PPS","P_SAL_M","250-499","N78","D01","BG",2008,NA
"PPS","P_SAL_M","250-499","N78","D111","BG",2008,NA
"PPS","P_SAL_M","250-499","N78","D1111","BG",2008,NA
"PPS","P_SAL_M","250-499","N80","D01","BG",2008,479
"PPS","P_SAL_M","250-499","N80","D111","BG",2008,395
"PPS","P_SAL_M","250-499","N80","D1111","BG",2008,369
"PPS","P_SAL_M","250-499","N81","D01","BG",2008,NA
"PPS","P_SAL_M","250-499","N81","D111","BG",2008,NA
"PPS","P_SAL_M","250-499","N81","D1111","BG",2008,NA
"PPS","P_SAL_M","250-499","N82","D01","BG",2008,NA
"PPS","P_SAL_M","250-499","N82","D111","BG",2008,NA
"PPS","P_SAL_M","250-499","N82","D1111","BG",2008,NA
"PPS","P_SAL_M","250-499","O","D01","BG",2008,1264
"PPS","P_SAL_M","250-499","O","D111","BG",2008,994
"PPS","P_SAL_M","250-499","O","D1111","BG",2008,894
"PPS","P_SAL_M","250-499","O-S","D01","BG",2008,1082
"PPS","P_SAL_M","250-499","O-S","D111","BG",2008,868
"PPS","P_SAL_M","250-499","O-S","D1111","BG",2008,768
"PPS","P_SAL_M","250-499","O84","D01","BG",2008,1264
"PPS","P_SAL_M","250-499","O84","D111","BG",2008,994
"PPS","P_SAL_M","250-499","O84","D1111","BG",2008,894
"PPS","P_SAL_M","250-499","P","D01","BG",2008,1006
"PPS","P_SAL_M","250-499","P","D111","BG",2008,824
"PPS","P_SAL_M","250-499","P","D1111","BG",2008,697
"PPS","P_SAL_M","250-499","P-S","D01","BG",2008,946
"PPS","P_SAL_M","250-499","P-S","D111","BG",2008,773
"PPS","P_SAL_M","250-499","P-S","D1111","BG",2008,674
"PPS","P_SAL_M","250-499","P85","D01","BG",2008,1006
"PPS","P_SAL_M","250-499","P85","D111","BG",2008,824
"PPS","P_SAL_M","250-499","P85","D1111","BG",2008,697
"PPS","P_SAL_M","250-499","Q","D01","BG",2008,953
"PPS","P_SAL_M","250-499","Q","D111","BG",2008,777
"PPS","P_SAL_M","250-499","Q","D1111","BG",2008,694
"PPS","P_SAL_M","250-499","Q86","D01","BG",2008,1022
"PPS","P_SAL_M","250-499","Q86","D111","BG",2008,834
"PPS","P_SAL_M","250-499","Q86","D1111","BG",2008,747
"PPS","P_SAL_M","250-499","Q87","D01","BG",2008,NA
"PPS","P_SAL_M","250-499","Q87","D111","BG",2008,NA
"PPS","P_SAL_M","250-499","Q87","D1111","BG",2008,NA
"PPS","P_SAL_M","250-499","Q88","D01","BG",2008,NA
"PPS","P_SAL_M","250-499","Q88","D111","BG",2008,NA
"PPS","P_SAL_M","250-499","Q88","D1111","BG",2008,NA
"PPS","P_SAL_M","250-499","R","D01","BG",2008,730
"PPS","P_SAL_M","250-499","R","D111","BG",2008,593
"PPS","P_SAL_M","250-499","R","D1111","BG",2008,524
"PPS","P_SAL_M","250-499","R90","D01","BG",2008,995
"PPS","P_SAL_M","250-499","R90","D111","BG",2008,803
"PPS","P_SAL_M","250-499","R90","D1111","BG",2008,683
"PPS","P_SAL_M","250-499","R91","D01","BG",2008,NA
"PPS","P_SAL_M","250-499","R91","D111","BG",2008,NA
"PPS","P_SAL_M","250-499","R91","D1111","BG",2008,NA
"PPS","P_SAL_M","250-499","R92","D01","BG",2008,533
"PPS","P_SAL_M","250-499","R92","D111","BG",2008,435
"PPS","P_SAL_M","250-499","R92","D1111","BG",2008,405
"PPS","P_SAL_M","250-499","R93","D01","BG",2008,NA
"PPS","P_SAL_M","250-499","R93","D111","BG",2008,NA
"PPS","P_SAL_M","250-499","R93","D1111","BG",2008,NA
"PPS","P_SAL_M","250-499","S","D01","BG",2008,NA
"PPS","P_SAL_M","250-499","S","D111","BG",2008,NA
"PPS","P_SAL_M","250-499","S","D1111","BG",2008,NA
"PPS","P_SAL_M","250-499","S94","D01","BG",2008,NA
"PPS","P_SAL_M","250-499","S94","D111","BG",2008,NA
"PPS","P_SAL_M","250-499","S94","D1111","BG",2008,NA
"PPS","P_SAL_M","50-249","B","D01","BG",2008,997
"PPS","P_SAL_M","50-249","B","D111","BG",2008,767
"PPS","P_SAL_M","50-249","B","D1111","BG",2008,687
"PPS","P_SAL_M","50-249","B-E","D01","BG",2008,690
"PPS","P_SAL_M","50-249","B-E","D111","BG",2008,558
"PPS","P_SAL_M","50-249","B-E","D1111","BG",2008,497
"PPS","P_SAL_M","50-249","B-F","D01","BG",2008,699
"PPS","P_SAL_M","50-249","B-F","D111","BG",2008,567
"PPS","P_SAL_M","50-249","B-F","D1111","BG",2008,512
"PPS","P_SAL_M","50-249","B-N","D01","BG",2008,804
"PPS","P_SAL_M","50-249","B-N","D111","BG",2008,664
"PPS","P_SAL_M","50-249","B-N","D1111","BG",2008,601
"PPS","P_SAL_M","50-249","B-S","D01","BG",2008,832
"PPS","P_SAL_M","50-249","B-S","D111","BG",2008,681
"PPS","P_SAL_M","50-249","B-S","D1111","BG",2008,612
"PPS","P_SAL_M","50-249","B-S_X_O","D01","BG",2008,814
"PPS","P_SAL_M","50-249","B-S_X_O","D111","BG",2008,669
"PPS","P_SAL_M","50-249","B-S_X_O","D1111","BG",2008,600
"PPS","P_SAL_M","50-249","B05","D01","BG",2008,636
"PPS","P_SAL_M","50-249","B05","D111","BG",2008,463
"PPS","P_SAL_M","50-249","B05","D1111","BG",2008,430
"PPS","P_SAL_M","50-249","B07","D01","BG",2008,NA
"PPS","P_SAL_M","50-249","B07","D111","BG",2008,NA
"PPS","P_SAL_M","50-249","B07","D1111","BG",2008,NA
"PPS","P_SAL_M","50-249","B08","D01","BG",2008,1050
"PPS","P_SAL_M","50-249","B08","D111","BG",2008,817
"PPS","P_SAL_M","50-249","B08","D1111","BG",2008,728
"PPS","P_SAL_M","50-249","B09","D01","BG",2008,NA
"PPS","P_SAL_M","50-249","B09","D111","BG",2008,NA
"PPS","P_SAL_M","50-249","B09","D1111","BG",2008,NA
"PPS","P_SAL_M","50-249","C","D01","BG",2008,641
"PPS","P_SAL_M","50-249","C","D111","BG",2008,521
"PPS","P_SAL_M","50-249","C","D1111","BG",2008,472
"PPS","P_SAL_M","50-249","C10","D01","BG",2008,609
"PPS","P_SAL_M","50-249","C10","D111","BG",2008,501
"PPS","P_SAL_M","50-249","C10","D1111","BG",2008,464
"PPS","P_SAL_M","50-249","C11","D01","BG",2008,678
"PPS","P_SAL_M","50-249","C11","D111","BG",2008,555
"PPS","P_SAL_M","50-249","C11","D1111","BG",2008,494
"PPS","P_SAL_M","50-249","C12","D01","BG",2008,2059
"PPS","P_SAL_M","50-249","C12","D111","BG",2008,790
"PPS","P_SAL_M","50-249","C12","D1111","BG",2008,662
"PPS","P_SAL_M","50-249","C13","D01","BG",2008,609
"PPS","P_SAL_M","50-249","C13","D111","BG",2008,488
"PPS","P_SAL_M","50-249","C13","D1111","BG",2008,445
"PPS","P_SAL_M","50-249","C14","D01","BG",2008,446
"PPS","P_SAL_M","50-249","C14","D111","BG",2008,365
"PPS","P_SAL_M","50-249","C14","D1111","BG",2008,330
"PPS","P_SAL_M","50-249","C15","D01","BG",2008,425
"PPS","P_SAL_M","50-249","C15","D111","BG",2008,348
"PPS","P_SAL_M","50-249","C15","D1111","BG",2008,317
"PPS","P_SAL_M","50-249","C16","D01","BG",2008,647
"PPS","P_SAL_M","50-249","C16","D111","BG",2008,528
"PPS","P_SAL_M","50-249","C16","D1111","BG",2008,480
"PPS","P_SAL_M","50-249","C17","D01","BG",2008,613
"PPS","P_SAL_M","50-249","C17","D111","BG",2008,500
"PPS","P_SAL_M","50-249","C17","D1111","BG",2008,439
"PPS","P_SAL_M","50-249","C18","D01","BG",2008,879
"PPS","P_SAL_M","50-249","C18","D111","BG",2008,736
"PPS","P_SAL_M","50-249","C18","D1111","BG",2008,671
"PPS","P_SAL_M","50-249","C19","D01","BG",2008,900
"PPS","P_SAL_M","50-249","C19","D111","BG",2008,736
"PPS","P_SAL_M","50-249","C19","D1111","BG",2008,677
"PPS","P_SAL_M","50-249","C20","D01","BG",2008,830
"PPS","P_SAL_M","50-249","C20","D111","BG",2008,680
"PPS","P_SAL_M","50-249","C20","D1111","BG",2008,603
"PPS","P_SAL_M","50-249","C21","D01","BG",2008,954
"PPS","P_SAL_M","50-249","C21","D111","BG",2008,785
"PPS","P_SAL_M","50-249","C21","D1111","BG",2008,711
"PPS","P_SAL_M","50-249","C22","D01","BG",2008,630
"PPS","P_SAL_M","50-249","C22","D111","BG",2008,520
"PPS","P_SAL_M","50-249","C22","D1111","BG",2008,478
"PPS","P_SAL_M","50-249","C23","D01","BG",2008,895
"PPS","P_SAL_M","50-249","C23","D111","BG",2008,723
"PPS","P_SAL_M","50-249","C23","D1111","BG",2008,658
"PPS","P_SAL_M","50-249","C24","D01","BG",2008,903
"PPS","P_SAL_M","50-249","C24","D111","BG",2008,710
"PPS","P_SAL_M","50-249","C24","D1111","BG",2008,628
"PPS","P_SAL_M","50-249","C25","D01","BG",2008,724
"PPS","P_SAL_M","50-249","C25","D111","BG",2008,588
"PPS","P_SAL_M","50-249","C25","D1111","BG",2008,531
"PPS","P_SAL_M","50-249","C26","D01","BG",2008,982
"PPS","P_SAL_M","50-249","C26","D111","BG",2008,811
"PPS","P_SAL_M","50-249","C26","D1111","BG",2008,705
"PPS","P_SAL_M","50-249","C27","D01","BG",2008,738
"PPS","P_SAL_M","50-249","C27","D111","BG",2008,604
"PPS","P_SAL_M","50-249","C27","D1111","BG",2008,543
"PPS","P_SAL_M","50-249","C28","D01","BG",2008,831
"PPS","P_SAL_M","50-249","C28","D111","BG",2008,682
"PPS","P_SAL_M","50-249","C28","D1111","BG",2008,612
"PPS","P_SAL_M","50-249","C29","D01","BG",2008,769
"PPS","P_SAL_M","50-249","C29","D111","BG",2008,634
"PPS","P_SAL_M","50-249","C29","D1111","BG",2008,557
"PPS","P_SAL_M","50-249","C30","D01","BG",2008,901
"PPS","P_SAL_M","50-249","C30","D111","BG",2008,730
"PPS","P_SAL_M","50-249","C30","D1111","BG",2008,649
"PPS","P_SAL_M","50-249","C31","D01","BG",2008,497
"PPS","P_SAL_M","50-249","C31","D111","BG",2008,407
"PPS","P_SAL_M","50-249","C31","D1111","BG",2008,372
"PPS","P_SAL_M","50-249","C32","D01","BG",2008,779
"PPS","P_SAL_M","50-249","C32","D111","BG",2008,649
"PPS","P_SAL_M","50-249","C32","D1111","BG",2008,583
"PPS","P_SAL_M","50-249","C33","D01","BG",2008,986
"PPS","P_SAL_M","50-249","C33","D111","BG",2008,805
"PPS","P_SAL_M","50-249","C33","D1111","BG",2008,727
"PPS","P_SAL_M","50-249","D","D01","BG",2008,1886
"PPS","P_SAL_M","50-249","D","D111","BG",2008,1472
"PPS","P_SAL_M","50-249","D","D1111","BG",2008,1140
"PPS","P_SAL_M","50-249","D35","D01","BG",2008,1886
"PPS","P_SAL_M","50-249","D35","D111","BG",2008,1472
"PPS","P_SAL_M","50-249","D35","D1111","BG",2008,1140
"PPS","P_SAL_M","50-249","E","D01","BG",2008,808
"PPS","P_SAL_M","50-249","E","D111","BG",2008,655
"PPS","P_SAL_M","50-249","E","D1111","BG",2008,541
"PPS","P_SAL_M","50-249","E36","D01","BG",2008,980
"PPS","P_SAL_M","50-249","E36","D111","BG",2008,791
"PPS","P_SAL_M","50-249","E36","D1111","BG",2008,609
"PPS","P_SAL_M","50-249","E37","D01","BG",2008,NA
"PPS","P_SAL_M","50-249","E37","D111","BG",2008,NA
"PPS","P_SAL_M","50-249","E37","D1111","BG",2008,NA
"PPS","P_SAL_M","50-249","E38","D01","BG",2008,614
"PPS","P_SAL_M","50-249","E38","D111","BG",2008,501
"PPS","P_SAL_M","50-249","E38","D1111","BG",2008,461
"PPS","P_SAL_M","50-249","E39","D01","BG",2008,870
"PPS","P_SAL_M","50-249","E39","D111","BG",2008,714
"PPS","P_SAL_M","50-249","E39","D1111","BG",2008,632
"PPS","P_SAL_M","50-249","F","D01","BG",2008,726
"PPS","P_SAL_M","50-249","F","D111","BG",2008,593
"PPS","P_SAL_M","50-249","F","D1111","BG",2008,550
"PPS","P_SAL_M","50-249","F41","D01","BG",2008,630
"PPS","P_SAL_M","50-249","F41","D111","BG",2008,516
"PPS","P_SAL_M","50-249","F41","D1111","BG",2008,482
"PPS","P_SAL_M","50-249","F42","D01","BG",2008,879
"PPS","P_SAL_M","50-249","F42","D111","BG",2008,708
"PPS","P_SAL_M","50-249","F42","D1111","BG",2008,651
"PPS","P_SAL_M","50-249","F43","D01","BG",2008,861
"PPS","P_SAL_M","50-249","F43","D111","BG",2008,709
"PPS","P_SAL_M","50-249","F43","D1111","BG",2008,661
"PPS","P_SAL_M","50-249","G","D01","BG",2008,912
"PPS","P_SAL_M","50-249","G","D111","BG",2008,769
"PPS","P_SAL_M","50-249","G","D1111","BG",2008,716
"PPS","P_SAL_M","50-249","G-J","D01","BG",2008,975
"PPS","P_SAL_M","50-249","G-J","D111","BG",2008,817
"PPS","P_SAL_M","50-249","G-J","D1111","BG",2008,746
"PPS","P_SAL_M","50-249","G-N","D01","BG",2008,959
"PPS","P_SAL_M","50-249","G-N","D111","BG",2008,807
"PPS","P_SAL_M","50-249","G-N","D1111","BG",2008,735
"PPS","P_SAL_M","50-249","G-S_X_O","D01","BG",2008,922
"PPS","P_SAL_M","50-249","G-S_X_O","D111","BG",2008,765
"PPS","P_SAL_M","50-249","G-S_X_O","D1111","BG",2008,684
"PPS","P_SAL_M","50-249","G45","D01","BG",2008,1337
"PPS","P_SAL_M","50-249","G45","D111","BG",2008,1132
"PPS","P_SAL_M","50-249","G45","D1111","BG",2008,1049
"PPS","P_SAL_M","50-249","G46","D01","BG",2008,976
"PPS","P_SAL_M","50-249","G46","D111","BG",2008,827
"PPS","P_SAL_M","50-249","G46","D1111","BG",2008,771
"PPS","P_SAL_M","50-249","G47","D01","BG",2008,691
"PPS","P_SAL_M","50-249","G47","D111","BG",2008,574
"PPS","P_SAL_M","50-249","G47","D1111","BG",2008,534
"PPS","P_SAL_M","50-249","H","D01","BG",2008,996
"PPS","P_SAL_M","50-249","H","D111","BG",2008,823
"PPS","P_SAL_M","50-249","H","D1111","BG",2008,709
"PPS","P_SAL_M","50-249","H49","D01","BG",2008,760
"PPS","P_SAL_M","50-249","H49","D111","BG",2008,606
"PPS","P_SAL_M","50-249","H49","D1111","BG",2008,543
"PPS","P_SAL_M","50-249","H50","D01","BG",2008,1560
"PPS","P_SAL_M","50-249","H50","D111","BG",2008,1257
"PPS","P_SAL_M","50-249","H50","D1111","BG",2008,1043
"PPS","P_SAL_M","50-249","H51","D01","BG",2008,2535
"PPS","P_SAL_M","50-249","H51","D111","BG",2008,2054
"PPS","P_SAL_M","50-249","H51","D1111","BG",2008,1873
"PPS","P_SAL_M","50-249","H52","D01","BG",2008,1379
"PPS","P_SAL_M","50-249","H52","D111","BG",2008,1193
"PPS","P_SAL_M","50-249","H52","D1111","BG",2008,1001
"PPS","P_SAL_M","50-249","H53","D01","BG",2008,823
"PPS","P_SAL_M","50-249","H53","D111","BG",2008,673
"PPS","P_SAL_M","50-249","H53","D1111","BG",2008,538
"PPS","P_SAL_M","50-249","I","D01","BG",2008,606
"PPS","P_SAL_M","50-249","I","D111","BG",2008,496
"PPS","P_SAL_M","50-249","I","D1111","BG",2008,460
"PPS","P_SAL_M","50-249","I55","D01","BG",2008,684
"PPS","P_SAL_M","50-249","I55","D111","BG",2008,559
"PPS","P_SAL_M","50-249","I55","D1111","BG",2008,518
"PPS","P_SAL_M","50-249","I56","D01","BG",2008,476
"PPS","P_SAL_M","50-249","I56","D111","BG",2008,390
"PPS","P_SAL_M","50-249","I56","D1111","BG",2008,363
"PPS","P_SAL_M","50-249","J","D01","BG",2008,1795
"PPS","P_SAL_M","50-249","J","D111","BG",2008,1526
"PPS","P_SAL_M","50-249","J","D1111","BG",2008,1412
"PPS","P_SAL_M","50-249","J58","D01","BG",2008,1167
"PPS","P_SAL_M","50-249","J58","D111","BG",2008,992
"PPS","P_SAL_M","50-249","J58","D1111","BG",2008,920
"PPS","P_SAL_M","50-249","J59","D01","BG",2008,1331
"PPS","P_SAL_M","50-249","J59","D111","BG",2008,1104
"PPS","P_SAL_M","50-249","J59","D1111","BG",2008,1032
"PPS","P_SAL_M","50-249","J60","D01","BG",2008,1162
"PPS","P_SAL_M","50-249","J60","D111","BG",2008,975
"PPS","P_SAL_M","50-249","J60","D1111","BG",2008,916
"PPS","P_SAL_M","50-249","J61","D01","BG",2008,1572
"PPS","P_SAL_M","50-249","J61","D111","BG",2008,1286
"PPS","P_SAL_M","50-249","J61","D1111","BG",2008,1192
"PPS","P_SAL_M","50-249","J62","D01","BG",2008,2672
"PPS","P_SAL_M","50-249","J62","D111","BG",2008,2325
"PPS","P_SAL_M","50-249","J62","D1111","BG",2008,2155
"PPS","P_SAL_M","50-249","J63","D01","BG",2008,1453
"PPS","P_SAL_M","50-249","J63","D111","BG",2008,1222
"PPS","P_SAL_M","50-249","J63","D1111","BG",2008,1086
"PPS","P_SAL_M","50-249","K","D01","BG",2008,1868
"PPS","P_SAL_M","50-249","K","D111","BG",2008,1573
"PPS","P_SAL_M","50-249","K","D1111","BG",2008,1413
"PPS","P_SAL_M","50-249","K-N","D01","BG",2008,925
"PPS","P_SAL_M","50-249","K-N","D111","BG",2008,788
"PPS","P_SAL_M","50-249","K-N","D1111","BG",2008,713
"PPS","P_SAL_M","50-249","K64","D01","BG",2008,1820
"PPS","P_SAL_M","50-249","K64","D111","BG",2008,1539
"PPS","P_SAL_M","50-249","K64","D1111","BG",2008,1371
"PPS","P_SAL_M","50-249","K65","D01","BG",2008,2169
"PPS","P_SAL_M","50-249","K65","D111","BG",2008,1817
"PPS","P_SAL_M","50-249","K65","D1111","BG",2008,1706
"PPS","P_SAL_M","50-249","K66","D01","BG",2008,1910
"PPS","P_SAL_M","50-249","K66","D111","BG",2008,1554
"PPS","P_SAL_M","50-249","K66","D1111","BG",2008,1404
"PPS","P_SAL_M","50-249","L","D01","BG",2008,NA
"PPS","P_SAL_M","50-249","L","D111","BG",2008,NA
"PPS","P_SAL_M","50-249","L","D1111","BG",2008,NA
"PPS","P_SAL_M","50-249","L68","D01","BG",2008,NA
"PPS","P_SAL_M","50-249","L68","D111","BG",2008,NA
"PPS","P_SAL_M","50-249","L68","D1111","BG",2008,NA
"PPS","P_SAL_M","50-249","M","D01","BG",2008,1451
"PPS","P_SAL_M","50-249","M","D111","BG",2008,1222
"PPS","P_SAL_M","50-249","M","D1111","BG",2008,1095
"PPS","P_SAL_M","50-249","M69","D01","BG",2008,NA
"PPS","P_SAL_M","50-249","M69","D111","BG",2008,NA
"PPS","P_SAL_M","50-249","M69","D1111","BG",2008,NA
"PPS","P_SAL_M","50-249","M70","D01","BG",2008,NA
"PPS","P_SAL_M","50-249","M70","D111","BG",2008,NA
"PPS","P_SAL_M","50-249","M70","D1111","BG",2008,NA
"PPS","P_SAL_M","50-249","M71","D01","BG",2008,1695
"PPS","P_SAL_M","50-249","M71","D111","BG",2008,1419
"PPS","P_SAL_M","50-249","M71","D1111","BG",2008,1242
"PPS","P_SAL_M","50-249","M72","D01","BG",2008,916
"PPS","P_SAL_M","50-249","M72","D111","BG",2008,753
"PPS","P_SAL_M","50-249","M72","D1111","BG",2008,656
"PPS","P_SAL_M","50-249","M73","D01","BG",2008,NA
"PPS","P_SAL_M","50-249","M73","D111","BG",2008,NA
"PPS","P_SAL_M","50-249","M73","D1111","BG",2008,NA
"PPS","P_SAL_M","50-249","M74","D01","BG",2008,NA
"PPS","P_SAL_M","50-249","M74","D111","BG",2008,NA
"PPS","P_SAL_M","50-249","M74","D1111","BG",2008,NA
"PPS","P_SAL_M","50-249","N","D01","BG",2008,409
"PPS","P_SAL_M","50-249","N","D111","BG",2008,361
"PPS","P_SAL_M","50-249","N","D1111","BG",2008,337
"PPS","P_SAL_M","50-249","N77","D01","BG",2008,1338
"PPS","P_SAL_M","50-249","N77","D111","BG",2008,1124
"PPS","P_SAL_M","50-249","N77","D1111","BG",2008,1015
"PPS","P_SAL_M","50-249","N78","D01","BG",2008,1228
"PPS","P_SAL_M","50-249","N78","D111","BG",2008,1023
"PPS","P_SAL_M","50-249","N78","D1111","BG",2008,936
"PPS","P_SAL_M","50-249","N79","D01","BG",2008,717
"PPS","P_SAL_M","50-249","N79","D111","BG",2008,598
"PPS","P_SAL_M","50-249","N79","D1111","BG",2008,569
"PPS","P_SAL_M","50-249","N80","D01","BG",2008,401
"PPS","P_SAL_M","50-249","N80","D111","BG",2008,331
"PPS","P_SAL_M","50-249","N80","D1111","BG",2008,311
"PPS","P_SAL_M","50-249","N81","D01","BG",2008,311
"PPS","P_SAL_M","50-249","N81","D111","BG",2008,300
"PPS","P_SAL_M","50-249","N81","D1111","BG",2008,277
"PPS","P_SAL_M","50-249","N82","D01","BG",2008,1056
"PPS","P_SAL_M","50-249","N82","D111","BG",2008,869
"PPS","P_SAL_M","50-249","N82","D1111","BG",2008,815
"PPS","P_SAL_M","50-249","O","D01","BG",2008,1024
"PPS","P_SAL_M","50-249","O","D111","BG",2008,811
"PPS","P_SAL_M","50-249","O","D1111","BG",2008,729
"PPS","P_SAL_M","50-249","O-S","D01","BG",2008,913
"PPS","P_SAL_M","50-249","O-S","D111","BG",2008,732
"PPS","P_SAL_M","50-249","O-S","D1111","BG",2008,641
"PPS","P_SAL_M","50-249","O84","D01","BG",2008,1024
"PPS","P_SAL_M","50-249","O84","D111","BG",2008,811
"PPS","P_SAL_M","50-249","O84","D1111","BG",2008,729
"PPS","P_SAL_M","50-249","P","D01","BG",2008,905
"PPS","P_SAL_M","50-249","P","D111","BG",2008,720
"PPS","P_SAL_M","50-249","P","D1111","BG",2008,597
"PPS","P_SAL_M","50-249","P-S","D01","BG",2008,858
"PPS","P_SAL_M","50-249","P-S","D111","BG",2008,693
"PPS","P_SAL_M","50-249","P-S","D1111","BG",2008,596
"PPS","P_SAL_M","50-249","P85","D01","BG",2008,905
"PPS","P_SAL_M","50-249","P85","D111","BG",2008,720
"PPS","P_SAL_M","50-249","P85","D1111","BG",2008,597
"PPS","P_SAL_M","50-249","Q","D01","BG",2008,801
"PPS","P_SAL_M","50-249","Q","D111","BG",2008,657
"PPS","P_SAL_M","50-249","Q","D1111","BG",2008,587
"PPS","P_SAL_M","50-249","Q86","D01","BG",2008,921
"PPS","P_SAL_M","50-249","Q86","D111","BG",2008,755
"PPS","P_SAL_M","50-249","Q86","D1111","BG",2008,678
"PPS","P_SAL_M","50-249","Q87","D01","BG",2008,633
"PPS","P_SAL_M","50-249","Q87","D111","BG",2008,521
"PPS","P_SAL_M","50-249","Q87","D1111","BG",2008,455
"PPS","P_SAL_M","50-249","Q88","D01","BG",2008,538
"PPS","P_SAL_M","50-249","Q88","D111","BG",2008,444
"PPS","P_SAL_M","50-249","Q88","D1111","BG",2008,392
"PPS","P_SAL_M","50-249","R","D01","BG",2008,819
"PPS","P_SAL_M","50-249","R","D111","BG",2008,685
"PPS","P_SAL_M","50-249","R","D1111","BG",2008,622
"PPS","P_SAL_M","50-249","R90","D01","BG",2008,714
"PPS","P_SAL_M","50-249","R90","D111","BG",2008,577
"PPS","P_SAL_M","50-249","R90","D1111","BG",2008,504
"PPS","P_SAL_M","50-249","R91","D01","BG",2008,NA
"PPS","P_SAL_M","50-249","R91","D111","BG",2008,NA
"PPS","P_SAL_M","50-249","R91","D1111","BG",2008,NA
"PPS","P_SAL_M","50-249","R92","D01","BG",2008,738
"PPS","P_SAL_M","50-249","R92","D111","BG",2008,612
"PPS","P_SAL_M","50-249","R92","D1111","BG",2008,564
"PPS","P_SAL_M","50-249","R93","D01","BG",2008,NA
"PPS","P_SAL_M","50-249","R93","D111","BG",2008,NA
"PPS","P_SAL_M","50-249","R93","D1111","BG",2008,NA
"PPS","P_SAL_M","50-249","S","D01","BG",2008,NA
"PPS","P_SAL_M","50-249","S","D111","BG",2008,NA
"PPS","P_SAL_M","50-249","S","D1111","BG",2008,NA
"PPS","P_SAL_M","50-249","S94","D01","BG",2008,NA
"PPS","P_SAL_M","50-249","S94","D111","BG",2008,NA
"PPS","P_SAL_M","50-249","S94","D1111","BG",2008,NA
"PPS","P_SAL_M","50-249","S95","D01","BG",2008,NA
"PPS","P_SAL_M","50-249","S95","D111","BG",2008,NA
"PPS","P_SAL_M","50-249","S95","D1111","BG",2008,NA
"PPS","P_SAL_M","50-249","S96","D01","BG",2008,748
"PPS","P_SAL_M","50-249","S96","D111","BG",2008,617
"PPS","P_SAL_M","50-249","S96","D1111","BG",2008,542
"PPS","P_SAL_M","500-999","B","D01","BG",2008,1616
"PPS","P_SAL_M","500-999","B","D111","BG",2008,1203
"PPS","P_SAL_M","500-999","B","D1111","BG",2008,1021
"PPS","P_SAL_M","500-999","B-E","D01","BG",2008,1122
"PPS","P_SAL_M","500-999","B-E","D111","BG",2008,882
"PPS","P_SAL_M","500-999","B-E","D1111","BG",2008,765
"PPS","P_SAL_M","500-999","B-F","D01","BG",2008,1116
"PPS","P_SAL_M","500-999","B-F","D111","BG",2008,881
"PPS","P_SAL_M","500-999","B-F","D1111","BG",2008,772
"PPS","P_SAL_M","500-999","B-N","D01","BG",2008,1217
"PPS","P_SAL_M","500-999","B-N","D111","BG",2008,979
"PPS","P_SAL_M","500-999","B-N","D1111","BG",2008,846
"PPS","P_SAL_M","500-999","B-S","D01","BG",2008,1208
"PPS","P_SAL_M","500-999","B-S","D111","BG",2008,974
"PPS","P_SAL_M","500-999","B-S","D1111","BG",2008,849
"PPS","P_SAL_M","500-999","B-S_X_O","D01","BG",2008,1187
"PPS","P_SAL_M","500-999","B-S_X_O","D111","BG",2008,959
"PPS","P_SAL_M","500-999","B-S_X_O","D1111","BG",2008,832
"PPS","P_SAL_M","500-999","B05","D01","BG",2008,NA
"PPS","P_SAL_M","500-999","B05","D111","BG",2008,NA
"PPS","P_SAL_M","500-999","B05","D1111","BG",2008,NA
"PPS","P_SAL_M","500-999","B06","D01","BG",2008,NA
"PPS","P_SAL_M","500-999","B06","D111","BG",2008,NA
"PPS","P_SAL_M","500-999","B06","D1111","BG",2008,NA
"PPS","P_SAL_M","500-999","B07","D01","BG",2008,1873
"PPS","P_SAL_M","500-999","B07","D111","BG",2008,1403
"PPS","P_SAL_M","500-999","B07","D1111","BG",2008,1174
"PPS","P_SAL_M","500-999","B08","D01","BG",2008,NA
"PPS","P_SAL_M","500-999","B08","D111","BG",2008,NA
"PPS","P_SAL_M","500-999","B08","D1111","BG",2008,NA
"PPS","P_SAL_M","500-999","C","D01","BG",2008,1040
"PPS","P_SAL_M","500-999","C","D111","BG",2008,827
"PPS","P_SAL_M","500-999","C","D1111","BG",2008,730
"PPS","P_SAL_M","500-999","C10","D01","BG",2008,NA
"PPS","P_SAL_M","500-999","C10","D111","BG",2008,NA
"PPS","P_SAL_M","500-999","C10","D1111","BG",2008,NA
"PPS","P_SAL_M","500-999","C11","D01","BG",2008,1078
"PPS","P_SAL_M","500-999","C11","D111","BG",2008,901
"PPS","P_SAL_M","500-999","C11","D1111","BG",2008,791
"PPS","P_SAL_M","500-999","C12","D01","BG",2008,NA
"PPS","P_SAL_M","500-999","C12","D111","BG",2008,NA
"PPS","P_SAL_M","500-999","C12","D1111","BG",2008,NA
"PPS","P_SAL_M","500-999","C13","D01","BG",2008,693
"PPS","P_SAL_M","500-999","C13","D111","BG",2008,558
"PPS","P_SAL_M","500-999","C13","D1111","BG",2008,505
"PPS","P_SAL_M","500-999","C14","D01","BG",2008,622
"PPS","P_SAL_M","500-999","C14","D111","BG",2008,508
"PPS","P_SAL_M","500-999","C14","D1111","BG",2008,461
"PPS","P_SAL_M","500-999","C15","D01","BG",2008,420
"PPS","P_SAL_M","500-999","C15","D111","BG",2008,341
"PPS","P_SAL_M","500-999","C15","D1111","BG",2008,315
"PPS","P_SAL_M","500-999","C16","D01","BG",2008,NA
"PPS","P_SAL_M","500-999","C16","D111","BG",2008,NA
"PPS","P_SAL_M","500-999","C16","D1111","BG",2008,NA
"PPS","P_SAL_M","500-999","C17","D01","BG",2008,1344
"PPS","P_SAL_M","500-999","C17","D111","BG",2008,1083
"PPS","P_SAL_M","500-999","C17","D1111","BG",2008,935
"PPS","P_SAL_M","500-999","C20","D01","BG",2008,1856
"PPS","P_SAL_M","500-999","C20","D111","BG",2008,1238
"PPS","P_SAL_M","500-999","C20","D1111","BG",2008,998
"PPS","P_SAL_M","500-999","C21","D01","BG",2008,1176
"PPS","P_SAL_M","500-999","C21","D111","BG",2008,906
"PPS","P_SAL_M","500-999","C21","D1111","BG",2008,810
"PPS","P_SAL_M","500-999","C22","D01","BG",2008,NA
"PPS","P_SAL_M","500-999","C22","D111","BG",2008,NA
"PPS","P_SAL_M","500-999","C22","D1111","BG",2008,NA
"PPS","P_SAL_M","500-999","C23","D01","BG",2008,1239
"PPS","P_SAL_M","500-999","C23","D111","BG",2008,975
"PPS","P_SAL_M","500-999","C23","D1111","BG",2008,864
"PPS","P_SAL_M","500-999","C24","D01","BG",2008,1647
"PPS","P_SAL_M","500-999","C24","D111","BG",2008,1285
"PPS","P_SAL_M","500-999","C24","D1111","BG",2008,1121
"PPS","P_SAL_M","500-999","C25","D01","BG",2008,921
"PPS","P_SAL_M","500-999","C25","D111","BG",2008,748
"PPS","P_SAL_M","500-999","C25","D1111","BG",2008,676
"PPS","P_SAL_M","500-999","C27","D01","BG",2008,NA
"PPS","P_SAL_M","500-999","C27","D111","BG",2008,NA
"PPS","P_SAL_M","500-999","C27","D1111","BG",2008,NA
"PPS","P_SAL_M","500-999","C28","D01","BG",2008,936
"PPS","P_SAL_M","500-999","C28","D111","BG",2008,756
"PPS","P_SAL_M","500-999","C28","D1111","BG",2008,669
"PPS","P_SAL_M","500-999","C29","D01","BG",2008,643
"PPS","P_SAL_M","500-999","C29","D111","BG",2008,522
"PPS","P_SAL_M","500-999","C29","D1111","BG",2008,452
"PPS","P_SAL_M","500-999","C30","D01","BG",2008,NA
"PPS","P_SAL_M","500-999","C30","D111","BG",2008,NA
"PPS","P_SAL_M","500-999","C30","D1111","BG",2008,NA
"PPS","P_SAL_M","500-999","C31","D01","BG",2008,652
"PPS","P_SAL_M","500-999","C31","D111","BG",2008,525
"PPS","P_SAL_M","500-999","C31","D1111","BG",2008,486
"PPS","P_SAL_M","500-999","C32","D01","BG",2008,NA
"PPS","P_SAL_M","500-999","C32","D111","BG",2008,NA
"PPS","P_SAL_M","500-999","C32","D1111","BG",2008,NA
"PPS","P_SAL_M","500-999","C33","D01","BG",2008,1494
"PPS","P_SAL_M","500-999","C33","D111","BG",2008,1195
"PPS","P_SAL_M","500-999","C33","D1111","BG",2008,1035
"PPS","P_SAL_M","500-999","D","D01","BG",2008,1799
"PPS","P_SAL_M","500-999","D","D111","BG",2008,1321
"PPS","P_SAL_M","500-999","D","D1111","BG",2008,1028
"PPS","P_SAL_M","500-999","D35","D01","BG",2008,1799
"PPS","P_SAL_M","500-999","D35","D111","BG",2008,1321
"PPS","P_SAL_M","500-999","D35","D1111","BG",2008,1028
"PPS","P_SAL_M","500-999","E","D01","BG",2008,943
"PPS","P_SAL_M","500-999","E","D111","BG",2008,776
"PPS","P_SAL_M","500-999","E","D1111","BG",2008,668
"PPS","P_SAL_M","500-999","E36","D01","BG",2008,1086
"PPS","P_SAL_M","500-999","E36","D111","BG",2008,885
"PPS","P_SAL_M","500-999","E36","D1111","BG",2008,671
"PPS","P_SAL_M","500-999","E38","D01","BG",2008,881
"PPS","P_SAL_M","500-999","E38","D111","BG",2008,727
"PPS","P_SAL_M","500-999","E38","D1111","BG",2008,666
"PPS","P_SAL_M","500-999","F","D01","BG",2008,1073
"PPS","P_SAL_M","500-999","F","D111","BG",2008,881
"PPS","P_SAL_M","500-999","F","D1111","BG",2008,824
"PPS","P_SAL_M","500-999","F41","D01","BG",2008,938
"PPS","P_SAL_M","500-999","F41","D111","BG",2008,786
"PPS","P_SAL_M","500-999","F41","D1111","BG",2008,745
"PPS","P_SAL_M","500-999","F42","D01","BG",2008,NA
"PPS","P_SAL_M","500-999","F42","D111","BG",2008,NA
"PPS","P_SAL_M","500-999","F42","D1111","BG",2008,NA
"PPS","P_SAL_M","500-999","F43","D01","BG",2008,NA
"PPS","P_SAL_M","500-999","F43","D111","BG",2008,NA
"PPS","P_SAL_M","500-999","F43","D1111","BG",2008,NA
"PPS","P_SAL_M","500-999","G","D01","BG",2008,1227
"PPS","P_SAL_M","500-999","G","D111","BG",2008,1021
"PPS","P_SAL_M","500-999","G","D1111","BG",2008,944
"PPS","P_SAL_M","500-999","G-J","D01","BG",2008,1418
"PPS","P_SAL_M","500-999","G-J","D111","BG",2008,1164
"PPS","P_SAL_M","500-999","G-J","D1111","BG",2008,974
"PPS","P_SAL_M","500-999","G-N","D01","BG",2008,1396
"PPS","P_SAL_M","500-999","G-N","D111","BG",2008,1152
"PPS","P_SAL_M","500-999","G-N","D1111","BG",2008,977
"PPS","P_SAL_M","500-999","G-S_X_O","D01","BG",2008,1264
"PPS","P_SAL_M","500-999","G-S_X_O","D111","BG",2008,1042
"PPS","P_SAL_M","500-999","G-S_X_O","D1111","BG",2008,897
"PPS","P_SAL_M","500-999","G45","D01","BG",2008,1896
"PPS","P_SAL_M","500-999","G45","D111","BG",2008,1605
"PPS","P_SAL_M","500-999","G45","D1111","BG",2008,1460
"PPS","P_SAL_M","500-999","G46","D01","BG",2008,1383
"PPS","P_SAL_M","500-999","G46","D111","BG",2008,1159
"PPS","P_SAL_M","500-999","G46","D1111","BG",2008,1071
"PPS","P_SAL_M","500-999","G47","D01","BG",2008,942
"PPS","P_SAL_M","500-999","G47","D111","BG",2008,771
"PPS","P_SAL_M","500-999","G47","D1111","BG",2008,721
"PPS","P_SAL_M","500-999","H","D01","BG",2008,1567
"PPS","P_SAL_M","500-999","H","D111","BG",2008,1269
"PPS","P_SAL_M","500-999","H","D1111","BG",2008,980
"PPS","P_SAL_M","500-999","H49","D01","BG",2008,1087
"PPS","P_SAL_M","500-999","H49","D111","BG",2008,853
"PPS","P_SAL_M","500-999","H49","D1111","BG",2008,652
"PPS","P_SAL_M","500-999","H50","D01","BG",2008,NA
"PPS","P_SAL_M","500-999","H50","D111","BG",2008,NA
"PPS","P_SAL_M","500-999","H50","D1111","BG",2008,NA
"PPS","P_SAL_M","500-999","H51","D01","BG",2008,NA
"PPS","P_SAL_M","500-999","H51","D111","BG",2008,NA
"PPS","P_SAL_M","500-999","H51","D1111","BG",2008,NA
"PPS","P_SAL_M","500-999","H52","D01","BG",2008,2273
"PPS","P_SAL_M","500-999","H52","D111","BG",2008,1867
"PPS","P_SAL_M","500-999","H52","D1111","BG",2008,1415
"PPS","P_SAL_M","500-999","H53","D01","BG",2008,NA
"PPS","P_SAL_M","500-999","H53","D111","BG",2008,NA
"PPS","P_SAL_M","500-999","H53","D1111","BG",2008,NA
"PPS","P_SAL_M","500-999","I","D01","BG",2008,NA
"PPS","P_SAL_M","500-999","I","D111","BG",2008,NA
"PPS","P_SAL_M","500-999","I","D1111","BG",2008,NA
"PPS","P_SAL_M","500-999","I55","D01","BG",2008,NA
"PPS","P_SAL_M","500-999","I55","D111","BG",2008,NA
"PPS","P_SAL_M","500-999","I55","D1111","BG",2008,NA
"PPS","P_SAL_M","500-999","I56","D01","BG",2008,NA
"PPS","P_SAL_M","500-999","I56","D111","BG",2008,NA
"PPS","P_SAL_M","500-999","I56","D1111","BG",2008,NA
"PPS","P_SAL_M","500-999","J","D01","BG",2008,1698
"PPS","P_SAL_M","500-999","J","D111","BG",2008,1441
"PPS","P_SAL_M","500-999","J","D1111","BG",2008,1312
"PPS","P_SAL_M","500-999","J58","D01","BG",2008,NA
"PPS","P_SAL_M","500-999","J58","D111","BG",2008,NA
"PPS","P_SAL_M","500-999","J58","D1111","BG",2008,NA
"PPS","P_SAL_M","500-999","J60","D01","BG",2008,NA
"PPS","P_SAL_M","500-999","J60","D111","BG",2008,NA
"PPS","P_SAL_M","500-999","J60","D1111","BG",2008,NA
"PPS","P_SAL_M","500-999","J61","D01","BG",2008,NA
"PPS","P_SAL_M","500-999","J61","D111","BG",2008,NA
"PPS","P_SAL_M","500-999","J61","D1111","BG",2008,NA
"PPS","P_SAL_M","500-999","J62","D01","BG",2008,NA
"PPS","P_SAL_M","500-999","J62","D111","BG",2008,NA
"PPS","P_SAL_M","500-999","J62","D1111","BG",2008,NA
"PPS","P_SAL_M","500-999","K","D01","BG",2008,2175
"PPS","P_SAL_M","500-999","K","D111","BG",2008,1839
"PPS","P_SAL_M","500-999","K","D1111","BG",2008,1598
"PPS","P_SAL_M","500-999","K-N","D01","BG",2008,1354
"PPS","P_SAL_M","500-999","K-N","D111","BG",2008,1130
"PPS","P_SAL_M","500-999","K-N","D1111","BG",2008,982
"PPS","P_SAL_M","500-999","K64","D01","BG",2008,2175
"PPS","P_SAL_M","500-999","K64","D111","BG",2008,1839
"PPS","P_SAL_M","500-999","K64","D1111","BG",2008,1598
"PPS","P_SAL_M","500-999","K65","D01","BG",2008,NA
"PPS","P_SAL_M","500-999","K65","D111","BG",2008,NA
"PPS","P_SAL_M","500-999","K65","D1111","BG",2008,NA
"PPS","P_SAL_M","500-999","M","D01","BG",2008,NA
"PPS","P_SAL_M","500-999","M","D111","BG",2008,NA
"PPS","P_SAL_M","500-999","M","D1111","BG",2008,NA
"PPS","P_SAL_M","500-999","M70","D01","BG",2008,NA
"PPS","P_SAL_M","500-999","M70","D111","BG",2008,NA
"PPS","P_SAL_M","500-999","M70","D1111","BG",2008,NA
"PPS","P_SAL_M","500-999","M73","D01","BG",2008,NA
"PPS","P_SAL_M","500-999","M73","D111","BG",2008,NA
"PPS","P_SAL_M","500-999","M73","D1111","BG",2008,NA
"PPS","P_SAL_M","500-999","N","D01","BG",2008,496
"PPS","P_SAL_M","500-999","N","D111","BG",2008,403
"PPS","P_SAL_M","500-999","N","D1111","BG",2008,372
"PPS","P_SAL_M","500-999","N78","D01","BG",2008,NA
"PPS","P_SAL_M","500-999","N78","D111","BG",2008,NA
"PPS","P_SAL_M","500-999","N78","D1111","BG",2008,NA
"PPS","P_SAL_M","500-999","N80","D01","BG",2008,387
"PPS","P_SAL_M","500-999","N80","D111","BG",2008,316
"PPS","P_SAL_M","500-999","N80","D1111","BG",2008,299
"PPS","P_SAL_M","500-999","N81","D01","BG",2008,NA
"PPS","P_SAL_M","500-999","N81","D111","BG",2008,NA
"PPS","P_SAL_M","500-999","N81","D1111","BG",2008,NA
"PPS","P_SAL_M","500-999","N82","D01","BG",2008,NA
"PPS","P_SAL_M","500-999","N82","D111","BG",2008,NA
"PPS","P_SAL_M","500-999","N82","D1111","BG",2008,NA
"PPS","P_SAL_M","500-999","O","D01","BG",2008,1615
"PPS","P_SAL_M","500-999","O","D111","BG",2008,1277
"PPS","P_SAL_M","500-999","O","D1111","BG",2008,1179
"PPS","P_SAL_M","500-999","O-S","D01","BG",2008,1178
"PPS","P_SAL_M","500-999","O-S","D111","BG",2008,958
"PPS","P_SAL_M","500-999","O-S","D1111","BG",2008,859
"PPS","P_SAL_M","500-999","O84","D01","BG",2008,1615
"PPS","P_SAL_M","500-999","O84","D111","BG",2008,1277
"PPS","P_SAL_M","500-999","O84","D1111","BG",2008,1179
"PPS","P_SAL_M","500-999","P","D01","BG",2008,1196
"PPS","P_SAL_M","500-999","P","D111","BG",2008,984
"PPS","P_SAL_M","500-999","P","D1111","BG",2008,839
"PPS","P_SAL_M","500-999","P-S","D01","BG",2008,1063
"PPS","P_SAL_M","500-999","P-S","D111","BG",2008,874
"PPS","P_SAL_M","500-999","P-S","D1111","BG",2008,774
"PPS","P_SAL_M","500-999","P85","D01","BG",2008,1196
"PPS","P_SAL_M","500-999","P85","D111","BG",2008,984
"PPS","P_SAL_M","500-999","P85","D1111","BG",2008,839
"PPS","P_SAL_M","500-999","Q","D01","BG",2008,1001
"PPS","P_SAL_M","500-999","Q","D111","BG",2008,823
"PPS","P_SAL_M","500-999","Q","D1111","BG",2008,744
"PPS","P_SAL_M","500-999","Q86","D01","BG",2008,1001
"PPS","P_SAL_M","500-999","Q86","D111","BG",2008,823
"PPS","P_SAL_M","500-999","Q86","D1111","BG",2008,744
"PPS","P_SAL_M","500-999","Q87","D01","BG",2008,NA
"PPS","P_SAL_M","500-999","Q87","D111","BG",2008,NA
"PPS","P_SAL_M","500-999","Q87","D1111","BG",2008,NA
"PPS","P_SAL_M","500-999","Q88","D01","BG",2008,NA
"PPS","P_SAL_M","500-999","Q88","D111","BG",2008,NA
"PPS","P_SAL_M","500-999","Q88","D1111","BG",2008,NA
"PPS","P_SAL_M","GE10","B","D01","BG",2008,1489
"PPS","P_SAL_M","GE10","B","D111","BG",2008,1092
"PPS","P_SAL_M","GE10","B","D1111","BG",2008,926
"PPS","P_SAL_M","GE10","B-E","D01","BG",2008,858
"PPS","P_SAL_M","GE10","B-E","D111","BG",2008,683
"PPS","P_SAL_M","GE10","B-E","D1111","BG",2008,596
"PPS","P_SAL_M","GE10","B-F","D01","BG",2008,820
"PPS","P_SAL_M","GE10","B-F","D111","BG",2008,657
"PPS","P_SAL_M","GE10","B-F","D1111","BG",2008,581
"PPS","P_SAL_M","GE10","B-N","D01","BG",2008,877
"PPS","P_SAL_M","GE10","B-N","D111","BG",2008,717
"PPS","P_SAL_M","GE10","B-N","D1111","BG",2008,640
"PPS","P_SAL_M","GE10","B-S","D01","BG",2008,893
"PPS","P_SAL_M","GE10","B-S","D111","BG",2008,727
"PPS","P_SAL_M","GE10","B-S","D1111","BG",2008,647
"PPS","P_SAL_M","GE10","B-S_X_O","D01","BG",2008,875
"PPS","P_SAL_M","GE10","B-S_X_O","D111","BG",2008,714
"PPS","P_SAL_M","GE10","B-S_X_O","D1111","BG",2008,634
"PPS","P_SAL_M","GE10","B05","D01","BG",2008,1620
"PPS","P_SAL_M","GE10","B05","D111","BG",2008,1143
"PPS","P_SAL_M","GE10","B05","D1111","BG",2008,923
"PPS","P_SAL_M","GE10","B06","D01","BG",2008,NA
"PPS","P_SAL_M","GE10","B06","D111","BG",2008,NA
"PPS","P_SAL_M","GE10","B06","D1111","BG",2008,NA
"PPS","P_SAL_M","GE10","B07","D01","BG",2008,1802
"PPS","P_SAL_M","GE10","B07","D111","BG",2008,1358
"PPS","P_SAL_M","GE10","B07","D1111","BG",2008,1193
"PPS","P_SAL_M","GE10","B08","D01","BG",2008,1018
"PPS","P_SAL_M","GE10","B08","D111","BG",2008,788
"PPS","P_SAL_M","GE10","B08","D1111","BG",2008,708
"PPS","P_SAL_M","GE10","B09","D01","BG",2008,NA
"PPS","P_SAL_M","GE10","B09","D111","BG",2008,NA
"PPS","P_SAL_M","GE10","B09","D1111","BG",2008,NA
"PPS","P_SAL_M","GE10","C","D01","BG",2008,749
"PPS","P_SAL_M","GE10","C","D111","BG",2008,604
"PPS","P_SAL_M","GE10","C","D1111","BG",2008,542
"PPS","P_SAL_M","GE10","C10","D01","BG",2008,609
"PPS","P_SAL_M","GE10","C10","D111","BG",2008,501
"PPS","P_SAL_M","GE10","C10","D1111","BG",2008,463
"PPS","P_SAL_M","GE10","C11","D01","BG",2008,992
"PPS","P_SAL_M","GE10","C11","D111","BG",2008,827
"PPS","P_SAL_M","GE10","C11","D1111","BG",2008,730
"PPS","P_SAL_M","GE10","C12","D01","BG",2008,NA
"PPS","P_SAL_M","GE10","C12","D111","BG",2008,NA
"PPS","P_SAL_M","GE10","C12","D1111","BG",2008,NA
"PPS","P_SAL_M","GE10","C13","D01","BG",2008,675
"PPS","P_SAL_M","GE10","C13","D111","BG",2008,544
"PPS","P_SAL_M","GE10","C13","D1111","BG",2008,494
"PPS","P_SAL_M","GE10","C14","D01","BG",2008,461
"PPS","P_SAL_M","GE10","C14","D111","BG",2008,378
"PPS","P_SAL_M","GE10","C14","D1111","BG",2008,343
"PPS","P_SAL_M","GE10","C15","D01","BG",2008,414
"PPS","P_SAL_M","GE10","C15","D111","BG",2008,338
"PPS","P_SAL_M","GE10","C15","D1111","BG",2008,310
"PPS","P_SAL_M","GE10","C16","D01","BG",2008,581
"PPS","P_SAL_M","GE10","C16","D111","BG",2008,476
"PPS","P_SAL_M","GE10","C16","D1111","BG",2008,434
"PPS","P_SAL_M","GE10","C17","D01","BG",2008,730
"PPS","P_SAL_M","GE10","C17","D111","BG",2008,592
"PPS","P_SAL_M","GE10","C17","D1111","BG",2008,525
"PPS","P_SAL_M","GE10","C18","D01","BG",2008,851
"PPS","P_SAL_M","GE10","C18","D111","BG",2008,706
"PPS","P_SAL_M","GE10","C18","D1111","BG",2008,640
"PPS","P_SAL_M","GE10","C19","D01","BG",2008,NA
"PPS","P_SAL_M","GE10","C19","D111","BG",2008,NA
"PPS","P_SAL_M","GE10","C19","D1111","BG",2008,NA
"PPS","P_SAL_M","GE10","C20","D01","BG",2008,1128
"PPS","P_SAL_M","GE10","C20","D111","BG",2008,876
"PPS","P_SAL_M","GE10","C20","D1111","BG",2008,771
"PPS","P_SAL_M","GE10","C21","D01","BG",2008,1169
"PPS","P_SAL_M","GE10","C21","D111","BG",2008,926
"PPS","P_SAL_M","GE10","C21","D1111","BG",2008,818
"PPS","P_SAL_M","GE10","C22","D01","BG",2008,566
"PPS","P_SAL_M","GE10","C22","D111","BG",2008,465
"PPS","P_SAL_M","GE10","C22","D1111","BG",2008,427
"PPS","P_SAL_M","GE10","C23","D01","BG",2008,924
"PPS","P_SAL_M","GE10","C23","D111","BG",2008,742
"PPS","P_SAL_M","GE10","C23","D1111","BG",2008,668
"PPS","P_SAL_M","GE10","C24","D01","BG",2008,1563
"PPS","P_SAL_M","GE10","C24","D111","BG",2008,1209
"PPS","P_SAL_M","GE10","C24","D1111","BG",2008,1055
"PPS","P_SAL_M","GE10","C25","D01","BG",2008,720
"PPS","P_SAL_M","GE10","C25","D111","BG",2008,582
"PPS","P_SAL_M","GE10","C25","D1111","BG",2008,528
"PPS","P_SAL_M","GE10","C26","D01","BG",2008,955
"PPS","P_SAL_M","GE10","C26","D111","BG",2008,789
"PPS","P_SAL_M","GE10","C26","D1111","BG",2008,694
"PPS","P_SAL_M","GE10","C27","D01","BG",2008,906
"PPS","P_SAL_M","GE10","C27","D111","BG",2008,738
"PPS","P_SAL_M","GE10","C27","D1111","BG",2008,656
"PPS","P_SAL_M","GE10","C28","D01","BG",2008,898
"PPS","P_SAL_M","GE10","C28","D111","BG",2008,730
"PPS","P_SAL_M","GE10","C28","D1111","BG",2008,645
"PPS","P_SAL_M","GE10","C29","D01","BG",2008,735
"PPS","P_SAL_M","GE10","C29","D111","BG",2008,599
"PPS","P_SAL_M","GE10","C29","D1111","BG",2008,543
"PPS","P_SAL_M","GE10","C30","D01","BG",2008,1115
"PPS","P_SAL_M","GE10","C30","D111","BG",2008,888
"PPS","P_SAL_M","GE10","C30","D1111","BG",2008,794
"PPS","P_SAL_M","GE10","C31","D01","BG",2008,471
"PPS","P_SAL_M","GE10","C31","D111","BG",2008,385
"PPS","P_SAL_M","GE10","C31","D1111","BG",2008,354
"PPS","P_SAL_M","GE10","C32","D01","BG",2008,623
"PPS","P_SAL_M","GE10","C32","D111","BG",2008,514
"PPS","P_SAL_M","GE10","C32","D1111","BG",2008,466
"PPS","P_SAL_M","GE10","C33","D01","BG",2008,1180
"PPS","P_SAL_M","GE10","C33","D111","BG",2008,948
"PPS","P_SAL_M","GE10","C33","D1111","BG",2008,842
"PPS","P_SAL_M","GE10","D","D01","BG",2008,2022
"PPS","P_SAL_M","GE10","D","D111","BG",2008,1550
"PPS","P_SAL_M","GE10","D","D1111","BG",2008,1154
"PPS","P_SAL_M","GE10","D35","D01","BG",2008,2022
"PPS","P_SAL_M","GE10","D35","D111","BG",2008,1550
"PPS","P_SAL_M","GE10","D35","D1111","BG",2008,1154
"PPS","P_SAL_M","GE10","E","D01","BG",2008,911
"PPS","P_SAL_M","GE10","E","D111","BG",2008,742
"PPS","P_SAL_M","GE10","E","D1111","BG",2008,619
"PPS","P_SAL_M","GE10","E36","D01","BG",2008,1024
"PPS","P_SAL_M","GE10","E36","D111","BG",2008,830
"PPS","P_SAL_M","GE10","E36","D1111","BG",2008,650
"PPS","P_SAL_M","GE10","E37","D01","BG",2008,1035
"PPS","P_SAL_M","GE10","E37","D111","BG",2008,898
"PPS","P_SAL_M","GE10","E37","D1111","BG",2008,848
"PPS","P_SAL_M","GE10","E38","D01","BG",2008,764
"PPS","P_SAL_M","GE10","E38","D111","BG",2008,626
"PPS","P_SAL_M","GE10","E38","D1111","BG",2008,572
"PPS","P_SAL_M","GE10","E39","D01","BG",2008,877
"PPS","P_SAL_M","GE10","E39","D111","BG",2008,715
"PPS","P_SAL_M","GE10","E39","D1111","BG",2008,641
"PPS","P_SAL_M","GE10","F","D01","BG",2008,702
"PPS","P_SAL_M","GE10","F","D111","BG",2008,575
"PPS","P_SAL_M","GE10","F","D1111","BG",2008,536
"PPS","P_SAL_M","GE10","F41","D01","BG",2008,622
"PPS","P_SAL_M","GE10","F41","D111","BG",2008,513
"PPS","P_SAL_M","GE10","F41","D1111","BG",2008,479
"PPS","P_SAL_M","GE10","F42","D01","BG",2008,917
"PPS","P_SAL_M","GE10","F42","D111","BG",2008,737
"PPS","P_SAL_M","GE10","F42","D1111","BG",2008,679
"PPS","P_SAL_M","GE10","F43","D01","BG",2008,724
"PPS","P_SAL_M","GE10","F43","D111","BG",2008,598
"PPS","P_SAL_M","GE10","F43","D1111","BG",2008,561
"PPS","P_SAL_M","GE10","G","D01","BG",2008,778
"PPS","P_SAL_M","GE10","G","D111","BG",2008,651
"PPS","P_SAL_M","GE10","G","D1111","BG",2008,606
"PPS","P_SAL_M","GE10","G-J","D01","BG",2008,922
"PPS","P_SAL_M","GE10","G-J","D111","BG",2008,766
"PPS","P_SAL_M","GE10","G-J","D1111","BG",2008,687
"PPS","P_SAL_M","GE10","G-N","D01","BG",2008,949
"PPS","P_SAL_M","GE10","G-N","D111","BG",2008,792
"PPS","P_SAL_M","GE10","G-N","D1111","BG",2008,714
"PPS","P_SAL_M","GE10","G-S_X_O","D01","BG",2008,921
"PPS","P_SAL_M","GE10","G-S_X_O","D111","BG",2008,763
"PPS","P_SAL_M","GE10","G-S_X_O","D1111","BG",2008,680
"PPS","P_SAL_M","GE10","G45","D01","BG",2008,1012
"PPS","P_SAL_M","GE10","G45","D111","BG",2008,853
"PPS","P_SAL_M","GE10","G45","D1111","BG",2008,791
"PPS","P_SAL_M","GE10","G46","D01","BG",2008,887
"PPS","P_SAL_M","GE10","G46","D111","BG",2008,749
"PPS","P_SAL_M","GE10","G46","D1111","BG",2008,697
"PPS","P_SAL_M","GE10","G47","D01","BG",2008,612
"PPS","P_SAL_M","GE10","G47","D111","BG",2008,503
"PPS","P_SAL_M","GE10","G47","D1111","BG",2008,469
"PPS","P_SAL_M","GE10","H","D01","BG",2008,1072
"PPS","P_SAL_M","GE10","H","D111","BG",2008,872
"PPS","P_SAL_M","GE10","H","D1111","BG",2008,717
"PPS","P_SAL_M","GE10","H49","D01","BG",2008,836
"PPS","P_SAL_M","GE10","H49","D111","BG",2008,659
"PPS","P_SAL_M","GE10","H49","D1111","BG",2008,561
"PPS","P_SAL_M","GE10","H50","D01","BG",2008,1631
"PPS","P_SAL_M","GE10","H50","D111","BG",2008,1219
"PPS","P_SAL_M","GE10","H50","D1111","BG",2008,999
"PPS","P_SAL_M","GE10","H51","D01","BG",2008,2568
"PPS","P_SAL_M","GE10","H51","D111","BG",2008,2105
"PPS","P_SAL_M","GE10","H51","D1111","BG",2008,1878
"PPS","P_SAL_M","GE10","H52","D01","BG",2008,1462
"PPS","P_SAL_M","GE10","H52","D111","BG",2008,1247
"PPS","P_SAL_M","GE10","H52","D1111","BG",2008,991
"PPS","P_SAL_M","GE10","H53","D01","BG",2008,843
"PPS","P_SAL_M","GE10","H53","D111","BG",2008,691
"PPS","P_SAL_M","GE10","H53","D1111","BG",2008,541
"PPS","P_SAL_M","GE10","I","D01","BG",2008,545
"PPS","P_SAL_M","GE10","I","D111","BG",2008,448
"PPS","P_SAL_M","GE10","I","D1111","BG",2008,419
"PPS","P_SAL_M","GE10","I55","D01","BG",2008,641
"PPS","P_SAL_M","GE10","I55","D111","BG",2008,525
"PPS","P_SAL_M","GE10","I55","D1111","BG",2008,487
"PPS","P_SAL_M","GE10","I56","D01","BG",2008,471
"PPS","P_SAL_M","GE10","I56","D111","BG",2008,388
"PPS","P_SAL_M","GE10","I56","D1111","BG",2008,366
"PPS","P_SAL_M","GE10","J","D01","BG",2008,1786
"PPS","P_SAL_M","GE10","J","D111","BG",2008,1512
"PPS","P_SAL_M","GE10","J","D1111","BG",2008,1384
"PPS","P_SAL_M","GE10","J58","D01","BG",2008,1049
"PPS","P_SAL_M","GE10","J58","D111","BG",2008,889
"PPS","P_SAL_M","GE10","J58","D1111","BG",2008,826
"PPS","P_SAL_M","GE10","J59","D01","BG",2008,1205
"PPS","P_SAL_M","GE10","J59","D111","BG",2008,1002
"PPS","P_SAL_M","GE10","J59","D1111","BG",2008,936
"PPS","P_SAL_M","GE10","J60","D01","BG",2008,1231
"PPS","P_SAL_M","GE10","J60","D111","BG",2008,1025
"PPS","P_SAL_M","GE10","J60","D1111","BG",2008,944
"PPS","P_SAL_M","GE10","J61","D01","BG",2008,1798
"PPS","P_SAL_M","GE10","J61","D111","BG",2008,1508
"PPS","P_SAL_M","GE10","J61","D1111","BG",2008,1380
"PPS","P_SAL_M","GE10","J62","D01","BG",2008,2445
"PPS","P_SAL_M","GE10","J62","D111","BG",2008,2094
"PPS","P_SAL_M","GE10","J62","D1111","BG",2008,1909
"PPS","P_SAL_M","GE10","J63","D01","BG",2008,1545
"PPS","P_SAL_M","GE10","J63","D111","BG",2008,1317
"PPS","P_SAL_M","GE10","J63","D1111","BG",2008,1201
"PPS","P_SAL_M","GE10","K","D01","BG",2008,1838
"PPS","P_SAL_M","GE10","K","D111","BG",2008,1548
"PPS","P_SAL_M","GE10","K","D1111","BG",2008,1403
"PPS","P_SAL_M","GE10","K-N","D01","BG",2008,1013
"PPS","P_SAL_M","GE10","K-N","D111","BG",2008,856
"PPS","P_SAL_M","GE10","K-N","D1111","BG",2008,782
"PPS","P_SAL_M","GE10","K64","D01","BG",2008,1843
"PPS","P_SAL_M","GE10","K64","D111","BG",2008,1551
"PPS","P_SAL_M","GE10","K64","D1111","BG",2008,1399
"PPS","P_SAL_M","GE10","K65","D01","BG",2008,1881
"PPS","P_SAL_M","GE10","K65","D111","BG",2008,1597
"PPS","P_SAL_M","GE10","K65","D1111","BG",2008,1488
"PPS","P_SAL_M","GE10","K66","D01","BG",2008,1638
"PPS","P_SAL_M","GE10","K66","D111","BG",2008,1373
"PPS","P_SAL_M","GE10","K66","D1111","BG",2008,1273
"PPS","P_SAL_M","GE10","L","D01","BG",2008,897
"PPS","P_SAL_M","GE10","L","D111","BG",2008,751
"PPS","P_SAL_M","GE10","L","D1111","BG",2008,686
"PPS","P_SAL_M","GE10","L68","D01","BG",2008,897
"PPS","P_SAL_M","GE10","L68","D111","BG",2008,751
"PPS","P_SAL_M","GE10","L68","D1111","BG",2008,686
"PPS","P_SAL_M","GE10","M","D01","BG",2008,1378
"PPS","P_SAL_M","GE10","M","D111","BG",2008,1166
"PPS","P_SAL_M","GE10","M","D1111","BG",2008,1056
"PPS","P_SAL_M","GE10","M69","D01","BG",2008,1919
"PPS","P_SAL_M","GE10","M69","D111","BG",2008,1647
"PPS","P_SAL_M","GE10","M69","D1111","BG",2008,1522
"PPS","P_SAL_M","GE10","M70","D01","BG",2008,2052
"PPS","P_SAL_M","GE10","M70","D111","BG",2008,1756
"PPS","P_SAL_M","GE10","M70","D1111","BG",2008,1569
"PPS","P_SAL_M","GE10","M71","D01","BG",2008,1389
"PPS","P_SAL_M","GE10","M71","D111","BG",2008,1166
"PPS","P_SAL_M","GE10","M71","D1111","BG",2008,1047
"PPS","P_SAL_M","GE10","M72","D01","BG",2008,932
"PPS","P_SAL_M","GE10","M72","D111","BG",2008,765
"PPS","P_SAL_M","GE10","M72","D1111","BG",2008,670
"PPS","P_SAL_M","GE10","M73","D01","BG",2008,1381
"PPS","P_SAL_M","GE10","M73","D111","BG",2008,1177
"PPS","P_SAL_M","GE10","M73","D1111","BG",2008,1092
"PPS","P_SAL_M","GE10","M74","D01","BG",2008,1465
"PPS","P_SAL_M","GE10","M74","D111","BG",2008,1275
"PPS","P_SAL_M","GE10","M74","D1111","BG",2008,1203
"PPS","P_SAL_M","GE10","M75","D01","BG",2008,NA
"PPS","P_SAL_M","GE10","M75","D111","BG",2008,NA
"PPS","P_SAL_M","GE10","M75","D1111","BG",2008,NA
"PPS","P_SAL_M","GE10","N","D01","BG",2008,466
"PPS","P_SAL_M","GE10","N","D111","BG",2008,397
"PPS","P_SAL_M","GE10","N","D1111","BG",2008,370
"PPS","P_SAL_M","GE10","N77","D01","BG",2008,1129
"PPS","P_SAL_M","GE10","N77","D111","BG",2008,952
"PPS","P_SAL_M","GE10","N77","D1111","BG",2008,877
"PPS","P_SAL_M","GE10","N78","D01","BG",2008,902
"PPS","P_SAL_M","GE10","N78","D111","BG",2008,743
"PPS","P_SAL_M","GE10","N78","D1111","BG",2008,687
"PPS","P_SAL_M","GE10","N79","D01","BG",2008,752
"PPS","P_SAL_M","GE10","N79","D111","BG",2008,632
"PPS","P_SAL_M","GE10","N79","D1111","BG",2008,599
"PPS","P_SAL_M","GE10","N80","D01","BG",2008,430
"PPS","P_SAL_M","GE10","N80","D111","BG",2008,354
"PPS","P_SAL_M","GE10","N80","D1111","BG",2008,333
"PPS","P_SAL_M","GE10","N81","D01","BG",2008,329
"PPS","P_SAL_M","GE10","N81","D111","BG",2008,309
"PPS","P_SAL_M","GE10","N81","D1111","BG",2008,285
"PPS","P_SAL_M","GE10","N82","D01","BG",2008,1076
"PPS","P_SAL_M","GE10","N82","D111","BG",2008,888
"PPS","P_SAL_M","GE10","N82","D1111","BG",2008,827
"PPS","P_SAL_M","GE10","O","D01","BG",2008,1169
"PPS","P_SAL_M","GE10","O","D111","BG",2008,922
"PPS","P_SAL_M","GE10","O","D1111","BG",2008,830
"PPS","P_SAL_M","GE10","O-S","D01","BG",2008,950
"PPS","P_SAL_M","GE10","O-S","D111","BG",2008,763
"PPS","P_SAL_M","GE10","O-S","D1111","BG",2008,669
"PPS","P_SAL_M","GE10","O84","D01","BG",2008,1169
"PPS","P_SAL_M","GE10","O84","D111","BG",2008,922
"PPS","P_SAL_M","GE10","O84","D1111","BG",2008,830
"PPS","P_SAL_M","GE10","P","D01","BG",2008,894
"PPS","P_SAL_M","GE10","P","D111","BG",2008,715
"PPS","P_SAL_M","GE10","P","D1111","BG",2008,597
"PPS","P_SAL_M","GE10","P-S","D01","BG",2008,863
"PPS","P_SAL_M","GE10","P-S","D111","BG",2008,700
"PPS","P_SAL_M","GE10","P-S","D1111","BG",2008,605
"PPS","P_SAL_M","GE10","P85","D01","BG",2008,894
"PPS","P_SAL_M","GE10","P85","D111","BG",2008,715
"PPS","P_SAL_M","GE10","P85","D1111","BG",2008,597
"PPS","P_SAL_M","GE10","Q","D01","BG",2008,881
"PPS","P_SAL_M","GE10","Q","D111","BG",2008,723
"PPS","P_SAL_M","GE10","Q","D1111","BG",2008,648
"PPS","P_SAL_M","GE10","Q86","D01","BG",2008,971
"PPS","P_SAL_M","GE10","Q86","D111","BG",2008,797
"PPS","P_SAL_M","GE10","Q86","D1111","BG",2008,716
"PPS","P_SAL_M","GE10","Q87","D01","BG",2008,618
"PPS","P_SAL_M","GE10","Q87","D111","BG",2008,507
"PPS","P_SAL_M","GE10","Q87","D1111","BG",2008,446
"PPS","P_SAL_M","GE10","Q88","D01","BG",2008,536
"PPS","P_SAL_M","GE10","Q88","D111","BG",2008,439
"PPS","P_SAL_M","GE10","Q88","D1111","BG",2008,388
"PPS","P_SAL_M","GE10","R","D01","BG",2008,710
"PPS","P_SAL_M","GE10","R","D111","BG",2008,589
"PPS","P_SAL_M","GE10","R","D1111","BG",2008,534
"PPS","P_SAL_M","GE10","R90","D01","BG",2008,745
"PPS","P_SAL_M","GE10","R90","D111","BG",2008,604
"PPS","P_SAL_M","GE10","R90","D1111","BG",2008,527
"PPS","P_SAL_M","GE10","R91","D01","BG",2008,658
"PPS","P_SAL_M","GE10","R91","D111","BG",2008,537
"PPS","P_SAL_M","GE10","R91","D1111","BG",2008,471
"PPS","P_SAL_M","GE10","R92","D01","BG",2008,601
"PPS","P_SAL_M","GE10","R92","D111","BG",2008,497
"PPS","P_SAL_M","GE10","R92","D1111","BG",2008,460
"PPS","P_SAL_M","GE10","R93","D01","BG",2008,895
"PPS","P_SAL_M","GE10","R93","D111","BG",2008,772
"PPS","P_SAL_M","GE10","R93","D1111","BG",2008,722
"PPS","P_SAL_M","GE10","S","D01","BG",2008,626
"PPS","P_SAL_M","GE10","S","D111","BG",2008,534
"PPS","P_SAL_M","GE10","S","D1111","BG",2008,487
"PPS","P_SAL_M","GE10","S94","D01","BG",2008,668
"PPS","P_SAL_M","GE10","S94","D111","BG",2008,579
"PPS","P_SAL_M","GE10","S94","D1111","BG",2008,527
"PPS","P_SAL_M","GE10","S95","D01","BG",2008,808
"PPS","P_SAL_M","GE10","S95","D111","BG",2008,674
"PPS","P_SAL_M","GE10","S95","D1111","BG",2008,629
"PPS","P_SAL_M","GE10","S96","D01","BG",2008,518
"PPS","P_SAL_M","GE10","S96","D111","BG",2008,426
"PPS","P_SAL_M","GE10","S96","D1111","BG",2008,388
"PPS","P_SAL_M","GE1000","B","D01","BG",2008,1940
"PPS","P_SAL_M","GE1000","B","D111","BG",2008,1391
"PPS","P_SAL_M","GE1000","B","D1111","BG",2008,1144
"PPS","P_SAL_M","GE1000","B-E","D01","BG",2008,1569
"PPS","P_SAL_M","GE1000","B-E","D111","BG",2008,1210
"PPS","P_SAL_M","GE1000","B-E","D1111","BG",2008,1002
"PPS","P_SAL_M","GE1000","B-F","D01","BG",2008,1524
"PPS","P_SAL_M","GE1000","B-F","D111","BG",2008,1178
"PPS","P_SAL_M","GE1000","B-F","D1111","BG",2008,978
"PPS","P_SAL_M","GE1000","B-N","D01","BG",2008,1424
"PPS","P_SAL_M","GE1000","B-N","D111","BG",2008,1126
"PPS","P_SAL_M","GE1000","B-N","D1111","BG",2008,956
"PPS","P_SAL_M","GE1000","B-S","D01","BG",2008,1395
"PPS","P_SAL_M","GE1000","B-S","D111","BG",2008,1106
"PPS","P_SAL_M","GE1000","B-S","D1111","BG",2008,944
"PPS","P_SAL_M","GE1000","B-S_X_O","D01","BG",2008,1397
"PPS","P_SAL_M","GE1000","B-S_X_O","D111","BG",2008,1108
"PPS","P_SAL_M","GE1000","B-S_X_O","D1111","BG",2008,943
"PPS","P_SAL_M","GE1000","B05","D01","BG",2008,NA
"PPS","P_SAL_M","GE1000","B05","D111","BG",2008,NA
"PPS","P_SAL_M","GE1000","B05","D1111","BG",2008,NA
"PPS","P_SAL_M","GE1000","B07","D01","BG",2008,NA
"PPS","P_SAL_M","GE1000","B07","D111","BG",2008,NA
"PPS","P_SAL_M","GE1000","B07","D1111","BG",2008,NA
"PPS","P_SAL_M","GE1000","C","D01","BG",2008,1355
"PPS","P_SAL_M","GE1000","C","D111","BG",2008,1065
"PPS","P_SAL_M","GE1000","C","D1111","BG",2008,930
"PPS","P_SAL_M","GE1000","C10","D01","BG",2008,NA
"PPS","P_SAL_M","GE1000","C10","D111","BG",2008,NA
"PPS","P_SAL_M","GE1000","C10","D1111","BG",2008,NA
"PPS","P_SAL_M","GE1000","C11","D01","BG",2008,NA
"PPS","P_SAL_M","GE1000","C11","D111","BG",2008,NA
"PPS","P_SAL_M","GE1000","C11","D1111","BG",2008,NA
"PPS","P_SAL_M","GE1000","C12","D01","BG",2008,NA
"PPS","P_SAL_M","GE1000","C12","D111","BG",2008,NA
"PPS","P_SAL_M","GE1000","C12","D1111","BG",2008,NA
"PPS","P_SAL_M","GE1000","C13","D01","BG",2008,NA
"PPS","P_SAL_M","GE1000","C13","D111","BG",2008,NA
"PPS","P_SAL_M","GE1000","C13","D1111","BG",2008,NA
"PPS","P_SAL_M","GE1000","C14","D01","BG",2008,725
"PPS","P_SAL_M","GE1000","C14","D111","BG",2008,589
"PPS","P_SAL_M","GE1000","C14","D1111","BG",2008,541
"PPS","P_SAL_M","GE1000","C19","D01","BG",2008,NA
"PPS","P_SAL_M","GE1000","C19","D111","BG",2008,NA
"PPS","P_SAL_M","GE1000","C19","D1111","BG",2008,NA
"PPS","P_SAL_M","GE1000","C20","D01","BG",2008,NA
"PPS","P_SAL_M","GE1000","C20","D111","BG",2008,NA
"PPS","P_SAL_M","GE1000","C20","D1111","BG",2008,NA
"PPS","P_SAL_M","GE1000","C21","D01","BG",2008,NA
"PPS","P_SAL_M","GE1000","C21","D111","BG",2008,NA
"PPS","P_SAL_M","GE1000","C21","D1111","BG",2008,NA
"PPS","P_SAL_M","GE1000","C22","D01","BG",2008,NA
"PPS","P_SAL_M","GE1000","C22","D111","BG",2008,NA
"PPS","P_SAL_M","GE1000","C22","D1111","BG",2008,NA
"PPS","P_SAL_M","GE1000","C23","D01","BG",2008,NA
"PPS","P_SAL_M","GE1000","C23","D111","BG",2008,NA
"PPS","P_SAL_M","GE1000","C23","D1111","BG",2008,NA
"PPS","P_SAL_M","GE1000","C24","D01","BG",2008,2015
"PPS","P_SAL_M","GE1000","C24","D111","BG",2008,1529
"PPS","P_SAL_M","GE1000","C24","D1111","BG",2008,1317
"PPS","P_SAL_M","GE1000","C25","D01","BG",2008,837
"PPS","P_SAL_M","GE1000","C25","D111","BG",2008,654
"PPS","P_SAL_M","GE1000","C25","D1111","BG",2008,597
"PPS","P_SAL_M","GE1000","C27","D01","BG",2008,NA
"PPS","P_SAL_M","GE1000","C27","D111","BG",2008,NA
"PPS","P_SAL_M","GE1000","C27","D1111","BG",2008,NA
"PPS","P_SAL_M","GE1000","C28","D01","BG",2008,1226
"PPS","P_SAL_M","GE1000","C28","D111","BG",2008,983
"PPS","P_SAL_M","GE1000","C28","D1111","BG",2008,817
"PPS","P_SAL_M","GE1000","C29","D01","BG",2008,764
"PPS","P_SAL_M","GE1000","C29","D111","BG",2008,622
"PPS","P_SAL_M","GE1000","C29","D1111","BG",2008,572
"PPS","P_SAL_M","GE1000","C30","D01","BG",2008,NA
"PPS","P_SAL_M","GE1000","C30","D111","BG",2008,NA
"PPS","P_SAL_M","GE1000","C30","D1111","BG",2008,NA
"PPS","P_SAL_M","GE1000","C33","D01","BG",2008,NA
"PPS","P_SAL_M","GE1000","C33","D111","BG",2008,NA
"PPS","P_SAL_M","GE1000","C33","D1111","BG",2008,NA
"PPS","P_SAL_M","GE1000","D","D01","BG",2008,2095
"PPS","P_SAL_M","GE1000","D","D111","BG",2008,1611
"PPS","P_SAL_M","GE1000","D","D1111","BG",2008,1166
"PPS","P_SAL_M","GE1000","D35","D01","BG",2008,2095
"PPS","P_SAL_M","GE1000","D35","D111","BG",2008,1611
"PPS","P_SAL_M","GE1000","D35","D1111","BG",2008,1166
"PPS","P_SAL_M","GE1000","E","D01","BG",2008,NA
"PPS","P_SAL_M","GE1000","E","D111","BG",2008,NA
"PPS","P_SAL_M","GE1000","E","D1111","BG",2008,NA
"PPS","P_SAL_M","GE1000","E36","D01","BG",2008,NA
"PPS","P_SAL_M","GE1000","E36","D111","BG",2008,NA
"PPS","P_SAL_M","GE1000","E36","D1111","BG",2008,NA
"PPS","P_SAL_M","GE1000","F","D01","BG",2008,705
"PPS","P_SAL_M","GE1000","F","D111","BG",2008,585
"PPS","P_SAL_M","GE1000","F","D1111","BG",2008,538
"PPS","P_SAL_M","GE1000","F41","D01","BG",2008,705
"PPS","P_SAL_M","GE1000","F41","D111","BG",2008,585
"PPS","P_SAL_M","GE1000","F41","D1111","BG",2008,538
"PPS","P_SAL_M","GE1000","G","D01","BG",2008,1060
"PPS","P_SAL_M","GE1000","G","D111","BG",2008,867
"PPS","P_SAL_M","GE1000","G","D1111","BG",2008,791
"PPS","P_SAL_M","GE1000","G-J","D01","BG",2008,1427
"PPS","P_SAL_M","GE1000","G-J","D111","BG",2008,1164
"PPS","P_SAL_M","GE1000","G-J","D1111","BG",2008,994
"PPS","P_SAL_M","GE1000","G-N","D01","BG",2008,1297
"PPS","P_SAL_M","GE1000","G-N","D111","BG",2008,1061
"PPS","P_SAL_M","GE1000","G-N","D1111","BG",2008,928
"PPS","P_SAL_M","GE1000","G-S_X_O","D01","BG",2008,1268
"PPS","P_SAL_M","GE1000","G-S_X_O","D111","BG",2008,1038
"PPS","P_SAL_M","GE1000","G-S_X_O","D1111","BG",2008,907
"PPS","P_SAL_M","GE1000","G46","D01","BG",2008,1140
"PPS","P_SAL_M","GE1000","G46","D111","BG",2008,953
"PPS","P_SAL_M","GE1000","G46","D1111","BG",2008,864
"PPS","P_SAL_M","GE1000","G47","D01","BG",2008,988
"PPS","P_SAL_M","GE1000","G47","D111","BG",2008,789
"PPS","P_SAL_M","GE1000","G47","D1111","BG",2008,726
"PPS","P_SAL_M","GE1000","H","D01","BG",2008,1372
"PPS","P_SAL_M","GE1000","H","D111","BG",2008,1083
"PPS","P_SAL_M","GE1000","H","D1111","BG",2008,829
"PPS","P_SAL_M","GE1000","H49","D01","BG",2008,1316
"PPS","P_SAL_M","GE1000","H49","D111","BG",2008,1008
"PPS","P_SAL_M","GE1000","H49","D1111","BG",2008,807
"PPS","P_SAL_M","GE1000","H50","D01","BG",2008,NA
"PPS","P_SAL_M","GE1000","H50","D111","BG",2008,NA
"PPS","P_SAL_M","GE1000","H50","D1111","BG",2008,NA
"PPS","P_SAL_M","GE1000","H52","D01","BG",2008,1475
"PPS","P_SAL_M","GE1000","H52","D111","BG",2008,1259
"PPS","P_SAL_M","GE1000","H52","D1111","BG",2008,856
"PPS","P_SAL_M","GE1000","H53","D01","BG",2008,NA
"PPS","P_SAL_M","GE1000","H53","D111","BG",2008,NA
"PPS","P_SAL_M","GE1000","H53","D1111","BG",2008,NA
"PPS","P_SAL_M","GE1000","I","D01","BG",2008,NA
"PPS","P_SAL_M","GE1000","I","D111","BG",2008,NA
"PPS","P_SAL_M","GE1000","I","D1111","BG",2008,NA
"PPS","P_SAL_M","GE1000","I56","D01","BG",2008,NA
"PPS","P_SAL_M","GE1000","I56","D111","BG",2008,NA
"PPS","P_SAL_M","GE1000","I56","D1111","BG",2008,NA
"PPS","P_SAL_M","GE1000","J","D01","BG",2008,2164
"PPS","P_SAL_M","GE1000","J","D111","BG",2008,1832
"PPS","P_SAL_M","GE1000","J","D1111","BG",2008,1662
"PPS","P_SAL_M","GE1000","J60","D01","BG",2008,NA
"PPS","P_SAL_M","GE1000","J60","D111","BG",2008,NA
"PPS","P_SAL_M","GE1000","J60","D1111","BG",2008,NA
"PPS","P_SAL_M","GE1000","J61","D01","BG",2008,NA
"PPS","P_SAL_M","GE1000","J61","D111","BG",2008,NA
"PPS","P_SAL_M","GE1000","J61","D1111","BG",2008,NA
"PPS","P_SAL_M","GE1000","J62","D01","BG",2008,NA
"PPS","P_SAL_M","GE1000","J62","D111","BG",2008,NA
"PPS","P_SAL_M","GE1000","J62","D1111","BG",2008,NA
"PPS","P_SAL_M","GE1000","K","D01","BG",2008,1945
"PPS","P_SAL_M","GE1000","K","D111","BG",2008,1616
"PPS","P_SAL_M","GE1000","K","D1111","BG",2008,1525
"PPS","P_SAL_M","GE1000","K-N","D01","BG",2008,1001
"PPS","P_SAL_M","GE1000","K-N","D111","BG",2008,826
"PPS","P_SAL_M","GE1000","K-N","D1111","BG",2008,778
"PPS","P_SAL_M","GE1000","K64","D01","BG",2008,1945
"PPS","P_SAL_M","GE1000","K64","D111","BG",2008,1616
"PPS","P_SAL_M","GE1000","K64","D1111","BG",2008,1525
"PPS","P_SAL_M","GE1000","M","D01","BG",2008,NA
"PPS","P_SAL_M","GE1000","M","D111","BG",2008,NA
"PPS","P_SAL_M","GE1000","M","D1111","BG",2008,NA
"PPS","P_SAL_M","GE1000","M71","D01","BG",2008,NA
"PPS","P_SAL_M","GE1000","M71","D111","BG",2008,NA
"PPS","P_SAL_M","GE1000","M71","D1111","BG",2008,NA
"PPS","P_SAL_M","GE1000","M72","D01","BG",2008,NA
"PPS","P_SAL_M","GE1000","M72","D111","BG",2008,NA
"PPS","P_SAL_M","GE1000","M72","D1111","BG",2008,NA
"PPS","P_SAL_M","GE1000","N","D01","BG",2008,462
"PPS","P_SAL_M","GE1000","N","D111","BG",2008,375
"PPS","P_SAL_M","GE1000","N","D1111","BG",2008,351
"PPS","P_SAL_M","GE1000","N78","D01","BG",2008,NA
"PPS","P_SAL_M","GE1000","N78","D111","BG",2008,NA
"PPS","P_SAL_M","GE1000","N78","D1111","BG",2008,NA
"PPS","P_SAL_M","GE1000","N80","D01","BG",2008,462
"PPS","P_SAL_M","GE1000","N80","D111","BG",2008,375
"PPS","P_SAL_M","GE1000","N80","D1111","BG",2008,351
"PPS","P_SAL_M","GE1000","O","D01","BG",2008,1320
"PPS","P_SAL_M","GE1000","O","D111","BG",2008,1046
"PPS","P_SAL_M","GE1000","O","D1111","BG",2008,960
"PPS","P_SAL_M","GE1000","O-S","D01","BG",2008,1201
"PPS","P_SAL_M","GE1000","O-S","D111","BG",2008,974
"PPS","P_SAL_M","GE1000","O-S","D1111","BG",2008,862
"PPS","P_SAL_M","GE1000","O84","D01","BG",2008,1320
"PPS","P_SAL_M","GE1000","O84","D111","BG",2008,1046
"PPS","P_SAL_M","GE1000","O84","D1111","BG",2008,960
"PPS","P_SAL_M","GE1000","P","D01","BG",2008,1084
"PPS","P_SAL_M","GE1000","P","D111","BG",2008,882
"PPS","P_SAL_M","GE1000","P","D1111","BG",2008,767
"PPS","P_SAL_M","GE1000","P-S","D01","BG",2008,1157
"PPS","P_SAL_M","GE1000","P-S","D111","BG",2008,947
"PPS","P_SAL_M","GE1000","P-S","D1111","BG",2008,826
"PPS","P_SAL_M","GE1000","P85","D01","BG",2008,1084
"PPS","P_SAL_M","GE1000","P85","D111","BG",2008,882
"PPS","P_SAL_M","GE1000","P85","D1111","BG",2008,767
"PPS","P_SAL_M","GE1000","Q","D01","BG",2008,1194
"PPS","P_SAL_M","GE1000","Q","D111","BG",2008,979
"PPS","P_SAL_M","GE1000","Q","D1111","BG",2008,855
"PPS","P_SAL_M","GE1000","Q86","D01","BG",2008,1194
"PPS","P_SAL_M","GE1000","Q86","D111","BG",2008,979
"PPS","P_SAL_M","GE1000","Q86","D1111","BG",2008,855
"PPS","P_SAL_M","GE1000","R","D01","BG",2008,NA
"PPS","P_SAL_M","GE1000","R","D111","BG",2008,NA
"PPS","P_SAL_M","GE1000","R","D1111","BG",2008,NA
"PPS","P_SAL_M","GE1000","R92","D01","BG",2008,NA
"PPS","P_SAL_M","GE1000","R92","D111","BG",2008,NA
"PPS","P_SAL_M","GE1000","R92","D1111","BG",2008,NA
"PPS","P_SAL_M","LT10","B","D01","BG",2008,670
"PPS","P_SAL_M","LT10","B","D111","BG",2008,546
"PPS","P_SAL_M","LT10","B","D1111","BG",2008,518
"PPS","P_SAL_M","LT10","B-E","D01","BG",2008,429
"PPS","P_SAL_M","LT10","B-E","D111","BG",2008,353
"PPS","P_SAL_M","LT10","B-E","D1111","BG",2008,335
"PPS","P_SAL_M","LT10","B-F","D01","BG",2008,464
"PPS","P_SAL_M","LT10","B-F","D111","BG",2008,382
"PPS","P_SAL_M","LT10","B-F","D1111","BG",2008,363
"PPS","P_SAL_M","LT10","B-N","D01","BG",2008,487
"PPS","P_SAL_M","LT10","B-N","D111","BG",2008,404
"PPS","P_SAL_M","LT10","B-N","D1111","BG",2008,384
"PPS","P_SAL_M","LT10","B-S","D01","BG",2008,489
"PPS","P_SAL_M","LT10","B-S","D111","BG",2008,406
"PPS","P_SAL_M","LT10","B-S","D1111","BG",2008,385
"PPS","P_SAL_M","LT10","B-S_X_O","D01","BG",2008,486
"PPS","P_SAL_M","LT10","B-S_X_O","D111","BG",2008,404
"PPS","P_SAL_M","LT10","B-S_X_O","D1111","BG",2008,383
"PPS","P_SAL_M","LT10","B05","D01","BG",2008,NA
"PPS","P_SAL_M","LT10","B05","D111","BG",2008,NA
"PPS","P_SAL_M","LT10","B05","D1111","BG",2008,NA
"PPS","P_SAL_M","LT10","B06","D01","BG",2008,NA
"PPS","P_SAL_M","LT10","B06","D111","BG",2008,NA
"PPS","P_SAL_M","LT10","B06","D1111","BG",2008,NA
"PPS","P_SAL_M","LT10","B07","D01","BG",2008,747
"PPS","P_SAL_M","LT10","B07","D111","BG",2008,605
"PPS","P_SAL_M","LT10","B07","D1111","BG",2008,582
"PPS","P_SAL_M","LT10","B08","D01","BG",2008,662
"PPS","P_SAL_M","LT10","B08","D111","BG",2008,540
"PPS","P_SAL_M","LT10","B08","D1111","BG",2008,512
"PPS","P_SAL_M","LT10","B09","D01","BG",2008,587
"PPS","P_SAL_M","LT10","B09","D111","BG",2008,485
"PPS","P_SAL_M","LT10","B09","D1111","BG",2008,470
"PPS","P_SAL_M","LT10","C","D01","BG",2008,410
"PPS","P_SAL_M","LT10","C","D111","BG",2008,337
"PPS","P_SAL_M","LT10","C","D1111","BG",2008,320
"PPS","P_SAL_M","LT10","C10","D01","BG",2008,369
"PPS","P_SAL_M","LT10","C10","D111","BG",2008,303
"PPS","P_SAL_M","LT10","C10","D1111","BG",2008,292
"PPS","P_SAL_M","LT10","C11","D01","BG",2008,431
"PPS","P_SAL_M","LT10","C11","D111","BG",2008,353
"PPS","P_SAL_M","LT10","C11","D1111","BG",2008,339
"PPS","P_SAL_M","LT10","C12","D01","BG",2008,2281
"PPS","P_SAL_M","LT10","C12","D111","BG",2008,1046
"PPS","P_SAL_M","LT10","C12","D1111","BG",2008,857
"PPS","P_SAL_M","LT10","C13","D01","BG",2008,437
"PPS","P_SAL_M","LT10","C13","D111","BG",2008,358
"PPS","P_SAL_M","LT10","C13","D1111","BG",2008,338
"PPS","P_SAL_M","LT10","C14","D01","BG",2008,340
"PPS","P_SAL_M","LT10","C14","D111","BG",2008,280
"PPS","P_SAL_M","LT10","C14","D1111","BG",2008,271
"PPS","P_SAL_M","LT10","C15","D01","BG",2008,329
"PPS","P_SAL_M","LT10","C15","D111","BG",2008,270
"PPS","P_SAL_M","LT10","C15","D1111","BG",2008,259
"PPS","P_SAL_M","LT10","C16","D01","BG",2008,343
"PPS","P_SAL_M","LT10","C16","D111","BG",2008,281
"PPS","P_SAL_M","LT10","C16","D1111","BG",2008,267
"PPS","P_SAL_M","LT10","C17","D01","BG",2008,393
"PPS","P_SAL_M","LT10","C17","D111","BG",2008,322
"PPS","P_SAL_M","LT10","C17","D1111","BG",2008,302
"PPS","P_SAL_M","LT10","C18","D01","BG",2008,439
"PPS","P_SAL_M","LT10","C18","D111","BG",2008,364
"PPS","P_SAL_M","LT10","C18","D1111","BG",2008,341
"PPS","P_SAL_M","LT10","C19","D01","BG",2008,569
"PPS","P_SAL_M","LT10","C19","D111","BG",2008,465
"PPS","P_SAL_M","LT10","C19","D1111","BG",2008,424
"PPS","P_SAL_M","LT10","C20","D01","BG",2008,484
"PPS","P_SAL_M","LT10","C20","D111","BG",2008,395
"PPS","P_SAL_M","LT10","C20","D1111","BG",2008,371
"PPS","P_SAL_M","LT10","C21","D01","BG",2008,787
"PPS","P_SAL_M","LT10","C21","D111","BG",2008,649
"PPS","P_SAL_M","LT10","C21","D1111","BG",2008,609
"PPS","P_SAL_M","LT10","C22","D01","BG",2008,396
"PPS","P_SAL_M","LT10","C22","D111","BG",2008,326
"PPS","P_SAL_M","LT10","C22","D1111","BG",2008,307
"PPS","P_SAL_M","LT10","C23","D01","BG",2008,487
"PPS","P_SAL_M","LT10","C23","D111","BG",2008,398
"PPS","P_SAL_M","LT10","C23","D1111","BG",2008,376
"PPS","P_SAL_M","LT10","C24","D01","BG",2008,563
"PPS","P_SAL_M","LT10","C24","D111","BG",2008,459
"PPS","P_SAL_M","LT10","C24","D1111","BG",2008,424
"PPS","P_SAL_M","LT10","C25","D01","BG",2008,419
"PPS","P_SAL_M","LT10","C25","D111","BG",2008,344
"PPS","P_SAL_M","LT10","C25","D1111","BG",2008,325
"PPS","P_SAL_M","LT10","C26","D01","BG",2008,591
"PPS","P_SAL_M","LT10","C26","D111","BG",2008,484
"PPS","P_SAL_M","LT10","C26","D1111","BG",2008,447
"PPS","P_SAL_M","LT10","C27","D01","BG",2008,576
"PPS","P_SAL_M","LT10","C27","D111","BG",2008,481
"PPS","P_SAL_M","LT10","C27","D1111","BG",2008,454
"PPS","P_SAL_M","LT10","C28","D01","BG",2008,624
"PPS","P_SAL_M","LT10","C28","D111","BG",2008,522
"PPS","P_SAL_M","LT10","C28","D1111","BG",2008,491
"PPS","P_SAL_M","LT10","C29","D01","BG",2008,629
"PPS","P_SAL_M","LT10","C29","D111","BG",2008,523
"PPS","P_SAL_M","LT10","C29","D1111","BG",2008,495
"PPS","P_SAL_M","LT10","C30","D01","BG",2008,671
"PPS","P_SAL_M","LT10","C30","D111","BG",2008,554
"PPS","P_SAL_M","LT10","C30","D1111","BG",2008,521
"PPS","P_SAL_M","LT10","C31","D01","BG",2008,354
"PPS","P_SAL_M","LT10","C31","D111","BG",2008,291
"PPS","P_SAL_M","LT10","C31","D1111","BG",2008,278
"PPS","P_SAL_M","LT10","C32","D01","BG",2008,387
"PPS","P_SAL_M","LT10","C32","D111","BG",2008,317
"PPS","P_SAL_M","LT10","C32","D1111","BG",2008,299
"PPS","P_SAL_M","LT10","C33","D01","BG",2008,624
"PPS","P_SAL_M","LT10","C33","D111","BG",2008,510
"PPS","P_SAL_M","LT10","C33","D1111","BG",2008,486
"PPS","P_SAL_M","LT10","D","D01","BG",2008,1437
"PPS","P_SAL_M","LT10","D","D111","BG",2008,1233
"PPS","P_SAL_M","LT10","D","D1111","BG",2008,1109
"PPS","P_SAL_M","LT10","D35","D01","BG",2008,1437
"PPS","P_SAL_M","LT10","D35","D111","BG",2008,1233
"PPS","P_SAL_M","LT10","D35","D1111","BG",2008,1109
"PPS","P_SAL_M","LT10","E","D01","BG",2008,569
"PPS","P_SAL_M","LT10","E","D111","BG",2008,469
"PPS","P_SAL_M","LT10","E","D1111","BG",2008,433
"PPS","P_SAL_M","LT10","E36","D01","BG",2008,680
"PPS","P_SAL_M","LT10","E36","D111","BG",2008,560
"PPS","P_SAL_M","LT10","E36","D1111","BG",2008,458
"PPS","P_SAL_M","LT10","E37","D01","BG",2008,659
"PPS","P_SAL_M","LT10","E37","D111","BG",2008,548
"PPS","P_SAL_M","LT10","E37","D1111","BG",2008,520
"PPS","P_SAL_M","LT10","E38","D01","BG",2008,543
"PPS","P_SAL_M","LT10","E38","D111","BG",2008,448
"PPS","P_SAL_M","LT10","E38","D1111","BG",2008,423
"PPS","P_SAL_M","LT10","E39","D01","BG",2008,442
"PPS","P_SAL_M","LT10","E39","D111","BG",2008,362
"PPS","P_SAL_M","LT10","E39","D1111","BG",2008,338
"PPS","P_SAL_M","LT10","F","D01","BG",2008,518
"PPS","P_SAL_M","LT10","F","D111","BG",2008,427
"PPS","P_SAL_M","LT10","F","D1111","BG",2008,407
"PPS","P_SAL_M","LT10","F41","D01","BG",2008,535
"PPS","P_SAL_M","LT10","F41","D111","BG",2008,441
"PPS","P_SAL_M","LT10","F41","D1111","BG",2008,421
"PPS","P_SAL_M","LT10","F42","D01","BG",2008,687
"PPS","P_SAL_M","LT10","F42","D111","BG",2008,569
"PPS","P_SAL_M","LT10","F42","D1111","BG",2008,541
"PPS","P_SAL_M","LT10","F43","D01","BG",2008,488
"PPS","P_SAL_M","LT10","F43","D111","BG",2008,402
"PPS","P_SAL_M","LT10","F43","D1111","BG",2008,382
"PPS","P_SAL_M","LT10","G","D01","BG",2008,433
"PPS","P_SAL_M","LT10","G","D111","BG",2008,359
"PPS","P_SAL_M","LT10","G","D1111","BG",2008,342
"PPS","P_SAL_M","LT10","G-J","D01","BG",2008,440
"PPS","P_SAL_M","LT10","G-J","D111","BG",2008,364
"PPS","P_SAL_M","LT10","G-J","D1111","BG",2008,348
"PPS","P_SAL_M","LT10","G-N","D01","BG",2008,494
"PPS","P_SAL_M","LT10","G-N","D111","BG",2008,411
"PPS","P_SAL_M","LT10","G-N","D1111","BG",2008,391
"PPS","P_SAL_M","LT10","G-S_X_O","D01","BG",2008,492
"PPS","P_SAL_M","LT10","G-S_X_O","D111","BG",2008,409
"PPS","P_SAL_M","LT10","G-S_X_O","D1111","BG",2008,389
"PPS","P_SAL_M","LT10","G45","D01","BG",2008,421
"PPS","P_SAL_M","LT10","G45","D111","BG",2008,348
"PPS","P_SAL_M","LT10","G45","D1111","BG",2008,331
"PPS","P_SAL_M","LT10","G46","D01","BG",2008,609
"PPS","P_SAL_M","LT10","G46","D111","BG",2008,508
"PPS","P_SAL_M","LT10","G46","D1111","BG",2008,480
"PPS","P_SAL_M","LT10","G47","D01","BG",2008,370
"PPS","P_SAL_M","LT10","G47","D111","BG",2008,305
"PPS","P_SAL_M","LT10","G47","D1111","BG",2008,293
"PPS","P_SAL_M","LT10","H","D01","BG",2008,454
"PPS","P_SAL_M","LT10","H","D111","BG",2008,369
"PPS","P_SAL_M","LT10","H","D1111","BG",2008,349
"PPS","P_SAL_M","LT10","H49","D01","BG",2008,407
"PPS","P_SAL_M","LT10","H49","D111","BG",2008,327
"PPS","P_SAL_M","LT10","H49","D1111","BG",2008,312
"PPS","P_SAL_M","LT10","H50","D01","BG",2008,579
"PPS","P_SAL_M","LT10","H50","D111","BG",2008,468
"PPS","P_SAL_M","LT10","H50","D1111","BG",2008,443
"PPS","P_SAL_M","LT10","H51","D01","BG",2008,1129
"PPS","P_SAL_M","LT10","H51","D111","BG",2008,903
"PPS","P_SAL_M","LT10","H51","D1111","BG",2008,845
"PPS","P_SAL_M","LT10","H52","D01","BG",2008,754
"PPS","P_SAL_M","LT10","H52","D111","BG",2008,640
"PPS","P_SAL_M","LT10","H52","D1111","BG",2008,594
"PPS","P_SAL_M","LT10","H53","D01","BG",2008,629
"PPS","P_SAL_M","LT10","H53","D111","BG",2008,519
"PPS","P_SAL_M","LT10","H53","D1111","BG",2008,427
"PPS","P_SAL_M","LT10","I","D01","BG",2008,351
"PPS","P_SAL_M","LT10","I","D111","BG",2008,289
"PPS","P_SAL_M","LT10","I","D1111","BG",2008,281
"PPS","P_SAL_M","LT10","I55","D01","BG",2008,431
"PPS","P_SAL_M","LT10","I55","D111","BG",2008,355
"PPS","P_SAL_M","LT10","I55","D1111","BG",2008,339
"PPS","P_SAL_M","LT10","I56","D01","BG",2008,341
"PPS","P_SAL_M","LT10","I56","D111","BG",2008,281
"PPS","P_SAL_M","LT10","I56","D1111","BG",2008,274
"PPS","P_SAL_M","LT10","J","D01","BG",2008,900
"PPS","P_SAL_M","LT10","J","D111","BG",2008,771
"PPS","P_SAL_M","LT10","J","D1111","BG",2008,730
"PPS","P_SAL_M","LT10","J58","D01","BG",2008,583
"PPS","P_SAL_M","LT10","J58","D111","BG",2008,483
"PPS","P_SAL_M","LT10","J58","D1111","BG",2008,453
"PPS","P_SAL_M","LT10","J59","D01","BG",2008,641
"PPS","P_SAL_M","LT10","J59","D111","BG",2008,540
"PPS","P_SAL_M","LT10","J59","D1111","BG",2008,510
"PPS","P_SAL_M","LT10","J60","D01","BG",2008,521
"PPS","P_SAL_M","LT10","J60","D111","BG",2008,426
"PPS","P_SAL_M","LT10","J60","D1111","BG",2008,397
"PPS","P_SAL_M","LT10","J61","D01","BG",2008,1131
"PPS","P_SAL_M","LT10","J61","D111","BG",2008,1022
"PPS","P_SAL_M","LT10","J61","D1111","BG",2008,990
"PPS","P_SAL_M","LT10","J62","D01","BG",2008,1055
"PPS","P_SAL_M","LT10","J62","D111","BG",2008,896
"PPS","P_SAL_M","LT10","J62","D1111","BG",2008,843
"PPS","P_SAL_M","LT10","J63","D01","BG",2008,711
"PPS","P_SAL_M","LT10","J63","D111","BG",2008,593
"PPS","P_SAL_M","LT10","J63","D1111","BG",2008,556
"PPS","P_SAL_M","LT10","K","D01","BG",2008,1074
"PPS","P_SAL_M","LT10","K","D111","BG",2008,904
"PPS","P_SAL_M","LT10","K","D1111","BG",2008,847
"PPS","P_SAL_M","LT10","K-N","D01","BG",2008,717
"PPS","P_SAL_M","LT10","K-N","D111","BG",2008,603
"PPS","P_SAL_M","LT10","K-N","D1111","BG",2008,568
"PPS","P_SAL_M","LT10","K64","D01","BG",2008,1311
"PPS","P_SAL_M","LT10","K64","D111","BG",2008,1105
"PPS","P_SAL_M","LT10","K64","D1111","BG",2008,1028
"PPS","P_SAL_M","LT10","K65","D01","BG",2008,1611
"PPS","P_SAL_M","LT10","K65","D111","BG",2008,1374
"PPS","P_SAL_M","LT10","K65","D1111","BG",2008,1292
"PPS","P_SAL_M","LT10","K66","D01","BG",2008,711
"PPS","P_SAL_M","LT10","K66","D111","BG",2008,595
"PPS","P_SAL_M","LT10","K66","D1111","BG",2008,566
"PPS","P_SAL_M","LT10","L","D01","BG",2008,744
"PPS","P_SAL_M","LT10","L","D111","BG",2008,629
"PPS","P_SAL_M","LT10","L","D1111","BG",2008,596
"PPS","P_SAL_M","LT10","L68","D01","BG",2008,744
"PPS","P_SAL_M","LT10","L68","D111","BG",2008,629
"PPS","P_SAL_M","LT10","L68","D1111","BG",2008,596
"PPS","P_SAL_M","LT10","M","D01","BG",2008,694
"PPS","P_SAL_M","LT10","M","D111","BG",2008,582
"PPS","P_SAL_M","LT10","M","D1111","BG",2008,548
"PPS","P_SAL_M","LT10","M69","D01","BG",2008,540
"PPS","P_SAL_M","LT10","M69","D111","BG",2008,446
"PPS","P_SAL_M","LT10","M69","D1111","BG",2008,421
"PPS","P_SAL_M","LT10","M70","D01","BG",2008,1238
"PPS","P_SAL_M","LT10","M70","D111","BG",2008,1074
"PPS","P_SAL_M","LT10","M70","D1111","BG",2008,1013
"PPS","P_SAL_M","LT10","M71","D01","BG",2008,725
"PPS","P_SAL_M","LT10","M71","D111","BG",2008,605
"PPS","P_SAL_M","LT10","M71","D1111","BG",2008,569
"PPS","P_SAL_M","LT10","M72","D01","BG",2008,1007
"PPS","P_SAL_M","LT10","M72","D111","BG",2008,853
"PPS","P_SAL_M","LT10","M72","D1111","BG",2008,799
"PPS","P_SAL_M","LT10","M73","D01","BG",2008,641
"PPS","P_SAL_M","LT10","M73","D111","BG",2008,538
"PPS","P_SAL_M","LT10","M73","D1111","BG",2008,507
"PPS","P_SAL_M","LT10","M74","D01","BG",2008,729
"PPS","P_SAL_M","LT10","M74","D111","BG",2008,612
"PPS","P_SAL_M","LT10","M74","D1111","BG",2008,580
"PPS","P_SAL_M","LT10","M75","D01","BG",2008,406
"PPS","P_SAL_M","LT10","M75","D111","BG",2008,335
"PPS","P_SAL_M","LT10","M75","D1111","BG",2008,323
"PPS","P_SAL_M","LT10","N","D01","BG",2008,559
"PPS","P_SAL_M","LT10","N","D111","BG",2008,467
"PPS","P_SAL_M","LT10","N","D1111","BG",2008,441
"PPS","P_SAL_M","LT10","N77","D01","BG",2008,650
"PPS","P_SAL_M","LT10","N77","D111","BG",2008,545
"PPS","P_SAL_M","LT10","N77","D1111","BG",2008,518
"PPS","P_SAL_M","LT10","N78","D01","BG",2008,938
"PPS","P_SAL_M","LT10","N78","D111","BG",2008,791
"PPS","P_SAL_M","LT10","N78","D1111","BG",2008,742
"PPS","P_SAL_M","LT10","N79","D01","BG",2008,574
"PPS","P_SAL_M","LT10","N79","D111","BG",2008,474
"PPS","P_SAL_M","LT10","N79","D1111","BG",2008,448
"PPS","P_SAL_M","LT10","N80","D01","BG",2008,379
"PPS","P_SAL_M","LT10","N80","D111","BG",2008,315
"PPS","P_SAL_M","LT10","N80","D1111","BG",2008,300
"PPS","P_SAL_M","LT10","N81","D01","BG",2008,414
"PPS","P_SAL_M","LT10","N81","D111","BG",2008,343
"PPS","P_SAL_M","LT10","N81","D1111","BG",2008,325
"PPS","P_SAL_M","LT10","N82","D01","BG",2008,646
"PPS","P_SAL_M","LT10","N82","D111","BG",2008,547
"PPS","P_SAL_M","LT10","N82","D1111","BG",2008,510
"PPS","P_SAL_M","LT10","O","D01","BG",2008,1334
"PPS","P_SAL_M","LT10","O","D111","BG",2008,1040
"PPS","P_SAL_M","LT10","O","D1111","BG",2008,939
"PPS","P_SAL_M","LT10","O-S","D01","BG",2008,508
"PPS","P_SAL_M","LT10","O-S","D111","BG",2008,426
"PPS","P_SAL_M","LT10","O-S","D1111","BG",2008,396
"PPS","P_SAL_M","LT10","O84","D01","BG",2008,1334
"PPS","P_SAL_M","LT10","O84","D111","BG",2008,1040
"PPS","P_SAL_M","LT10","O84","D1111","BG",2008,939
"PPS","P_SAL_M","LT10","P","D01","BG",2008,628
"PPS","P_SAL_M","LT10","P","D111","BG",2008,494
"PPS","P_SAL_M","LT10","P","D1111","BG",2008,431
"PPS","P_SAL_M","LT10","P-S","D01","BG",2008,476
"PPS","P_SAL_M","LT10","P-S","D111","BG",2008,402
"PPS","P_SAL_M","LT10","P-S","D1111","BG",2008,375
"PPS","P_SAL_M","LT10","P85","D01","BG",2008,628
"PPS","P_SAL_M","LT10","P85","D111","BG",2008,494
"PPS","P_SAL_M","LT10","P85","D1111","BG",2008,431
"PPS","P_SAL_M","LT10","Q","D01","BG",2008,436
"PPS","P_SAL_M","LT10","Q","D111","BG",2008,360
"PPS","P_SAL_M","LT10","Q","D1111","BG",2008,346
"PPS","P_SAL_M","LT10","Q86","D01","BG",2008,433
"PPS","P_SAL_M","LT10","Q86","D111","BG",2008,358
"PPS","P_SAL_M","LT10","Q86","D1111","BG",2008,345
"PPS","P_SAL_M","LT10","Q87","D01","BG",2008,437
"PPS","P_SAL_M","LT10","Q87","D111","BG",2008,372
"PPS","P_SAL_M","LT10","Q87","D1111","BG",2008,345
"PPS","P_SAL_M","LT10","Q88","D01","BG",2008,499
"PPS","P_SAL_M","LT10","Q88","D111","BG",2008,407
"PPS","P_SAL_M","LT10","Q88","D1111","BG",2008,368
"PPS","P_SAL_M","LT10","R","D01","BG",2008,433
"PPS","P_SAL_M","LT10","R","D111","BG",2008,357
"PPS","P_SAL_M","LT10","R","D1111","BG",2008,338
"PPS","P_SAL_M","LT10","R90","D01","BG",2008,502
"PPS","P_SAL_M","LT10","R90","D111","BG",2008,417
"PPS","P_SAL_M","LT10","R90","D1111","BG",2008,395
"PPS","P_SAL_M","LT10","R91","D01","BG",2008,611
"PPS","P_SAL_M","LT10","R91","D111","BG",2008,500
"PPS","P_SAL_M","LT10","R91","D1111","BG",2008,451
"PPS","P_SAL_M","LT10","R92","D01","BG",2008,367
"PPS","P_SAL_M","LT10","R92","D111","BG",2008,302
"PPS","P_SAL_M","LT10","R92","D1111","BG",2008,287
"PPS","P_SAL_M","LT10","R93","D01","BG",2008,457
"PPS","P_SAL_M","LT10","R93","D111","BG",2008,377
"PPS","P_SAL_M","LT10","R93","D1111","BG",2008,358
"PPS","P_SAL_M","LT10","S","D01","BG",2008,456
"PPS","P_SAL_M","LT10","S","D111","BG",2008,407
"PPS","P_SAL_M","LT10","S","D1111","BG",2008,383
"PPS","P_SAL_M","LT10","S94","D01","BG",2008,558
"PPS","P_SAL_M","LT10","S94","D111","BG",2008,526
"PPS","P_SAL_M","LT10","S94","D1111","BG",2008,488
"PPS","P_SAL_M","LT10","S95","D01","BG",2008,393
"PPS","P_SAL_M","LT10","S95","D111","BG",2008,324
"PPS","P_SAL_M","LT10","S95","D1111","BG",2008,311
"PPS","P_SAL_M","LT10","S96","D01","BG",2008,360
"PPS","P_SAL_M","LT10","S96","D111","BG",2008,297
"PPS","P_SAL_M","LT10","S96","D1111","BG",2008,284
"PPS","P_SAL_M","TOTAL","B","D01","BG",2008,1477
"PPS","P_SAL_M","TOTAL","B","D111","BG",2008,1084
"PPS","P_SAL_M","TOTAL","B","D1111","BG",2008,920
"PPS","P_SAL_M","TOTAL","B-E","D01","BG",2008,826
"PPS","P_SAL_M","TOTAL","B-E","D111","BG",2008,659
"PPS","P_SAL_M","TOTAL","B-E","D1111","BG",2008,577
"PPS","P_SAL_M","TOTAL","B-F","D01","BG",2008,788
"PPS","P_SAL_M","TOTAL","B-F","D111","BG",2008,632
"PPS","P_SAL_M","TOTAL","B-F","D1111","BG",2008,562
"PPS","P_SAL_M","TOTAL","B-N","D01","BG",2008,805
"PPS","P_SAL_M","TOTAL","B-N","D111","BG",2008,659
"PPS","P_SAL_M","TOTAL","B-N","D1111","BG",2008,593
"PPS","P_SAL_M","TOTAL","B-S","D01","BG",2008,827
"PPS","P_SAL_M","TOTAL","B-S","D111","BG",2008,674
"PPS","P_SAL_M","TOTAL","B-S","D1111","BG",2008,604
"PPS","P_SAL_M","TOTAL","B-S_X_O","D01","BG",2008,807
"PPS","P_SAL_M","TOTAL","B-S_X_O","D111","BG",2008,660
"PPS","P_SAL_M","TOTAL","B-S_X_O","D1111","BG",2008,591
"PPS","P_SAL_M","TOTAL","B05","D01","BG",2008,1620
"PPS","P_SAL_M","TOTAL","B05","D111","BG",2008,1143
"PPS","P_SAL_M","TOTAL","B05","D1111","BG",2008,923
"PPS","P_SAL_M","TOTAL","B06","D01","BG",2008,1233
"PPS","P_SAL_M","TOTAL","B06","D111","BG",2008,1022
"PPS","P_SAL_M","TOTAL","B06","D1111","BG",2008,907
"PPS","P_SAL_M","TOTAL","B07","D01","BG",2008,1798
"PPS","P_SAL_M","TOTAL","B07","D111","BG",2008,1356
"PPS","P_SAL_M","TOTAL","B07","D1111","BG",2008,1191
"PPS","P_SAL_M","TOTAL","B08","D01","BG",2008,1001
"PPS","P_SAL_M","TOTAL","B08","D111","BG",2008,776
"PPS","P_SAL_M","TOTAL","B08","D1111","BG",2008,699
"PPS","P_SAL_M","TOTAL","B09","D01","BG",2008,470
"PPS","P_SAL_M","TOTAL","B09","D111","BG",2008,396
"PPS","P_SAL_M","TOTAL","B09","D1111","BG",2008,385
"PPS","P_SAL_M","TOTAL","C","D01","BG",2008,722
"PPS","P_SAL_M","TOTAL","C","D111","BG",2008,582
"PPS","P_SAL_M","TOTAL","C","D1111","BG",2008,524
"PPS","P_SAL_M","TOTAL","C10","D01","BG",2008,585
"PPS","P_SAL_M","TOTAL","C10","D111","BG",2008,481
"PPS","P_SAL_M","TOTAL","C10","D1111","BG",2008,445
"PPS","P_SAL_M","TOTAL","C11","D01","BG",2008,970
"PPS","P_SAL_M","TOTAL","C11","D111","BG",2008,809
"PPS","P_SAL_M","TOTAL","C11","D1111","BG",2008,715
"PPS","P_SAL_M","TOTAL","C12","D01","BG",2008,2083
"PPS","P_SAL_M","TOTAL","C12","D111","BG",2008,1548
"PPS","P_SAL_M","TOTAL","C12","D1111","BG",2008,1332
"PPS","P_SAL_M","TOTAL","C13","D01","BG",2008,660
"PPS","P_SAL_M","TOTAL","C13","D111","BG",2008,532
"PPS","P_SAL_M","TOTAL","C13","D1111","BG",2008,484
"PPS","P_SAL_M","TOTAL","C14","D01","BG",2008,454
"PPS","P_SAL_M","TOTAL","C14","D111","BG",2008,372
"PPS","P_SAL_M","TOTAL","C14","D1111","BG",2008,339
"PPS","P_SAL_M","TOTAL","C15","D01","BG",2008,410
"PPS","P_SAL_M","TOTAL","C15","D111","BG",2008,336
"PPS","P_SAL_M","TOTAL","C15","D1111","BG",2008,308
"PPS","P_SAL_M","TOTAL","C16","D01","BG",2008,534
"PPS","P_SAL_M","TOTAL","C16","D111","BG",2008,437
"PPS","P_SAL_M","TOTAL","C16","D1111","BG",2008,401
"PPS","P_SAL_M","TOTAL","C17","D01","BG",2008,700
"PPS","P_SAL_M","TOTAL","C17","D111","BG",2008,567
"PPS","P_SAL_M","TOTAL","C17","D1111","BG",2008,504
"PPS","P_SAL_M","TOTAL","C18","D01","BG",2008,786
"PPS","P_SAL_M","TOTAL","C18","D111","BG",2008,653
"PPS","P_SAL_M","TOTAL","C18","D1111","BG",2008,593
"PPS","P_SAL_M","TOTAL","C19","D01","BG",2008,3096
"PPS","P_SAL_M","TOTAL","C19","D111","BG",2008,2208
"PPS","P_SAL_M","TOTAL","C19","D1111","BG",2008,1832
"PPS","P_SAL_M","TOTAL","C20","D01","BG",2008,1093
"PPS","P_SAL_M","TOTAL","C20","D111","BG",2008,850
"PPS","P_SAL_M","TOTAL","C20","D1111","BG",2008,749
"PPS","P_SAL_M","TOTAL","C21","D01","BG",2008,1166
"PPS","P_SAL_M","TOTAL","C21","D111","BG",2008,924
"PPS","P_SAL_M","TOTAL","C21","D1111","BG",2008,816
"PPS","P_SAL_M","TOTAL","C22","D01","BG",2008,543
"PPS","P_SAL_M","TOTAL","C22","D111","BG",2008,446
"PPS","P_SAL_M","TOTAL","C22","D1111","BG",2008,410
"PPS","P_SAL_M","TOTAL","C23","D01","BG",2008,892
"PPS","P_SAL_M","TOTAL","C23","D111","BG",2008,717
"PPS","P_SAL_M","TOTAL","C23","D1111","BG",2008,647
"PPS","P_SAL_M","TOTAL","C24","D01","BG",2008,1543
"PPS","P_SAL_M","TOTAL","C24","D111","BG",2008,1194
"PPS","P_SAL_M","TOTAL","C24","D1111","BG",2008,1043
"PPS","P_SAL_M","TOTAL","C25","D01","BG",2008,688
"PPS","P_SAL_M","TOTAL","C25","D111","BG",2008,557
"PPS","P_SAL_M","TOTAL","C25","D1111","BG",2008,507
"PPS","P_SAL_M","TOTAL","C26","D01","BG",2008,936
"PPS","P_SAL_M","TOTAL","C26","D111","BG",2008,773
"PPS","P_SAL_M","TOTAL","C26","D1111","BG",2008,682
"PPS","P_SAL_M","TOTAL","C27","D01","BG",2008,896
"PPS","P_SAL_M","TOTAL","C27","D111","BG",2008,730
"PPS","P_SAL_M","TOTAL","C27","D1111","BG",2008,650
"PPS","P_SAL_M","TOTAL","C28","D01","BG",2008,887
"PPS","P_SAL_M","TOTAL","C28","D111","BG",2008,722
"PPS","P_SAL_M","TOTAL","C28","D1111","BG",2008,639
"PPS","P_SAL_M","TOTAL","C29","D01","BG",2008,733
"PPS","P_SAL_M","TOTAL","C29","D111","BG",2008,598
"PPS","P_SAL_M","TOTAL","C29","D1111","BG",2008,542
"PPS","P_SAL_M","TOTAL","C30","D01","BG",2008,1108
"PPS","P_SAL_M","TOTAL","C30","D111","BG",2008,883
"PPS","P_SAL_M","TOTAL","C30","D1111","BG",2008,790
"PPS","P_SAL_M","TOTAL","C31","D01","BG",2008,454
"PPS","P_SAL_M","TOTAL","C31","D111","BG",2008,371
"PPS","P_SAL_M","TOTAL","C31","D1111","BG",2008,343
"PPS","P_SAL_M","TOTAL","C32","D01","BG",2008,569
"PPS","P_SAL_M","TOTAL","C32","D111","BG",2008,469
"PPS","P_SAL_M","TOTAL","C32","D1111","BG",2008,428
"PPS","P_SAL_M","TOTAL","C33","D01","BG",2008,1117
"PPS","P_SAL_M","TOTAL","C33","D111","BG",2008,899
"PPS","P_SAL_M","TOTAL","C33","D1111","BG",2008,802
"PPS","P_SAL_M","TOTAL","D","D01","BG",2008,2010
"PPS","P_SAL_M","TOTAL","D","D111","BG",2008,1544
"PPS","P_SAL_M","TOTAL","D","D1111","BG",2008,1153
"PPS","P_SAL_M","TOTAL","D35","D01","BG",2008,2010
"PPS","P_SAL_M","TOTAL","D35","D111","BG",2008,1544
"PPS","P_SAL_M","TOTAL","D35","D1111","BG",2008,1153
"PPS","P_SAL_M","TOTAL","E","D01","BG",2008,902
"PPS","P_SAL_M","TOTAL","E","D111","BG",2008,736
"PPS","P_SAL_M","TOTAL","E","D1111","BG",2008,614
"PPS","P_SAL_M","TOTAL","E36","D01","BG",2008,1022
"PPS","P_SAL_M","TOTAL","E36","D111","BG",2008,829
"PPS","P_SAL_M","TOTAL","E36","D1111","BG",2008,649
"PPS","P_SAL_M","TOTAL","E37","D01","BG",2008,986
"PPS","P_SAL_M","TOTAL","E37","D111","BG",2008,853
"PPS","P_SAL_M","TOTAL","E37","D1111","BG",2008,805
"PPS","P_SAL_M","TOTAL","E38","D01","BG",2008,754
"PPS","P_SAL_M","TOTAL","E38","D111","BG",2008,619
"PPS","P_SAL_M","TOTAL","E38","D1111","BG",2008,566
"PPS","P_SAL_M","TOTAL","E39","D01","BG",2008,849
"PPS","P_SAL_M","TOTAL","E39","D111","BG",2008,692
"PPS","P_SAL_M","TOTAL","E39","D1111","BG",2008,621
"PPS","P_SAL_M","TOTAL","F","D01","BG",2008,677
"PPS","P_SAL_M","TOTAL","F","D111","BG",2008,555
"PPS","P_SAL_M","TOTAL","F","D1111","BG",2008,519
"PPS","P_SAL_M","TOTAL","F41","D01","BG",2008,613
"PPS","P_SAL_M","TOTAL","F41","D111","BG",2008,506
"PPS","P_SAL_M","TOTAL","F41","D1111","BG",2008,474
"PPS","P_SAL_M","TOTAL","F42","D01","BG",2008,907
"PPS","P_SAL_M","TOTAL","F42","D111","BG",2008,730
"PPS","P_SAL_M","TOTAL","F42","D1111","BG",2008,673
"PPS","P_SAL_M","TOTAL","F43","D01","BG",2008,656
"PPS","P_SAL_M","TOTAL","F43","D111","BG",2008,541
"PPS","P_SAL_M","TOTAL","F43","D1111","BG",2008,509
"PPS","P_SAL_M","TOTAL","G","D01","BG",2008,645
"PPS","P_SAL_M","TOTAL","G","D111","BG",2008,538
"PPS","P_SAL_M","TOTAL","G","D1111","BG",2008,504
"PPS","P_SAL_M","TOTAL","G-J","D01","BG",2008,775
"PPS","P_SAL_M","TOTAL","G-J","D111","BG",2008,643
"PPS","P_SAL_M","TOTAL","G-J","D1111","BG",2008,583
"PPS","P_SAL_M","TOTAL","G-N","D01","BG",2008,821
"PPS","P_SAL_M","TOTAL","G-N","D111","BG",2008,685
"PPS","P_SAL_M","TOTAL","G-N","D1111","BG",2008,624
"PPS","P_SAL_M","TOTAL","G-S_X_O","D01","BG",2008,821
"PPS","P_SAL_M","TOTAL","G-S_X_O","D111","BG",2008,680
"PPS","P_SAL_M","TOTAL","G-S_X_O","D1111","BG",2008,612
"PPS","P_SAL_M","TOTAL","G45","D01","BG",2008,771
"PPS","P_SAL_M","TOTAL","G45","D111","BG",2008,647
"PPS","P_SAL_M","TOTAL","G45","D1111","BG",2008,603
"PPS","P_SAL_M","TOTAL","G46","D01","BG",2008,819
"PPS","P_SAL_M","TOTAL","G46","D111","BG",2008,690
"PPS","P_SAL_M","TOTAL","G46","D1111","BG",2008,644
"PPS","P_SAL_M","TOTAL","G47","D01","BG",2008,494
"PPS","P_SAL_M","TOTAL","G47","D111","BG",2008,407
"PPS","P_SAL_M","TOTAL","G47","D1111","BG",2008,384
"PPS","P_SAL_M","TOTAL","H","D01","BG",2008,976
"PPS","P_SAL_M","TOTAL","H","D111","BG",2008,795
"PPS","P_SAL_M","TOTAL","H","D1111","BG",2008,661
"PPS","P_SAL_M","TOTAL","H49","D01","BG",2008,738
"PPS","P_SAL_M","TOTAL","H49","D111","BG",2008,583
"PPS","P_SAL_M","TOTAL","H49","D1111","BG",2008,504
"PPS","P_SAL_M","TOTAL","H50","D01","BG",2008,1619
"PPS","P_SAL_M","TOTAL","H50","D111","BG",2008,1211
"PPS","P_SAL_M","TOTAL","H50","D1111","BG",2008,993
"PPS","P_SAL_M","TOTAL","H51","D01","BG",2008,2549
"PPS","P_SAL_M","TOTAL","H51","D111","BG",2008,2089
"PPS","P_SAL_M","TOTAL","H51","D1111","BG",2008,1864
"PPS","P_SAL_M","TOTAL","H52","D01","BG",2008,1408
"PPS","P_SAL_M","TOTAL","H52","D111","BG",2008,1200
"PPS","P_SAL_M","TOTAL","H52","D1111","BG",2008,960
"PPS","P_SAL_M","TOTAL","H53","D01","BG",2008,838
"PPS","P_SAL_M","TOTAL","H53","D111","BG",2008,687
"PPS","P_SAL_M","TOTAL","H53","D1111","BG",2008,538
"PPS","P_SAL_M","TOTAL","I","D01","BG",2008,485
"PPS","P_SAL_M","TOTAL","I","D111","BG",2008,398
"PPS","P_SAL_M","TOTAL","I","D1111","BG",2008,376
"PPS","P_SAL_M","TOTAL","I55","D01","BG",2008,621
"PPS","P_SAL_M","TOTAL","I55","D111","BG",2008,508
"PPS","P_SAL_M","TOTAL","I55","D1111","BG",2008,472
"PPS","P_SAL_M","TOTAL","I56","D01","BG",2008,417
"PPS","P_SAL_M","TOTAL","I56","D111","BG",2008,343
"PPS","P_SAL_M","TOTAL","I56","D1111","BG",2008,328
"PPS","P_SAL_M","TOTAL","J","D01","BG",2008,1664
"PPS","P_SAL_M","TOTAL","J","D111","BG",2008,1410
"PPS","P_SAL_M","TOTAL","J","D1111","BG",2008,1294
"PPS","P_SAL_M","TOTAL","J58","D01","BG",2008,963
"PPS","P_SAL_M","TOTAL","J58","D111","BG",2008,813
"PPS","P_SAL_M","TOTAL","J58","D1111","BG",2008,757
"PPS","P_SAL_M","TOTAL","J59","D01","BG",2008,1025
"PPS","P_SAL_M","TOTAL","J59","D111","BG",2008,855
"PPS","P_SAL_M","TOTAL","J59","D1111","BG",2008,800
"PPS","P_SAL_M","TOTAL","J60","D01","BG",2008,1182
"PPS","P_SAL_M","TOTAL","J60","D111","BG",2008,984
"PPS","P_SAL_M","TOTAL","J60","D1111","BG",2008,906
"PPS","P_SAL_M","TOTAL","J61","D01","BG",2008,1749
"PPS","P_SAL_M","TOTAL","J61","D111","BG",2008,1473
"PPS","P_SAL_M","TOTAL","J61","D1111","BG",2008,1352
"PPS","P_SAL_M","TOTAL","J62","D01","BG",2008,2172
"PPS","P_SAL_M","TOTAL","J62","D111","BG",2008,1859
"PPS","P_SAL_M","TOTAL","J62","D1111","BG",2008,1699
"PPS","P_SAL_M","TOTAL","J63","D01","BG",2008,1403
"PPS","P_SAL_M","TOTAL","J63","D111","BG",2008,1194
"PPS","P_SAL_M","TOTAL","J63","D1111","BG",2008,1091
"PPS","P_SAL_M","TOTAL","K","D01","BG",2008,1773
"PPS","P_SAL_M","TOTAL","K","D111","BG",2008,1493
"PPS","P_SAL_M","TOTAL","K","D1111","BG",2008,1356
"PPS","P_SAL_M","TOTAL","K-N","D01","BG",2008,952
"PPS","P_SAL_M","TOTAL","K-N","D111","BG",2008,804
"PPS","P_SAL_M","TOTAL","K-N","D1111","BG",2008,738
"PPS","P_SAL_M","TOTAL","K64","D01","BG",2008,1813
"PPS","P_SAL_M","TOTAL","K64","D111","BG",2008,1525
"PPS","P_SAL_M","TOTAL","K64","D1111","BG",2008,1377
"PPS","P_SAL_M","TOTAL","K65","D01","BG",2008,1872
"PPS","P_SAL_M","TOTAL","K65","D111","BG",2008,1590
"PPS","P_SAL_M","TOTAL","K65","D1111","BG",2008,1482
"PPS","P_SAL_M","TOTAL","K66","D01","BG",2008,1224
"PPS","P_SAL_M","TOTAL","K66","D111","BG",2008,1025
"PPS","P_SAL_M","TOTAL","K66","D1111","BG",2008,957
"PPS","P_SAL_M","TOTAL","L","D01","BG",2008,828
"PPS","P_SAL_M","TOTAL","L","D111","BG",2008,696
"PPS","P_SAL_M","TOTAL","L","D1111","BG",2008,645
"PPS","P_SAL_M","TOTAL","L68","D01","BG",2008,828
"PPS","P_SAL_M","TOTAL","L68","D111","BG",2008,696
"PPS","P_SAL_M","TOTAL","L68","D1111","BG",2008,645
"PPS","P_SAL_M","TOTAL","M","D01","BG",2008,1097
"PPS","P_SAL_M","TOTAL","M","D111","BG",2008,926
"PPS","P_SAL_M","TOTAL","M","D1111","BG",2008,848
"PPS","P_SAL_M","TOTAL","M69","D01","BG",2008,940
"PPS","P_SAL_M","TOTAL","M69","D111","BG",2008,794
"PPS","P_SAL_M","TOTAL","M69","D1111","BG",2008,740
"PPS","P_SAL_M","TOTAL","M70","D01","BG",2008,1767
"PPS","P_SAL_M","TOTAL","M70","D111","BG",2008,1518
"PPS","P_SAL_M","TOTAL","M70","D1111","BG",2008,1375
"PPS","P_SAL_M","TOTAL","M71","D01","BG",2008,1104
"PPS","P_SAL_M","TOTAL","M71","D111","BG",2008,925
"PPS","P_SAL_M","TOTAL","M71","D1111","BG",2008,841
"PPS","P_SAL_M","TOTAL","M72","D01","BG",2008,934
"PPS","P_SAL_M","TOTAL","M72","D111","BG",2008,767
"PPS","P_SAL_M","TOTAL","M72","D1111","BG",2008,672
"PPS","P_SAL_M","TOTAL","M73","D01","BG",2008,1060
"PPS","P_SAL_M","TOTAL","M73","D111","BG",2008,900
"PPS","P_SAL_M","TOTAL","M73","D1111","BG",2008,838
"PPS","P_SAL_M","TOTAL","M74","D01","BG",2008,1109
"PPS","P_SAL_M","TOTAL","M74","D111","BG",2008,955
"PPS","P_SAL_M","TOTAL","M74","D1111","BG",2008,902
"PPS","P_SAL_M","TOTAL","M75","D01","BG",2008,406
"PPS","P_SAL_M","TOTAL","M75","D111","BG",2008,335
"PPS","P_SAL_M","TOTAL","M75","D1111","BG",2008,323
"PPS","P_SAL_M","TOTAL","N","D01","BG",2008,473
"PPS","P_SAL_M","TOTAL","N","D111","BG",2008,402
"PPS","P_SAL_M","TOTAL","N","D1111","BG",2008,376
"PPS","P_SAL_M","TOTAL","N77","D01","BG",2008,915
"PPS","P_SAL_M","TOTAL","N77","D111","BG",2008,770
"PPS","P_SAL_M","TOTAL","N77","D1111","BG",2008,716
"PPS","P_SAL_M","TOTAL","N78","D01","BG",2008,907
"PPS","P_SAL_M","TOTAL","N78","D111","BG",2008,749
"PPS","P_SAL_M","TOTAL","N78","D1111","BG",2008,694
"PPS","P_SAL_M","TOTAL","N79","D01","BG",2008,686
"PPS","P_SAL_M","TOTAL","N79","D111","BG",2008,573
"PPS","P_SAL_M","TOTAL","N79","D1111","BG",2008,543
"PPS","P_SAL_M","TOTAL","N80","D01","BG",2008,429
"PPS","P_SAL_M","TOTAL","N80","D111","BG",2008,353
"PPS","P_SAL_M","TOTAL","N80","D1111","BG",2008,332
"PPS","P_SAL_M","TOTAL","N81","D01","BG",2008,332
"PPS","P_SAL_M","TOTAL","N81","D111","BG",2008,310
"PPS","P_SAL_M","TOTAL","N81","D1111","BG",2008,287
"PPS","P_SAL_M","TOTAL","N82","D01","BG",2008,984
"PPS","P_SAL_M","TOTAL","N82","D111","BG",2008,815
"PPS","P_SAL_M","TOTAL","N82","D1111","BG",2008,760
"PPS","P_SAL_M","TOTAL","O","D01","BG",2008,1171
"PPS","P_SAL_M","TOTAL","O","D111","BG",2008,923
"PPS","P_SAL_M","TOTAL","O","D1111","BG",2008,831
"PPS","P_SAL_M","TOTAL","O-S","D01","BG",2008,912
"PPS","P_SAL_M","TOTAL","O-S","D111","BG",2008,734
"PPS","P_SAL_M","TOTAL","O-S","D1111","BG",2008,646
"PPS","P_SAL_M","TOTAL","O84","D01","BG",2008,1171
"PPS","P_SAL_M","TOTAL","O84","D111","BG",2008,923
"PPS","P_SAL_M","TOTAL","O84","D1111","BG",2008,831
"PPS","P_SAL_M","TOTAL","P","D01","BG",2008,884
"PPS","P_SAL_M","TOTAL","P","D111","BG",2008,706
"PPS","P_SAL_M","TOTAL","P","D1111","BG",2008,591
"PPS","P_SAL_M","TOTAL","P-S","D01","BG",2008,820
"PPS","P_SAL_M","TOTAL","P-S","D111","BG",2008,667
"PPS","P_SAL_M","TOTAL","P-S","D1111","BG",2008,580
"PPS","P_SAL_M","TOTAL","P85","D01","BG",2008,884
"PPS","P_SAL_M","TOTAL","P85","D111","BG",2008,706
"PPS","P_SAL_M","TOTAL","P85","D1111","BG",2008,591
"PPS","P_SAL_M","TOTAL","Q","D01","BG",2008,840
"PPS","P_SAL_M","TOTAL","Q","D111","BG",2008,690
"PPS","P_SAL_M","TOTAL","Q","D1111","BG",2008,620
"PPS","P_SAL_M","TOTAL","Q86","D01","BG",2008,911
"PPS","P_SAL_M","TOTAL","Q86","D111","BG",2008,749
"PPS","P_SAL_M","TOTAL","Q86","D1111","BG",2008,675
"PPS","P_SAL_M","TOTAL","Q87","D01","BG",2008,616
"PPS","P_SAL_M","TOTAL","Q87","D111","BG",2008,505
"PPS","P_SAL_M","TOTAL","Q87","D1111","BG",2008,444
"PPS","P_SAL_M","TOTAL","Q88","D01","BG",2008,535
"PPS","P_SAL_M","TOTAL","Q88","D111","BG",2008,438
"PPS","P_SAL_M","TOTAL","Q88","D1111","BG",2008,387
"PPS","P_SAL_M","TOTAL","R","D01","BG",2008,668
"PPS","P_SAL_M","TOTAL","R","D111","BG",2008,554
"PPS","P_SAL_M","TOTAL","R","D1111","BG",2008,505
"PPS","P_SAL_M","TOTAL","R90","D01","BG",2008,733
"PPS","P_SAL_M","TOTAL","R90","D111","BG",2008,595
"PPS","P_SAL_M","TOTAL","R90","D1111","BG",2008,520
"PPS","P_SAL_M","TOTAL","R91","D01","BG",2008,656
"PPS","P_SAL_M","TOTAL","R91","D111","BG",2008,535
"PPS","P_SAL_M","TOTAL","R91","D1111","BG",2008,470
"PPS","P_SAL_M","TOTAL","R92","D01","BG",2008,564
"PPS","P_SAL_M","TOTAL","R92","D111","BG",2008,466
"PPS","P_SAL_M","TOTAL","R92","D1111","BG",2008,433
"PPS","P_SAL_M","TOTAL","R93","D01","BG",2008,770
"PPS","P_SAL_M","TOTAL","R93","D111","BG",2008,659
"PPS","P_SAL_M","TOTAL","R93","D1111","BG",2008,618
"PPS","P_SAL_M","TOTAL","S","D01","BG",2008,531
"PPS","P_SAL_M","TOTAL","S","D111","BG",2008,463
"PPS","P_SAL_M","TOTAL","S","D1111","BG",2008,429
"PPS","P_SAL_M","TOTAL","S94","D01","BG",2008,615
"PPS","P_SAL_M","TOTAL","S94","D111","BG",2008,553
"PPS","P_SAL_M","TOTAL","S94","D1111","BG",2008,508
"PPS","P_SAL_M","TOTAL","S95","D01","BG",2008,496
"PPS","P_SAL_M","TOTAL","S95","D111","BG",2008,411
"PPS","P_SAL_M","TOTAL","S95","D1111","BG",2008,390
"PPS","P_SAL_M","TOTAL","S96","D01","BG",2008,419
"PPS","P_SAL_M","TOTAL","S96","D111","BG",2008,346
"PPS","P_SAL_M","TOTAL","S96","D1111","BG",2008,324
"PPS","P_SAL_Y","10-49","B","D01","BG",2008,10399
"PPS","P_SAL_Y","10-49","B","D111","BG",2008,8328
"PPS","P_SAL_Y","10-49","B","D1111","BG",2008,7600
"PPS","P_SAL_Y","10-49","B-E","D01","BG",2008,6243
"PPS","P_SAL_Y","10-49","B-E","D111","BG",2008,5123
"PPS","P_SAL_Y","10-49","B-E","D1111","BG",2008,4695
"PPS","P_SAL_Y","10-49","B-F","D01","BG",2008,6474
"PPS","P_SAL_Y","10-49","B-F","D111","BG",2008,5319
"PPS","P_SAL_Y","10-49","B-F","D1111","BG",2008,4925
"PPS","P_SAL_Y","10-49","B-N","D01","BG",2008,7634
"PPS","P_SAL_Y","10-49","B-N","D111","BG",2008,6358
"PPS","P_SAL_Y","10-49","B-N","D1111","BG",2008,5895
"PPS","P_SAL_Y","10-49","B-S","D01","BG",2008,8126
"PPS","P_SAL_Y","10-49","B-S","D111","BG",2008,6697
"PPS","P_SAL_Y","10-49","B-S","D1111","BG",2008,6108
"PPS","P_SAL_Y","10-49","B-S_X_O","D01","BG",2008,7836
"PPS","P_SAL_Y","10-49","B-S_X_O","D111","BG",2008,6485
"PPS","P_SAL_Y","10-49","B-S_X_O","D1111","BG",2008,5927
"PPS","P_SAL_Y","10-49","B05","D01","BG",2008,9922
"PPS","P_SAL_Y","10-49","B05","D111","BG",2008,7827
"PPS","P_SAL_Y","10-49","B05","D1111","BG",2008,7357
"PPS","P_SAL_Y","10-49","B06","D01","BG",2008,NA
"PPS","P_SAL_Y","10-49","B06","D111","BG",2008,NA
"PPS","P_SAL_Y","10-49","B06","D1111","BG",2008,NA
"PPS","P_SAL_Y","10-49","B07","D01","BG",2008,11406
"PPS","P_SAL_Y","10-49","B07","D111","BG",2008,8691
"PPS","P_SAL_Y","10-49","B07","D1111","BG",2008,7430
"PPS","P_SAL_Y","10-49","B08","D01","BG",2008,9802
"PPS","P_SAL_Y","10-49","B08","D111","BG",2008,7807
"PPS","P_SAL_Y","10-49","B08","D1111","BG",2008,7123
"PPS","P_SAL_Y","10-49","B09","D01","BG",2008,NA
"PPS","P_SAL_Y","10-49","B09","D111","BG",2008,NA
"PPS","P_SAL_Y","10-49","B09","D1111","BG",2008,NA
"PPS","P_SAL_Y","10-49","C","D01","BG",2008,5758
"PPS","P_SAL_Y","10-49","C","D111","BG",2008,4730
"PPS","P_SAL_Y","10-49","C","D1111","BG",2008,4396
"PPS","P_SAL_Y","10-49","C10","D01","BG",2008,5222
"PPS","P_SAL_Y","10-49","C10","D111","BG",2008,4285
"PPS","P_SAL_Y","10-49","C10","D1111","BG",2008,3997
"PPS","P_SAL_Y","10-49","C11","D01","BG",2008,NA
"PPS","P_SAL_Y","10-49","C11","D111","BG",2008,NA
"PPS","P_SAL_Y","10-49","C11","D1111","BG",2008,NA
"PPS","P_SAL_Y","10-49","C12","D01","BG",2008,8082
"PPS","P_SAL_Y","10-49","C12","D111","BG",2008,6592
"PPS","P_SAL_Y","10-49","C12","D1111","BG",2008,6114
"PPS","P_SAL_Y","10-49","C13","D01","BG",2008,5533
"PPS","P_SAL_Y","10-49","C13","D111","BG",2008,4467
"PPS","P_SAL_Y","10-49","C13","D1111","BG",2008,4127
"PPS","P_SAL_Y","10-49","C14","D01","BG",2008,4367
"PPS","P_SAL_Y","10-49","C14","D111","BG",2008,3588
"PPS","P_SAL_Y","10-49","C14","D1111","BG",2008,3338
"PPS","P_SAL_Y","10-49","C15","D01","BG",2008,4198
"PPS","P_SAL_Y","10-49","C15","D111","BG",2008,3456
"PPS","P_SAL_Y","10-49","C15","D1111","BG",2008,3213
"PPS","P_SAL_Y","10-49","C16","D01","BG",2008,4679
"PPS","P_SAL_Y","10-49","C16","D111","BG",2008,3843
"PPS","P_SAL_Y","10-49","C16","D1111","BG",2008,3582
"PPS","P_SAL_Y","10-49","C17","D01","BG",2008,5475
"PPS","P_SAL_Y","10-49","C17","D111","BG",2008,4496
"PPS","P_SAL_Y","10-49","C17","D1111","BG",2008,4153
"PPS","P_SAL_Y","10-49","C18","D01","BG",2008,6455
"PPS","P_SAL_Y","10-49","C18","D111","BG",2008,5333
"PPS","P_SAL_Y","10-49","C18","D1111","BG",2008,4933
"PPS","P_SAL_Y","10-49","C19","D01","BG",2008,NA
"PPS","P_SAL_Y","10-49","C19","D111","BG",2008,NA
"PPS","P_SAL_Y","10-49","C19","D1111","BG",2008,NA
"PPS","P_SAL_Y","10-49","C20","D01","BG",2008,7172
"PPS","P_SAL_Y","10-49","C20","D111","BG",2008,5840
"PPS","P_SAL_Y","10-49","C20","D1111","BG",2008,5385
"PPS","P_SAL_Y","10-49","C21","D01","BG",2008,NA
"PPS","P_SAL_Y","10-49","C21","D111","BG",2008,NA
"PPS","P_SAL_Y","10-49","C21","D1111","BG",2008,NA
"PPS","P_SAL_Y","10-49","C22","D01","BG",2008,5766
"PPS","P_SAL_Y","10-49","C22","D111","BG",2008,4738
"PPS","P_SAL_Y","10-49","C22","D1111","BG",2008,4411
"PPS","P_SAL_Y","10-49","C23","D01","BG",2008,6973
"PPS","P_SAL_Y","10-49","C23","D111","BG",2008,5637
"PPS","P_SAL_Y","10-49","C23","D1111","BG",2008,5270
"PPS","P_SAL_Y","10-49","C24","D01","BG",2008,NA
"PPS","P_SAL_Y","10-49","C24","D111","BG",2008,NA
"PPS","P_SAL_Y","10-49","C24","D1111","BG",2008,NA
"PPS","P_SAL_Y","10-49","C25","D01","BG",2008,6482
"PPS","P_SAL_Y","10-49","C25","D111","BG",2008,5334
"PPS","P_SAL_Y","10-49","C25","D1111","BG",2008,4940
"PPS","P_SAL_Y","10-49","C26","D01","BG",2008,9554
"PPS","P_SAL_Y","10-49","C26","D111","BG",2008,7938
"PPS","P_SAL_Y","10-49","C26","D1111","BG",2008,7348
"PPS","P_SAL_Y","10-49","C27","D01","BG",2008,7442
"PPS","P_SAL_Y","10-49","C27","D111","BG",2008,6129
"PPS","P_SAL_Y","10-49","C27","D1111","BG",2008,5619
"PPS","P_SAL_Y","10-49","C28","D01","BG",2008,7976
"PPS","P_SAL_Y","10-49","C28","D111","BG",2008,6556
"PPS","P_SAL_Y","10-49","C28","D1111","BG",2008,6034
"PPS","P_SAL_Y","10-49","C29","D01","BG",2008,NA
"PPS","P_SAL_Y","10-49","C29","D111","BG",2008,NA
"PPS","P_SAL_Y","10-49","C29","D1111","BG",2008,NA
"PPS","P_SAL_Y","10-49","C30","D01","BG",2008,9857
"PPS","P_SAL_Y","10-49","C30","D111","BG",2008,8262
"PPS","P_SAL_Y","10-49","C30","D1111","BG",2008,7764
"PPS","P_SAL_Y","10-49","C31","D01","BG",2008,4627
"PPS","P_SAL_Y","10-49","C31","D111","BG",2008,3805
"PPS","P_SAL_Y","10-49","C31","D1111","BG",2008,3542
"PPS","P_SAL_Y","10-49","C32","D01","BG",2008,5850
"PPS","P_SAL_Y","10-49","C32","D111","BG",2008,4770
"PPS","P_SAL_Y","10-49","C32","D1111","BG",2008,4386
"PPS","P_SAL_Y","10-49","C33","D01","BG",2008,8654
"PPS","P_SAL_Y","10-49","C33","D111","BG",2008,7125
"PPS","P_SAL_Y","10-49","C33","D1111","BG",2008,6681
"PPS","P_SAL_Y","10-49","D","D01","BG",2008,20182
"PPS","P_SAL_Y","10-49","D","D111","BG",2008,16461
"PPS","P_SAL_Y","10-49","D","D1111","BG",2008,13378
"PPS","P_SAL_Y","10-49","D35","D01","BG",2008,20182
"PPS","P_SAL_Y","10-49","D35","D111","BG",2008,16461
"PPS","P_SAL_Y","10-49","D35","D1111","BG",2008,13378
"PPS","P_SAL_Y","10-49","E","D01","BG",2008,10749
"PPS","P_SAL_Y","10-49","E","D111","BG",2008,8810
"PPS","P_SAL_Y","10-49","E","D1111","BG",2008,7287
"PPS","P_SAL_Y","10-49","E36","D01","BG",2008,11466
"PPS","P_SAL_Y","10-49","E36","D111","BG",2008,9300
"PPS","P_SAL_Y","10-49","E36","D1111","BG",2008,7146
"PPS","P_SAL_Y","10-49","E37","D01","BG",2008,25102
"PPS","P_SAL_Y","10-49","E37","D111","BG",2008,22672
"PPS","P_SAL_Y","10-49","E37","D1111","BG",2008,22075
"PPS","P_SAL_Y","10-49","E38","D01","BG",2008,8772
"PPS","P_SAL_Y","10-49","E38","D111","BG",2008,7270
"PPS","P_SAL_Y","10-49","E38","D1111","BG",2008,6768
"PPS","P_SAL_Y","10-49","E39","D01","BG",2008,10672
"PPS","P_SAL_Y","10-49","E39","D111","BG",2008,8590
"PPS","P_SAL_Y","10-49","E39","D1111","BG",2008,7865
"PPS","P_SAL_Y","10-49","F","D01","BG",2008,6908
"PPS","P_SAL_Y","10-49","F","D111","BG",2008,5687
"PPS","P_SAL_Y","10-49","F","D1111","BG",2008,5356
"PPS","P_SAL_Y","10-49","F41","D01","BG",2008,6427
"PPS","P_SAL_Y","10-49","F41","D111","BG",2008,5296
"PPS","P_SAL_Y","10-49","F41","D1111","BG",2008,4994
"PPS","P_SAL_Y","10-49","F42","D01","BG",2008,8286
"PPS","P_SAL_Y","10-49","F42","D111","BG",2008,6747
"PPS","P_SAL_Y","10-49","F42","D1111","BG",2008,6296
"PPS","P_SAL_Y","10-49","F43","D01","BG",2008,7309
"PPS","P_SAL_Y","10-49","F43","D111","BG",2008,6033
"PPS","P_SAL_Y","10-49","F43","D1111","BG",2008,5691
"PPS","P_SAL_Y","10-49","G","D01","BG",2008,7325
"PPS","P_SAL_Y","10-49","G","D111","BG",2008,6119
"PPS","P_SAL_Y","10-49","G","D1111","BG",2008,5719
"PPS","P_SAL_Y","10-49","G-J","D01","BG",2008,7631
"PPS","P_SAL_Y","10-49","G-J","D111","BG",2008,6376
"PPS","P_SAL_Y","10-49","G-J","D1111","BG",2008,5920
"PPS","P_SAL_Y","10-49","G-N","D01","BG",2008,8634
"PPS","P_SAL_Y","10-49","G-N","D111","BG",2008,7254
"PPS","P_SAL_Y","10-49","G-N","D1111","BG",2008,6732
"PPS","P_SAL_Y","10-49","G-S_X_O","D01","BG",2008,8674
"PPS","P_SAL_Y","10-49","G-S_X_O","D111","BG",2008,7203
"PPS","P_SAL_Y","10-49","G-S_X_O","D1111","BG",2008,6543
"PPS","P_SAL_Y","10-49","G45","D01","BG",2008,7745
"PPS","P_SAL_Y","10-49","G45","D111","BG",2008,6460
"PPS","P_SAL_Y","10-49","G45","D1111","BG",2008,6046
"PPS","P_SAL_Y","10-49","G46","D01","BG",2008,8776
"PPS","P_SAL_Y","10-49","G46","D111","BG",2008,7384
"PPS","P_SAL_Y","10-49","G46","D1111","BG",2008,6894
"PPS","P_SAL_Y","10-49","G47","D01","BG",2008,5694
"PPS","P_SAL_Y","10-49","G47","D111","BG",2008,4701
"PPS","P_SAL_Y","10-49","G47","D1111","BG",2008,4401
"PPS","P_SAL_Y","10-49","H","D01","BG",2008,8127
"PPS","P_SAL_Y","10-49","H","D111","BG",2008,6765
"PPS","P_SAL_Y","10-49","H","D1111","BG",2008,6030
"PPS","P_SAL_Y","10-49","H49","D01","BG",2008,6121
"PPS","P_SAL_Y","10-49","H49","D111","BG",2008,4876
"PPS","P_SAL_Y","10-49","H49","D1111","BG",2008,4523
"PPS","P_SAL_Y","10-49","H50","D01","BG",2008,9115
"PPS","P_SAL_Y","10-49","H50","D111","BG",2008,7140
"PPS","P_SAL_Y","10-49","H50","D1111","BG",2008,6775
"PPS","P_SAL_Y","10-49","H51","D01","BG",2008,20073
"PPS","P_SAL_Y","10-49","H51","D111","BG",2008,16079
"PPS","P_SAL_Y","10-49","H51","D1111","BG",2008,15121
"PPS","P_SAL_Y","10-49","H52","D01","BG",2008,12949
"PPS","P_SAL_Y","10-49","H52","D111","BG",2008,11432
"PPS","P_SAL_Y","10-49","H52","D1111","BG",2008,10148
"PPS","P_SAL_Y","10-49","H53","D01","BG",2008,8498
"PPS","P_SAL_Y","10-49","H53","D111","BG",2008,6966
"PPS","P_SAL_Y","10-49","H53","D1111","BG",2008,5160
"PPS","P_SAL_Y","10-49","I","D01","BG",2008,5146
"PPS","P_SAL_Y","10-49","I","D111","BG",2008,4235
"PPS","P_SAL_Y","10-49","I","D1111","BG",2008,4003
"PPS","P_SAL_Y","10-49","I55","D01","BG",2008,6329
"PPS","P_SAL_Y","10-49","I55","D111","BG",2008,5185
"PPS","P_SAL_Y","10-49","I55","D1111","BG",2008,4858
"PPS","P_SAL_Y","10-49","I56","D01","BG",2008,4696
"PPS","P_SAL_Y","10-49","I56","D111","BG",2008,3874
"PPS","P_SAL_Y","10-49","I56","D1111","BG",2008,3677
"PPS","P_SAL_Y","10-49","J","D01","BG",2008,15465
"PPS","P_SAL_Y","10-49","J","D111","BG",2008,13161
"PPS","P_SAL_Y","10-49","J","D1111","BG",2008,12290
"PPS","P_SAL_Y","10-49","J58","D01","BG",2008,10738
"PPS","P_SAL_Y","10-49","J58","D111","BG",2008,9076
"PPS","P_SAL_Y","10-49","J58","D1111","BG",2008,8445
"PPS","P_SAL_Y","10-49","J59","D01","BG",2008,12689
"PPS","P_SAL_Y","10-49","J59","D111","BG",2008,10599
"PPS","P_SAL_Y","10-49","J59","D1111","BG",2008,9883
"PPS","P_SAL_Y","10-49","J60","D01","BG",2008,10011
"PPS","P_SAL_Y","10-49","J60","D111","BG",2008,8401
"PPS","P_SAL_Y","10-49","J60","D1111","BG",2008,7788
"PPS","P_SAL_Y","10-49","J61","D01","BG",2008,10993
"PPS","P_SAL_Y","10-49","J61","D111","BG",2008,8998
"PPS","P_SAL_Y","10-49","J61","D1111","BG",2008,8324
"PPS","P_SAL_Y","10-49","J62","D01","BG",2008,20787
"PPS","P_SAL_Y","10-49","J62","D111","BG",2008,17915
"PPS","P_SAL_Y","10-49","J62","D1111","BG",2008,16798
"PPS","P_SAL_Y","10-49","J63","D01","BG",2008,18390
"PPS","P_SAL_Y","10-49","J63","D111","BG",2008,15840
"PPS","P_SAL_Y","10-49","J63","D1111","BG",2008,14787
"PPS","P_SAL_Y","10-49","K","D01","BG",2008,18507
"PPS","P_SAL_Y","10-49","K","D111","BG",2008,15716
"PPS","P_SAL_Y","10-49","K","D1111","BG",2008,14409
"PPS","P_SAL_Y","10-49","K-N","D01","BG",2008,12581
"PPS","P_SAL_Y","10-49","K-N","D111","BG",2008,10710
"PPS","P_SAL_Y","10-49","K-N","D1111","BG",2008,9923
"PPS","P_SAL_Y","10-49","K64","D01","BG",2008,18236
"PPS","P_SAL_Y","10-49","K64","D111","BG",2008,15448
"PPS","P_SAL_Y","10-49","K64","D1111","BG",2008,14060
"PPS","P_SAL_Y","10-49","K65","D01","BG",2008,22069
"PPS","P_SAL_Y","10-49","K65","D111","BG",2008,18754
"PPS","P_SAL_Y","10-49","K65","D1111","BG",2008,17347
"PPS","P_SAL_Y","10-49","K66","D01","BG",2008,17447
"PPS","P_SAL_Y","10-49","K66","D111","BG",2008,15015
"PPS","P_SAL_Y","10-49","K66","D1111","BG",2008,14223
"PPS","P_SAL_Y","10-49","L","D01","BG",2008,10603
"PPS","P_SAL_Y","10-49","L","D111","BG",2008,8909
"PPS","P_SAL_Y","10-49","L","D1111","BG",2008,8199
"PPS","P_SAL_Y","10-49","L68","D01","BG",2008,10603
"PPS","P_SAL_Y","10-49","L68","D111","BG",2008,8909
"PPS","P_SAL_Y","10-49","L68","D1111","BG",2008,8199
"PPS","P_SAL_Y","10-49","M","D01","BG",2008,15499
"PPS","P_SAL_Y","10-49","M","D111","BG",2008,13337
"PPS","P_SAL_Y","10-49","M","D1111","BG",2008,12412
"PPS","P_SAL_Y","10-49","M69","D01","BG",2008,12047
"PPS","P_SAL_Y","10-49","M69","D111","BG",2008,10204
"PPS","P_SAL_Y","10-49","M69","D1111","BG",2008,9539
"PPS","P_SAL_Y","10-49","M70","D01","BG",2008,28837
"PPS","P_SAL_Y","10-49","M70","D111","BG",2008,25700
"PPS","P_SAL_Y","10-49","M70","D1111","BG",2008,24174
"PPS","P_SAL_Y","10-49","M71","D01","BG",2008,14837
"PPS","P_SAL_Y","10-49","M71","D111","BG",2008,12574
"PPS","P_SAL_Y","10-49","M71","D1111","BG",2008,11545
"PPS","P_SAL_Y","10-49","M72","D01","BG",2008,12088
"PPS","P_SAL_Y","10-49","M72","D111","BG",2008,9910
"PPS","P_SAL_Y","10-49","M72","D1111","BG",2008,8916
"PPS","P_SAL_Y","10-49","M73","D01","BG",2008,12118
"PPS","P_SAL_Y","10-49","M73","D111","BG",2008,10287
"PPS","P_SAL_Y","10-49","M73","D1111","BG",2008,9607
"PPS","P_SAL_Y","10-49","M74","D01","BG",2008,17445
"PPS","P_SAL_Y","10-49","M74","D111","BG",2008,15472
"PPS","P_SAL_Y","10-49","M74","D1111","BG",2008,14694
"PPS","P_SAL_Y","10-49","M75","D01","BG",2008,NA
"PPS","P_SAL_Y","10-49","M75","D111","BG",2008,NA
"PPS","P_SAL_Y","10-49","M75","D1111","BG",2008,NA
"PPS","P_SAL_Y","10-49","N","D01","BG",2008,6590
"PPS","P_SAL_Y","10-49","N","D111","BG",2008,5528
"PPS","P_SAL_Y","10-49","N","D1111","BG",2008,5182
"PPS","P_SAL_Y","10-49","N77","D01","BG",2008,12600
"PPS","P_SAL_Y","10-49","N77","D111","BG",2008,10634
"PPS","P_SAL_Y","10-49","N77","D1111","BG",2008,9889
"PPS","P_SAL_Y","10-49","N78","D01","BG",2008,11124
"PPS","P_SAL_Y","10-49","N78","D111","BG",2008,9250
"PPS","P_SAL_Y","10-49","N78","D1111","BG",2008,8502
"PPS","P_SAL_Y","10-49","N79","D01","BG",2008,9440
"PPS","P_SAL_Y","10-49","N79","D111","BG",2008,7988
"PPS","P_SAL_Y","10-49","N79","D1111","BG",2008,7533
"PPS","P_SAL_Y","10-49","N80","D01","BG",2008,4914
"PPS","P_SAL_Y","10-49","N80","D111","BG",2008,4121
"PPS","P_SAL_Y","10-49","N80","D1111","BG",2008,3918
"PPS","P_SAL_Y","10-49","N81","D01","BG",2008,4916
"PPS","P_SAL_Y","10-49","N81","D111","BG",2008,4137
"PPS","P_SAL_Y","10-49","N81","D1111","BG",2008,3826
"PPS","P_SAL_Y","10-49","N82","D01","BG",2008,10109
"PPS","P_SAL_Y","10-49","N82","D111","BG",2008,8368
"PPS","P_SAL_Y","10-49","N82","D1111","BG",2008,7838
"PPS","P_SAL_Y","10-49","O","D01","BG",2008,15257
"PPS","P_SAL_Y","10-49","O","D111","BG",2008,11913
"PPS","P_SAL_Y","10-49","O","D1111","BG",2008,10573
"PPS","P_SAL_Y","10-49","O-S","D01","BG",2008,9982
"PPS","P_SAL_Y","10-49","O-S","D111","BG",2008,7976
"PPS","P_SAL_Y","10-49","O-S","D1111","BG",2008,6912
"PPS","P_SAL_Y","10-49","O84","D01","BG",2008,15257
"PPS","P_SAL_Y","10-49","O84","D111","BG",2008,11913
"PPS","P_SAL_Y","10-49","O84","D1111","BG",2008,10573
"PPS","P_SAL_Y","10-49","P","D01","BG",2008,9554
"PPS","P_SAL_Y","10-49","P","D111","BG",2008,7574
"PPS","P_SAL_Y","10-49","P","D1111","BG",2008,6298
"PPS","P_SAL_Y","10-49","P-S","D01","BG",2008,8773
"PPS","P_SAL_Y","10-49","P-S","D111","BG",2008,7074
"PPS","P_SAL_Y","10-49","P-S","D1111","BG",2008,6073
"PPS","P_SAL_Y","10-49","P85","D01","BG",2008,9554
"PPS","P_SAL_Y","10-49","P85","D111","BG",2008,7574
"PPS","P_SAL_Y","10-49","P85","D1111","BG",2008,6298
"PPS","P_SAL_Y","10-49","Q","D01","BG",2008,8229
"PPS","P_SAL_Y","10-49","Q","D111","BG",2008,6808
"PPS","P_SAL_Y","10-49","Q","D1111","BG",2008,6195
"PPS","P_SAL_Y","10-49","Q86","D01","BG",2008,9234
"PPS","P_SAL_Y","10-49","Q86","D111","BG",2008,7680
"PPS","P_SAL_Y","10-49","Q86","D1111","BG",2008,7054
"PPS","P_SAL_Y","10-49","Q87","D01","BG",2008,NA
"PPS","P_SAL_Y","10-49","Q87","D111","BG",2008,NA
"PPS","P_SAL_Y","10-49","Q87","D1111","BG",2008,NA
"PPS","P_SAL_Y","10-49","Q88","D01","BG",2008,NA
"PPS","P_SAL_Y","10-49","Q88","D111","BG",2008,NA
"PPS","P_SAL_Y","10-49","Q88","D1111","BG",2008,NA
"PPS","P_SAL_Y","10-49","R","D01","BG",2008,6505
"PPS","P_SAL_Y","10-49","R","D111","BG",2008,5359
"PPS","P_SAL_Y","10-49","R","D1111","BG",2008,4901
"PPS","P_SAL_Y","10-49","R90","D01","BG",2008,7780
"PPS","P_SAL_Y","10-49","R90","D111","BG",2008,6392
"PPS","P_SAL_Y","10-49","R90","D1111","BG",2008,5714
"PPS","P_SAL_Y","10-49","R91","D01","BG",2008,7470
"PPS","P_SAL_Y","10-49","R91","D111","BG",2008,6134
"PPS","P_SAL_Y","10-49","R91","D1111","BG",2008,5407
"PPS","P_SAL_Y","10-49","R92","D01","BG",2008,5166
"PPS","P_SAL_Y","10-49","R92","D111","BG",2008,4257
"PPS","P_SAL_Y","10-49","R92","D1111","BG",2008,3977
"PPS","P_SAL_Y","10-49","R93","D01","BG",2008,6838
"PPS","P_SAL_Y","10-49","R93","D111","BG",2008,5660
"PPS","P_SAL_Y","10-49","R93","D1111","BG",2008,5299
"PPS","P_SAL_Y","10-49","S","D01","BG",2008,6833
"PPS","P_SAL_Y","10-49","S","D111","BG",2008,5910
"PPS","P_SAL_Y","10-49","S","D1111","BG",2008,5412
"PPS","P_SAL_Y","10-49","S94","D01","BG",2008,7391
"PPS","P_SAL_Y","10-49","S94","D111","BG",2008,6556
"PPS","P_SAL_Y","10-49","S94","D1111","BG",2008,5962
"PPS","P_SAL_Y","10-49","S95","D01","BG",2008,9870
"PPS","P_SAL_Y","10-49","S95","D111","BG",2008,8234
"PPS","P_SAL_Y","10-49","S95","D1111","BG",2008,7681
"PPS","P_SAL_Y","10-49","S96","D01","BG",2008,5417
"PPS","P_SAL_Y","10-49","S96","D111","BG",2008,4459
"PPS","P_SAL_Y","10-49","S96","D1111","BG",2008,4130
"PPS","P_SAL_Y","250-499","B","D01","BG",2008,12763
"PPS","P_SAL_Y","250-499","B","D111","BG",2008,9201
"PPS","P_SAL_Y","250-499","B","D1111","BG",2008,8068
"PPS","P_SAL_Y","250-499","B-E","D01","BG",2008,11264
"PPS","P_SAL_Y","250-499","B-E","D111","BG",2008,9033
"PPS","P_SAL_Y","250-499","B-E","D1111","BG",2008,7825
"PPS","P_SAL_Y","250-499","B-F","D01","BG",2008,11053
"PPS","P_SAL_Y","250-499","B-F","D111","BG",2008,8901
"PPS","P_SAL_Y","250-499","B-F","D1111","BG",2008,7818
"PPS","P_SAL_Y","250-499","B-N","D01","BG",2008,11833
"PPS","P_SAL_Y","250-499","B-N","D111","BG",2008,9673
"PPS","P_SAL_Y","250-499","B-N","D1111","BG",2008,8568
"PPS","P_SAL_Y","250-499","B-S","D01","BG",2008,12078
"PPS","P_SAL_Y","250-499","B-S","D111","BG",2008,9830
"PPS","P_SAL_Y","250-499","B-S","D1111","BG",2008,8706
"PPS","P_SAL_Y","250-499","B-S_X_O","D01","BG",2008,11770
"PPS","P_SAL_Y","250-499","B-S_X_O","D111","BG",2008,9620
"PPS","P_SAL_Y","250-499","B-S_X_O","D1111","BG",2008,8504
"PPS","P_SAL_Y","250-499","B05","D01","BG",2008,11891
"PPS","P_SAL_Y","250-499","B05","D111","BG",2008,8124
"PPS","P_SAL_Y","250-499","B05","D1111","BG",2008,6945
"PPS","P_SAL_Y","250-499","B06","D01","BG",2008,NA
"PPS","P_SAL_Y","250-499","B06","D111","BG",2008,NA
"PPS","P_SAL_Y","250-499","B06","D1111","BG",2008,NA
"PPS","P_SAL_Y","250-499","B07","D01","BG",2008,13479
"PPS","P_SAL_Y","250-499","B07","D111","BG",2008,9873
"PPS","P_SAL_Y","250-499","B07","D1111","BG",2008,8847
"PPS","P_SAL_Y","250-499","B08","D01","BG",2008,NA
"PPS","P_SAL_Y","250-499","B08","D111","BG",2008,NA
"PPS","P_SAL_Y","250-499","B08","D1111","BG",2008,NA
"PPS","P_SAL_Y","250-499","C","D01","BG",2008,10199
"PPS","P_SAL_Y","250-499","C","D111","BG",2008,8307
"PPS","P_SAL_Y","250-499","C","D1111","BG",2008,7405
"PPS","P_SAL_Y","250-499","C10","D01","BG",2008,8995
"PPS","P_SAL_Y","250-499","C10","D111","BG",2008,7306
"PPS","P_SAL_Y","250-499","C10","D1111","BG",2008,6785
"PPS","P_SAL_Y","250-499","C11","D01","BG",2008,14705
"PPS","P_SAL_Y","250-499","C11","D111","BG",2008,12417
"PPS","P_SAL_Y","250-499","C11","D1111","BG",2008,11528
"PPS","P_SAL_Y","250-499","C12","D01","BG",2008,24989
"PPS","P_SAL_Y","250-499","C12","D111","BG",2008,20221
"PPS","P_SAL_Y","250-499","C12","D1111","BG",2008,17007
"PPS","P_SAL_Y","250-499","C13","D01","BG",2008,NA
"PPS","P_SAL_Y","250-499","C13","D111","BG",2008,NA
"PPS","P_SAL_Y","250-499","C13","D1111","BG",2008,NA
"PPS","P_SAL_Y","250-499","C14","D01","BG",2008,6279
"PPS","P_SAL_Y","250-499","C14","D111","BG",2008,5179
"PPS","P_SAL_Y","250-499","C14","D1111","BG",2008,4592
"PPS","P_SAL_Y","250-499","C15","D01","BG",2008,5904
"PPS","P_SAL_Y","250-499","C15","D111","BG",2008,4775
"PPS","P_SAL_Y","250-499","C15","D1111","BG",2008,4353
"PPS","P_SAL_Y","250-499","C16","D01","BG",2008,NA
"PPS","P_SAL_Y","250-499","C16","D111","BG",2008,NA
"PPS","P_SAL_Y","250-499","C16","D1111","BG",2008,NA
"PPS","P_SAL_Y","250-499","C17","D01","BG",2008,9626
"PPS","P_SAL_Y","250-499","C17","D111","BG",2008,7677
"PPS","P_SAL_Y","250-499","C17","D1111","BG",2008,6969
"PPS","P_SAL_Y","250-499","C18","D01","BG",2008,17653
"PPS","P_SAL_Y","250-499","C18","D111","BG",2008,14532
"PPS","P_SAL_Y","250-499","C18","D1111","BG",2008,12833
"PPS","P_SAL_Y","250-499","C19","D01","BG",2008,NA
"PPS","P_SAL_Y","250-499","C19","D111","BG",2008,NA
"PPS","P_SAL_Y","250-499","C19","D1111","BG",2008,NA
"PPS","P_SAL_Y","250-499","C20","D01","BG",2008,NA
"PPS","P_SAL_Y","250-499","C20","D111","BG",2008,NA
"PPS","P_SAL_Y","250-499","C20","D1111","BG",2008,NA
"PPS","P_SAL_Y","250-499","C21","D01","BG",2008,13875
"PPS","P_SAL_Y","250-499","C21","D111","BG",2008,11024
"PPS","P_SAL_Y","250-499","C21","D1111","BG",2008,9630
"PPS","P_SAL_Y","250-499","C22","D01","BG",2008,6629
"PPS","P_SAL_Y","250-499","C22","D111","BG",2008,5364
"PPS","P_SAL_Y","250-499","C22","D1111","BG",2008,4816
"PPS","P_SAL_Y","250-499","C23","D01","BG",2008,NA
"PPS","P_SAL_Y","250-499","C23","D111","BG",2008,NA
"PPS","P_SAL_Y","250-499","C23","D1111","BG",2008,NA
"PPS","P_SAL_Y","250-499","C24","D01","BG",2008,NA
"PPS","P_SAL_Y","250-499","C24","D111","BG",2008,NA
"PPS","P_SAL_Y","250-499","C24","D1111","BG",2008,NA
"PPS","P_SAL_Y","250-499","C25","D01","BG",2008,10641
"PPS","P_SAL_Y","250-499","C25","D111","BG",2008,8773
"PPS","P_SAL_Y","250-499","C25","D1111","BG",2008,7661
"PPS","P_SAL_Y","250-499","C26","D01","BG",2008,12195
"PPS","P_SAL_Y","250-499","C26","D111","BG",2008,10069
"PPS","P_SAL_Y","250-499","C26","D1111","BG",2008,8779
"PPS","P_SAL_Y","250-499","C27","D01","BG",2008,11066
"PPS","P_SAL_Y","250-499","C27","D111","BG",2008,9062
"PPS","P_SAL_Y","250-499","C27","D1111","BG",2008,7905
"PPS","P_SAL_Y","250-499","C28","D01","BG",2008,11176
"PPS","P_SAL_Y","250-499","C28","D111","BG",2008,9114
"PPS","P_SAL_Y","250-499","C28","D1111","BG",2008,8186
"PPS","P_SAL_Y","250-499","C29","D01","BG",2008,NA
"PPS","P_SAL_Y","250-499","C29","D111","BG",2008,NA
"PPS","P_SAL_Y","250-499","C29","D1111","BG",2008,NA
"PPS","P_SAL_Y","250-499","C30","D01","BG",2008,NA
"PPS","P_SAL_Y","250-499","C30","D111","BG",2008,NA
"PPS","P_SAL_Y","250-499","C30","D1111","BG",2008,NA
"PPS","P_SAL_Y","250-499","C31","D01","BG",2008,6476
"PPS","P_SAL_Y","250-499","C31","D111","BG",2008,5290
"PPS","P_SAL_Y","250-499","C31","D1111","BG",2008,4833
"PPS","P_SAL_Y","250-499","C32","D01","BG",2008,NA
"PPS","P_SAL_Y","250-499","C32","D111","BG",2008,NA
"PPS","P_SAL_Y","250-499","C32","D1111","BG",2008,NA
"PPS","P_SAL_Y","250-499","C33","D01","BG",2008,NA
"PPS","P_SAL_Y","250-499","C33","D111","BG",2008,NA
"PPS","P_SAL_Y","250-499","C33","D1111","BG",2008,NA
"PPS","P_SAL_Y","250-499","D","D01","BG",2008,29759
"PPS","P_SAL_Y","250-499","D","D111","BG",2008,22474
"PPS","P_SAL_Y","250-499","D","D1111","BG",2008,16058
"PPS","P_SAL_Y","250-499","D35","D01","BG",2008,29759
"PPS","P_SAL_Y","250-499","D35","D111","BG",2008,22474
"PPS","P_SAL_Y","250-499","D35","D1111","BG",2008,16058
"PPS","P_SAL_Y","250-499","E","D01","BG",2008,NA
"PPS","P_SAL_Y","250-499","E","D111","BG",2008,NA
"PPS","P_SAL_Y","250-499","E","D1111","BG",2008,NA
"PPS","P_SAL_Y","250-499","E36","D01","BG",2008,NA
"PPS","P_SAL_Y","250-499","E36","D111","BG",2008,NA
"PPS","P_SAL_Y","250-499","E36","D1111","BG",2008,NA
"PPS","P_SAL_Y","250-499","E37","D01","BG",2008,NA
"PPS","P_SAL_Y","250-499","E37","D111","BG",2008,NA
"PPS","P_SAL_Y","250-499","E37","D1111","BG",2008,NA
"PPS","P_SAL_Y","250-499","E38","D01","BG",2008,11953
"PPS","P_SAL_Y","250-499","E38","D111","BG",2008,9684
"PPS","P_SAL_Y","250-499","E38","D1111","BG",2008,8540
"PPS","P_SAL_Y","250-499","F","D01","BG",2008,10346
"PPS","P_SAL_Y","250-499","F","D111","BG",2008,8457
"PPS","P_SAL_Y","250-499","F","D1111","BG",2008,7794
"PPS","P_SAL_Y","250-499","F41","D01","BG",2008,8348
"PPS","P_SAL_Y","250-499","F41","D111","BG",2008,6928
"PPS","P_SAL_Y","250-499","F41","D1111","BG",2008,6376
"PPS","P_SAL_Y","250-499","F42","D01","BG",2008,NA
"PPS","P_SAL_Y","250-499","F42","D111","BG",2008,NA
"PPS","P_SAL_Y","250-499","F42","D1111","BG",2008,NA
"PPS","P_SAL_Y","250-499","F43","D01","BG",2008,NA
"PPS","P_SAL_Y","250-499","F43","D111","BG",2008,NA
"PPS","P_SAL_Y","250-499","F43","D1111","BG",2008,NA
"PPS","P_SAL_Y","250-499","G","D01","BG",2008,11412
"PPS","P_SAL_Y","250-499","G","D111","BG",2008,9559
"PPS","P_SAL_Y","250-499","G","D1111","BG",2008,8979
"PPS","P_SAL_Y","250-499","G-J","D01","BG",2008,14046
"PPS","P_SAL_Y","250-499","G-J","D111","BG",2008,11617
"PPS","P_SAL_Y","250-499","G-J","D1111","BG",2008,10237
"PPS","P_SAL_Y","250-499","G-N","D01","BG",2008,13018
"PPS","P_SAL_Y","250-499","G-N","D111","BG",2008,10844
"PPS","P_SAL_Y","250-499","G-N","D1111","BG",2008,9708
"PPS","P_SAL_Y","250-499","G-S_X_O","D01","BG",2008,12553
"PPS","P_SAL_Y","250-499","G-S_X_O","D111","BG",2008,10405
"PPS","P_SAL_Y","250-499","G-S_X_O","D1111","BG",2008,9256
"PPS","P_SAL_Y","250-499","G45","D01","BG",2008,NA
"PPS","P_SAL_Y","250-499","G45","D111","BG",2008,NA
"PPS","P_SAL_Y","250-499","G45","D1111","BG",2008,NA
"PPS","P_SAL_Y","250-499","G46","D01","BG",2008,16876
"PPS","P_SAL_Y","250-499","G46","D111","BG",2008,14328
"PPS","P_SAL_Y","250-499","G46","D1111","BG",2008,13467
"PPS","P_SAL_Y","250-499","G47","D01","BG",2008,8101
"PPS","P_SAL_Y","250-499","G47","D111","BG",2008,6669
"PPS","P_SAL_Y","250-499","G47","D1111","BG",2008,6259
"PPS","P_SAL_Y","250-499","H","D01","BG",2008,13178
"PPS","P_SAL_Y","250-499","H","D111","BG",2008,10760
"PPS","P_SAL_Y","250-499","H","D1111","BG",2008,8872
"PPS","P_SAL_Y","250-499","H49","D01","BG",2008,12512
"PPS","P_SAL_Y","250-499","H49","D111","BG",2008,10057
"PPS","P_SAL_Y","250-499","H49","D1111","BG",2008,8353
"PPS","P_SAL_Y","250-499","H50","D01","BG",2008,NA
"PPS","P_SAL_Y","250-499","H50","D111","BG",2008,NA
"PPS","P_SAL_Y","250-499","H50","D1111","BG",2008,NA
"PPS","P_SAL_Y","250-499","H51","D01","BG",2008,NA
"PPS","P_SAL_Y","250-499","H51","D111","BG",2008,NA
"PPS","P_SAL_Y","250-499","H51","D1111","BG",2008,NA
"PPS","P_SAL_Y","250-499","H52","D01","BG",2008,11580
"PPS","P_SAL_Y","250-499","H52","D111","BG",2008,10048
"PPS","P_SAL_Y","250-499","H52","D1111","BG",2008,7971
"PPS","P_SAL_Y","250-499","H53","D01","BG",2008,12017
"PPS","P_SAL_Y","250-499","H53","D111","BG",2008,9974
"PPS","P_SAL_Y","250-499","H53","D1111","BG",2008,8152
"PPS","P_SAL_Y","250-499","I","D01","BG",2008,8237
"PPS","P_SAL_Y","250-499","I","D111","BG",2008,6755
"PPS","P_SAL_Y","250-499","I","D1111","BG",2008,6239
"PPS","P_SAL_Y","250-499","I55","D01","BG",2008,NA
"PPS","P_SAL_Y","250-499","I55","D111","BG",2008,NA
"PPS","P_SAL_Y","250-499","I55","D1111","BG",2008,NA
"PPS","P_SAL_Y","250-499","I56","D01","BG",2008,NA
"PPS","P_SAL_Y","250-499","I56","D111","BG",2008,NA
"PPS","P_SAL_Y","250-499","I56","D1111","BG",2008,NA
"PPS","P_SAL_Y","250-499","J","D01","BG",2008,27383
"PPS","P_SAL_Y","250-499","J","D111","BG",2008,22789
"PPS","P_SAL_Y","250-499","J","D1111","BG",2008,20129
"PPS","P_SAL_Y","250-499","J58","D01","BG",2008,NA
"PPS","P_SAL_Y","250-499","J58","D111","BG",2008,NA
"PPS","P_SAL_Y","250-499","J58","D1111","BG",2008,NA
"PPS","P_SAL_Y","250-499","J60","D01","BG",2008,NA
"PPS","P_SAL_Y","250-499","J60","D111","BG",2008,NA
"PPS","P_SAL_Y","250-499","J60","D1111","BG",2008,NA
"PPS","P_SAL_Y","250-499","J61","D01","BG",2008,14949
"PPS","P_SAL_Y","250-499","J61","D111","BG",2008,12104
"PPS","P_SAL_Y","250-499","J61","D1111","BG",2008,11217
"PPS","P_SAL_Y","250-499","J62","D01","BG",2008,NA
"PPS","P_SAL_Y","250-499","J62","D111","BG",2008,NA
"PPS","P_SAL_Y","250-499","J62","D1111","BG",2008,NA
"PPS","P_SAL_Y","250-499","J63","D01","BG",2008,20559
"PPS","P_SAL_Y","250-499","J63","D111","BG",2008,17676
"PPS","P_SAL_Y","250-499","J63","D1111","BG",2008,16236
"PPS","P_SAL_Y","250-499","K","D01","BG",2008,20564
"PPS","P_SAL_Y","250-499","K","D111","BG",2008,17351
"PPS","P_SAL_Y","250-499","K","D1111","BG",2008,15886
"PPS","P_SAL_Y","250-499","K-N","D01","BG",2008,11622
"PPS","P_SAL_Y","250-499","K-N","D111","BG",2008,9796
"PPS","P_SAL_Y","250-499","K-N","D1111","BG",2008,8990
"PPS","P_SAL_Y","250-499","K64","D01","BG",2008,20232
"PPS","P_SAL_Y","250-499","K64","D111","BG",2008,16935
"PPS","P_SAL_Y","250-499","K64","D1111","BG",2008,15355
"PPS","P_SAL_Y","250-499","K65","D01","BG",2008,21141
"PPS","P_SAL_Y","250-499","K65","D111","BG",2008,18075
"PPS","P_SAL_Y","250-499","K65","D1111","BG",2008,16813
"PPS","P_SAL_Y","250-499","K66","D01","BG",2008,NA
"PPS","P_SAL_Y","250-499","K66","D111","BG",2008,NA
"PPS","P_SAL_Y","250-499","K66","D1111","BG",2008,NA
"PPS","P_SAL_Y","250-499","L","D01","BG",2008,NA
"PPS","P_SAL_Y","250-499","L","D111","BG",2008,NA
"PPS","P_SAL_Y","250-499","L","D1111","BG",2008,NA
"PPS","P_SAL_Y","250-499","L68","D01","BG",2008,NA
"PPS","P_SAL_Y","250-499","L68","D111","BG",2008,NA
"PPS","P_SAL_Y","250-499","L68","D1111","BG",2008,NA
"PPS","P_SAL_Y","250-499","M","D01","BG",2008,NA
"PPS","P_SAL_Y","250-499","M","D111","BG",2008,NA
"PPS","P_SAL_Y","250-499","M","D1111","BG",2008,NA
"PPS","P_SAL_Y","250-499","M69","D01","BG",2008,NA
"PPS","P_SAL_Y","250-499","M69","D111","BG",2008,NA
"PPS","P_SAL_Y","250-499","M69","D1111","BG",2008,NA
"PPS","P_SAL_Y","250-499","M70","D01","BG",2008,NA
"PPS","P_SAL_Y","250-499","M70","D111","BG",2008,NA
"PPS","P_SAL_Y","250-499","M70","D1111","BG",2008,NA
"PPS","P_SAL_Y","250-499","M71","D01","BG",2008,17307
"PPS","P_SAL_Y","250-499","M71","D111","BG",2008,13895
"PPS","P_SAL_Y","250-499","M71","D1111","BG",2008,12022
"PPS","P_SAL_Y","250-499","M72","D01","BG",2008,11149
"PPS","P_SAL_Y","250-499","M72","D111","BG",2008,9089
"PPS","P_SAL_Y","250-499","M72","D1111","BG",2008,7882
"PPS","P_SAL_Y","250-499","M73","D01","BG",2008,NA
"PPS","P_SAL_Y","250-499","M73","D111","BG",2008,NA
"PPS","P_SAL_Y","250-499","M73","D1111","BG",2008,NA
"PPS","P_SAL_Y","250-499","M74","D01","BG",2008,NA
"PPS","P_SAL_Y","250-499","M74","D111","BG",2008,NA
"PPS","P_SAL_Y","250-499","M74","D1111","BG",2008,NA
"PPS","P_SAL_Y","250-499","N","D01","BG",2008,6148
"PPS","P_SAL_Y","250-499","N","D111","BG",2008,5253
"PPS","P_SAL_Y","250-499","N","D1111","BG",2008,4919
"PPS","P_SAL_Y","250-499","N78","D01","BG",2008,NA
"PPS","P_SAL_Y","250-499","N78","D111","BG",2008,NA
"PPS","P_SAL_Y","250-499","N78","D1111","BG",2008,NA
"PPS","P_SAL_Y","250-499","N80","D01","BG",2008,5744
"PPS","P_SAL_Y","250-499","N80","D111","BG",2008,4740
"PPS","P_SAL_Y","250-499","N80","D1111","BG",2008,4423
"PPS","P_SAL_Y","250-499","N81","D01","BG",2008,NA
"PPS","P_SAL_Y","250-499","N81","D111","BG",2008,NA
"PPS","P_SAL_Y","250-499","N81","D1111","BG",2008,NA
"PPS","P_SAL_Y","250-499","N82","D01","BG",2008,NA
"PPS","P_SAL_Y","250-499","N82","D111","BG",2008,NA
"PPS","P_SAL_Y","250-499","N82","D1111","BG",2008,NA
"PPS","P_SAL_Y","250-499","O","D01","BG",2008,15163
"PPS","P_SAL_Y","250-499","O","D111","BG",2008,11930
"PPS","P_SAL_Y","250-499","O","D1111","BG",2008,10728
"PPS","P_SAL_Y","250-499","O-S","D01","BG",2008,12987
"PPS","P_SAL_Y","250-499","O-S","D111","BG",2008,10412
"PPS","P_SAL_Y","250-499","O-S","D1111","BG",2008,9219
"PPS","P_SAL_Y","250-499","O84","D01","BG",2008,15163
"PPS","P_SAL_Y","250-499","O84","D111","BG",2008,11930
"PPS","P_SAL_Y","250-499","O84","D1111","BG",2008,10728
"PPS","P_SAL_Y","250-499","P","D01","BG",2008,12075
"PPS","P_SAL_Y","250-499","P","D111","BG",2008,9894
"PPS","P_SAL_Y","250-499","P","D1111","BG",2008,8364
"PPS","P_SAL_Y","250-499","P-S","D01","BG",2008,11354
"PPS","P_SAL_Y","250-499","P-S","D111","BG",2008,9273
"PPS","P_SAL_Y","250-499","P-S","D1111","BG",2008,8088
"PPS","P_SAL_Y","250-499","P85","D01","BG",2008,12075
"PPS","P_SAL_Y","250-499","P85","D111","BG",2008,9894
"PPS","P_SAL_Y","250-499","P85","D1111","BG",2008,8364
"PPS","P_SAL_Y","250-499","Q","D01","BG",2008,11440
"PPS","P_SAL_Y","250-499","Q","D111","BG",2008,9321
"PPS","P_SAL_Y","250-499","Q","D1111","BG",2008,8331
"PPS","P_SAL_Y","250-499","Q86","D01","BG",2008,12262
"PPS","P_SAL_Y","250-499","Q86","D111","BG",2008,10013
"PPS","P_SAL_Y","250-499","Q86","D1111","BG",2008,8969
"PPS","P_SAL_Y","250-499","Q87","D01","BG",2008,NA
"PPS","P_SAL_Y","250-499","Q87","D111","BG",2008,NA
"PPS","P_SAL_Y","250-499","Q87","D1111","BG",2008,NA
"PPS","P_SAL_Y","250-499","Q88","D01","BG",2008,NA
"PPS","P_SAL_Y","250-499","Q88","D111","BG",2008,NA
"PPS","P_SAL_Y","250-499","Q88","D1111","BG",2008,NA
"PPS","P_SAL_Y","250-499","R","D01","BG",2008,8755
"PPS","P_SAL_Y","250-499","R","D111","BG",2008,7113
"PPS","P_SAL_Y","250-499","R","D1111","BG",2008,6290
"PPS","P_SAL_Y","250-499","R90","D01","BG",2008,11940
"PPS","P_SAL_Y","250-499","R90","D111","BG",2008,9634
"PPS","P_SAL_Y","250-499","R90","D1111","BG",2008,8194
"PPS","P_SAL_Y","250-499","R91","D01","BG",2008,NA
"PPS","P_SAL_Y","250-499","R91","D111","BG",2008,NA
"PPS","P_SAL_Y","250-499","R91","D1111","BG",2008,NA
"PPS","P_SAL_Y","250-499","R92","D01","BG",2008,6402
"PPS","P_SAL_Y","250-499","R92","D111","BG",2008,5224
"PPS","P_SAL_Y","250-499","R92","D1111","BG",2008,4859
"PPS","P_SAL_Y","250-499","R93","D01","BG",2008,NA
"PPS","P_SAL_Y","250-499","R93","D111","BG",2008,NA
"PPS","P_SAL_Y","250-499","R93","D1111","BG",2008,NA
"PPS","P_SAL_Y","250-499","S","D01","BG",2008,NA
"PPS","P_SAL_Y","250-499","S","D111","BG",2008,NA
"PPS","P_SAL_Y","250-499","S","D1111","BG",2008,NA
"PPS","P_SAL_Y","250-499","S94","D01","BG",2008,NA
"PPS","P_SAL_Y","250-499","S94","D111","BG",2008,NA
"PPS","P_SAL_Y","250-499","S94","D1111","BG",2008,NA
"PPS","P_SAL_Y","50-249","B","D01","BG",2008,11967
"PPS","P_SAL_Y","50-249","B","D111","BG",2008,9207
"PPS","P_SAL_Y","50-249","B","D1111","BG",2008,8247
"PPS","P_SAL_Y","50-249","B-E","D01","BG",2008,8279
"PPS","P_SAL_Y","50-249","B-E","D111","BG",2008,6696
"PPS","P_SAL_Y","50-249","B-E","D1111","BG",2008,5970
"PPS","P_SAL_Y","50-249","B-F","D01","BG",2008,8393
"PPS","P_SAL_Y","50-249","B-F","D111","BG",2008,6806
"PPS","P_SAL_Y","50-249","B-F","D1111","BG",2008,6138
"PPS","P_SAL_Y","50-249","B-N","D01","BG",2008,9643
"PPS","P_SAL_Y","50-249","B-N","D111","BG",2008,7963
"PPS","P_SAL_Y","50-249","B-N","D1111","BG",2008,7216
"PPS","P_SAL_Y","50-249","B-S","D01","BG",2008,9984
"PPS","P_SAL_Y","50-249","B-S","D111","BG",2008,8178
"PPS","P_SAL_Y","50-249","B-S","D1111","BG",2008,7339
"PPS","P_SAL_Y","50-249","B-S_X_O","D01","BG",2008,9766
"PPS","P_SAL_Y","50-249","B-S_X_O","D111","BG",2008,8031
"PPS","P_SAL_Y","50-249","B-S_X_O","D1111","BG",2008,7205
"PPS","P_SAL_Y","50-249","B05","D01","BG",2008,7627
"PPS","P_SAL_Y","50-249","B05","D111","BG",2008,5557
"PPS","P_SAL_Y","50-249","B05","D1111","BG",2008,5157
"PPS","P_SAL_Y","50-249","B07","D01","BG",2008,NA
"PPS","P_SAL_Y","50-249","B07","D111","BG",2008,NA
"PPS","P_SAL_Y","50-249","B07","D1111","BG",2008,NA
"PPS","P_SAL_Y","50-249","B08","D01","BG",2008,12602
"PPS","P_SAL_Y","50-249","B08","D111","BG",2008,9807
"PPS","P_SAL_Y","50-249","B08","D1111","BG",2008,8741
"PPS","P_SAL_Y","50-249","B09","D01","BG",2008,NA
"PPS","P_SAL_Y","50-249","B09","D111","BG",2008,NA
"PPS","P_SAL_Y","50-249","B09","D1111","BG",2008,NA
"PPS","P_SAL_Y","50-249","C","D01","BG",2008,7693
"PPS","P_SAL_Y","50-249","C","D111","BG",2008,6250
"PPS","P_SAL_Y","50-249","C","D1111","BG",2008,5661
"PPS","P_SAL_Y","50-249","C10","D01","BG",2008,7304
"PPS","P_SAL_Y","50-249","C10","D111","BG",2008,6008
"PPS","P_SAL_Y","50-249","C10","D1111","BG",2008,5571
"PPS","P_SAL_Y","50-249","C11","D01","BG",2008,8132
"PPS","P_SAL_Y","50-249","C11","D111","BG",2008,6655
"PPS","P_SAL_Y","50-249","C11","D1111","BG",2008,5926
"PPS","P_SAL_Y","50-249","C12","D01","BG",2008,24706
"PPS","P_SAL_Y","50-249","C12","D111","BG",2008,9484
"PPS","P_SAL_Y","50-249","C12","D1111","BG",2008,7942
"PPS","P_SAL_Y","50-249","C13","D01","BG",2008,7305
"PPS","P_SAL_Y","50-249","C13","D111","BG",2008,5851
"PPS","P_SAL_Y","50-249","C13","D1111","BG",2008,5342
"PPS","P_SAL_Y","50-249","C14","D01","BG",2008,5347
"PPS","P_SAL_Y","50-249","C14","D111","BG",2008,4380
"PPS","P_SAL_Y","50-249","C14","D1111","BG",2008,3963
"PPS","P_SAL_Y","50-249","C15","D01","BG",2008,5100
"PPS","P_SAL_Y","50-249","C15","D111","BG",2008,4181
"PPS","P_SAL_Y","50-249","C15","D1111","BG",2008,3810
"PPS","P_SAL_Y","50-249","C16","D01","BG",2008,7763
"PPS","P_SAL_Y","50-249","C16","D111","BG",2008,6331
"PPS","P_SAL_Y","50-249","C16","D1111","BG",2008,5758
"PPS","P_SAL_Y","50-249","C17","D01","BG",2008,7357
"PPS","P_SAL_Y","50-249","C17","D111","BG",2008,6005
"PPS","P_SAL_Y","50-249","C17","D1111","BG",2008,5262
"PPS","P_SAL_Y","50-249","C18","D01","BG",2008,10550
"PPS","P_SAL_Y","50-249","C18","D111","BG",2008,8832
"PPS","P_SAL_Y","50-249","C18","D1111","BG",2008,8057
"PPS","P_SAL_Y","50-249","C19","D01","BG",2008,10803
"PPS","P_SAL_Y","50-249","C19","D111","BG",2008,8826
"PPS","P_SAL_Y","50-249","C19","D1111","BG",2008,8129
"PPS","P_SAL_Y","50-249","C20","D01","BG",2008,9957
"PPS","P_SAL_Y","50-249","C20","D111","BG",2008,8154
"PPS","P_SAL_Y","50-249","C20","D1111","BG",2008,7241
"PPS","P_SAL_Y","50-249","C21","D01","BG",2008,11448
"PPS","P_SAL_Y","50-249","C21","D111","BG",2008,9418
"PPS","P_SAL_Y","50-249","C21","D1111","BG",2008,8533
"PPS","P_SAL_Y","50-249","C22","D01","BG",2008,7565
"PPS","P_SAL_Y","50-249","C22","D111","BG",2008,6246
"PPS","P_SAL_Y","50-249","C22","D1111","BG",2008,5733
"PPS","P_SAL_Y","50-249","C23","D01","BG",2008,10744
"PPS","P_SAL_Y","50-249","C23","D111","BG",2008,8680
"PPS","P_SAL_Y","50-249","C23","D1111","BG",2008,7892
"PPS","P_SAL_Y","50-249","C24","D01","BG",2008,10838
"PPS","P_SAL_Y","50-249","C24","D111","BG",2008,8522
"PPS","P_SAL_Y","50-249","C24","D1111","BG",2008,7534
"PPS","P_SAL_Y","50-249","C25","D01","BG",2008,8688
"PPS","P_SAL_Y","50-249","C25","D111","BG",2008,7056
"PPS","P_SAL_Y","50-249","C25","D1111","BG",2008,6377
"PPS","P_SAL_Y","50-249","C26","D01","BG",2008,11782
"PPS","P_SAL_Y","50-249","C26","D111","BG",2008,9729
"PPS","P_SAL_Y","50-249","C26","D1111","BG",2008,8460
"PPS","P_SAL_Y","50-249","C27","D01","BG",2008,8854
"PPS","P_SAL_Y","50-249","C27","D111","BG",2008,7253
"PPS","P_SAL_Y","50-249","C27","D1111","BG",2008,6520
"PPS","P_SAL_Y","50-249","C28","D01","BG",2008,9971
"PPS","P_SAL_Y","50-249","C28","D111","BG",2008,8179
"PPS","P_SAL_Y","50-249","C28","D1111","BG",2008,7345
"PPS","P_SAL_Y","50-249","C29","D01","BG",2008,9228
"PPS","P_SAL_Y","50-249","C29","D111","BG",2008,7608
"PPS","P_SAL_Y","50-249","C29","D1111","BG",2008,6685
"PPS","P_SAL_Y","50-249","C30","D01","BG",2008,10814
"PPS","P_SAL_Y","50-249","C30","D111","BG",2008,8759
"PPS","P_SAL_Y","50-249","C30","D1111","BG",2008,7787
"PPS","P_SAL_Y","50-249","C31","D01","BG",2008,5967
"PPS","P_SAL_Y","50-249","C31","D111","BG",2008,4886
"PPS","P_SAL_Y","50-249","C31","D1111","BG",2008,4462
"PPS","P_SAL_Y","50-249","C32","D01","BG",2008,9346
"PPS","P_SAL_Y","50-249","C32","D111","BG",2008,7793
"PPS","P_SAL_Y","50-249","C32","D1111","BG",2008,6995
"PPS","P_SAL_Y","50-249","C33","D01","BG",2008,11834
"PPS","P_SAL_Y","50-249","C33","D111","BG",2008,9660
"PPS","P_SAL_Y","50-249","C33","D1111","BG",2008,8720
"PPS","P_SAL_Y","50-249","D","D01","BG",2008,22627
"PPS","P_SAL_Y","50-249","D","D111","BG",2008,17670
"PPS","P_SAL_Y","50-249","D","D1111","BG",2008,13683
"PPS","P_SAL_Y","50-249","D35","D01","BG",2008,22627
"PPS","P_SAL_Y","50-249","D35","D111","BG",2008,17670
"PPS","P_SAL_Y","50-249","D35","D1111","BG",2008,13683
"PPS","P_SAL_Y","50-249","E","D01","BG",2008,9693
"PPS","P_SAL_Y","50-249","E","D111","BG",2008,7860
"PPS","P_SAL_Y","50-249","E","D1111","BG",2008,6492
"PPS","P_SAL_Y","50-249","E36","D01","BG",2008,11755
"PPS","P_SAL_Y","50-249","E36","D111","BG",2008,9494
"PPS","P_SAL_Y","50-249","E36","D1111","BG",2008,7312
"PPS","P_SAL_Y","50-249","E37","D01","BG",2008,NA
"PPS","P_SAL_Y","50-249","E37","D111","BG",2008,NA
"PPS","P_SAL_Y","50-249","E37","D1111","BG",2008,NA
"PPS","P_SAL_Y","50-249","E38","D01","BG",2008,7370
"PPS","P_SAL_Y","50-249","E38","D111","BG",2008,6015
"PPS","P_SAL_Y","50-249","E38","D1111","BG",2008,5535
"PPS","P_SAL_Y","50-249","E39","D01","BG",2008,10443
"PPS","P_SAL_Y","50-249","E39","D111","BG",2008,8566
"PPS","P_SAL_Y","50-249","E39","D1111","BG",2008,7586
"PPS","P_SAL_Y","50-249","F","D01","BG",2008,8709
"PPS","P_SAL_Y","50-249","F","D111","BG",2008,7112
"PPS","P_SAL_Y","50-249","F","D1111","BG",2008,6606
"PPS","P_SAL_Y","50-249","F41","D01","BG",2008,7558
"PPS","P_SAL_Y","50-249","F41","D111","BG",2008,6195
"PPS","P_SAL_Y","50-249","F41","D1111","BG",2008,5778
"PPS","P_SAL_Y","50-249","F42","D01","BG",2008,10546
"PPS","P_SAL_Y","50-249","F42","D111","BG",2008,8494
"PPS","P_SAL_Y","50-249","F42","D1111","BG",2008,7807
"PPS","P_SAL_Y","50-249","F43","D01","BG",2008,10328
"PPS","P_SAL_Y","50-249","F43","D111","BG",2008,8513
"PPS","P_SAL_Y","50-249","F43","D1111","BG",2008,7933
"PPS","P_SAL_Y","50-249","G","D01","BG",2008,10949
"PPS","P_SAL_Y","50-249","G","D111","BG",2008,9231
"PPS","P_SAL_Y","50-249","G","D1111","BG",2008,8593
"PPS","P_SAL_Y","50-249","G-J","D01","BG",2008,11699
"PPS","P_SAL_Y","50-249","G-J","D111","BG",2008,9799
"PPS","P_SAL_Y","50-249","G-J","D1111","BG",2008,8947
"PPS","P_SAL_Y","50-249","G-N","D01","BG",2008,11502
"PPS","P_SAL_Y","50-249","G-N","D111","BG",2008,9685
"PPS","P_SAL_Y","50-249","G-N","D1111","BG",2008,8819
"PPS","P_SAL_Y","50-249","G-S_X_O","D01","BG",2008,11059
"PPS","P_SAL_Y","50-249","G-S_X_O","D111","BG",2008,9184
"PPS","P_SAL_Y","50-249","G-S_X_O","D1111","BG",2008,8210
"PPS","P_SAL_Y","50-249","G45","D01","BG",2008,16042
"PPS","P_SAL_Y","50-249","G45","D111","BG",2008,13583
"PPS","P_SAL_Y","50-249","G45","D1111","BG",2008,12594
"PPS","P_SAL_Y","50-249","G46","D01","BG",2008,11706
"PPS","P_SAL_Y","50-249","G46","D111","BG",2008,9926
"PPS","P_SAL_Y","50-249","G46","D1111","BG",2008,9254
"PPS","P_SAL_Y","50-249","G47","D01","BG",2008,8288
"PPS","P_SAL_Y","50-249","G47","D111","BG",2008,6888
"PPS","P_SAL_Y","50-249","G47","D1111","BG",2008,6407
"PPS","P_SAL_Y","50-249","H","D01","BG",2008,11958
"PPS","P_SAL_Y","50-249","H","D111","BG",2008,9872
"PPS","P_SAL_Y","50-249","H","D1111","BG",2008,8506
"PPS","P_SAL_Y","50-249","H49","D01","BG",2008,9123
"PPS","P_SAL_Y","50-249","H49","D111","BG",2008,7271
"PPS","P_SAL_Y","50-249","H49","D1111","BG",2008,6517
"PPS","P_SAL_Y","50-249","H50","D01","BG",2008,18716
"PPS","P_SAL_Y","50-249","H50","D111","BG",2008,15081
"PPS","P_SAL_Y","50-249","H50","D1111","BG",2008,12519
"PPS","P_SAL_Y","50-249","H51","D01","BG",2008,30423
"PPS","P_SAL_Y","50-249","H51","D111","BG",2008,24643
"PPS","P_SAL_Y","50-249","H51","D1111","BG",2008,22472
"PPS","P_SAL_Y","50-249","H52","D01","BG",2008,16545
"PPS","P_SAL_Y","50-249","H52","D111","BG",2008,14316
"PPS","P_SAL_Y","50-249","H52","D1111","BG",2008,12013
"PPS","P_SAL_Y","50-249","H53","D01","BG",2008,9882
"PPS","P_SAL_Y","50-249","H53","D111","BG",2008,8073
"PPS","P_SAL_Y","50-249","H53","D1111","BG",2008,6458
"PPS","P_SAL_Y","50-249","I","D01","BG",2008,7269
"PPS","P_SAL_Y","50-249","I","D111","BG",2008,5950
"PPS","P_SAL_Y","50-249","I","D1111","BG",2008,5519
"PPS","P_SAL_Y","50-249","I55","D01","BG",2008,8204
"PPS","P_SAL_Y","50-249","I55","D111","BG",2008,6707
"PPS","P_SAL_Y","50-249","I55","D1111","BG",2008,6214
"PPS","P_SAL_Y","50-249","I56","D01","BG",2008,5708
"PPS","P_SAL_Y","50-249","I56","D111","BG",2008,4686
"PPS","P_SAL_Y","50-249","I56","D1111","BG",2008,4356
"PPS","P_SAL_Y","50-249","J","D01","BG",2008,21537
"PPS","P_SAL_Y","50-249","J","D111","BG",2008,18309
"PPS","P_SAL_Y","50-249","J","D1111","BG",2008,16947
"PPS","P_SAL_Y","50-249","J58","D01","BG",2008,14004
"PPS","P_SAL_Y","50-249","J58","D111","BG",2008,11906
"PPS","P_SAL_Y","50-249","J58","D1111","BG",2008,11041
"PPS","P_SAL_Y","50-249","J59","D01","BG",2008,15968
"PPS","P_SAL_Y","50-249","J59","D111","BG",2008,13250
"PPS","P_SAL_Y","50-249","J59","D1111","BG",2008,12386
"PPS","P_SAL_Y","50-249","J60","D01","BG",2008,13950
"PPS","P_SAL_Y","50-249","J60","D111","BG",2008,11698
"PPS","P_SAL_Y","50-249","J60","D1111","BG",2008,10993
"PPS","P_SAL_Y","50-249","J61","D01","BG",2008,18861
"PPS","P_SAL_Y","50-249","J61","D111","BG",2008,15426
"PPS","P_SAL_Y","50-249","J61","D1111","BG",2008,14301
"PPS","P_SAL_Y","50-249","J62","D01","BG",2008,32069
"PPS","P_SAL_Y","50-249","J62","D111","BG",2008,27903
"PPS","P_SAL_Y","50-249","J62","D1111","BG",2008,25857
"PPS","P_SAL_Y","50-249","J63","D01","BG",2008,17439
"PPS","P_SAL_Y","50-249","J63","D111","BG",2008,14658
"PPS","P_SAL_Y","50-249","J63","D1111","BG",2008,13027
"PPS","P_SAL_Y","50-249","K","D01","BG",2008,22416
"PPS","P_SAL_Y","50-249","K","D111","BG",2008,18878
"PPS","P_SAL_Y","50-249","K","D1111","BG",2008,16951
"PPS","P_SAL_Y","50-249","K-N","D01","BG",2008,11099
"PPS","P_SAL_Y","50-249","K-N","D111","BG",2008,9450
"PPS","P_SAL_Y","50-249","K-N","D1111","BG",2008,8558
"PPS","P_SAL_Y","50-249","K64","D01","BG",2008,21843
"PPS","P_SAL_Y","50-249","K64","D111","BG",2008,18471
"PPS","P_SAL_Y","50-249","K64","D1111","BG",2008,16446
"PPS","P_SAL_Y","50-249","K65","D01","BG",2008,26025
"PPS","P_SAL_Y","50-249","K65","D111","BG",2008,21806
"PPS","P_SAL_Y","50-249","K65","D1111","BG",2008,20467
"PPS","P_SAL_Y","50-249","K66","D01","BG",2008,22925
"PPS","P_SAL_Y","50-249","K66","D111","BG",2008,18642
"PPS","P_SAL_Y","50-249","K66","D1111","BG",2008,16842
"PPS","P_SAL_Y","50-249","L","D01","BG",2008,NA
"PPS","P_SAL_Y","50-249","L","D111","BG",2008,NA
"PPS","P_SAL_Y","50-249","L","D1111","BG",2008,NA
"PPS","P_SAL_Y","50-249","L68","D01","BG",2008,NA
"PPS","P_SAL_Y","50-249","L68","D111","BG",2008,NA
"PPS","P_SAL_Y","50-249","L68","D1111","BG",2008,NA
"PPS","P_SAL_Y","50-249","M","D01","BG",2008,17409
"PPS","P_SAL_Y","50-249","M","D111","BG",2008,14662
"PPS","P_SAL_Y","50-249","M","D1111","BG",2008,13141
"PPS","P_SAL_Y","50-249","M69","D01","BG",2008,NA
"PPS","P_SAL_Y","50-249","M69","D111","BG",2008,NA
"PPS","P_SAL_Y","50-249","M69","D1111","BG",2008,NA
"PPS","P_SAL_Y","50-249","M70","D01","BG",2008,NA
"PPS","P_SAL_Y","50-249","M70","D111","BG",2008,NA
"PPS","P_SAL_Y","50-249","M70","D1111","BG",2008,NA
"PPS","P_SAL_Y","50-249","M71","D01","BG",2008,20335
"PPS","P_SAL_Y","50-249","M71","D111","BG",2008,17026
"PPS","P_SAL_Y","50-249","M71","D1111","BG",2008,14907
"PPS","P_SAL_Y","50-249","M72","D01","BG",2008,10996
"PPS","P_SAL_Y","50-249","M72","D111","BG",2008,9031
"PPS","P_SAL_Y","50-249","M72","D1111","BG",2008,7867
"PPS","P_SAL_Y","50-249","M73","D01","BG",2008,NA
"PPS","P_SAL_Y","50-249","M73","D111","BG",2008,NA
"PPS","P_SAL_Y","50-249","M73","D1111","BG",2008,NA
"PPS","P_SAL_Y","50-249","M74","D01","BG",2008,NA
"PPS","P_SAL_Y","50-249","M74","D111","BG",2008,NA
"PPS","P_SAL_Y","50-249","M74","D1111","BG",2008,NA
"PPS","P_SAL_Y","50-249","N","D01","BG",2008,4911
"PPS","P_SAL_Y","50-249","N","D111","BG",2008,4335
"PPS","P_SAL_Y","50-249","N","D1111","BG",2008,4040
"PPS","P_SAL_Y","50-249","N77","D01","BG",2008,16059
"PPS","P_SAL_Y","50-249","N77","D111","BG",2008,13485
"PPS","P_SAL_Y","50-249","N77","D1111","BG",2008,12176
"PPS","P_SAL_Y","50-249","N78","D01","BG",2008,14740
"PPS","P_SAL_Y","50-249","N78","D111","BG",2008,12271
"PPS","P_SAL_Y","50-249","N78","D1111","BG",2008,11229
"PPS","P_SAL_Y","50-249","N79","D01","BG",2008,8609
"PPS","P_SAL_Y","50-249","N79","D111","BG",2008,7180
"PPS","P_SAL_Y","50-249","N79","D1111","BG",2008,6827
"PPS","P_SAL_Y","50-249","N80","D01","BG",2008,4813
"PPS","P_SAL_Y","50-249","N80","D111","BG",2008,3966
"PPS","P_SAL_Y","50-249","N80","D1111","BG",2008,3737
"PPS","P_SAL_Y","50-249","N81","D01","BG",2008,3729
"PPS","P_SAL_Y","50-249","N81","D111","BG",2008,3596
"PPS","P_SAL_Y","50-249","N81","D1111","BG",2008,3325
"PPS","P_SAL_Y","50-249","N82","D01","BG",2008,12675
"PPS","P_SAL_Y","50-249","N82","D111","BG",2008,10425
"PPS","P_SAL_Y","50-249","N82","D1111","BG",2008,9777
"PPS","P_SAL_Y","50-249","O","D01","BG",2008,12288
"PPS","P_SAL_Y","50-249","O","D111","BG",2008,9727
"PPS","P_SAL_Y","50-249","O","D1111","BG",2008,8753
"PPS","P_SAL_Y","50-249","O-S","D01","BG",2008,10960
"PPS","P_SAL_Y","50-249","O-S","D111","BG",2008,8790
"PPS","P_SAL_Y","50-249","O-S","D1111","BG",2008,7691
"PPS","P_SAL_Y","50-249","O84","D01","BG",2008,12288
"PPS","P_SAL_Y","50-249","O84","D111","BG",2008,9727
"PPS","P_SAL_Y","50-249","O84","D1111","BG",2008,8753
"PPS","P_SAL_Y","50-249","P","D01","BG",2008,10865
"PPS","P_SAL_Y","50-249","P","D111","BG",2008,8638
"PPS","P_SAL_Y","50-249","P","D1111","BG",2008,7169
"PPS","P_SAL_Y","50-249","P-S","D01","BG",2008,10293
"PPS","P_SAL_Y","50-249","P-S","D111","BG",2008,8319
"PPS","P_SAL_Y","50-249","P-S","D1111","BG",2008,7158
"PPS","P_SAL_Y","50-249","P85","D01","BG",2008,10865
"PPS","P_SAL_Y","50-249","P85","D111","BG",2008,8638
"PPS","P_SAL_Y","50-249","P85","D1111","BG",2008,7169
"PPS","P_SAL_Y","50-249","Q","D01","BG",2008,9613
"PPS","P_SAL_Y","50-249","Q","D111","BG",2008,7889
"PPS","P_SAL_Y","50-249","Q","D1111","BG",2008,7047
"PPS","P_SAL_Y","50-249","Q86","D01","BG",2008,11046
"PPS","P_SAL_Y","50-249","Q86","D111","BG",2008,9055
"PPS","P_SAL_Y","50-249","Q86","D1111","BG",2008,8139
"PPS","P_SAL_Y","50-249","Q87","D01","BG",2008,7598
"PPS","P_SAL_Y","50-249","Q87","D111","BG",2008,6249
"PPS","P_SAL_Y","50-249","Q87","D1111","BG",2008,5456
"PPS","P_SAL_Y","50-249","Q88","D01","BG",2008,6462
"PPS","P_SAL_Y","50-249","Q88","D111","BG",2008,5326
"PPS","P_SAL_Y","50-249","Q88","D1111","BG",2008,4705
"PPS","P_SAL_Y","50-249","R","D01","BG",2008,9832
"PPS","P_SAL_Y","50-249","R","D111","BG",2008,8221
"PPS","P_SAL_Y","50-249","R","D1111","BG",2008,7463
"PPS","P_SAL_Y","50-249","R90","D01","BG",2008,8567
"PPS","P_SAL_Y","50-249","R90","D111","BG",2008,6926
"PPS","P_SAL_Y","50-249","R90","D1111","BG",2008,6045
"PPS","P_SAL_Y","50-249","R91","D01","BG",2008,NA
"PPS","P_SAL_Y","50-249","R91","D111","BG",2008,NA
"PPS","P_SAL_Y","50-249","R91","D1111","BG",2008,NA
"PPS","P_SAL_Y","50-249","R92","D01","BG",2008,8854
"PPS","P_SAL_Y","50-249","R92","D111","BG",2008,7343
"PPS","P_SAL_Y","50-249","R92","D1111","BG",2008,6773
"PPS","P_SAL_Y","50-249","R93","D01","BG",2008,NA
"PPS","P_SAL_Y","50-249","R93","D111","BG",2008,NA
"PPS","P_SAL_Y","50-249","R93","D1111","BG",2008,NA
"PPS","P_SAL_Y","50-249","S","D01","BG",2008,NA
"PPS","P_SAL_Y","50-249","S","D111","BG",2008,NA
"PPS","P_SAL_Y","50-249","S","D1111","BG",2008,NA
"PPS","P_SAL_Y","50-249","S94","D01","BG",2008,NA
"PPS","P_SAL_Y","50-249","S94","D111","BG",2008,NA
"PPS","P_SAL_Y","50-249","S94","D1111","BG",2008,NA
"PPS","P_SAL_Y","50-249","S95","D01","BG",2008,NA
"PPS","P_SAL_Y","50-249","S95","D111","BG",2008,NA
"PPS","P_SAL_Y","50-249","S95","D1111","BG",2008,NA
"PPS","P_SAL_Y","50-249","S96","D01","BG",2008,8981
"PPS","P_SAL_Y","50-249","S96","D111","BG",2008,7401
"PPS","P_SAL_Y","50-249","S96","D1111","BG",2008,6506
"PPS","P_SAL_Y","500-999","B","D01","BG",2008,19398
"PPS","P_SAL_Y","500-999","B","D111","BG",2008,14438
"PPS","P_SAL_Y","500-999","B","D1111","BG",2008,12254
"PPS","P_SAL_Y","500-999","B-E","D01","BG",2008,13459
"PPS","P_SAL_Y","500-999","B-E","D111","BG",2008,10578
"PPS","P_SAL_Y","500-999","B-E","D1111","BG",2008,9174
"PPS","P_SAL_Y","500-999","B-F","D01","BG",2008,13390
"PPS","P_SAL_Y","500-999","B-F","D111","BG",2008,10577
"PPS","P_SAL_Y","500-999","B-F","D1111","BG",2008,9259
"PPS","P_SAL_Y","500-999","B-N","D01","BG",2008,14601
"PPS","P_SAL_Y","500-999","B-N","D111","BG",2008,11746
"PPS","P_SAL_Y","500-999","B-N","D1111","BG",2008,10148
"PPS","P_SAL_Y","500-999","B-S","D01","BG",2008,14495
"PPS","P_SAL_Y","500-999","B-S","D111","BG",2008,11690
"PPS","P_SAL_Y","500-999","B-S","D1111","BG",2008,10183
"PPS","P_SAL_Y","500-999","B-S_X_O","D01","BG",2008,14249
"PPS","P_SAL_Y","500-999","B-S_X_O","D111","BG",2008,11507
"PPS","P_SAL_Y","500-999","B-S_X_O","D1111","BG",2008,9984
"PPS","P_SAL_Y","500-999","B05","D01","BG",2008,NA
"PPS","P_SAL_Y","500-999","B05","D111","BG",2008,NA
"PPS","P_SAL_Y","500-999","B05","D1111","BG",2008,NA
"PPS","P_SAL_Y","500-999","B06","D01","BG",2008,NA
"PPS","P_SAL_Y","500-999","B06","D111","BG",2008,NA
"PPS","P_SAL_Y","500-999","B06","D1111","BG",2008,NA
"PPS","P_SAL_Y","500-999","B07","D01","BG",2008,22477
"PPS","P_SAL_Y","500-999","B07","D111","BG",2008,16840
"PPS","P_SAL_Y","500-999","B07","D1111","BG",2008,14089
"PPS","P_SAL_Y","500-999","B08","D01","BG",2008,NA
"PPS","P_SAL_Y","500-999","B08","D111","BG",2008,NA
"PPS","P_SAL_Y","500-999","B08","D1111","BG",2008,NA
"PPS","P_SAL_Y","500-999","C","D01","BG",2008,12475
"PPS","P_SAL_Y","500-999","C","D111","BG",2008,9929
"PPS","P_SAL_Y","500-999","C","D1111","BG",2008,8759
"PPS","P_SAL_Y","500-999","C10","D01","BG",2008,NA
"PPS","P_SAL_Y","500-999","C10","D111","BG",2008,NA
"PPS","P_SAL_Y","500-999","C10","D1111","BG",2008,NA
"PPS","P_SAL_Y","500-999","C11","D01","BG",2008,12935
"PPS","P_SAL_Y","500-999","C11","D111","BG",2008,10813
"PPS","P_SAL_Y","500-999","C11","D1111","BG",2008,9497
"PPS","P_SAL_Y","500-999","C12","D01","BG",2008,NA
"PPS","P_SAL_Y","500-999","C12","D111","BG",2008,NA
"PPS","P_SAL_Y","500-999","C12","D1111","BG",2008,NA
"PPS","P_SAL_Y","500-999","C13","D01","BG",2008,8312
"PPS","P_SAL_Y","500-999","C13","D111","BG",2008,6698
"PPS","P_SAL_Y","500-999","C13","D1111","BG",2008,6061
"PPS","P_SAL_Y","500-999","C14","D01","BG",2008,7466
"PPS","P_SAL_Y","500-999","C14","D111","BG",2008,6101
"PPS","P_SAL_Y","500-999","C14","D1111","BG",2008,5535
"PPS","P_SAL_Y","500-999","C15","D01","BG",2008,5038
"PPS","P_SAL_Y","500-999","C15","D111","BG",2008,4093
"PPS","P_SAL_Y","500-999","C15","D1111","BG",2008,3780
"PPS","P_SAL_Y","500-999","C16","D01","BG",2008,NA
"PPS","P_SAL_Y","500-999","C16","D111","BG",2008,NA
"PPS","P_SAL_Y","500-999","C16","D1111","BG",2008,NA
"PPS","P_SAL_Y","500-999","C17","D01","BG",2008,16134
"PPS","P_SAL_Y","500-999","C17","D111","BG",2008,12990
"PPS","P_SAL_Y","500-999","C17","D1111","BG",2008,11221
"PPS","P_SAL_Y","500-999","C20","D01","BG",2008,22269
"PPS","P_SAL_Y","500-999","C20","D111","BG",2008,14854
"PPS","P_SAL_Y","500-999","C20","D1111","BG",2008,11972
"PPS","P_SAL_Y","500-999","C21","D01","BG",2008,14111
"PPS","P_SAL_Y","500-999","C21","D111","BG",2008,10869
"PPS","P_SAL_Y","500-999","C21","D1111","BG",2008,9723
"PPS","P_SAL_Y","500-999","C22","D01","BG",2008,NA
"PPS","P_SAL_Y","500-999","C22","D111","BG",2008,NA
"PPS","P_SAL_Y","500-999","C22","D1111","BG",2008,NA
"PPS","P_SAL_Y","500-999","C23","D01","BG",2008,14873
"PPS","P_SAL_Y","500-999","C23","D111","BG",2008,11699
"PPS","P_SAL_Y","500-999","C23","D1111","BG",2008,10373
"PPS","P_SAL_Y","500-999","C24","D01","BG",2008,19765
"PPS","P_SAL_Y","500-999","C24","D111","BG",2008,15420
"PPS","P_SAL_Y","500-999","C24","D1111","BG",2008,13455
"PPS","P_SAL_Y","500-999","C25","D01","BG",2008,11056
"PPS","P_SAL_Y","500-999","C25","D111","BG",2008,8974
"PPS","P_SAL_Y","500-999","C25","D1111","BG",2008,8107
"PPS","P_SAL_Y","500-999","C27","D01","BG",2008,NA
"PPS","P_SAL_Y","500-999","C27","D111","BG",2008,NA
"PPS","P_SAL_Y","500-999","C27","D1111","BG",2008,NA
"PPS","P_SAL_Y","500-999","C28","D01","BG",2008,11232
"PPS","P_SAL_Y","500-999","C28","D111","BG",2008,9069
"PPS","P_SAL_Y","500-999","C28","D1111","BG",2008,8031
"PPS","P_SAL_Y","500-999","C29","D01","BG",2008,7714
"PPS","P_SAL_Y","500-999","C29","D111","BG",2008,6267
"PPS","P_SAL_Y","500-999","C29","D1111","BG",2008,5418
"PPS","P_SAL_Y","500-999","C30","D01","BG",2008,NA
"PPS","P_SAL_Y","500-999","C30","D111","BG",2008,NA
"PPS","P_SAL_Y","500-999","C30","D1111","BG",2008,NA
"PPS","P_SAL_Y","500-999","C31","D01","BG",2008,7828
"PPS","P_SAL_Y","500-999","C31","D111","BG",2008,6301
"PPS","P_SAL_Y","500-999","C31","D1111","BG",2008,5828
"PPS","P_SAL_Y","500-999","C32","D01","BG",2008,NA
"PPS","P_SAL_Y","500-999","C32","D111","BG",2008,NA
"PPS","P_SAL_Y","500-999","C32","D1111","BG",2008,NA
"PPS","P_SAL_Y","500-999","C33","D01","BG",2008,17932
"PPS","P_SAL_Y","500-999","C33","D111","BG",2008,14344
"PPS","P_SAL_Y","500-999","C33","D1111","BG",2008,12417
"PPS","P_SAL_Y","500-999","D","D01","BG",2008,21586
"PPS","P_SAL_Y","500-999","D","D111","BG",2008,15847
"PPS","P_SAL_Y","500-999","D","D1111","BG",2008,12339
"PPS","P_SAL_Y","500-999","D35","D01","BG",2008,21586
"PPS","P_SAL_Y","500-999","D35","D111","BG",2008,15847
"PPS","P_SAL_Y","500-999","D35","D1111","BG",2008,12339
"PPS","P_SAL_Y","500-999","E","D01","BG",2008,11319
"PPS","P_SAL_Y","500-999","E","D111","BG",2008,9308
"PPS","P_SAL_Y","500-999","E","D1111","BG",2008,8013
"PPS","P_SAL_Y","500-999","E36","D01","BG",2008,13027
"PPS","P_SAL_Y","500-999","E36","D111","BG",2008,10626
"PPS","P_SAL_Y","500-999","E36","D1111","BG",2008,8047
"PPS","P_SAL_Y","500-999","E38","D01","BG",2008,10567
"PPS","P_SAL_Y","500-999","E38","D111","BG",2008,8728
"PPS","P_SAL_Y","500-999","E38","D1111","BG",2008,7998
"PPS","P_SAL_Y","500-999","F","D01","BG",2008,12881
"PPS","P_SAL_Y","500-999","F","D111","BG",2008,10567
"PPS","P_SAL_Y","500-999","F","D1111","BG",2008,9884
"PPS","P_SAL_Y","500-999","F41","D01","BG",2008,11261
"PPS","P_SAL_Y","500-999","F41","D111","BG",2008,9426
"PPS","P_SAL_Y","500-999","F41","D1111","BG",2008,8939
"PPS","P_SAL_Y","500-999","F42","D01","BG",2008,NA
"PPS","P_SAL_Y","500-999","F42","D111","BG",2008,NA
"PPS","P_SAL_Y","500-999","F42","D1111","BG",2008,NA
"PPS","P_SAL_Y","500-999","F43","D01","BG",2008,NA
"PPS","P_SAL_Y","500-999","F43","D111","BG",2008,NA
"PPS","P_SAL_Y","500-999","F43","D1111","BG",2008,NA
"PPS","P_SAL_Y","500-999","G","D01","BG",2008,14727
"PPS","P_SAL_Y","500-999","G","D111","BG",2008,12249
"PPS","P_SAL_Y","500-999","G","D1111","BG",2008,11333
"PPS","P_SAL_Y","500-999","G-J","D01","BG",2008,17018
"PPS","P_SAL_Y","500-999","G-J","D111","BG",2008,13962
"PPS","P_SAL_Y","500-999","G-J","D1111","BG",2008,11689
"PPS","P_SAL_Y","500-999","G-N","D01","BG",2008,16747
"PPS","P_SAL_Y","500-999","G-N","D111","BG",2008,13819
"PPS","P_SAL_Y","500-999","G-N","D1111","BG",2008,11724
"PPS","P_SAL_Y","500-999","G-S_X_O","D01","BG",2008,15171
"PPS","P_SAL_Y","500-999","G-S_X_O","D111","BG",2008,12504
"PPS","P_SAL_Y","500-999","G-S_X_O","D1111","BG",2008,10761
"PPS","P_SAL_Y","500-999","G45","D01","BG",2008,22747
"PPS","P_SAL_Y","500-999","G45","D111","BG",2008,19259
"PPS","P_SAL_Y","500-999","G45","D1111","BG",2008,17520
"PPS","P_SAL_Y","500-999","G46","D01","BG",2008,16598
"PPS","P_SAL_Y","500-999","G46","D111","BG",2008,13904
"PPS","P_SAL_Y","500-999","G46","D1111","BG",2008,12855
"PPS","P_SAL_Y","500-999","G47","D01","BG",2008,11304
"PPS","P_SAL_Y","500-999","G47","D111","BG",2008,9247
"PPS","P_SAL_Y","500-999","G47","D1111","BG",2008,8650
"PPS","P_SAL_Y","500-999","H","D01","BG",2008,18809
"PPS","P_SAL_Y","500-999","H","D111","BG",2008,15232
"PPS","P_SAL_Y","500-999","H","D1111","BG",2008,11762
"PPS","P_SAL_Y","500-999","H49","D01","BG",2008,13043
"PPS","P_SAL_Y","500-999","H49","D111","BG",2008,10230
"PPS","P_SAL_Y","500-999","H49","D1111","BG",2008,7821
"PPS","P_SAL_Y","500-999","H50","D01","BG",2008,NA
"PPS","P_SAL_Y","500-999","H50","D111","BG",2008,NA
"PPS","P_SAL_Y","500-999","H50","D1111","BG",2008,NA
"PPS","P_SAL_Y","500-999","H51","D01","BG",2008,NA
"PPS","P_SAL_Y","500-999","H51","D111","BG",2008,NA
"PPS","P_SAL_Y","500-999","H51","D1111","BG",2008,NA
"PPS","P_SAL_Y","500-999","H52","D01","BG",2008,27271
"PPS","P_SAL_Y","500-999","H52","D111","BG",2008,22410
"PPS","P_SAL_Y","500-999","H52","D1111","BG",2008,16977
"PPS","P_SAL_Y","500-999","H53","D01","BG",2008,NA
"PPS","P_SAL_Y","500-999","H53","D111","BG",2008,NA
"PPS","P_SAL_Y","500-999","H53","D1111","BG",2008,NA
"PPS","P_SAL_Y","500-999","I","D01","BG",2008,NA
"PPS","P_SAL_Y","500-999","I","D111","BG",2008,NA
"PPS","P_SAL_Y","500-999","I","D1111","BG",2008,NA
"PPS","P_SAL_Y","500-999","I55","D01","BG",2008,NA
"PPS","P_SAL_Y","500-999","I55","D111","BG",2008,NA
"PPS","P_SAL_Y","500-999","I55","D1111","BG",2008,NA
"PPS","P_SAL_Y","500-999","I56","D01","BG",2008,NA
"PPS","P_SAL_Y","500-999","I56","D111","BG",2008,NA
"PPS","P_SAL_Y","500-999","I56","D1111","BG",2008,NA
"PPS","P_SAL_Y","500-999","J","D01","BG",2008,20379
"PPS","P_SAL_Y","500-999","J","D111","BG",2008,17290
"PPS","P_SAL_Y","500-999","J","D1111","BG",2008,15741
"PPS","P_SAL_Y","500-999","J58","D01","BG",2008,NA
"PPS","P_SAL_Y","500-999","J58","D111","BG",2008,NA
"PPS","P_SAL_Y","500-999","J58","D1111","BG",2008,NA
"PPS","P_SAL_Y","500-999","J60","D01","BG",2008,NA
"PPS","P_SAL_Y","500-999","J60","D111","BG",2008,NA
"PPS","P_SAL_Y","500-999","J60","D1111","BG",2008,NA
"PPS","P_SAL_Y","500-999","J61","D01","BG",2008,NA
"PPS","P_SAL_Y","500-999","J61","D111","BG",2008,NA
"PPS","P_SAL_Y","500-999","J61","D1111","BG",2008,NA
"PPS","P_SAL_Y","500-999","J62","D01","BG",2008,NA
"PPS","P_SAL_Y","500-999","J62","D111","BG",2008,NA
"PPS","P_SAL_Y","500-999","J62","D1111","BG",2008,NA
"PPS","P_SAL_Y","500-999","K","D01","BG",2008,26103
"PPS","P_SAL_Y","500-999","K","D111","BG",2008,22070
"PPS","P_SAL_Y","500-999","K","D1111","BG",2008,19173
"PPS","P_SAL_Y","500-999","K-N","D01","BG",2008,16249
"PPS","P_SAL_Y","500-999","K-N","D111","BG",2008,13557
"PPS","P_SAL_Y","500-999","K-N","D1111","BG",2008,11789
"PPS","P_SAL_Y","500-999","K64","D01","BG",2008,26103
"PPS","P_SAL_Y","500-999","K64","D111","BG",2008,22070
"PPS","P_SAL_Y","500-999","K64","D1111","BG",2008,19173
"PPS","P_SAL_Y","500-999","K65","D01","BG",2008,NA
"PPS","P_SAL_Y","500-999","K65","D111","BG",2008,NA
"PPS","P_SAL_Y","500-999","K65","D1111","BG",2008,NA
"PPS","P_SAL_Y","500-999","M","D01","BG",2008,NA
"PPS","P_SAL_Y","500-999","M","D111","BG",2008,NA
"PPS","P_SAL_Y","500-999","M","D1111","BG",2008,NA
"PPS","P_SAL_Y","500-999","M70","D01","BG",2008,NA
"PPS","P_SAL_Y","500-999","M70","D111","BG",2008,NA
"PPS","P_SAL_Y","500-999","M70","D1111","BG",2008,NA
"PPS","P_SAL_Y","500-999","M73","D01","BG",2008,NA
"PPS","P_SAL_Y","500-999","M73","D111","BG",2008,NA
"PPS","P_SAL_Y","500-999","M73","D1111","BG",2008,NA
"PPS","P_SAL_Y","500-999","N","D01","BG",2008,5947
"PPS","P_SAL_Y","500-999","N","D111","BG",2008,4834
"PPS","P_SAL_Y","500-999","N","D1111","BG",2008,4467
"PPS","P_SAL_Y","500-999","N78","D01","BG",2008,NA
"PPS","P_SAL_Y","500-999","N78","D111","BG",2008,NA
"PPS","P_SAL_Y","500-999","N78","D1111","BG",2008,NA
"PPS","P_SAL_Y","500-999","N80","D01","BG",2008,4645
"PPS","P_SAL_Y","500-999","N80","D111","BG",2008,3796
"PPS","P_SAL_Y","500-999","N80","D1111","BG",2008,3590
"PPS","P_SAL_Y","500-999","N81","D01","BG",2008,NA
"PPS","P_SAL_Y","500-999","N81","D111","BG",2008,NA
"PPS","P_SAL_Y","500-999","N81","D1111","BG",2008,NA
"PPS","P_SAL_Y","500-999","N82","D01","BG",2008,NA
"PPS","P_SAL_Y","500-999","N82","D111","BG",2008,NA
"PPS","P_SAL_Y","500-999","N82","D1111","BG",2008,NA
"PPS","P_SAL_Y","500-999","O","D01","BG",2008,19382
"PPS","P_SAL_Y","500-999","O","D111","BG",2008,15322
"PPS","P_SAL_Y","500-999","O","D1111","BG",2008,14152
"PPS","P_SAL_Y","500-999","O-S","D01","BG",2008,14139
"PPS","P_SAL_Y","500-999","O-S","D111","BG",2008,11499
"PPS","P_SAL_Y","500-999","O-S","D1111","BG",2008,10302
"PPS","P_SAL_Y","500-999","O84","D01","BG",2008,19382
"PPS","P_SAL_Y","500-999","O84","D111","BG",2008,15322
"PPS","P_SAL_Y","500-999","O84","D1111","BG",2008,14152
"PPS","P_SAL_Y","500-999","P","D01","BG",2008,14354
"PPS","P_SAL_Y","500-999","P","D111","BG",2008,11811
"PPS","P_SAL_Y","500-999","P","D1111","BG",2008,10071
"PPS","P_SAL_Y","500-999","P-S","D01","BG",2008,12757
"PPS","P_SAL_Y","500-999","P-S","D111","BG",2008,10491
"PPS","P_SAL_Y","500-999","P-S","D1111","BG",2008,9287
"PPS","P_SAL_Y","500-999","P85","D01","BG",2008,14354
"PPS","P_SAL_Y","500-999","P85","D111","BG",2008,11811
"PPS","P_SAL_Y","500-999","P85","D1111","BG",2008,10071
"PPS","P_SAL_Y","500-999","Q","D01","BG",2008,12017
"PPS","P_SAL_Y","500-999","Q","D111","BG",2008,9880
"PPS","P_SAL_Y","500-999","Q","D1111","BG",2008,8924
"PPS","P_SAL_Y","500-999","Q86","D01","BG",2008,12017
"PPS","P_SAL_Y","500-999","Q86","D111","BG",2008,9880
"PPS","P_SAL_Y","500-999","Q86","D1111","BG",2008,8924
"PPS","P_SAL_Y","500-999","Q87","D01","BG",2008,NA
"PPS","P_SAL_Y","500-999","Q87","D111","BG",2008,NA
"PPS","P_SAL_Y","500-999","Q87","D1111","BG",2008,NA
"PPS","P_SAL_Y","500-999","Q88","D01","BG",2008,NA
"PPS","P_SAL_Y","500-999","Q88","D111","BG",2008,NA
"PPS","P_SAL_Y","500-999","Q88","D1111","BG",2008,NA
"PPS","P_SAL_Y","GE10","B","D01","BG",2008,17869
"PPS","P_SAL_Y","GE10","B","D111","BG",2008,13106
"PPS","P_SAL_Y","GE10","B","D1111","BG",2008,11112
"PPS","P_SAL_Y","GE10","B-E","D01","BG",2008,10291
"PPS","P_SAL_Y","GE10","B-E","D111","BG",2008,8194
"PPS","P_SAL_Y","GE10","B-E","D1111","BG",2008,7147
"PPS","P_SAL_Y","GE10","B-F","D01","BG",2008,9837
"PPS","P_SAL_Y","GE10","B-F","D111","BG",2008,7881
"PPS","P_SAL_Y","GE10","B-F","D1111","BG",2008,6974
"PPS","P_SAL_Y","GE10","B-N","D01","BG",2008,10525
"PPS","P_SAL_Y","GE10","B-N","D111","BG",2008,8603
"PPS","P_SAL_Y","GE10","B-N","D1111","BG",2008,7686
"PPS","P_SAL_Y","GE10","B-S","D01","BG",2008,10720
"PPS","P_SAL_Y","GE10","B-S","D111","BG",2008,8726
"PPS","P_SAL_Y","GE10","B-S","D1111","BG",2008,7763
"PPS","P_SAL_Y","GE10","B-S_X_O","D01","BG",2008,10495
"PPS","P_SAL_Y","GE10","B-S_X_O","D111","BG",2008,8568
"PPS","P_SAL_Y","GE10","B-S_X_O","D1111","BG",2008,7614
"PPS","P_SAL_Y","GE10","B05","D01","BG",2008,19441
"PPS","P_SAL_Y","GE10","B05","D111","BG",2008,13713
"PPS","P_SAL_Y","GE10","B05","D1111","BG",2008,11081
"PPS","P_SAL_Y","GE10","B06","D01","BG",2008,NA
"PPS","P_SAL_Y","GE10","B06","D111","BG",2008,NA
"PPS","P_SAL_Y","GE10","B06","D1111","BG",2008,NA
"PPS","P_SAL_Y","GE10","B07","D01","BG",2008,21624
"PPS","P_SAL_Y","GE10","B07","D111","BG",2008,16298
"PPS","P_SAL_Y","GE10","B07","D1111","BG",2008,14320
"PPS","P_SAL_Y","GE10","B08","D01","BG",2008,12222
"PPS","P_SAL_Y","GE10","B08","D111","BG",2008,9458
"PPS","P_SAL_Y","GE10","B08","D1111","BG",2008,8502
"PPS","P_SAL_Y","GE10","B09","D01","BG",2008,NA
"PPS","P_SAL_Y","GE10","B09","D111","BG",2008,NA
"PPS","P_SAL_Y","GE10","B09","D1111","BG",2008,NA
"PPS","P_SAL_Y","GE10","C","D01","BG",2008,8989
"PPS","P_SAL_Y","GE10","C","D111","BG",2008,7250
"PPS","P_SAL_Y","GE10","C","D1111","BG",2008,6507
"PPS","P_SAL_Y","GE10","C10","D01","BG",2008,7313
"PPS","P_SAL_Y","GE10","C10","D111","BG",2008,6013
"PPS","P_SAL_Y","GE10","C10","D1111","BG",2008,5555
"PPS","P_SAL_Y","GE10","C11","D01","BG",2008,11900
"PPS","P_SAL_Y","GE10","C11","D111","BG",2008,9928
"PPS","P_SAL_Y","GE10","C11","D1111","BG",2008,8765
"PPS","P_SAL_Y","GE10","C12","D01","BG",2008,NA
"PPS","P_SAL_Y","GE10","C12","D111","BG",2008,NA
"PPS","P_SAL_Y","GE10","C12","D1111","BG",2008,NA
"PPS","P_SAL_Y","GE10","C13","D01","BG",2008,8106
"PPS","P_SAL_Y","GE10","C13","D111","BG",2008,6530
"PPS","P_SAL_Y","GE10","C13","D1111","BG",2008,5929
"PPS","P_SAL_Y","GE10","C14","D01","BG",2008,5536
"PPS","P_SAL_Y","GE10","C14","D111","BG",2008,4539
"PPS","P_SAL_Y","GE10","C14","D1111","BG",2008,4121
"PPS","P_SAL_Y","GE10","C15","D01","BG",2008,4965
"PPS","P_SAL_Y","GE10","C15","D111","BG",2008,4062
"PPS","P_SAL_Y","GE10","C15","D1111","BG",2008,3723
"PPS","P_SAL_Y","GE10","C16","D01","BG",2008,6973
"PPS","P_SAL_Y","GE10","C16","D111","BG",2008,5713
"PPS","P_SAL_Y","GE10","C16","D1111","BG",2008,5203
"PPS","P_SAL_Y","GE10","C17","D01","BG",2008,8763
"PPS","P_SAL_Y","GE10","C17","D111","BG",2008,7101
"PPS","P_SAL_Y","GE10","C17","D1111","BG",2008,6295
"PPS","P_SAL_Y","GE10","C18","D01","BG",2008,10208
"PPS","P_SAL_Y","GE10","C18","D111","BG",2008,8470
"PPS","P_SAL_Y","GE10","C18","D1111","BG",2008,7675
"PPS","P_SAL_Y","GE10","C19","D01","BG",2008,NA
"PPS","P_SAL_Y","GE10","C19","D111","BG",2008,NA
"PPS","P_SAL_Y","GE10","C19","D1111","BG",2008,NA
"PPS","P_SAL_Y","GE10","C20","D01","BG",2008,13535
"PPS","P_SAL_Y","GE10","C20","D111","BG",2008,10513
"PPS","P_SAL_Y","GE10","C20","D1111","BG",2008,9248
"PPS","P_SAL_Y","GE10","C21","D01","BG",2008,14025
"PPS","P_SAL_Y","GE10","C21","D111","BG",2008,11114
"PPS","P_SAL_Y","GE10","C21","D1111","BG",2008,9814
"PPS","P_SAL_Y","GE10","C22","D01","BG",2008,6796
"PPS","P_SAL_Y","GE10","C22","D111","BG",2008,5575
"PPS","P_SAL_Y","GE10","C22","D1111","BG",2008,5118
"PPS","P_SAL_Y","GE10","C23","D01","BG",2008,11093
"PPS","P_SAL_Y","GE10","C23","D111","BG",2008,8905
"PPS","P_SAL_Y","GE10","C23","D1111","BG",2008,8019
"PPS","P_SAL_Y","GE10","C24","D01","BG",2008,18757
"PPS","P_SAL_Y","GE10","C24","D111","BG",2008,14507
"PPS","P_SAL_Y","GE10","C24","D1111","BG",2008,12663
"PPS","P_SAL_Y","GE10","C25","D01","BG",2008,8637
"PPS","P_SAL_Y","GE10","C25","D111","BG",2008,6985
"PPS","P_SAL_Y","GE10","C25","D1111","BG",2008,6339
"PPS","P_SAL_Y","GE10","C26","D01","BG",2008,11457
"PPS","P_SAL_Y","GE10","C26","D111","BG",2008,9470
"PPS","P_SAL_Y","GE10","C26","D1111","BG",2008,8333
"PPS","P_SAL_Y","GE10","C27","D01","BG",2008,10875
"PPS","P_SAL_Y","GE10","C27","D111","BG",2008,8855
"PPS","P_SAL_Y","GE10","C27","D1111","BG",2008,7873
"PPS","P_SAL_Y","GE10","C28","D01","BG",2008,10771
"PPS","P_SAL_Y","GE10","C28","D111","BG",2008,8762
"PPS","P_SAL_Y","GE10","C28","D1111","BG",2008,7744
"PPS","P_SAL_Y","GE10","C29","D01","BG",2008,8815
"PPS","P_SAL_Y","GE10","C29","D111","BG",2008,7187
"PPS","P_SAL_Y","GE10","C29","D1111","BG",2008,6511
"PPS","P_SAL_Y","GE10","C30","D01","BG",2008,13376
"PPS","P_SAL_Y","GE10","C30","D111","BG",2008,10655
"PPS","P_SAL_Y","GE10","C30","D1111","BG",2008,9531
"PPS","P_SAL_Y","GE10","C31","D01","BG",2008,5646
"PPS","P_SAL_Y","GE10","C31","D111","BG",2008,4620
"PPS","P_SAL_Y","GE10","C31","D1111","BG",2008,4251
"PPS","P_SAL_Y","GE10","C32","D01","BG",2008,7479
"PPS","P_SAL_Y","GE10","C32","D111","BG",2008,6164
"PPS","P_SAL_Y","GE10","C32","D1111","BG",2008,5588
"PPS","P_SAL_Y","GE10","C33","D01","BG",2008,14156
"PPS","P_SAL_Y","GE10","C33","D111","BG",2008,11377
"PPS","P_SAL_Y","GE10","C33","D1111","BG",2008,10108
"PPS","P_SAL_Y","GE10","D","D01","BG",2008,24260
"PPS","P_SAL_Y","GE10","D","D111","BG",2008,18601
"PPS","P_SAL_Y","GE10","D","D1111","BG",2008,13845
"PPS","P_SAL_Y","GE10","D35","D01","BG",2008,24260
"PPS","P_SAL_Y","GE10","D35","D111","BG",2008,18601
"PPS","P_SAL_Y","GE10","D35","D1111","BG",2008,13845
"PPS","P_SAL_Y","GE10","E","D01","BG",2008,10926
"PPS","P_SAL_Y","GE10","E","D111","BG",2008,8907
"PPS","P_SAL_Y","GE10","E","D1111","BG",2008,7429
"PPS","P_SAL_Y","GE10","E36","D01","BG",2008,12286
"PPS","P_SAL_Y","GE10","E36","D111","BG",2008,9966
"PPS","P_SAL_Y","GE10","E36","D1111","BG",2008,7803
"PPS","P_SAL_Y","GE10","E37","D01","BG",2008,12417
"PPS","P_SAL_Y","GE10","E37","D111","BG",2008,10779
"PPS","P_SAL_Y","GE10","E37","D1111","BG",2008,10177
"PPS","P_SAL_Y","GE10","E38","D01","BG",2008,9164
"PPS","P_SAL_Y","GE10","E38","D111","BG",2008,7517
"PPS","P_SAL_Y","GE10","E38","D1111","BG",2008,6867
"PPS","P_SAL_Y","GE10","E39","D01","BG",2008,10526
"PPS","P_SAL_Y","GE10","E39","D111","BG",2008,8574
"PPS","P_SAL_Y","GE10","E39","D1111","BG",2008,7687
"PPS","P_SAL_Y","GE10","F","D01","BG",2008,8428
"PPS","P_SAL_Y","GE10","F","D111","BG",2008,6906
"PPS","P_SAL_Y","GE10","F","D1111","BG",2008,6438
"PPS","P_SAL_Y","GE10","F41","D01","BG",2008,7463
"PPS","P_SAL_Y","GE10","F41","D111","BG",2008,6150
"PPS","P_SAL_Y","GE10","F41","D1111","BG",2008,5753
"PPS","P_SAL_Y","GE10","F42","D01","BG",2008,11003
"PPS","P_SAL_Y","GE10","F42","D111","BG",2008,8849
"PPS","P_SAL_Y","GE10","F42","D1111","BG",2008,8145
"PPS","P_SAL_Y","GE10","F43","D01","BG",2008,8688
"PPS","P_SAL_Y","GE10","F43","D111","BG",2008,7179
"PPS","P_SAL_Y","GE10","F43","D1111","BG",2008,6737
"PPS","P_SAL_Y","GE10","G","D01","BG",2008,9335
"PPS","P_SAL_Y","GE10","G","D111","BG",2008,7807
"PPS","P_SAL_Y","GE10","G","D1111","BG",2008,7269
"PPS","P_SAL_Y","GE10","G-J","D01","BG",2008,11067
"PPS","P_SAL_Y","GE10","G-J","D111","BG",2008,9191
"PPS","P_SAL_Y","GE10","G-J","D1111","BG",2008,8245
"PPS","P_SAL_Y","GE10","G-N","D01","BG",2008,11383
"PPS","P_SAL_Y","GE10","G-N","D111","BG",2008,9505
"PPS","P_SAL_Y","GE10","G-N","D1111","BG",2008,8573
"PPS","P_SAL_Y","GE10","G-S_X_O","D01","BG",2008,11057
"PPS","P_SAL_Y","GE10","G-S_X_O","D111","BG",2008,9155
"PPS","P_SAL_Y","GE10","G-S_X_O","D1111","BG",2008,8160
"PPS","P_SAL_Y","GE10","G45","D01","BG",2008,12146
"PPS","P_SAL_Y","GE10","G45","D111","BG",2008,10231
"PPS","P_SAL_Y","GE10","G45","D1111","BG",2008,9487
"PPS","P_SAL_Y","GE10","G46","D01","BG",2008,10649
"PPS","P_SAL_Y","GE10","G46","D111","BG",2008,8984
"PPS","P_SAL_Y","GE10","G46","D1111","BG",2008,8363
"PPS","P_SAL_Y","GE10","G47","D01","BG",2008,7341
"PPS","P_SAL_Y","GE10","G47","D111","BG",2008,6040
"PPS","P_SAL_Y","GE10","G47","D1111","BG",2008,5633
"PPS","P_SAL_Y","GE10","H","D01","BG",2008,12860
"PPS","P_SAL_Y","GE10","H","D111","BG",2008,10469
"PPS","P_SAL_Y","GE10","H","D1111","BG",2008,8609
"PPS","P_SAL_Y","GE10","H49","D01","BG",2008,10029
"PPS","P_SAL_Y","GE10","H49","D111","BG",2008,7911
"PPS","P_SAL_Y","GE10","H49","D1111","BG",2008,6735
"PPS","P_SAL_Y","GE10","H50","D01","BG",2008,19572
"PPS","P_SAL_Y","GE10","H50","D111","BG",2008,14632
"PPS","P_SAL_Y","GE10","H50","D1111","BG",2008,11989
"PPS","P_SAL_Y","GE10","H51","D01","BG",2008,30818
"PPS","P_SAL_Y","GE10","H51","D111","BG",2008,25263
"PPS","P_SAL_Y","GE10","H51","D1111","BG",2008,22537
"PPS","P_SAL_Y","GE10","H52","D01","BG",2008,17545
"PPS","P_SAL_Y","GE10","H52","D111","BG",2008,14965
"PPS","P_SAL_Y","GE10","H52","D1111","BG",2008,11886
"PPS","P_SAL_Y","GE10","H53","D01","BG",2008,10114
"PPS","P_SAL_Y","GE10","H53","D111","BG",2008,8290
"PPS","P_SAL_Y","GE10","H53","D1111","BG",2008,6493
"PPS","P_SAL_Y","GE10","I","D01","BG",2008,6542
"PPS","P_SAL_Y","GE10","I","D111","BG",2008,5371
"PPS","P_SAL_Y","GE10","I","D1111","BG",2008,5026
"PPS","P_SAL_Y","GE10","I55","D01","BG",2008,7698
"PPS","P_SAL_Y","GE10","I55","D111","BG",2008,6298
"PPS","P_SAL_Y","GE10","I55","D1111","BG",2008,5841
"PPS","P_SAL_Y","GE10","I56","D01","BG",2008,5650
"PPS","P_SAL_Y","GE10","I56","D111","BG",2008,4654
"PPS","P_SAL_Y","GE10","I56","D1111","BG",2008,4396
"PPS","P_SAL_Y","GE10","J","D01","BG",2008,21437
"PPS","P_SAL_Y","GE10","J","D111","BG",2008,18146
"PPS","P_SAL_Y","GE10","J","D1111","BG",2008,16608
"PPS","P_SAL_Y","GE10","J58","D01","BG",2008,12593
"PPS","P_SAL_Y","GE10","J58","D111","BG",2008,10662
"PPS","P_SAL_Y","GE10","J58","D1111","BG",2008,9916
"PPS","P_SAL_Y","GE10","J59","D01","BG",2008,14456
"PPS","P_SAL_Y","GE10","J59","D111","BG",2008,12027
"PPS","P_SAL_Y","GE10","J59","D1111","BG",2008,11232
"PPS","P_SAL_Y","GE10","J60","D01","BG",2008,14770
"PPS","P_SAL_Y","GE10","J60","D111","BG",2008,12303
"PPS","P_SAL_Y","GE10","J60","D1111","BG",2008,11324
"PPS","P_SAL_Y","GE10","J61","D01","BG",2008,21572
"PPS","P_SAL_Y","GE10","J61","D111","BG",2008,18100
"PPS","P_SAL_Y","GE10","J61","D1111","BG",2008,16564
"PPS","P_SAL_Y","GE10","J62","D01","BG",2008,29340
"PPS","P_SAL_Y","GE10","J62","D111","BG",2008,25129
"PPS","P_SAL_Y","GE10","J62","D1111","BG",2008,22903
"PPS","P_SAL_Y","GE10","J63","D01","BG",2008,18543
"PPS","P_SAL_Y","GE10","J63","D111","BG",2008,15809
"PPS","P_SAL_Y","GE10","J63","D1111","BG",2008,14410
"PPS","P_SAL_Y","GE10","K","D01","BG",2008,22051
"PPS","P_SAL_Y","GE10","K","D111","BG",2008,18572
"PPS","P_SAL_Y","GE10","K","D1111","BG",2008,16839
"PPS","P_SAL_Y","GE10","K-N","D01","BG",2008,12159
"PPS","P_SAL_Y","GE10","K-N","D111","BG",2008,10276
"PPS","P_SAL_Y","GE10","K-N","D1111","BG",2008,9381
"PPS","P_SAL_Y","GE10","K64","D01","BG",2008,22113
"PPS","P_SAL_Y","GE10","K64","D111","BG",2008,18608
"PPS","P_SAL_Y","GE10","K64","D1111","BG",2008,16782
"PPS","P_SAL_Y","GE10","K65","D01","BG",2008,22574
"PPS","P_SAL_Y","GE10","K65","D111","BG",2008,19165
"PPS","P_SAL_Y","GE10","K65","D1111","BG",2008,17858
"PPS","P_SAL_Y","GE10","K66","D01","BG",2008,19654
"PPS","P_SAL_Y","GE10","K66","D111","BG",2008,16476
"PPS","P_SAL_Y","GE10","K66","D1111","BG",2008,15278
"PPS","P_SAL_Y","GE10","L","D01","BG",2008,10769
"PPS","P_SAL_Y","GE10","L","D111","BG",2008,9017
"PPS","P_SAL_Y","GE10","L","D1111","BG",2008,8227
"PPS","P_SAL_Y","GE10","L68","D01","BG",2008,10769
"PPS","P_SAL_Y","GE10","L68","D111","BG",2008,9017
"PPS","P_SAL_Y","GE10","L68","D1111","BG",2008,8227
"PPS","P_SAL_Y","GE10","M","D01","BG",2008,16537
"PPS","P_SAL_Y","GE10","M","D111","BG",2008,13992
"PPS","P_SAL_Y","GE10","M","D1111","BG",2008,12674
"PPS","P_SAL_Y","GE10","M69","D01","BG",2008,23025
"PPS","P_SAL_Y","GE10","M69","D111","BG",2008,19766
"PPS","P_SAL_Y","GE10","M69","D1111","BG",2008,18262
"PPS","P_SAL_Y","GE10","M70","D01","BG",2008,24622
"PPS","P_SAL_Y","GE10","M70","D111","BG",2008,21077
"PPS","P_SAL_Y","GE10","M70","D1111","BG",2008,18831
"PPS","P_SAL_Y","GE10","M71","D01","BG",2008,16669
"PPS","P_SAL_Y","GE10","M71","D111","BG",2008,13990
"PPS","P_SAL_Y","GE10","M71","D1111","BG",2008,12563
"PPS","P_SAL_Y","GE10","M72","D01","BG",2008,11186
"PPS","P_SAL_Y","GE10","M72","D111","BG",2008,9177
"PPS","P_SAL_Y","GE10","M72","D1111","BG",2008,8036
"PPS","P_SAL_Y","GE10","M73","D01","BG",2008,16566
"PPS","P_SAL_Y","GE10","M73","D111","BG",2008,14128
"PPS","P_SAL_Y","GE10","M73","D1111","BG",2008,13098
"PPS","P_SAL_Y","GE10","M74","D01","BG",2008,17574
"PPS","P_SAL_Y","GE10","M74","D111","BG",2008,15296
"PPS","P_SAL_Y","GE10","M74","D1111","BG",2008,14439
"PPS","P_SAL_Y","GE10","M75","D01","BG",2008,NA
"PPS","P_SAL_Y","GE10","M75","D111","BG",2008,NA
"PPS","P_SAL_Y","GE10","M75","D1111","BG",2008,NA
"PPS","P_SAL_Y","GE10","N","D01","BG",2008,5590
"PPS","P_SAL_Y","GE10","N","D111","BG",2008,4761
"PPS","P_SAL_Y","GE10","N","D1111","BG",2008,4446
"PPS","P_SAL_Y","GE10","N77","D01","BG",2008,13554
"PPS","P_SAL_Y","GE10","N77","D111","BG",2008,11420
"PPS","P_SAL_Y","GE10","N77","D1111","BG",2008,10520
"PPS","P_SAL_Y","GE10","N78","D01","BG",2008,10827
"PPS","P_SAL_Y","GE10","N78","D111","BG",2008,8913
"PPS","P_SAL_Y","GE10","N78","D1111","BG",2008,8243
"PPS","P_SAL_Y","GE10","N79","D01","BG",2008,9027
"PPS","P_SAL_Y","GE10","N79","D111","BG",2008,7587
"PPS","P_SAL_Y","GE10","N79","D1111","BG",2008,7182
"PPS","P_SAL_Y","GE10","N80","D01","BG",2008,5165
"PPS","P_SAL_Y","GE10","N80","D111","BG",2008,4247
"PPS","P_SAL_Y","GE10","N80","D1111","BG",2008,3994
"PPS","P_SAL_Y","GE10","N81","D01","BG",2008,3944
"PPS","P_SAL_Y","GE10","N81","D111","BG",2008,3702
"PPS","P_SAL_Y","GE10","N81","D1111","BG",2008,3422
"PPS","P_SAL_Y","GE10","N82","D01","BG",2008,12915
"PPS","P_SAL_Y","GE10","N82","D111","BG",2008,10655
"PPS","P_SAL_Y","GE10","N82","D1111","BG",2008,9927
"PPS","P_SAL_Y","GE10","O","D01","BG",2008,14027
"PPS","P_SAL_Y","GE10","O","D111","BG",2008,11060
"PPS","P_SAL_Y","GE10","O","D1111","BG",2008,9961
"PPS","P_SAL_Y","GE10","O-S","D01","BG",2008,11398
"PPS","P_SAL_Y","GE10","O-S","D111","BG",2008,9155
"PPS","P_SAL_Y","GE10","O-S","D1111","BG",2008,8033
"PPS","P_SAL_Y","GE10","O84","D01","BG",2008,14027
"PPS","P_SAL_Y","GE10","O84","D111","BG",2008,11060
"PPS","P_SAL_Y","GE10","O84","D1111","BG",2008,9961
"PPS","P_SAL_Y","GE10","P","D01","BG",2008,10728
"PPS","P_SAL_Y","GE10","P","D111","BG",2008,8576
"PPS","P_SAL_Y","GE10","P","D1111","BG",2008,7167
"PPS","P_SAL_Y","GE10","P-S","D01","BG",2008,10351
"PPS","P_SAL_Y","GE10","P-S","D111","BG",2008,8396
"PPS","P_SAL_Y","GE10","P-S","D1111","BG",2008,7265
"PPS","P_SAL_Y","GE10","P85","D01","BG",2008,10728
"PPS","P_SAL_Y","GE10","P85","D111","BG",2008,8576
"PPS","P_SAL_Y","GE10","P85","D1111","BG",2008,7167
"PPS","P_SAL_Y","GE10","Q","D01","BG",2008,10572
"PPS","P_SAL_Y","GE10","Q","D111","BG",2008,8681
"PPS","P_SAL_Y","GE10","Q","D1111","BG",2008,7771
"PPS","P_SAL_Y","GE10","Q86","D01","BG",2008,11647
"PPS","P_SAL_Y","GE10","Q86","D111","BG",2008,9568
"PPS","P_SAL_Y","GE10","Q86","D1111","BG",2008,8588
"PPS","P_SAL_Y","GE10","Q87","D01","BG",2008,7420
"PPS","P_SAL_Y","GE10","Q87","D111","BG",2008,6084
"PPS","P_SAL_Y","GE10","Q87","D1111","BG",2008,5346
"PPS","P_SAL_Y","GE10","Q88","D01","BG",2008,6430
"PPS","P_SAL_Y","GE10","Q88","D111","BG",2008,5266
"PPS","P_SAL_Y","GE10","Q88","D1111","BG",2008,4653
"PPS","P_SAL_Y","GE10","R","D01","BG",2008,8517
"PPS","P_SAL_Y","GE10","R","D111","BG",2008,7070
"PPS","P_SAL_Y","GE10","R","D1111","BG",2008,6413
"PPS","P_SAL_Y","GE10","R90","D01","BG",2008,8939
"PPS","P_SAL_Y","GE10","R90","D111","BG",2008,7246
"PPS","P_SAL_Y","GE10","R90","D1111","BG",2008,6319
"PPS","P_SAL_Y","GE10","R91","D01","BG",2008,7901
"PPS","P_SAL_Y","GE10","R91","D111","BG",2008,6449
"PPS","P_SAL_Y","GE10","R91","D1111","BG",2008,5654
"PPS","P_SAL_Y","GE10","R92","D01","BG",2008,7216
"PPS","P_SAL_Y","GE10","R92","D111","BG",2008,5963
"PPS","P_SAL_Y","GE10","R92","D1111","BG",2008,5524
"PPS","P_SAL_Y","GE10","R93","D01","BG",2008,10740
"PPS","P_SAL_Y","GE10","R93","D111","BG",2008,9263
"PPS","P_SAL_Y","GE10","R93","D1111","BG",2008,8665
"PPS","P_SAL_Y","GE10","S","D01","BG",2008,7511
"PPS","P_SAL_Y","GE10","S","D111","BG",2008,6407
"PPS","P_SAL_Y","GE10","S","D1111","BG",2008,5845
"PPS","P_SAL_Y","GE10","S94","D01","BG",2008,8020
"PPS","P_SAL_Y","GE10","S94","D111","BG",2008,6947
"PPS","P_SAL_Y","GE10","S94","D1111","BG",2008,6329
"PPS","P_SAL_Y","GE10","S95","D01","BG",2008,9694
"PPS","P_SAL_Y","GE10","S95","D111","BG",2008,8085
"PPS","P_SAL_Y","GE10","S95","D1111","BG",2008,7551
"PPS","P_SAL_Y","GE10","S96","D01","BG",2008,6214
"PPS","P_SAL_Y","GE10","S96","D111","BG",2008,5117
"PPS","P_SAL_Y","GE10","S96","D1111","BG",2008,4662
"PPS","P_SAL_Y","GE1000","B","D01","BG",2008,23278
"PPS","P_SAL_Y","GE1000","B","D111","BG",2008,16691
"PPS","P_SAL_Y","GE1000","B","D1111","BG",2008,13734
"PPS","P_SAL_Y","GE1000","B-E","D01","BG",2008,18824
"PPS","P_SAL_Y","GE1000","B-E","D111","BG",2008,14519
"PPS","P_SAL_Y","GE1000","B-E","D1111","BG",2008,12024
"PPS","P_SAL_Y","GE1000","B-F","D01","BG",2008,18294
"PPS","P_SAL_Y","GE1000","B-F","D111","BG",2008,14136
"PPS","P_SAL_Y","GE1000","B-F","D1111","BG",2008,11739
"PPS","P_SAL_Y","GE1000","B-N","D01","BG",2008,17092
"PPS","P_SAL_Y","GE1000","B-N","D111","BG",2008,13516
"PPS","P_SAL_Y","GE1000","B-N","D1111","BG",2008,11474
"PPS","P_SAL_Y","GE1000","B-S","D01","BG",2008,16736
"PPS","P_SAL_Y","GE1000","B-S","D111","BG",2008,13273
"PPS","P_SAL_Y","GE1000","B-S","D1111","BG",2008,11324
"PPS","P_SAL_Y","GE1000","B-S_X_O","D01","BG",2008,16769
"PPS","P_SAL_Y","GE1000","B-S_X_O","D111","BG",2008,13299
"PPS","P_SAL_Y","GE1000","B-S_X_O","D1111","BG",2008,11316
"PPS","P_SAL_Y","GE1000","B05","D01","BG",2008,NA
"PPS","P_SAL_Y","GE1000","B05","D111","BG",2008,NA
"PPS","P_SAL_Y","GE1000","B05","D1111","BG",2008,NA
"PPS","P_SAL_Y","GE1000","B07","D01","BG",2008,NA
"PPS","P_SAL_Y","GE1000","B07","D111","BG",2008,NA
"PPS","P_SAL_Y","GE1000","B07","D1111","BG",2008,NA
"PPS","P_SAL_Y","GE1000","C","D01","BG",2008,16263
"PPS","P_SAL_Y","GE1000","C","D111","BG",2008,12785
"PPS","P_SAL_Y","GE1000","C","D1111","BG",2008,11156
"PPS","P_SAL_Y","GE1000","C10","D01","BG",2008,NA
"PPS","P_SAL_Y","GE1000","C10","D111","BG",2008,NA
"PPS","P_SAL_Y","GE1000","C10","D1111","BG",2008,NA
"PPS","P_SAL_Y","GE1000","C11","D01","BG",2008,NA
"PPS","P_SAL_Y","GE1000","C11","D111","BG",2008,NA
"PPS","P_SAL_Y","GE1000","C11","D1111","BG",2008,NA
"PPS","P_SAL_Y","GE1000","C12","D01","BG",2008,NA
"PPS","P_SAL_Y","GE1000","C12","D111","BG",2008,NA
"PPS","P_SAL_Y","GE1000","C12","D1111","BG",2008,NA
"PPS","P_SAL_Y","GE1000","C13","D01","BG",2008,NA
"PPS","P_SAL_Y","GE1000","C13","D111","BG",2008,NA
"PPS","P_SAL_Y","GE1000","C13","D1111","BG",2008,NA
"PPS","P_SAL_Y","GE1000","C14","D01","BG",2008,8703
"PPS","P_SAL_Y","GE1000","C14","D111","BG",2008,7073
"PPS","P_SAL_Y","GE1000","C14","D1111","BG",2008,6494
"PPS","P_SAL_Y","GE1000","C19","D01","BG",2008,NA
"PPS","P_SAL_Y","GE1000","C19","D111","BG",2008,NA
"PPS","P_SAL_Y","GE1000","C19","D1111","BG",2008,NA
"PPS","P_SAL_Y","GE1000","C20","D01","BG",2008,NA
"PPS","P_SAL_Y","GE1000","C20","D111","BG",2008,NA
"PPS","P_SAL_Y","GE1000","C20","D1111","BG",2008,NA
"PPS","P_SAL_Y","GE1000","C21","D01","BG",2008,NA
"PPS","P_SAL_Y","GE1000","C21","D111","BG",2008,NA
"PPS","P_SAL_Y","GE1000","C21","D1111","BG",2008,NA
"PPS","P_SAL_Y","GE1000","C22","D01","BG",2008,NA
"PPS","P_SAL_Y","GE1000","C22","D111","BG",2008,NA
"PPS","P_SAL_Y","GE1000","C22","D1111","BG",2008,NA
"PPS","P_SAL_Y","GE1000","C23","D01","BG",2008,NA
"PPS","P_SAL_Y","GE1000","C23","D111","BG",2008,NA
"PPS","P_SAL_Y","GE1000","C23","D1111","BG",2008,NA
"PPS","P_SAL_Y","GE1000","C24","D01","BG",2008,24183
"PPS","P_SAL_Y","GE1000","C24","D111","BG",2008,18351
"PPS","P_SAL_Y","GE1000","C24","D1111","BG",2008,15809
"PPS","P_SAL_Y","GE1000","C25","D01","BG",2008,10038
"PPS","P_SAL_Y","GE1000","C25","D111","BG",2008,7842
"PPS","P_SAL_Y","GE1000","C25","D1111","BG",2008,7166
"PPS","P_SAL_Y","GE1000","C27","D01","BG",2008,NA
"PPS","P_SAL_Y","GE1000","C27","D111","BG",2008,NA
"PPS","P_SAL_Y","GE1000","C27","D1111","BG",2008,NA
"PPS","P_SAL_Y","GE1000","C28","D01","BG",2008,14708
"PPS","P_SAL_Y","GE1000","C28","D111","BG",2008,11795
"PPS","P_SAL_Y","GE1000","C28","D1111","BG",2008,9808
"PPS","P_SAL_Y","GE1000","C29","D01","BG",2008,9165
"PPS","P_SAL_Y","GE1000","C29","D111","BG",2008,7463
"PPS","P_SAL_Y","GE1000","C29","D1111","BG",2008,6862
"PPS","P_SAL_Y","GE1000","C30","D01","BG",2008,NA
"PPS","P_SAL_Y","GE1000","C30","D111","BG",2008,NA
"PPS","P_SAL_Y","GE1000","C30","D1111","BG",2008,NA
"PPS","P_SAL_Y","GE1000","C33","D01","BG",2008,NA
"PPS","P_SAL_Y","GE1000","C33","D111","BG",2008,NA
"PPS","P_SAL_Y","GE1000","C33","D1111","BG",2008,NA
"PPS","P_SAL_Y","GE1000","D","D01","BG",2008,25144
"PPS","P_SAL_Y","GE1000","D","D111","BG",2008,19332
"PPS","P_SAL_Y","GE1000","D","D1111","BG",2008,13998
"PPS","P_SAL_Y","GE1000","D35","D01","BG",2008,25144
"PPS","P_SAL_Y","GE1000","D35","D111","BG",2008,19332
"PPS","P_SAL_Y","GE1000","D35","D1111","BG",2008,13998
"PPS","P_SAL_Y","GE1000","E","D01","BG",2008,NA
"PPS","P_SAL_Y","GE1000","E","D111","BG",2008,NA
"PPS","P_SAL_Y","GE1000","E","D1111","BG",2008,NA
"PPS","P_SAL_Y","GE1000","E36","D01","BG",2008,NA
"PPS","P_SAL_Y","GE1000","E36","D111","BG",2008,NA
"PPS","P_SAL_Y","GE1000","E36","D1111","BG",2008,NA
"PPS","P_SAL_Y","GE1000","F","D01","BG",2008,8460
"PPS","P_SAL_Y","GE1000","F","D111","BG",2008,7020
"PPS","P_SAL_Y","GE1000","F","D1111","BG",2008,6458
"PPS","P_SAL_Y","GE1000","F41","D01","BG",2008,8460
"PPS","P_SAL_Y","GE1000","F41","D111","BG",2008,7020
"PPS","P_SAL_Y","GE1000","F41","D1111","BG",2008,6458
"PPS","P_SAL_Y","GE1000","G","D01","BG",2008,12723
"PPS","P_SAL_Y","GE1000","G","D111","BG",2008,10402
"PPS","P_SAL_Y","GE1000","G","D1111","BG",2008,9496
"PPS","P_SAL_Y","GE1000","G-J","D01","BG",2008,17128
"PPS","P_SAL_Y","GE1000","G-J","D111","BG",2008,13969
"PPS","P_SAL_Y","GE1000","G-J","D1111","BG",2008,11930
"PPS","P_SAL_Y","GE1000","G-N","D01","BG",2008,15561
"PPS","P_SAL_Y","GE1000","G-N","D111","BG",2008,12728
"PPS","P_SAL_Y","GE1000","G-N","D1111","BG",2008,11137
"PPS","P_SAL_Y","GE1000","G-S_X_O","D01","BG",2008,15221
"PPS","P_SAL_Y","GE1000","G-S_X_O","D111","BG",2008,12451
"PPS","P_SAL_Y","GE1000","G-S_X_O","D1111","BG",2008,10888
"PPS","P_SAL_Y","GE1000","G46","D01","BG",2008,13680
"PPS","P_SAL_Y","GE1000","G46","D111","BG",2008,11438
"PPS","P_SAL_Y","GE1000","G46","D1111","BG",2008,10366
"PPS","P_SAL_Y","GE1000","G47","D01","BG",2008,11861
"PPS","P_SAL_Y","GE1000","G47","D111","BG",2008,9471
"PPS","P_SAL_Y","GE1000","G47","D1111","BG",2008,8714
"PPS","P_SAL_Y","GE1000","H","D01","BG",2008,16460
"PPS","P_SAL_Y","GE1000","H","D111","BG",2008,12993
"PPS","P_SAL_Y","GE1000","H","D1111","BG",2008,9954
"PPS","P_SAL_Y","GE1000","H49","D01","BG",2008,15793
"PPS","P_SAL_Y","GE1000","H49","D111","BG",2008,12096
"PPS","P_SAL_Y","GE1000","H49","D1111","BG",2008,9684
"PPS","P_SAL_Y","GE1000","H50","D01","BG",2008,NA
"PPS","P_SAL_Y","GE1000","H50","D111","BG",2008,NA
"PPS","P_SAL_Y","GE1000","H50","D1111","BG",2008,NA
"PPS","P_SAL_Y","GE1000","H52","D01","BG",2008,17701
"PPS","P_SAL_Y","GE1000","H52","D111","BG",2008,15113
"PPS","P_SAL_Y","GE1000","H52","D1111","BG",2008,10276
"PPS","P_SAL_Y","GE1000","H53","D01","BG",2008,NA
"PPS","P_SAL_Y","GE1000","H53","D111","BG",2008,NA
"PPS","P_SAL_Y","GE1000","H53","D1111","BG",2008,NA
"PPS","P_SAL_Y","GE1000","I","D01","BG",2008,NA
"PPS","P_SAL_Y","GE1000","I","D111","BG",2008,NA
"PPS","P_SAL_Y","GE1000","I","D1111","BG",2008,NA
"PPS","P_SAL_Y","GE1000","I56","D01","BG",2008,NA
"PPS","P_SAL_Y","GE1000","I56","D111","BG",2008,NA
"PPS","P_SAL_Y","GE1000","I56","D1111","BG",2008,NA
"PPS","P_SAL_Y","GE1000","J","D01","BG",2008,25965
"PPS","P_SAL_Y","GE1000","J","D111","BG",2008,21981
"PPS","P_SAL_Y","GE1000","J","D1111","BG",2008,19947
"PPS","P_SAL_Y","GE1000","J60","D01","BG",2008,NA
"PPS","P_SAL_Y","GE1000","J60","D111","BG",2008,NA
"PPS","P_SAL_Y","GE1000","J60","D1111","BG",2008,NA
"PPS","P_SAL_Y","GE1000","J61","D01","BG",2008,NA
"PPS","P_SAL_Y","GE1000","J61","D111","BG",2008,NA
"PPS","P_SAL_Y","GE1000","J61","D1111","BG",2008,NA
"PPS","P_SAL_Y","GE1000","J62","D01","BG",2008,NA
"PPS","P_SAL_Y","GE1000","J62","D111","BG",2008,NA
"PPS","P_SAL_Y","GE1000","J62","D1111","BG",2008,NA
"PPS","P_SAL_Y","GE1000","K","D01","BG",2008,23340
"PPS","P_SAL_Y","GE1000","K","D111","BG",2008,19390
"PPS","P_SAL_Y","GE1000","K","D1111","BG",2008,18304
"PPS","P_SAL_Y","GE1000","K-N","D01","BG",2008,12012
"PPS","P_SAL_Y","GE1000","K-N","D111","BG",2008,9916
"PPS","P_SAL_Y","GE1000","K-N","D1111","BG",2008,9340
"PPS","P_SAL_Y","GE1000","K64","D01","BG",2008,23340
"PPS","P_SAL_Y","GE1000","K64","D111","BG",2008,19390
"PPS","P_SAL_Y","GE1000","K64","D1111","BG",2008,18304
"PPS","P_SAL_Y","GE1000","M","D01","BG",2008,NA
"PPS","P_SAL_Y","GE1000","M","D111","BG",2008,NA
"PPS","P_SAL_Y","GE1000","M","D1111","BG",2008,NA
"PPS","P_SAL_Y","GE1000","M71","D01","BG",2008,NA
"PPS","P_SAL_Y","GE1000","M71","D111","BG",2008,NA
"PPS","P_SAL_Y","GE1000","M71","D1111","BG",2008,NA
"PPS","P_SAL_Y","GE1000","M72","D01","BG",2008,NA
"PPS","P_SAL_Y","GE1000","M72","D111","BG",2008,NA
"PPS","P_SAL_Y","GE1000","M72","D1111","BG",2008,NA
"PPS","P_SAL_Y","GE1000","N","D01","BG",2008,5538
"PPS","P_SAL_Y","GE1000","N","D111","BG",2008,4502
"PPS","P_SAL_Y","GE1000","N","D1111","BG",2008,4218
"PPS","P_SAL_Y","GE1000","N78","D01","BG",2008,NA
"PPS","P_SAL_Y","GE1000","N78","D111","BG",2008,NA
"PPS","P_SAL_Y","GE1000","N78","D1111","BG",2008,NA
"PPS","P_SAL_Y","GE1000","N80","D01","BG",2008,5538
"PPS","P_SAL_Y","GE1000","N80","D111","BG",2008,4502
"PPS","P_SAL_Y","GE1000","N80","D1111","BG",2008,4218
"PPS","P_SAL_Y","GE1000","O","D01","BG",2008,15838
"PPS","P_SAL_Y","GE1000","O","D111","BG",2008,12557
"PPS","P_SAL_Y","GE1000","O","D1111","BG",2008,11519
"PPS","P_SAL_Y","GE1000","O-S","D01","BG",2008,14412
"PPS","P_SAL_Y","GE1000","O-S","D111","BG",2008,11683
"PPS","P_SAL_Y","GE1000","O-S","D1111","BG",2008,10344
"PPS","P_SAL_Y","GE1000","O84","D01","BG",2008,15838
"PPS","P_SAL_Y","GE1000","O84","D111","BG",2008,12557
"PPS","P_SAL_Y","GE1000","O84","D1111","BG",2008,11519
"PPS","P_SAL_Y","GE1000","P","D01","BG",2008,13009
"PPS","P_SAL_Y","GE1000","P","D111","BG",2008,10585
"PPS","P_SAL_Y","GE1000","P","D1111","BG",2008,9205
"PPS","P_SAL_Y","GE1000","P-S","D01","BG",2008,13884
"PPS","P_SAL_Y","GE1000","P-S","D111","BG",2008,11359
"PPS","P_SAL_Y","GE1000","P-S","D1111","BG",2008,9908
"PPS","P_SAL_Y","GE1000","P85","D01","BG",2008,13009
"PPS","P_SAL_Y","GE1000","P85","D111","BG",2008,10585
"PPS","P_SAL_Y","GE1000","P85","D1111","BG",2008,9205
"PPS","P_SAL_Y","GE1000","Q","D01","BG",2008,14323
"PPS","P_SAL_Y","GE1000","Q","D111","BG",2008,11748
"PPS","P_SAL_Y","GE1000","Q","D1111","BG",2008,10261
"PPS","P_SAL_Y","GE1000","Q86","D01","BG",2008,14323
"PPS","P_SAL_Y","GE1000","Q86","D111","BG",2008,11748
"PPS","P_SAL_Y","GE1000","Q86","D1111","BG",2008,10261
"PPS","P_SAL_Y","GE1000","R","D01","BG",2008,NA
"PPS","P_SAL_Y","GE1000","R","D111","BG",2008,NA
"PPS","P_SAL_Y","GE1000","R","D1111","BG",2008,NA
"PPS","P_SAL_Y","GE1000","R92","D01","BG",2008,NA
"PPS","P_SAL_Y","GE1000","R92","D111","BG",2008,NA
"PPS","P_SAL_Y","GE1000","R92","D1111","BG",2008,NA
"PPS","P_SAL_Y","LT10","B","D01","BG",2008,8036
"PPS","P_SAL_Y","LT10","B","D111","BG",2008,6553
"PPS","P_SAL_Y","LT10","B","D1111","BG",2008,6220
"PPS","P_SAL_Y","LT10","B-E","D01","BG",2008,5144
"PPS","P_SAL_Y","LT10","B-E","D111","BG",2008,4235
"PPS","P_SAL_Y","LT10","B-E","D1111","BG",2008,4014
"PPS","P_SAL_Y","LT10","B-F","D01","BG",2008,5568
"PPS","P_SAL_Y","LT10","B-F","D111","BG",2008,4587
"PPS","P_SAL_Y","LT10","B-F","D1111","BG",2008,4356
"PPS","P_SAL_Y","LT10","B-N","D01","BG",2008,5841
"PPS","P_SAL_Y","LT10","B-N","D111","BG",2008,4846
"PPS","P_SAL_Y","LT10","B-N","D1111","BG",2008,4608
"PPS","P_SAL_Y","LT10","B-S","D01","BG",2008,5868
"PPS","P_SAL_Y","LT10","B-S","D111","BG",2008,4874
"PPS","P_SAL_Y","LT10","B-S","D1111","BG",2008,4623
"PPS","P_SAL_Y","LT10","B-S_X_O","D01","BG",2008,5828
"PPS","P_SAL_Y","LT10","B-S_X_O","D111","BG",2008,4844
"PPS","P_SAL_Y","LT10","B-S_X_O","D1111","BG",2008,4597
"PPS","P_SAL_Y","LT10","B05","D01","BG",2008,NA
"PPS","P_SAL_Y","LT10","B05","D111","BG",2008,NA
"PPS","P_SAL_Y","LT10","B05","D1111","BG",2008,NA
"PPS","P_SAL_Y","LT10","B06","D01","BG",2008,NA
"PPS","P_SAL_Y","LT10","B06","D111","BG",2008,NA
"PPS","P_SAL_Y","LT10","B06","D1111","BG",2008,NA
"PPS","P_SAL_Y","LT10","B07","D01","BG",2008,8966
"PPS","P_SAL_Y","LT10","B07","D111","BG",2008,7255
"PPS","P_SAL_Y","LT10","B07","D1111","BG",2008,6980
"PPS","P_SAL_Y","LT10","B08","D01","BG",2008,7948
"PPS","P_SAL_Y","LT10","B08","D111","BG",2008,6485
"PPS","P_SAL_Y","LT10","B08","D1111","BG",2008,6139
"PPS","P_SAL_Y","LT10","B09","D01","BG",2008,7049
"PPS","P_SAL_Y","LT10","B09","D111","BG",2008,5815
"PPS","P_SAL_Y","LT10","B09","D1111","BG",2008,5640
"PPS","P_SAL_Y","LT10","C","D01","BG",2008,4917
"PPS","P_SAL_Y","LT10","C","D111","BG",2008,4039
"PPS","P_SAL_Y","LT10","C","D1111","BG",2008,3842
"PPS","P_SAL_Y","LT10","C10","D01","BG",2008,4433
"PPS","P_SAL_Y","LT10","C10","D111","BG",2008,3642
"PPS","P_SAL_Y","LT10","C10","D1111","BG",2008,3504
"PPS","P_SAL_Y","LT10","C11","D01","BG",2008,5169
"PPS","P_SAL_Y","LT10","C11","D111","BG",2008,4238
"PPS","P_SAL_Y","LT10","C11","D1111","BG",2008,4071
"PPS","P_SAL_Y","LT10","C12","D01","BG",2008,27368
"PPS","P_SAL_Y","LT10","C12","D111","BG",2008,12547
"PPS","P_SAL_Y","LT10","C12","D1111","BG",2008,10280
"PPS","P_SAL_Y","LT10","C13","D01","BG",2008,5248
"PPS","P_SAL_Y","LT10","C13","D111","BG",2008,4301
"PPS","P_SAL_Y","LT10","C13","D1111","BG",2008,4056
"PPS","P_SAL_Y","LT10","C14","D01","BG",2008,4080
"PPS","P_SAL_Y","LT10","C14","D111","BG",2008,3358
"PPS","P_SAL_Y","LT10","C14","D1111","BG",2008,3249
"PPS","P_SAL_Y","LT10","C15","D01","BG",2008,3948
"PPS","P_SAL_Y","LT10","C15","D111","BG",2008,3246
"PPS","P_SAL_Y","LT10","C15","D1111","BG",2008,3105
"PPS","P_SAL_Y","LT10","C16","D01","BG",2008,4121
"PPS","P_SAL_Y","LT10","C16","D111","BG",2008,3375
"PPS","P_SAL_Y","LT10","C16","D1111","BG",2008,3210
"PPS","P_SAL_Y","LT10","C17","D01","BG",2008,4714
"PPS","P_SAL_Y","LT10","C17","D111","BG",2008,3869
"PPS","P_SAL_Y","LT10","C17","D1111","BG",2008,3628
"PPS","P_SAL_Y","LT10","C18","D01","BG",2008,5265
"PPS","P_SAL_Y","LT10","C18","D111","BG",2008,4362
"PPS","P_SAL_Y","LT10","C18","D1111","BG",2008,4089
"PPS","P_SAL_Y","LT10","C19","D01","BG",2008,6829
"PPS","P_SAL_Y","LT10","C19","D111","BG",2008,5577
"PPS","P_SAL_Y","LT10","C19","D1111","BG",2008,5088
"PPS","P_SAL_Y","LT10","C20","D01","BG",2008,5805
"PPS","P_SAL_Y","LT10","C20","D111","BG",2008,4744
"PPS","P_SAL_Y","LT10","C20","D1111","BG",2008,4457
"PPS","P_SAL_Y","LT10","C21","D01","BG",2008,9449
"PPS","P_SAL_Y","LT10","C21","D111","BG",2008,7789
"PPS","P_SAL_Y","LT10","C21","D1111","BG",2008,7303
"PPS","P_SAL_Y","LT10","C22","D01","BG",2008,4749
"PPS","P_SAL_Y","LT10","C22","D111","BG",2008,3909
"PPS","P_SAL_Y","LT10","C22","D1111","BG",2008,3684
"PPS","P_SAL_Y","LT10","C23","D01","BG",2008,5849
"PPS","P_SAL_Y","LT10","C23","D111","BG",2008,4773
"PPS","P_SAL_Y","LT10","C23","D1111","BG",2008,4512
"PPS","P_SAL_Y","LT10","C24","D01","BG",2008,6760
"PPS","P_SAL_Y","LT10","C24","D111","BG",2008,5508
"PPS","P_SAL_Y","LT10","C24","D1111","BG",2008,5085
"PPS","P_SAL_Y","LT10","C25","D01","BG",2008,5022
"PPS","P_SAL_Y","LT10","C25","D111","BG",2008,4126
"PPS","P_SAL_Y","LT10","C25","D1111","BG",2008,3903
"PPS","P_SAL_Y","LT10","C26","D01","BG",2008,7086
"PPS","P_SAL_Y","LT10","C26","D111","BG",2008,5803
"PPS","P_SAL_Y","LT10","C26","D1111","BG",2008,5364
"PPS","P_SAL_Y","LT10","C27","D01","BG",2008,6918
"PPS","P_SAL_Y","LT10","C27","D111","BG",2008,5767
"PPS","P_SAL_Y","LT10","C27","D1111","BG",2008,5452
"PPS","P_SAL_Y","LT10","C28","D01","BG",2008,7494
"PPS","P_SAL_Y","LT10","C28","D111","BG",2008,6262
"PPS","P_SAL_Y","LT10","C28","D1111","BG",2008,5895
"PPS","P_SAL_Y","LT10","C29","D01","BG",2008,7545
"PPS","P_SAL_Y","LT10","C29","D111","BG",2008,6277
"PPS","P_SAL_Y","LT10","C29","D1111","BG",2008,5938
"PPS","P_SAL_Y","LT10","C30","D01","BG",2008,8053
"PPS","P_SAL_Y","LT10","C30","D111","BG",2008,6649
"PPS","P_SAL_Y","LT10","C30","D1111","BG",2008,6246
"PPS","P_SAL_Y","LT10","C31","D01","BG",2008,4248
"PPS","P_SAL_Y","LT10","C31","D111","BG",2008,3497
"PPS","P_SAL_Y","LT10","C31","D1111","BG",2008,3341
"PPS","P_SAL_Y","LT10","C32","D01","BG",2008,4644
"PPS","P_SAL_Y","LT10","C32","D111","BG",2008,3808
"PPS","P_SAL_Y","LT10","C32","D1111","BG",2008,3589
"PPS","P_SAL_Y","LT10","C33","D01","BG",2008,7482
"PPS","P_SAL_Y","LT10","C33","D111","BG",2008,6126
"PPS","P_SAL_Y","LT10","C33","D1111","BG",2008,5832
"PPS","P_SAL_Y","LT10","D","D01","BG",2008,17247
"PPS","P_SAL_Y","LT10","D","D111","BG",2008,14802
"PPS","P_SAL_Y","LT10","D","D1111","BG",2008,13303
"PPS","P_SAL_Y","LT10","D35","D01","BG",2008,17247
"PPS","P_SAL_Y","LT10","D35","D111","BG",2008,14802
"PPS","P_SAL_Y","LT10","D35","D1111","BG",2008,13303
"PPS","P_SAL_Y","LT10","E","D01","BG",2008,6826
"PPS","P_SAL_Y","LT10","E","D111","BG",2008,5631
"PPS","P_SAL_Y","LT10","E","D1111","BG",2008,5196
"PPS","P_SAL_Y","LT10","E36","D01","BG",2008,8165
"PPS","P_SAL_Y","LT10","E36","D111","BG",2008,6726
"PPS","P_SAL_Y","LT10","E36","D1111","BG",2008,5491
"PPS","P_SAL_Y","LT10","E37","D01","BG",2008,7904
"PPS","P_SAL_Y","LT10","E37","D111","BG",2008,6573
"PPS","P_SAL_Y","LT10","E37","D1111","BG",2008,6246
"PPS","P_SAL_Y","LT10","E38","D01","BG",2008,6514
"PPS","P_SAL_Y","LT10","E38","D111","BG",2008,5370
"PPS","P_SAL_Y","LT10","E38","D1111","BG",2008,5081
"PPS","P_SAL_Y","LT10","E39","D01","BG",2008,5309
"PPS","P_SAL_Y","LT10","E39","D111","BG",2008,4348
"PPS","P_SAL_Y","LT10","E39","D1111","BG",2008,4057
"PPS","P_SAL_Y","LT10","F","D01","BG",2008,6218
"PPS","P_SAL_Y","LT10","F","D111","BG",2008,5127
"PPS","P_SAL_Y","LT10","F","D1111","BG",2008,4880
"PPS","P_SAL_Y","LT10","F41","D01","BG",2008,6414
"PPS","P_SAL_Y","LT10","F41","D111","BG",2008,5291
"PPS","P_SAL_Y","LT10","F41","D1111","BG",2008,5048
"PPS","P_SAL_Y","LT10","F42","D01","BG",2008,8246
"PPS","P_SAL_Y","LT10","F42","D111","BG",2008,6826
"PPS","P_SAL_Y","LT10","F42","D1111","BG",2008,6493
"PPS","P_SAL_Y","LT10","F43","D01","BG",2008,5861
"PPS","P_SAL_Y","LT10","F43","D111","BG",2008,4828
"PPS","P_SAL_Y","LT10","F43","D1111","BG",2008,4588
"PPS","P_SAL_Y","LT10","G","D01","BG",2008,5198
"PPS","P_SAL_Y","LT10","G","D111","BG",2008,4303
"PPS","P_SAL_Y","LT10","G","D1111","BG",2008,4107
"PPS","P_SAL_Y","LT10","G-J","D01","BG",2008,5282
"PPS","P_SAL_Y","LT10","G-J","D111","BG",2008,4374
"PPS","P_SAL_Y","LT10","G-J","D1111","BG",2008,4176
"PPS","P_SAL_Y","LT10","G-N","D01","BG",2008,5926
"PPS","P_SAL_Y","LT10","G-N","D111","BG",2008,4927
"PPS","P_SAL_Y","LT10","G-N","D1111","BG",2008,4688
"PPS","P_SAL_Y","LT10","G-S_X_O","D01","BG",2008,5899
"PPS","P_SAL_Y","LT10","G-S_X_O","D111","BG",2008,4914
"PPS","P_SAL_Y","LT10","G-S_X_O","D1111","BG",2008,4663
"PPS","P_SAL_Y","LT10","G45","D01","BG",2008,5054
"PPS","P_SAL_Y","LT10","G45","D111","BG",2008,4172
"PPS","P_SAL_Y","LT10","G45","D1111","BG",2008,3971
"PPS","P_SAL_Y","LT10","G46","D01","BG",2008,7307
"PPS","P_SAL_Y","LT10","G46","D111","BG",2008,6099
"PPS","P_SAL_Y","LT10","G46","D1111","BG",2008,5755
"PPS","P_SAL_Y","LT10","G47","D01","BG",2008,4445
"PPS","P_SAL_Y","LT10","G47","D111","BG",2008,3664
"PPS","P_SAL_Y","LT10","G47","D1111","BG",2008,3522
"PPS","P_SAL_Y","LT10","H","D01","BG",2008,5451
"PPS","P_SAL_Y","LT10","H","D111","BG",2008,4428
"PPS","P_SAL_Y","LT10","H","D1111","BG",2008,4183
"PPS","P_SAL_Y","LT10","H49","D01","BG",2008,4889
"PPS","P_SAL_Y","LT10","H49","D111","BG",2008,3923
"PPS","P_SAL_Y","LT10","H49","D1111","BG",2008,3740
"PPS","P_SAL_Y","LT10","H50","D01","BG",2008,6953
"PPS","P_SAL_Y","LT10","H50","D111","BG",2008,5611
"PPS","P_SAL_Y","LT10","H50","D1111","BG",2008,5321
"PPS","P_SAL_Y","LT10","H51","D01","BG",2008,13549
"PPS","P_SAL_Y","LT10","H51","D111","BG",2008,10834
"PPS","P_SAL_Y","LT10","H51","D1111","BG",2008,10141
"PPS","P_SAL_Y","LT10","H52","D01","BG",2008,9044
"PPS","P_SAL_Y","LT10","H52","D111","BG",2008,7681
"PPS","P_SAL_Y","LT10","H52","D1111","BG",2008,7126
"PPS","P_SAL_Y","LT10","H53","D01","BG",2008,7549
"PPS","P_SAL_Y","LT10","H53","D111","BG",2008,6228
"PPS","P_SAL_Y","LT10","H53","D1111","BG",2008,5121
"PPS","P_SAL_Y","LT10","I","D01","BG",2008,4210
"PPS","P_SAL_Y","LT10","I","D111","BG",2008,3469
"PPS","P_SAL_Y","LT10","I","D1111","BG",2008,3367
"PPS","P_SAL_Y","LT10","I55","D01","BG",2008,5175
"PPS","P_SAL_Y","LT10","I55","D111","BG",2008,4256
"PPS","P_SAL_Y","LT10","I55","D1111","BG",2008,4069
"PPS","P_SAL_Y","LT10","I56","D01","BG",2008,4097
"PPS","P_SAL_Y","LT10","I56","D111","BG",2008,3377
"PPS","P_SAL_Y","LT10","I56","D1111","BG",2008,3284
"PPS","P_SAL_Y","LT10","J","D01","BG",2008,10800
"PPS","P_SAL_Y","LT10","J","D111","BG",2008,9253
"PPS","P_SAL_Y","LT10","J","D1111","BG",2008,8761
"PPS","P_SAL_Y","LT10","J58","D01","BG",2008,6999
"PPS","P_SAL_Y","LT10","J58","D111","BG",2008,5797
"PPS","P_SAL_Y","LT10","J58","D1111","BG",2008,5442
"PPS","P_SAL_Y","LT10","J59","D01","BG",2008,7686
"PPS","P_SAL_Y","LT10","J59","D111","BG",2008,6482
"PPS","P_SAL_Y","LT10","J59","D1111","BG",2008,6119
"PPS","P_SAL_Y","LT10","J60","D01","BG",2008,6247
"PPS","P_SAL_Y","LT10","J60","D111","BG",2008,5108
"PPS","P_SAL_Y","LT10","J60","D1111","BG",2008,4763
"PPS","P_SAL_Y","LT10","J61","D01","BG",2008,13575
"PPS","P_SAL_Y","LT10","J61","D111","BG",2008,12261
"PPS","P_SAL_Y","LT10","J61","D1111","BG",2008,11877
"PPS","P_SAL_Y","LT10","J62","D01","BG",2008,12657
"PPS","P_SAL_Y","LT10","J62","D111","BG",2008,10754
"PPS","P_SAL_Y","LT10","J62","D1111","BG",2008,10115
"PPS","P_SAL_Y","LT10","J63","D01","BG",2008,8533
"PPS","P_SAL_Y","LT10","J63","D111","BG",2008,7112
"PPS","P_SAL_Y","LT10","J63","D1111","BG",2008,6676
"PPS","P_SAL_Y","LT10","K","D01","BG",2008,12891
"PPS","P_SAL_Y","LT10","K","D111","BG",2008,10850
"PPS","P_SAL_Y","LT10","K","D1111","BG",2008,10161
"PPS","P_SAL_Y","LT10","K-N","D01","BG",2008,8609
"PPS","P_SAL_Y","LT10","K-N","D111","BG",2008,7233
"PPS","P_SAL_Y","LT10","K-N","D1111","BG",2008,6820
"PPS","P_SAL_Y","LT10","K64","D01","BG",2008,15733
"PPS","P_SAL_Y","LT10","K64","D111","BG",2008,13261
"PPS","P_SAL_Y","LT10","K64","D1111","BG",2008,12330
"PPS","P_SAL_Y","LT10","K65","D01","BG",2008,19331
"PPS","P_SAL_Y","LT10","K65","D111","BG",2008,16489
"PPS","P_SAL_Y","LT10","K65","D1111","BG",2008,15498
"PPS","P_SAL_Y","LT10","K66","D01","BG",2008,8534
"PPS","P_SAL_Y","LT10","K66","D111","BG",2008,7136
"PPS","P_SAL_Y","LT10","K66","D1111","BG",2008,6792
"PPS","P_SAL_Y","LT10","L","D01","BG",2008,8931
"PPS","P_SAL_Y","LT10","L","D111","BG",2008,7553
"PPS","P_SAL_Y","LT10","L","D1111","BG",2008,7147
"PPS","P_SAL_Y","LT10","L68","D01","BG",2008,8931
"PPS","P_SAL_Y","LT10","L68","D111","BG",2008,7553
"PPS","P_SAL_Y","LT10","L68","D1111","BG",2008,7147
"PPS","P_SAL_Y","LT10","M","D01","BG",2008,8322
"PPS","P_SAL_Y","LT10","M","D111","BG",2008,6980
"PPS","P_SAL_Y","LT10","M","D1111","BG",2008,6580
"PPS","P_SAL_Y","LT10","M69","D01","BG",2008,6485
"PPS","P_SAL_Y","LT10","M69","D111","BG",2008,5353
"PPS","P_SAL_Y","LT10","M69","D1111","BG",2008,5047
"PPS","P_SAL_Y","LT10","M70","D01","BG",2008,14852
"PPS","P_SAL_Y","LT10","M70","D111","BG",2008,12892
"PPS","P_SAL_Y","LT10","M70","D1111","BG",2008,12153
"PPS","P_SAL_Y","LT10","M71","D01","BG",2008,8696
"PPS","P_SAL_Y","LT10","M71","D111","BG",2008,7260
"PPS","P_SAL_Y","LT10","M71","D1111","BG",2008,6823
"PPS","P_SAL_Y","LT10","M72","D01","BG",2008,12087
"PPS","P_SAL_Y","LT10","M72","D111","BG",2008,10233
"PPS","P_SAL_Y","LT10","M72","D1111","BG",2008,9590
"PPS","P_SAL_Y","LT10","M73","D01","BG",2008,7692
"PPS","P_SAL_Y","LT10","M73","D111","BG",2008,6455
"PPS","P_SAL_Y","LT10","M73","D1111","BG",2008,6088
"PPS","P_SAL_Y","LT10","M74","D01","BG",2008,8747
"PPS","P_SAL_Y","LT10","M74","D111","BG",2008,7339
"PPS","P_SAL_Y","LT10","M74","D1111","BG",2008,6954
"PPS","P_SAL_Y","LT10","M75","D01","BG",2008,4867
"PPS","P_SAL_Y","LT10","M75","D111","BG",2008,4021
"PPS","P_SAL_Y","LT10","M75","D1111","BG",2008,3872
"PPS","P_SAL_Y","LT10","N","D01","BG",2008,6709
"PPS","P_SAL_Y","LT10","N","D111","BG",2008,5603
"PPS","P_SAL_Y","LT10","N","D1111","BG",2008,5290
"PPS","P_SAL_Y","LT10","N77","D01","BG",2008,7804
"PPS","P_SAL_Y","LT10","N77","D111","BG",2008,6537
"PPS","P_SAL_Y","LT10","N77","D1111","BG",2008,6211
"PPS","P_SAL_Y","LT10","N78","D01","BG",2008,11257
"PPS","P_SAL_Y","LT10","N78","D111","BG",2008,9497
"PPS","P_SAL_Y","LT10","N78","D1111","BG",2008,8905
"PPS","P_SAL_Y","LT10","N79","D01","BG",2008,6891
"PPS","P_SAL_Y","LT10","N79","D111","BG",2008,5688
"PPS","P_SAL_Y","LT10","N79","D1111","BG",2008,5379
"PPS","P_SAL_Y","LT10","N80","D01","BG",2008,4543
"PPS","P_SAL_Y","LT10","N80","D111","BG",2008,3779
"PPS","P_SAL_Y","LT10","N80","D1111","BG",2008,3602
"PPS","P_SAL_Y","LT10","N81","D01","BG",2008,4964
"PPS","P_SAL_Y","LT10","N81","D111","BG",2008,4121
"PPS","P_SAL_Y","LT10","N81","D1111","BG",2008,3902
"PPS","P_SAL_Y","LT10","N82","D01","BG",2008,7758
"PPS","P_SAL_Y","LT10","N82","D111","BG",2008,6559
"PPS","P_SAL_Y","LT10","N82","D1111","BG",2008,6125
"PPS","P_SAL_Y","LT10","O","D01","BG",2008,16013
"PPS","P_SAL_Y","LT10","O","D111","BG",2008,12478
"PPS","P_SAL_Y","LT10","O","D1111","BG",2008,11265
"PPS","P_SAL_Y","LT10","O-S","D01","BG",2008,6098
"PPS","P_SAL_Y","LT10","O-S","D111","BG",2008,5110
"PPS","P_SAL_Y","LT10","O-S","D1111","BG",2008,4752
"PPS","P_SAL_Y","LT10","O84","D01","BG",2008,16013
"PPS","P_SAL_Y","LT10","O84","D111","BG",2008,12478
"PPS","P_SAL_Y","LT10","O84","D1111","BG",2008,11265
"PPS","P_SAL_Y","LT10","P","D01","BG",2008,7540
"PPS","P_SAL_Y","LT10","P","D111","BG",2008,5923
"PPS","P_SAL_Y","LT10","P","D1111","BG",2008,5177
"PPS","P_SAL_Y","LT10","P-S","D01","BG",2008,5712
"PPS","P_SAL_Y","LT10","P-S","D111","BG",2008,4823
"PPS","P_SAL_Y","LT10","P-S","D1111","BG",2008,4499
"PPS","P_SAL_Y","LT10","P85","D01","BG",2008,7540
"PPS","P_SAL_Y","LT10","P85","D111","BG",2008,5923
"PPS","P_SAL_Y","LT10","P85","D1111","BG",2008,5177
"PPS","P_SAL_Y","LT10","Q","D01","BG",2008,5229
"PPS","P_SAL_Y","LT10","Q","D111","BG",2008,4322
"PPS","P_SAL_Y","LT10","Q","D1111","BG",2008,4156
"PPS","P_SAL_Y","LT10","Q86","D01","BG",2008,5192
"PPS","P_SAL_Y","LT10","Q86","D111","BG",2008,4294
"PPS","P_SAL_Y","LT10","Q86","D1111","BG",2008,4144
"PPS","P_SAL_Y","LT10","Q87","D01","BG",2008,5250
"PPS","P_SAL_Y","LT10","Q87","D111","BG",2008,4467
"PPS","P_SAL_Y","LT10","Q87","D1111","BG",2008,4137
"PPS","P_SAL_Y","LT10","Q88","D01","BG",2008,5992
"PPS","P_SAL_Y","LT10","Q88","D111","BG",2008,4881
"PPS","P_SAL_Y","LT10","Q88","D1111","BG",2008,4416
"PPS","P_SAL_Y","LT10","R","D01","BG",2008,5194
"PPS","P_SAL_Y","LT10","R","D111","BG",2008,4285
"PPS","P_SAL_Y","LT10","R","D1111","BG",2008,4052
"PPS","P_SAL_Y","LT10","R90","D01","BG",2008,6030
"PPS","P_SAL_Y","LT10","R90","D111","BG",2008,4999
"PPS","P_SAL_Y","LT10","R90","D1111","BG",2008,4737
"PPS","P_SAL_Y","LT10","R91","D01","BG",2008,7335
"PPS","P_SAL_Y","LT10","R91","D111","BG",2008,6005
"PPS","P_SAL_Y","LT10","R91","D1111","BG",2008,5407
"PPS","P_SAL_Y","LT10","R92","D01","BG",2008,4399
"PPS","P_SAL_Y","LT10","R92","D111","BG",2008,3628
"PPS","P_SAL_Y","LT10","R92","D1111","BG",2008,3447
"PPS","P_SAL_Y","LT10","R93","D01","BG",2008,5480
"PPS","P_SAL_Y","LT10","R93","D111","BG",2008,4525
"PPS","P_SAL_Y","LT10","R93","D1111","BG",2008,4294
"PPS","P_SAL_Y","LT10","S","D01","BG",2008,5472
"PPS","P_SAL_Y","LT10","S","D111","BG",2008,4886
"PPS","P_SAL_Y","LT10","S","D1111","BG",2008,4594
"PPS","P_SAL_Y","LT10","S94","D01","BG",2008,6691
"PPS","P_SAL_Y","LT10","S94","D111","BG",2008,6309
"PPS","P_SAL_Y","LT10","S94","D1111","BG",2008,5858
"PPS","P_SAL_Y","LT10","S95","D01","BG",2008,4710
"PPS","P_SAL_Y","LT10","S95","D111","BG",2008,3889
"PPS","P_SAL_Y","LT10","S95","D1111","BG",2008,3731
"PPS","P_SAL_Y","LT10","S96","D01","BG",2008,4314
"PPS","P_SAL_Y","LT10","S96","D111","BG",2008,3561
"PPS","P_SAL_Y","LT10","S96","D1111","BG",2008,3412
"PPS","P_SAL_Y","TOTAL","B","D01","BG",2008,17723
"PPS","P_SAL_Y","TOTAL","B","D111","BG",2008,13009
"PPS","P_SAL_Y","TOTAL","B","D1111","BG",2008,11040
"PPS","P_SAL_Y","TOTAL","B-E","D01","BG",2008,9917
"PPS","P_SAL_Y","TOTAL","B-E","D111","BG",2008,7907
"PPS","P_SAL_Y","TOTAL","B-E","D1111","BG",2008,6920
"PPS","P_SAL_Y","TOTAL","B-F","D01","BG",2008,9457
"PPS","P_SAL_Y","TOTAL","B-F","D111","BG",2008,7587
"PPS","P_SAL_Y","TOTAL","B-F","D1111","BG",2008,6741
"PPS","P_SAL_Y","TOTAL","B-N","D01","BG",2008,9658
"PPS","P_SAL_Y","TOTAL","B-N","D111","BG",2008,7908
"PPS","P_SAL_Y","TOTAL","B-N","D1111","BG",2008,7116
"PPS","P_SAL_Y","TOTAL","B-S","D01","BG",2008,9920
"PPS","P_SAL_Y","TOTAL","B-S","D111","BG",2008,8091
"PPS","P_SAL_Y","TOTAL","B-S","D1111","BG",2008,7246
"PPS","P_SAL_Y","TOTAL","B-S_X_O","D01","BG",2008,9686
"PPS","P_SAL_Y","TOTAL","B-S_X_O","D111","BG",2008,7922
"PPS","P_SAL_Y","TOTAL","B-S_X_O","D1111","BG",2008,7091
"PPS","P_SAL_Y","TOTAL","B05","D01","BG",2008,19437
"PPS","P_SAL_Y","TOTAL","B05","D111","BG",2008,13710
"PPS","P_SAL_Y","TOTAL","B05","D1111","BG",2008,11080
"PPS","P_SAL_Y","TOTAL","B06","D01","BG",2008,14800
"PPS","P_SAL_Y","TOTAL","B06","D111","BG",2008,12260
"PPS","P_SAL_Y","TOTAL","B06","D1111","BG",2008,10889
"PPS","P_SAL_Y","TOTAL","B07","D01","BG",2008,21582
"PPS","P_SAL_Y","TOTAL","B07","D111","BG",2008,16268
"PPS","P_SAL_Y","TOTAL","B07","D1111","BG",2008,14295
"PPS","P_SAL_Y","TOTAL","B08","D01","BG",2008,12016
"PPS","P_SAL_Y","TOTAL","B08","D111","BG",2008,9315
"PPS","P_SAL_Y","TOTAL","B08","D1111","BG",2008,8388
"PPS","P_SAL_Y","TOTAL","B09","D01","BG",2008,5644
"PPS","P_SAL_Y","TOTAL","B09","D111","BG",2008,4748
"PPS","P_SAL_Y","TOTAL","B09","D1111","BG",2008,4619
"PPS","P_SAL_Y","TOTAL","C","D01","BG",2008,8659
"PPS","P_SAL_Y","TOTAL","C","D111","BG",2008,6989
"PPS","P_SAL_Y","TOTAL","C","D1111","BG",2008,6291
"PPS","P_SAL_Y","TOTAL","C10","D01","BG",2008,7017
"PPS","P_SAL_Y","TOTAL","C10","D111","BG",2008,5770
"PPS","P_SAL_Y","TOTAL","C10","D1111","BG",2008,5345
"PPS","P_SAL_Y","TOTAL","C11","D01","BG",2008,11640
"PPS","P_SAL_Y","TOTAL","C11","D111","BG",2008,9709
"PPS","P_SAL_Y","TOTAL","C11","D1111","BG",2008,8584
"PPS","P_SAL_Y","TOTAL","C12","D01","BG",2008,24992
"PPS","P_SAL_Y","TOTAL","C12","D111","BG",2008,18573
"PPS","P_SAL_Y","TOTAL","C12","D1111","BG",2008,15987
"PPS","P_SAL_Y","TOTAL","C13","D01","BG",2008,7922
"PPS","P_SAL_Y","TOTAL","C13","D111","BG",2008,6386
"PPS","P_SAL_Y","TOTAL","C13","D1111","BG",2008,5808
"PPS","P_SAL_Y","TOTAL","C14","D01","BG",2008,5445
"PPS","P_SAL_Y","TOTAL","C14","D111","BG",2008,4465
"PPS","P_SAL_Y","TOTAL","C14","D1111","BG",2008,4067
"PPS","P_SAL_Y","TOTAL","C15","D01","BG",2008,4925
"PPS","P_SAL_Y","TOTAL","C15","D111","BG",2008,4030
"PPS","P_SAL_Y","TOTAL","C15","D1111","BG",2008,3699
"PPS","P_SAL_Y","TOTAL","C16","D01","BG",2008,6407
"PPS","P_SAL_Y","TOTAL","C16","D111","BG",2008,5249
"PPS","P_SAL_Y","TOTAL","C16","D1111","BG",2008,4807
"PPS","P_SAL_Y","TOTAL","C17","D01","BG",2008,8396
"PPS","P_SAL_Y","TOTAL","C17","D111","BG",2008,6808
"PPS","P_SAL_Y","TOTAL","C17","D1111","BG",2008,6053
"PPS","P_SAL_Y","TOTAL","C18","D01","BG",2008,9438
"PPS","P_SAL_Y","TOTAL","C18","D111","BG",2008,7830
"PPS","P_SAL_Y","TOTAL","C18","D1111","BG",2008,7116
"PPS","P_SAL_Y","TOTAL","C19","D01","BG",2008,37151
"PPS","P_SAL_Y","TOTAL","C19","D111","BG",2008,26499
"PPS","P_SAL_Y","TOTAL","C19","D1111","BG",2008,21988
"PPS","P_SAL_Y","TOTAL","C20","D01","BG",2008,13112
"PPS","P_SAL_Y","TOTAL","C20","D111","BG",2008,10198
"PPS","P_SAL_Y","TOTAL","C20","D1111","BG",2008,8986
"PPS","P_SAL_Y","TOTAL","C21","D01","BG",2008,13993
"PPS","P_SAL_Y","TOTAL","C21","D111","BG",2008,11091
"PPS","P_SAL_Y","TOTAL","C21","D1111","BG",2008,9796
"PPS","P_SAL_Y","TOTAL","C22","D01","BG",2008,6518
"PPS","P_SAL_Y","TOTAL","C22","D111","BG",2008,5348
"PPS","P_SAL_Y","TOTAL","C22","D1111","BG",2008,4923
"PPS","P_SAL_Y","TOTAL","C23","D01","BG",2008,10706
"PPS","P_SAL_Y","TOTAL","C23","D111","BG",2008,8600
"PPS","P_SAL_Y","TOTAL","C23","D1111","BG",2008,7760
"PPS","P_SAL_Y","TOTAL","C24","D01","BG",2008,18517
"PPS","P_SAL_Y","TOTAL","C24","D111","BG",2008,14327
"PPS","P_SAL_Y","TOTAL","C24","D1111","BG",2008,12512
"PPS","P_SAL_Y","TOTAL","C25","D01","BG",2008,8252
"PPS","P_SAL_Y","TOTAL","C25","D111","BG",2008,6680
"PPS","P_SAL_Y","TOTAL","C25","D1111","BG",2008,6079
"PPS","P_SAL_Y","TOTAL","C26","D01","BG",2008,11230
"PPS","P_SAL_Y","TOTAL","C26","D111","BG",2008,9279
"PPS","P_SAL_Y","TOTAL","C26","D1111","BG",2008,8179
"PPS","P_SAL_Y","TOTAL","C27","D01","BG",2008,10754
"PPS","P_SAL_Y","TOTAL","C27","D111","BG",2008,8761
"PPS","P_SAL_Y","TOTAL","C27","D1111","BG",2008,7799
"PPS","P_SAL_Y","TOTAL","C28","D01","BG",2008,10644
"PPS","P_SAL_Y","TOTAL","C28","D111","BG",2008,8665
"PPS","P_SAL_Y","TOTAL","C28","D1111","BG",2008,7673
"PPS","P_SAL_Y","TOTAL","C29","D01","BG",2008,8800
"PPS","P_SAL_Y","TOTAL","C29","D111","BG",2008,7176
"PPS","P_SAL_Y","TOTAL","C29","D1111","BG",2008,6504
"PPS","P_SAL_Y","TOTAL","C30","D01","BG",2008,13301
"PPS","P_SAL_Y","TOTAL","C30","D111","BG",2008,10599
"PPS","P_SAL_Y","TOTAL","C30","D1111","BG",2008,9485
"PPS","P_SAL_Y","TOTAL","C31","D01","BG",2008,5443
"PPS","P_SAL_Y","TOTAL","C31","D111","BG",2008,4457
"PPS","P_SAL_Y","TOTAL","C31","D1111","BG",2008,4119
"PPS","P_SAL_Y","TOTAL","C32","D01","BG",2008,6833
"PPS","P_SAL_Y","TOTAL","C32","D111","BG",2008,5627
"PPS","P_SAL_Y","TOTAL","C32","D1111","BG",2008,5132
"PPS","P_SAL_Y","TOTAL","C33","D01","BG",2008,13410
"PPS","P_SAL_Y","TOTAL","C33","D111","BG",2008,10790
"PPS","P_SAL_Y","TOTAL","C33","D1111","BG",2008,9630
"PPS","P_SAL_Y","TOTAL","D","D01","BG",2008,24120
"PPS","P_SAL_Y","TOTAL","D","D111","BG",2008,18525
"PPS","P_SAL_Y","TOTAL","D","D1111","BG",2008,13834
"PPS","P_SAL_Y","TOTAL","D35","D01","BG",2008,24120
"PPS","P_SAL_Y","TOTAL","D35","D111","BG",2008,18525
"PPS","P_SAL_Y","TOTAL","D35","D1111","BG",2008,13834
"PPS","P_SAL_Y","TOTAL","E","D01","BG",2008,10825
"PPS","P_SAL_Y","TOTAL","E","D111","BG",2008,8827
"PPS","P_SAL_Y","TOTAL","E","D1111","BG",2008,7374
"PPS","P_SAL_Y","TOTAL","E36","D01","BG",2008,12258
"PPS","P_SAL_Y","TOTAL","E36","D111","BG",2008,9944
"PPS","P_SAL_Y","TOTAL","E36","D1111","BG",2008,7787
"PPS","P_SAL_Y","TOTAL","E37","D01","BG",2008,11830
"PPS","P_SAL_Y","TOTAL","E37","D111","BG",2008,10232
"PPS","P_SAL_Y","TOTAL","E37","D1111","BG",2008,9665
"PPS","P_SAL_Y","TOTAL","E38","D01","BG",2008,9053
"PPS","P_SAL_Y","TOTAL","E38","D111","BG",2008,7427
"PPS","P_SAL_Y","TOTAL","E38","D1111","BG",2008,6792
"PPS","P_SAL_Y","TOTAL","E39","D01","BG",2008,10192
"PPS","P_SAL_Y","TOTAL","E39","D111","BG",2008,8304
"PPS","P_SAL_Y","TOTAL","E39","D1111","BG",2008,7455
"PPS","P_SAL_Y","TOTAL","F","D01","BG",2008,8125
"PPS","P_SAL_Y","TOTAL","F","D111","BG",2008,6662
"PPS","P_SAL_Y","TOTAL","F","D1111","BG",2008,6224
"PPS","P_SAL_Y","TOTAL","F41","D01","BG",2008,7361
"PPS","P_SAL_Y","TOTAL","F41","D111","BG",2008,6067
"PPS","P_SAL_Y","TOTAL","F41","D1111","BG",2008,5684
"PPS","P_SAL_Y","TOTAL","F42","D01","BG",2008,10884
"PPS","P_SAL_Y","TOTAL","F42","D111","BG",2008,8762
"PPS","P_SAL_Y","TOTAL","F42","D1111","BG",2008,8074
"PPS","P_SAL_Y","TOTAL","F43","D01","BG",2008,7868
"PPS","P_SAL_Y","TOTAL","F43","D111","BG",2008,6498
"PPS","P_SAL_Y","TOTAL","F43","D1111","BG",2008,6114
"PPS","P_SAL_Y","TOTAL","G","D01","BG",2008,7736
"PPS","P_SAL_Y","TOTAL","G","D111","BG",2008,6453
"PPS","P_SAL_Y","TOTAL","G","D1111","BG",2008,6047
"PPS","P_SAL_Y","TOTAL","G-J","D01","BG",2008,9298
"PPS","P_SAL_Y","TOTAL","G-J","D111","BG",2008,7717
"PPS","P_SAL_Y","TOTAL","G-J","D1111","BG",2008,7000
"PPS","P_SAL_Y","TOTAL","G-N","D01","BG",2008,9856
"PPS","P_SAL_Y","TOTAL","G-N","D111","BG",2008,8224
"PPS","P_SAL_Y","TOTAL","G-N","D1111","BG",2008,7486
"PPS","P_SAL_Y","TOTAL","G-S_X_O","D01","BG",2008,9850
"PPS","P_SAL_Y","TOTAL","G-S_X_O","D111","BG",2008,8162
"PPS","P_SAL_Y","TOTAL","G-S_X_O","D1111","BG",2008,7342
"PPS","P_SAL_Y","TOTAL","G45","D01","BG",2008,9258
"PPS","P_SAL_Y","TOTAL","G45","D111","BG",2008,7764
"PPS","P_SAL_Y","TOTAL","G45","D1111","BG",2008,7241
"PPS","P_SAL_Y","TOTAL","G46","D01","BG",2008,9834
"PPS","P_SAL_Y","TOTAL","G46","D111","BG",2008,8280
"PPS","P_SAL_Y","TOTAL","G46","D1111","BG",2008,7727
"PPS","P_SAL_Y","TOTAL","G47","D01","BG",2008,5930
"PPS","P_SAL_Y","TOTAL","G47","D111","BG",2008,4883
"PPS","P_SAL_Y","TOTAL","G47","D1111","BG",2008,4605
"PPS","P_SAL_Y","TOTAL","H","D01","BG",2008,11718
"PPS","P_SAL_Y","TOTAL","H","D111","BG",2008,9537
"PPS","P_SAL_Y","TOTAL","H","D1111","BG",2008,7927
"PPS","P_SAL_Y","TOTAL","H49","D01","BG",2008,8855
"PPS","P_SAL_Y","TOTAL","H49","D111","BG",2008,7000
"PPS","P_SAL_Y","TOTAL","H49","D1111","BG",2008,6052
"PPS","P_SAL_Y","TOTAL","H50","D01","BG",2008,19429
"PPS","P_SAL_Y","TOTAL","H50","D111","BG",2008,14529
"PPS","P_SAL_Y","TOTAL","H50","D1111","BG",2008,11914
"PPS","P_SAL_Y","TOTAL","H51","D01","BG",2008,30588
"PPS","P_SAL_Y","TOTAL","H51","D111","BG",2008,25071
"PPS","P_SAL_Y","TOTAL","H51","D1111","BG",2008,22372
"PPS","P_SAL_Y","TOTAL","H52","D01","BG",2008,16892
"PPS","P_SAL_Y","TOTAL","H52","D111","BG",2008,14406
"PPS","P_SAL_Y","TOTAL","H52","D1111","BG",2008,11520
"PPS","P_SAL_Y","TOTAL","H53","D01","BG",2008,10057
"PPS","P_SAL_Y","TOTAL","H53","D111","BG",2008,8244
"PPS","P_SAL_Y","TOTAL","H53","D1111","BG",2008,6462
"PPS","P_SAL_Y","TOTAL","I","D01","BG",2008,5816
"PPS","P_SAL_Y","TOTAL","I","D111","BG",2008,4778
"PPS","P_SAL_Y","TOTAL","I","D1111","BG",2008,4509
"PPS","P_SAL_Y","TOTAL","I55","D01","BG",2008,7450
"PPS","P_SAL_Y","TOTAL","I55","D111","BG",2008,6098
"PPS","P_SAL_Y","TOTAL","I55","D1111","BG",2008,5667
"PPS","P_SAL_Y","TOTAL","I56","D01","BG",2008,5001
"PPS","P_SAL_Y","TOTAL","I56","D111","BG",2008,4121
"PPS","P_SAL_Y","TOTAL","I56","D1111","BG",2008,3931
"PPS","P_SAL_Y","TOTAL","J","D01","BG",2008,19974
"PPS","P_SAL_Y","TOTAL","J","D111","BG",2008,16923
"PPS","P_SAL_Y","TOTAL","J","D1111","BG",2008,15529
"PPS","P_SAL_Y","TOTAL","J58","D01","BG",2008,11554
"PPS","P_SAL_Y","TOTAL","J58","D111","BG",2008,9758
"PPS","P_SAL_Y","TOTAL","J58","D1111","BG",2008,9085
"PPS","P_SAL_Y","TOTAL","J59","D01","BG",2008,12302
"PPS","P_SAL_Y","TOTAL","J59","D111","BG",2008,10263
"PPS","P_SAL_Y","TOTAL","J59","D1111","BG",2008,9605
"PPS","P_SAL_Y","TOTAL","J60","D01","BG",2008,14182
"PPS","P_SAL_Y","TOTAL","J60","D111","BG",2008,11807
"PPS","P_SAL_Y","TOTAL","J60","D1111","BG",2008,10872
"PPS","P_SAL_Y","TOTAL","J61","D01","BG",2008,20990
"PPS","P_SAL_Y","TOTAL","J61","D111","BG",2008,17675
"PPS","P_SAL_Y","TOTAL","J61","D1111","BG",2008,16223
"PPS","P_SAL_Y","TOTAL","J62","D01","BG",2008,26061
"PPS","P_SAL_Y","TOTAL","J62","D111","BG",2008,22303
"PPS","P_SAL_Y","TOTAL","J62","D1111","BG",2008,20390
"PPS","P_SAL_Y","TOTAL","J63","D01","BG",2008,16833
"PPS","P_SAL_Y","TOTAL","J63","D111","BG",2008,14323
"PPS","P_SAL_Y","TOTAL","J63","D1111","BG",2008,13088
"PPS","P_SAL_Y","TOTAL","K","D01","BG",2008,21272
"PPS","P_SAL_Y","TOTAL","K","D111","BG",2008,17915
"PPS","P_SAL_Y","TOTAL","K","D1111","BG",2008,16271
"PPS","P_SAL_Y","TOTAL","K-N","D01","BG",2008,11426
"PPS","P_SAL_Y","TOTAL","K-N","D111","BG",2008,9648
"PPS","P_SAL_Y","TOTAL","K-N","D1111","BG",2008,8852
"PPS","P_SAL_Y","TOTAL","K64","D01","BG",2008,21751
"PPS","P_SAL_Y","TOTAL","K64","D111","BG",2008,18304
"PPS","P_SAL_Y","TOTAL","K64","D1111","BG",2008,16529
"PPS","P_SAL_Y","TOTAL","K65","D01","BG",2008,22468
"PPS","P_SAL_Y","TOTAL","K65","D111","BG",2008,19077
"PPS","P_SAL_Y","TOTAL","K65","D1111","BG",2008,17780
"PPS","P_SAL_Y","TOTAL","K66","D01","BG",2008,14683
"PPS","P_SAL_Y","TOTAL","K66","D111","BG",2008,12301
"PPS","P_SAL_Y","TOTAL","K66","D1111","BG",2008,11484
"PPS","P_SAL_Y","TOTAL","L","D01","BG",2008,9936
"PPS","P_SAL_Y","TOTAL","L","D111","BG",2008,8354
"PPS","P_SAL_Y","TOTAL","L","D1111","BG",2008,7737
"PPS","P_SAL_Y","TOTAL","L68","D01","BG",2008,9936
"PPS","P_SAL_Y","TOTAL","L68","D111","BG",2008,8354
"PPS","P_SAL_Y","TOTAL","L68","D1111","BG",2008,7737
"PPS","P_SAL_Y","TOTAL","M","D01","BG",2008,13167
"PPS","P_SAL_Y","TOTAL","M","D111","BG",2008,11115
"PPS","P_SAL_Y","TOTAL","M","D1111","BG",2008,10174
"PPS","P_SAL_Y","TOTAL","M69","D01","BG",2008,11280
"PPS","P_SAL_Y","TOTAL","M69","D111","BG",2008,9532
"PPS","P_SAL_Y","TOTAL","M69","D1111","BG",2008,8879
"PPS","P_SAL_Y","TOTAL","M70","D01","BG",2008,21204
"PPS","P_SAL_Y","TOTAL","M70","D111","BG",2008,18214
"PPS","P_SAL_Y","TOTAL","M70","D1111","BG",2008,16495
"PPS","P_SAL_Y","TOTAL","M71","D01","BG",2008,13242
"PPS","P_SAL_Y","TOTAL","M71","D111","BG",2008,11098
"PPS","P_SAL_Y","TOTAL","M71","D1111","BG",2008,10096
"PPS","P_SAL_Y","TOTAL","M72","D01","BG",2008,11205
"PPS","P_SAL_Y","TOTAL","M72","D111","BG",2008,9199
"PPS","P_SAL_Y","TOTAL","M72","D1111","BG",2008,8068
"PPS","P_SAL_Y","TOTAL","M73","D01","BG",2008,12721
"PPS","P_SAL_Y","TOTAL","M73","D111","BG",2008,10803
"PPS","P_SAL_Y","TOTAL","M73","D1111","BG",2008,10061
"PPS","P_SAL_Y","TOTAL","M74","D01","BG",2008,13312
"PPS","P_SAL_Y","TOTAL","M74","D111","BG",2008,11455
"PPS","P_SAL_Y","TOTAL","M74","D1111","BG",2008,10825
"PPS","P_SAL_Y","TOTAL","M75","D01","BG",2008,4867
"PPS","P_SAL_Y","TOTAL","M75","D111","BG",2008,4021
"PPS","P_SAL_Y","TOTAL","M75","D1111","BG",2008,3872
"PPS","P_SAL_Y","TOTAL","N","D01","BG",2008,5671
"PPS","P_SAL_Y","TOTAL","N","D111","BG",2008,4822
"PPS","P_SAL_Y","TOTAL","N","D1111","BG",2008,4507
"PPS","P_SAL_Y","TOTAL","N77","D01","BG",2008,10980
"PPS","P_SAL_Y","TOTAL","N77","D111","BG",2008,9235
"PPS","P_SAL_Y","TOTAL","N77","D1111","BG",2008,8591
"PPS","P_SAL_Y","TOTAL","N78","D01","BG",2008,10884
"PPS","P_SAL_Y","TOTAL","N78","D111","BG",2008,8990
"PPS","P_SAL_Y","TOTAL","N78","D1111","BG",2008,8330
"PPS","P_SAL_Y","TOTAL","N79","D01","BG",2008,8231
"PPS","P_SAL_Y","TOTAL","N79","D111","BG",2008,6879
"PPS","P_SAL_Y","TOTAL","N79","D1111","BG",2008,6510
"PPS","P_SAL_Y","TOTAL","N80","D01","BG",2008,5149
"PPS","P_SAL_Y","TOTAL","N80","D111","BG",2008,4235
"PPS","P_SAL_Y","TOTAL","N80","D1111","BG",2008,3984
"PPS","P_SAL_Y","TOTAL","N81","D01","BG",2008,3988
"PPS","P_SAL_Y","TOTAL","N81","D111","BG",2008,3720
"PPS","P_SAL_Y","TOTAL","N81","D1111","BG",2008,3443
"PPS","P_SAL_Y","TOTAL","N82","D01","BG",2008,11814
"PPS","P_SAL_Y","TOTAL","N82","D111","BG",2008,9781
"PPS","P_SAL_Y","TOTAL","N82","D1111","BG",2008,9116
"PPS","P_SAL_Y","TOTAL","O","D01","BG",2008,14051
"PPS","P_SAL_Y","TOTAL","O","D111","BG",2008,11077
"PPS","P_SAL_Y","TOTAL","O","D1111","BG",2008,9976
"PPS","P_SAL_Y","TOTAL","O-S","D01","BG",2008,10947
"PPS","P_SAL_Y","TOTAL","O-S","D111","BG",2008,8811
"PPS","P_SAL_Y","TOTAL","O-S","D1111","BG",2008,7754
"PPS","P_SAL_Y","TOTAL","O84","D01","BG",2008,14051
"PPS","P_SAL_Y","TOTAL","O84","D111","BG",2008,11077
"PPS","P_SAL_Y","TOTAL","O84","D1111","BG",2008,9976
"PPS","P_SAL_Y","TOTAL","P","D01","BG",2008,10604
"PPS","P_SAL_Y","TOTAL","P","D111","BG",2008,8473
"PPS","P_SAL_Y","TOTAL","P","D1111","BG",2008,7089
"PPS","P_SAL_Y","TOTAL","P-S","D01","BG",2008,9835
"PPS","P_SAL_Y","TOTAL","P-S","D111","BG",2008,7998
"PPS","P_SAL_Y","TOTAL","P-S","D1111","BG",2008,6957
"PPS","P_SAL_Y","TOTAL","P85","D01","BG",2008,10604
"PPS","P_SAL_Y","TOTAL","P85","D111","BG",2008,8473
"PPS","P_SAL_Y","TOTAL","P85","D1111","BG",2008,7089
"PPS","P_SAL_Y","TOTAL","Q","D01","BG",2008,10078
"PPS","P_SAL_Y","TOTAL","Q","D111","BG",2008,8279
"PPS","P_SAL_Y","TOTAL","Q","D1111","BG",2008,7437
"PPS","P_SAL_Y","TOTAL","Q86","D01","BG",2008,10936
"PPS","P_SAL_Y","TOTAL","Q86","D111","BG",2008,8987
"PPS","P_SAL_Y","TOTAL","Q86","D1111","BG",2008,8099
"PPS","P_SAL_Y","TOTAL","Q87","D01","BG",2008,7389
"PPS","P_SAL_Y","TOTAL","Q87","D111","BG",2008,6060
"PPS","P_SAL_Y","TOTAL","Q87","D1111","BG",2008,5329
"PPS","P_SAL_Y","TOTAL","Q88","D01","BG",2008,6414
"PPS","P_SAL_Y","TOTAL","Q88","D111","BG",2008,5251
"PPS","P_SAL_Y","TOTAL","Q88","D1111","BG",2008,4645
"PPS","P_SAL_Y","TOTAL","R","D01","BG",2008,8017
"PPS","P_SAL_Y","TOTAL","R","D111","BG",2008,6651
"PPS","P_SAL_Y","TOTAL","R","D1111","BG",2008,6057
"PPS","P_SAL_Y","TOTAL","R90","D01","BG",2008,8798
"PPS","P_SAL_Y","TOTAL","R90","D111","BG",2008,7137
"PPS","P_SAL_Y","TOTAL","R90","D1111","BG",2008,6242
"PPS","P_SAL_Y","TOTAL","R91","D01","BG",2008,7868
"PPS","P_SAL_Y","TOTAL","R91","D111","BG",2008,6423
"PPS","P_SAL_Y","TOTAL","R91","D1111","BG",2008,5640
"PPS","P_SAL_Y","TOTAL","R92","D01","BG",2008,6766
"PPS","P_SAL_Y","TOTAL","R92","D111","BG",2008,5591
"PPS","P_SAL_Y","TOTAL","R92","D1111","BG",2008,5193
"PPS","P_SAL_Y","TOTAL","R93","D01","BG",2008,9239
"PPS","P_SAL_Y","TOTAL","R93","D111","BG",2008,7911
"PPS","P_SAL_Y","TOTAL","R93","D1111","BG",2008,7417
"PPS","P_SAL_Y","TOTAL","S","D01","BG",2008,6374
"PPS","P_SAL_Y","TOTAL","S","D111","BG",2008,5559
"PPS","P_SAL_Y","TOTAL","S","D1111","BG",2008,5147
"PPS","P_SAL_Y","TOTAL","S94","D01","BG",2008,7377
"PPS","P_SAL_Y","TOTAL","S94","D111","BG",2008,6639
"PPS","P_SAL_Y","TOTAL","S94","D1111","BG",2008,6101
"PPS","P_SAL_Y","TOTAL","S95","D01","BG",2008,5947
"PPS","P_SAL_Y","TOTAL","S95","D111","BG",2008,4931
"PPS","P_SAL_Y","TOTAL","S95","D1111","BG",2008,4679
"PPS","P_SAL_Y","TOTAL","S96","D01","BG",2008,5031
"PPS","P_SAL_Y","TOTAL","S96","D111","BG",2008,4148
"PPS","P_SAL_Y","TOTAL","S96","D1111","BG",2008,3883
"PPS","TOTAL","10-49","B","D01","BG",2008,23657680
"PPS","TOTAL","10-49","B","D111","BG",2008,18947013
"PPS","TOTAL","10-49","B","D1111","BG",2008,17290908
"PPS","TOTAL","10-49","B-E","D01","BG",2008,924621249
"PPS","TOTAL","10-49","B-E","D111","BG",2008,758683728
"PPS","TOTAL","10-49","B-E","D1111","BG",2008,695284050
"PPS","TOTAL","10-49","B-F","D01","BG",2008,1470373241
"PPS","TOTAL","10-49","B-F","D111","BG",2008,1207979782
"PPS","TOTAL","10-49","B-F","D1111","BG",2008,1118465778
"PPS","TOTAL","10-49","B-N","D01","BG",2008,3744541650
"PPS","TOTAL","10-49","B-N","D111","BG",2008,3118716961
"PPS","TOTAL","10-49","B-N","D1111","BG",2008,2891585410
"PPS","TOTAL","10-49","B-S","D01","BG",2008,5040777373
"PPS","TOTAL","10-49","B-S","D111","BG",2008,4154433398
"PPS","TOTAL","10-49","B-S","D1111","BG",2008,3789129090
"PPS","TOTAL","10-49","B-S_X_O","D01","BG",2008,4671424154
"PPS","TOTAL","10-49","B-S_X_O","D111","BG",2008,3866045355
"PPS","TOTAL","10-49","B-S_X_O","D1111","BG",2008,3533176029
"PPS","TOTAL","10-49","B05","D01","BG",2008,1160883
"PPS","TOTAL","10-49","B05","D111","BG",2008,915724
"PPS","TOTAL","10-49","B05","D1111","BG",2008,860808
"PPS","TOTAL","10-49","B06","D01","BG",2008,NA
"PPS","TOTAL","10-49","B06","D111","BG",2008,NA
"PPS","TOTAL","10-49","B06","D1111","BG",2008,NA
"PPS","TOTAL","10-49","B07","D01","BG",2008,912512
"PPS","TOTAL","10-49","B07","D111","BG",2008,695249
"PPS","TOTAL","10-49","B07","D1111","BG",2008,594433
"PPS","TOTAL","10-49","B08","D01","BG",2008,19583899
"PPS","TOTAL","10-49","B08","D111","BG",2008,15598003
"PPS","TOTAL","10-49","B08","D1111","BG",2008,14231106
"PPS","TOTAL","10-49","B09","D01","BG",2008,NA
"PPS","TOTAL","10-49","B09","D111","BG",2008,NA
"PPS","TOTAL","10-49","B09","D1111","BG",2008,NA
"PPS","TOTAL","10-49","C","D01","BG",2008,792533330
"PPS","TOTAL","10-49","C","D111","BG",2008,651038139
"PPS","TOTAL","10-49","C","D1111","BG",2008,605146518
"PPS","TOTAL","10-49","C10","D01","BG",2008,117833762
"PPS","TOTAL","10-49","C10","D111","BG",2008,96676873
"PPS","TOTAL","10-49","C10","D1111","BG",2008,90191537
"PPS","TOTAL","10-49","C11","D01","BG",2008,NA
"PPS","TOTAL","10-49","C11","D111","BG",2008,NA
"PPS","TOTAL","10-49","C11","D1111","BG",2008,NA
"PPS","TOTAL","10-49","C12","D01","BG",2008,2505430
"PPS","TOTAL","10-49","C12","D111","BG",2008,2043527
"PPS","TOTAL","10-49","C12","D1111","BG",2008,1895233
"PPS","TOTAL","10-49","C13","D01","BG",2008,15829789
"PPS","TOTAL","10-49","C13","D111","BG",2008,12779530
"PPS","TOTAL","10-49","C13","D1111","BG",2008,11806361
"PPS","TOTAL","10-49","C14","D01","BG",2008,125036042
"PPS","TOTAL","10-49","C14","D111","BG",2008,102739221
"PPS","TOTAL","10-49","C14","D1111","BG",2008,95591084
"PPS","TOTAL","10-49","C15","D01","BG",2008,16891756
"PPS","TOTAL","10-49","C15","D111","BG",2008,13905247
"PPS","TOTAL","10-49","C15","D1111","BG",2008,12930641
"PPS","TOTAL","10-49","C16","D01","BG",2008,37368116
"PPS","TOTAL","10-49","C16","D111","BG",2008,30695799
"PPS","TOTAL","10-49","C16","D1111","BG",2008,28608065
"PPS","TOTAL","10-49","C17","D01","BG",2008,16550616
"PPS","TOTAL","10-49","C17","D111","BG",2008,13591099
"PPS","TOTAL","10-49","C17","D1111","BG",2008,12554860
"PPS","TOTAL","10-49","C18","D01","BG",2008,20463054
"PPS","TOTAL","10-49","C18","D111","BG",2008,16905951
"PPS","TOTAL","10-49","C18","D1111","BG",2008,15637000
"PPS","TOTAL","10-49","C19","D01","BG",2008,NA
"PPS","TOTAL","10-49","C19","D111","BG",2008,NA
"PPS","TOTAL","10-49","C19","D1111","BG",2008,NA
"PPS","TOTAL","10-49","C20","D01","BG",2008,17227974
"PPS","TOTAL","10-49","C20","D111","BG",2008,14027034
"PPS","TOTAL","10-49","C20","D1111","BG",2008,12933797
"PPS","TOTAL","10-49","C21","D01","BG",2008,NA
"PPS","TOTAL","10-49","C21","D111","BG",2008,NA
"PPS","TOTAL","10-49","C21","D1111","BG",2008,NA
"PPS","TOTAL","10-49","C22","D01","BG",2008,43583589
"PPS","TOTAL","10-49","C22","D111","BG",2008,35812942
"PPS","TOTAL","10-49","C22","D1111","BG",2008,33344263
"PPS","TOTAL","10-49","C23","D01","BG",2008,54832015
"PPS","TOTAL","10-49","C23","D111","BG",2008,44328836
"PPS","TOTAL","10-49","C23","D1111","BG",2008,41440401
"PPS","TOTAL","10-49","C24","D01","BG",2008,NA
"PPS","TOTAL","10-49","C24","D111","BG",2008,NA
"PPS","TOTAL","10-49","C24","D1111","BG",2008,NA
"PPS","TOTAL","10-49","C25","D01","BG",2008,100213706
"PPS","TOTAL","10-49","C25","D111","BG",2008,82469131
"PPS","TOTAL","10-49","C25","D1111","BG",2008,76364846
"PPS","TOTAL","10-49","C26","D01","BG",2008,17827085
"PPS","TOTAL","10-49","C26","D111","BG",2008,14811620
"PPS","TOTAL","10-49","C26","D1111","BG",2008,13711439
"PPS","TOTAL","10-49","C27","D01","BG",2008,23874726
"PPS","TOTAL","10-49","C27","D111","BG",2008,19662235
"PPS","TOTAL","10-49","C27","D1111","BG",2008,18026733
"PPS","TOTAL","10-49","C28","D01","BG",2008,51151722
"PPS","TOTAL","10-49","C28","D111","BG",2008,42045561
"PPS","TOTAL","10-49","C28","D1111","BG",2008,38693270
"PPS","TOTAL","10-49","C29","D01","BG",2008,NA
"PPS","TOTAL","10-49","C29","D111","BG",2008,NA
"PPS","TOTAL","10-49","C29","D1111","BG",2008,NA
"PPS","TOTAL","10-49","C30","D01","BG",2008,5046573
"PPS","TOTAL","10-49","C30","D111","BG",2008,4229918
"PPS","TOTAL","10-49","C30","D1111","BG",2008,3975115
"PPS","TOTAL","10-49","C31","D01","BG",2008,41531690
"PPS","TOTAL","10-49","C31","D111","BG",2008,34151276
"PPS","TOTAL","10-49","C31","D1111","BG",2008,31791804
"PPS","TOTAL","10-49","C32","D01","BG",2008,11412617
"PPS","TOTAL","10-49","C32","D111","BG",2008,9305410
"PPS","TOTAL","10-49","C32","D1111","BG",2008,8558057
"PPS","TOTAL","10-49","C33","D01","BG",2008,30781343
"PPS","TOTAL","10-49","C33","D111","BG",2008,25343277
"PPS","TOTAL","10-49","C33","D1111","BG",2008,23763934
"PPS","TOTAL","10-49","D","D01","BG",2008,44097164
"PPS","TOTAL","10-49","D","D111","BG",2008,35968066
"PPS","TOTAL","10-49","D","D1111","BG",2008,29231488
"PPS","TOTAL","10-49","D35","D01","BG",2008,44097164
"PPS","TOTAL","10-49","D35","D111","BG",2008,35968066
"PPS","TOTAL","10-49","D35","D1111","BG",2008,29231488
"PPS","TOTAL","10-49","E","D01","BG",2008,64333076
"PPS","TOTAL","10-49","E","D111","BG",2008,52730510
"PPS","TOTAL","10-49","E","D1111","BG",2008,43615137
"PPS","TOTAL","10-49","E36","D01","BG",2008,42136512
"PPS","TOTAL","10-49","E36","D111","BG",2008,34176115
"PPS","TOTAL","10-49","E36","D1111","BG",2008,26260430
"PPS","TOTAL","10-49","E37","D01","BG",2008,2585510
"PPS","TOTAL","10-49","E37","D111","BG",2008,2335198
"PPS","TOTAL","10-49","E37","D1111","BG",2008,2273680
"PPS","TOTAL","10-49","E38","D01","BG",2008,18202342
"PPS","TOTAL","10-49","E38","D111","BG",2008,15085315
"PPS","TOTAL","10-49","E38","D1111","BG",2008,14042850
"PPS","TOTAL","10-49","E39","D01","BG",2008,1408712
"PPS","TOTAL","10-49","E39","D111","BG",2008,1133883
"PPS","TOTAL","10-49","E39","D1111","BG",2008,1038176
"PPS","TOTAL","10-49","F","D01","BG",2008,545751992
"PPS","TOTAL","10-49","F","D111","BG",2008,449296054
"PPS","TOTAL","10-49","F","D1111","BG",2008,423181728
"PPS","TOTAL","10-49","F41","D01","BG",2008,289849134
"PPS","TOTAL","10-49","F41","D111","BG",2008,238829838
"PPS","TOTAL","10-49","F41","D1111","BG",2008,225205671
"PPS","TOTAL","10-49","F42","D01","BG",2008,68292264
"PPS","TOTAL","10-49","F42","D111","BG",2008,55604901
"PPS","TOTAL","10-49","F42","D1111","BG",2008,51892551
"PPS","TOTAL","10-49","F43","D01","BG",2008,187610594
"PPS","TOTAL","10-49","F43","D111","BG",2008,154861314
"PPS","TOTAL","10-49","F43","D1111","BG",2008,146083507
"PPS","TOTAL","10-49","G","D01","BG",2008,932310296
"PPS","TOTAL","10-49","G","D111","BG",2008,778734028
"PPS","TOTAL","10-49","G","D1111","BG",2008,727876394
"PPS","TOTAL","10-49","G-J","D01","BG",2008,1602425653
"PPS","TOTAL","10-49","G-J","D111","BG",2008,1338904147
"PPS","TOTAL","10-49","G-J","D1111","BG",2008,1243276346
"PPS","TOTAL","10-49","G-N","D01","BG",2008,2274168409
"PPS","TOTAL","10-49","G-N","D111","BG",2008,1910737179
"PPS","TOTAL","10-49","G-N","D1111","BG",2008,1773119631
"PPS","TOTAL","10-49","G-S_X_O","D01","BG",2008,3201050913
"PPS","TOTAL","10-49","G-S_X_O","D111","BG",2008,2658065573
"PPS","TOTAL","10-49","G-S_X_O","D1111","BG",2008,2414710250
"PPS","TOTAL","10-49","G45","D01","BG",2008,89295915
"PPS","TOTAL","10-49","G45","D111","BG",2008,74480008
"PPS","TOTAL","10-49","G45","D1111","BG",2008,69706787
"PPS","TOTAL","10-49","G46","D01","BG",2008,523860994
"PPS","TOTAL","10-49","G46","D111","BG",2008,440769703
"PPS","TOTAL","10-49","G46","D1111","BG",2008,411508613
"PPS","TOTAL","10-49","G47","D01","BG",2008,319153386
"PPS","TOTAL","10-49","G47","D111","BG",2008,263484317
"PPS","TOTAL","10-49","G47","D1111","BG",2008,246660993
"PPS","TOTAL","10-49","H","D01","BG",2008,265801592
"PPS","TOTAL","10-49","H","D111","BG",2008,221260181
"PPS","TOTAL","10-49","H","D1111","BG",2008,197210726
"PPS","TOTAL","10-49","H49","D01","BG",2008,127865504
"PPS","TOTAL","10-49","H49","D111","BG",2008,101842869
"PPS","TOTAL","10-49","H49","D1111","BG",2008,94480760
"PPS","TOTAL","10-49","H50","D01","BG",2008,2287898
"PPS","TOTAL","10-49","H50","D111","BG",2008,1792080
"PPS","TOTAL","10-49","H50","D1111","BG",2008,1700649
"PPS","TOTAL","10-49","H51","D01","BG",2008,3432531
"PPS","TOTAL","10-49","H51","D111","BG",2008,2749564
"PPS","TOTAL","10-49","H51","D1111","BG",2008,2585732
"PPS","TOTAL","10-49","H52","D01","BG",2008,102889753
"PPS","TOTAL","10-49","H52","D111","BG",2008,90835858
"PPS","TOTAL","10-49","H52","D1111","BG",2008,80635162
"PPS","TOTAL","10-49","H53","D01","BG",2008,29325905
"PPS","TOTAL","10-49","H53","D111","BG",2008,24039809
"PPS","TOTAL","10-49","H53","D1111","BG",2008,17808423
"PPS","TOTAL","10-49","I","D01","BG",2008,184179993
"PPS","TOTAL","10-49","I","D111","BG",2008,151577547
"PPS","TOTAL","10-49","I","D1111","BG",2008,143255995
"PPS","TOTAL","10-49","I55","D01","BG",2008,62450708
"PPS","TOTAL","10-49","I55","D111","BG",2008,51168390
"PPS","TOTAL","10-49","I55","D1111","BG",2008,47939900
"PPS","TOTAL","10-49","I56","D01","BG",2008,121729286
"PPS","TOTAL","10-49","I56","D111","BG",2008,100409157
"PPS","TOTAL","10-49","I56","D1111","BG",2008,95316095
"PPS","TOTAL","10-49","J","D01","BG",2008,220133772
"PPS","TOTAL","10-49","J","D111","BG",2008,187332391
"PPS","TOTAL","10-49","J","D1111","BG",2008,174933231
"PPS","TOTAL","10-49","J58","D01","BG",2008,28875349
"PPS","TOTAL","10-49","J58","D111","BG",2008,24404180
"PPS","TOTAL","10-49","J58","D1111","BG",2008,22707716
"PPS","TOTAL","10-49","J59","D01","BG",2008,6395172
"PPS","TOTAL","10-49","J59","D111","BG",2008,5341718
"PPS","TOTAL","10-49","J59","D1111","BG",2008,4980908
"PPS","TOTAL","10-49","J60","D01","BG",2008,10822383
"PPS","TOTAL","10-49","J60","D111","BG",2008,9081688
"PPS","TOTAL","10-49","J60","D1111","BG",2008,8418832
"PPS","TOTAL","10-49","J61","D01","BG",2008,34200403
"PPS","TOTAL","10-49","J61","D111","BG",2008,27993002
"PPS","TOTAL","10-49","J61","D1111","BG",2008,25896874
"PPS","TOTAL","10-49","J62","D01","BG",2008,120439267
"PPS","TOTAL","10-49","J62","D111","BG",2008,103800250
"PPS","TOTAL","10-49","J62","D1111","BG",2008,97328533
"PPS","TOTAL","10-49","J63","D01","BG",2008,19401198
"PPS","TOTAL","10-49","J63","D111","BG",2008,16711554
"PPS","TOTAL","10-49","J63","D1111","BG",2008,15600368
"PPS","TOTAL","10-49","K","D01","BG",2008,180291951
"PPS","TOTAL","10-49","K","D111","BG",2008,153106698
"PPS","TOTAL","10-49","K","D1111","BG",2008,140368176
"PPS","TOTAL","10-49","K-N","D01","BG",2008,671742756
"PPS","TOTAL","10-49","K-N","D111","BG",2008,571833032
"PPS","TOTAL","10-49","K-N","D1111","BG",2008,529843285
"PPS","TOTAL","10-49","K64","D01","BG",2008,135292506
"PPS","TOTAL","10-49","K64","D111","BG",2008,114611195
"PPS","TOTAL","10-49","K64","D1111","BG",2008,104307868
"PPS","TOTAL","10-49","K65","D01","BG",2008,21340809
"PPS","TOTAL","10-49","K65","D111","BG",2008,18135084
"PPS","TOTAL","10-49","K65","D1111","BG",2008,16774343
"PPS","TOTAL","10-49","K66","D01","BG",2008,23658636
"PPS","TOTAL","10-49","K66","D111","BG",2008,20360419
"PPS","TOTAL","10-49","K66","D1111","BG",2008,19285966
"PPS","TOTAL","10-49","L","D01","BG",2008,94319876
"PPS","TOTAL","10-49","L","D111","BG",2008,79253434
"PPS","TOTAL","10-49","L","D1111","BG",2008,72939197
"PPS","TOTAL","10-49","L68","D01","BG",2008,94319876
"PPS","TOTAL","10-49","L68","D111","BG",2008,79253434
"PPS","TOTAL","10-49","L68","D1111","BG",2008,72939197
"PPS","TOTAL","10-49","M","D01","BG",2008,292446161
"PPS","TOTAL","10-49","M","D111","BG",2008,251650478
"PPS","TOTAL","10-49","M","D1111","BG",2008,234211393
"PPS","TOTAL","10-49","M69","D01","BG",2008,29900253
"PPS","TOTAL","10-49","M69","D111","BG",2008,25325322
"PPS","TOTAL","10-49","M69","D1111","BG",2008,23675076
"PPS","TOTAL","10-49","M70","D01","BG",2008,54819761
"PPS","TOTAL","10-49","M70","D111","BG",2008,48855728
"PPS","TOTAL","10-49","M70","D1111","BG",2008,45954059
"PPS","TOTAL","10-49","M71","D01","BG",2008,90148192
"PPS","TOTAL","10-49","M71","D111","BG",2008,76399491
"PPS","TOTAL","10-49","M71","D1111","BG",2008,70148807
"PPS","TOTAL","10-49","M72","D01","BG",2008,24114584
"PPS","TOTAL","10-49","M72","D111","BG",2008,19770630
"PPS","TOTAL","10-49","M72","D1111","BG",2008,17787185
"PPS","TOTAL","10-49","M73","D01","BG",2008,41966160
"PPS","TOTAL","10-49","M73","D111","BG",2008,35625025
"PPS","TOTAL","10-49","M73","D1111","BG",2008,33268281
"PPS","TOTAL","10-49","M74","D01","BG",2008,51497212
"PPS","TOTAL","10-49","M74","D111","BG",2008,45674281
"PPS","TOTAL","10-49","M74","D1111","BG",2008,43377986
"PPS","TOTAL","10-49","M75","D01","BG",2008,NA
"PPS","TOTAL","10-49","M75","D111","BG",2008,NA
"PPS","TOTAL","10-49","M75","D1111","BG",2008,NA
"PPS","TOTAL","10-49","N","D01","BG",2008,104684768
"PPS","TOTAL","10-49","N","D111","BG",2008,87822422
"PPS","TOTAL","10-49","N","D1111","BG",2008,82324519
"PPS","TOTAL","10-49","N77","D01","BG",2008,12310201
"PPS","TOTAL","10-49","N77","D111","BG",2008,10389274
"PPS","TOTAL","10-49","N77","D1111","BG",2008,9661711
"PPS","TOTAL","10-49","N78","D01","BG",2008,12981131
"PPS","TOTAL","10-49","N78","D111","BG",2008,10795146
"PPS","TOTAL","10-49","N78","D1111","BG",2008,9922278
"PPS","TOTAL","10-49","N79","D01","BG",2008,14178816
"PPS","TOTAL","10-49","N79","D111","BG",2008,11997517
"PPS","TOTAL","10-49","N79","D1111","BG",2008,11314363
"PPS","TOTAL","10-49","N80","D01","BG",2008,36576088
"PPS","TOTAL","10-49","N80","D111","BG",2008,30675232
"PPS","TOTAL","10-49","N80","D1111","BG",2008,29165140
"PPS","TOTAL","10-49","N81","D01","BG",2008,18792797
"PPS","TOTAL","10-49","N81","D111","BG",2008,15814694
"PPS","TOTAL","10-49","N81","D1111","BG",2008,14627274
"PPS","TOTAL","10-49","N82","D01","BG",2008,9845735
"PPS","TOTAL","10-49","N82","D111","BG",2008,8150558
"PPS","TOTAL","10-49","N82","D1111","BG",2008,7633754
"PPS","TOTAL","10-49","O","D01","BG",2008,369353219
"PPS","TOTAL","10-49","O","D111","BG",2008,288388043
"PPS","TOTAL","10-49","O","D1111","BG",2008,255953061
"PPS","TOTAL","10-49","O-S","D01","BG",2008,1296235723
"PPS","TOTAL","10-49","O-S","D111","BG",2008,1035716437
"PPS","TOTAL","10-49","O-S","D1111","BG",2008,897543680
"PPS","TOTAL","10-49","O84","D01","BG",2008,369353219
"PPS","TOTAL","10-49","O84","D111","BG",2008,288388043
"PPS","TOTAL","10-49","O84","D1111","BG",2008,255953061
"PPS","TOTAL","10-49","P","D01","BG",2008,627542308
"PPS","TOTAL","10-49","P","D111","BG",2008,497467075
"PPS","TOTAL","10-49","P","D1111","BG",2008,413670435
"PPS","TOTAL","10-49","P-S","D01","BG",2008,926882504
"PPS","TOTAL","10-49","P-S","D111","BG",2008,747328394
"PPS","TOTAL","10-49","P-S","D1111","BG",2008,641590619
"PPS","TOTAL","10-49","P85","D01","BG",2008,627542308
"PPS","TOTAL","10-49","P85","D111","BG",2008,497467075
"PPS","TOTAL","10-49","P85","D1111","BG",2008,413670435
"PPS","TOTAL","10-49","Q","D01","BG",2008,173209856
"PPS","TOTAL","10-49","Q","D111","BG",2008,143303649
"PPS","TOTAL","10-49","Q","D1111","BG",2008,130398982
"PPS","TOTAL","10-49","Q86","D01","BG",2008,120853207
"PPS","TOTAL","10-49","Q86","D111","BG",2008,100520037
"PPS","TOTAL","10-49","Q86","D1111","BG",2008,92323168
"PPS","TOTAL","10-49","Q87","D01","BG",2008,NA
"PPS","TOTAL","10-49","Q87","D111","BG",2008,NA
"PPS","TOTAL","10-49","Q87","D1111","BG",2008,NA
"PPS","TOTAL","10-49","Q88","D01","BG",2008,NA
"PPS","TOTAL","10-49","Q88","D111","BG",2008,NA
"PPS","TOTAL","10-49","Q88","D1111","BG",2008,NA
"PPS","TOTAL","10-49","R","D01","BG",2008,61786711
"PPS","TOTAL","10-49","R","D111","BG",2008,50904823
"PPS","TOTAL","10-49","R","D1111","BG",2008,46559173
"PPS","TOTAL","10-49","R90","D01","BG",2008,11724887
"PPS","TOTAL","10-49","R90","D111","BG",2008,9632836
"PPS","TOTAL","10-49","R90","D1111","BG",2008,8611736
"PPS","TOTAL","10-49","R91","D01","BG",2008,14768770
"PPS","TOTAL","10-49","R91","D111","BG",2008,12127383
"PPS","TOTAL","10-49","R91","D1111","BG",2008,10690396
"PPS","TOTAL","10-49","R92","D01","BG",2008,18046566
"PPS","TOTAL","10-49","R92","D111","BG",2008,14868977
"PPS","TOTAL","10-49","R92","D1111","BG",2008,13892968
"PPS","TOTAL","10-49","R93","D01","BG",2008,17246487
"PPS","TOTAL","10-49","R93","D111","BG",2008,14275627
"PPS","TOTAL","10-49","R93","D1111","BG",2008,13364073
"PPS","TOTAL","10-49","S","D01","BG",2008,64343629
"PPS","TOTAL","10-49","S","D111","BG",2008,55652848
"PPS","TOTAL","10-49","S","D1111","BG",2008,50962030
"PPS","TOTAL","10-49","S94","D01","BG",2008,41257870
"PPS","TOTAL","10-49","S94","D111","BG",2008,36592912
"PPS","TOTAL","10-49","S94","D1111","BG",2008,33279215
"PPS","TOTAL","10-49","S95","D01","BG",2008,5122605
"PPS","TOTAL","10-49","S95","D111","BG",2008,4273384
"PPS","TOTAL","10-49","S95","D1111","BG",2008,3986536
"PPS","TOTAL","10-49","S96","D01","BG",2008,17963154
"PPS","TOTAL","10-49","S96","D111","BG",2008,14786552
"PPS","TOTAL","10-49","S96","D1111","BG",2008,13696279
"PPS","TOTAL","250-499","B","D01","BG",2008,52149492
"PPS","TOTAL","250-499","B","D111","BG",2008,37593412
"PPS","TOTAL","250-499","B","D1111","BG",2008,32966601
"PPS","TOTAL","250-499","B-E","D01","BG",2008,922210958
"PPS","TOTAL","250-499","B-E","D111","BG",2008,739593374
"PPS","TOTAL","250-499","B-E","D1111","BG",2008,640625314
"PPS","TOTAL","250-499","B-F","D01","BG",2008,1174052999
"PPS","TOTAL","250-499","B-F","D111","BG",2008,945465504
"PPS","TOTAL","250-499","B-F","D1111","BG",2008,830358291
"PPS","TOTAL","250-499","B-N","D01","BG",2008,2084750074
"PPS","TOTAL","250-499","B-N","D111","BG",2008,1704118272
"PPS","TOTAL","250-499","B-N","D1111","BG",2008,1509537576
"PPS","TOTAL","250-499","B-S","D01","BG",2008,2700684083
"PPS","TOTAL","250-499","B-S","D111","BG",2008,2197939075
"PPS","TOTAL","250-499","B-S","D1111","BG",2008,1946794545
"PPS","TOTAL","250-499","B-S_X_O","D01","BG",2008,2392414675
"PPS","TOTAL","250-499","B-S_X_O","D111","BG",2008,1955381661
"PPS","TOTAL","250-499","B-S_X_O","D1111","BG",2008,1728689375
"PPS","TOTAL","250-499","B05","D01","BG",2008,24579556
"PPS","TOTAL","250-499","B05","D111","BG",2008,16792078
"PPS","TOTAL","250-499","B05","D1111","BG",2008,14355294
"PPS","TOTAL","250-499","B06","D01","BG",2008,NA
"PPS","TOTAL","250-499","B06","D111","BG",2008,NA
"PPS","TOTAL","250-499","B06","D1111","BG",2008,NA
"PPS","TOTAL","250-499","B07","D01","BG",2008,13802697
"PPS","TOTAL","250-499","B07","D111","BG",2008,10109702
"PPS","TOTAL","250-499","B07","D1111","BG",2008,9059607
"PPS","TOTAL","250-499","B08","D01","BG",2008,NA
"PPS","TOTAL","250-499","B08","D111","BG",2008,NA
"PPS","TOTAL","250-499","B08","D1111","BG",2008,NA
"PPS","TOTAL","250-499","B09","D01","BG",2008,NA
"PPS","TOTAL","250-499","B09","D111","BG",2008,NA
"PPS","TOTAL","250-499","B09","D1111","BG",2008,NA
"PPS","TOTAL","250-499","C","D01","BG",2008,696350749
"PPS","TOTAL","250-499","C","D111","BG",2008,567127168
"PPS","TOTAL","250-499","C","D1111","BG",2008,505557727
"PPS","TOTAL","250-499","C10","D01","BG",2008,64688968
"PPS","TOTAL","250-499","C10","D111","BG",2008,52544868
"PPS","TOTAL","250-499","C10","D1111","BG",2008,48797258
"PPS","TOTAL","250-499","C11","D01","BG",2008,38453978
"PPS","TOTAL","250-499","C11","D111","BG",2008,32470418
"PPS","TOTAL","250-499","C11","D1111","BG",2008,30144981
"PPS","TOTAL","250-499","C12","D01","BG",2008,26937964
"PPS","TOTAL","250-499","C12","D111","BG",2008,21797732
"PPS","TOTAL","250-499","C12","D1111","BG",2008,18333485
"PPS","TOTAL","250-499","C13","D01","BG",2008,NA
"PPS","TOTAL","250-499","C13","D111","BG",2008,NA
"PPS","TOTAL","250-499","C13","D1111","BG",2008,NA
"PPS","TOTAL","250-499","C14","D01","BG",2008,99479806
"PPS","TOTAL","250-499","C14","D111","BG",2008,82053495
"PPS","TOTAL","250-499","C14","D1111","BG",2008,72743577
"PPS","TOTAL","250-499","C15","D01","BG",2008,10939796
"PPS","TOTAL","250-499","C15","D111","BG",2008,8848304
"PPS","TOTAL","250-499","C15","D1111","BG",2008,8065902
"PPS","TOTAL","250-499","C16","D01","BG",2008,NA
"PPS","TOTAL","250-499","C16","D111","BG",2008,NA
"PPS","TOTAL","250-499","C16","D1111","BG",2008,NA
"PPS","TOTAL","250-499","C17","D01","BG",2008,13178043
"PPS","TOTAL","250-499","C17","D111","BG",2008,10509158
"PPS","TOTAL","250-499","C17","D1111","BG",2008,9540720
"PPS","TOTAL","250-499","C18","D01","BG",2008,25702196
"PPS","TOTAL","250-499","C18","D111","BG",2008,21157895
"PPS","TOTAL","250-499","C18","D1111","BG",2008,18684985
"PPS","TOTAL","250-499","C19","D01","BG",2008,NA
"PPS","TOTAL","250-499","C19","D111","BG",2008,NA
"PPS","TOTAL","250-499","C19","D1111","BG",2008,NA
"PPS","TOTAL","250-499","C20","D01","BG",2008,NA
"PPS","TOTAL","250-499","C20","D111","BG",2008,NA
"PPS","TOTAL","250-499","C20","D1111","BG",2008,NA
"PPS","TOTAL","250-499","C21","D01","BG",2008,17967794
"PPS","TOTAL","250-499","C21","D111","BG",2008,14275610
"PPS","TOTAL","250-499","C21","D1111","BG",2008,12470557
"PPS","TOTAL","250-499","C22","D01","BG",2008,20908092
"PPS","TOTAL","250-499","C22","D111","BG",2008,16918073
"PPS","TOTAL","250-499","C22","D1111","BG",2008,15190434
"PPS","TOTAL","250-499","C23","D01","BG",2008,NA
"PPS","TOTAL","250-499","C23","D111","BG",2008,NA
"PPS","TOTAL","250-499","C23","D1111","BG",2008,NA
"PPS","TOTAL","250-499","C24","D01","BG",2008,NA
"PPS","TOTAL","250-499","C24","D111","BG",2008,NA
"PPS","TOTAL","250-499","C24","D1111","BG",2008,NA
"PPS","TOTAL","250-499","C25","D01","BG",2008,49353129
"PPS","TOTAL","250-499","C25","D111","BG",2008,40688900
"PPS","TOTAL","250-499","C25","D1111","BG",2008,35532779
"PPS","TOTAL","250-499","C26","D01","BG",2008,34670878
"PPS","TOTAL","250-499","C26","D111","BG",2008,28625699
"PPS","TOTAL","250-499","C26","D1111","BG",2008,24958950
"PPS","TOTAL","250-499","C27","D01","BG",2008,46785579
"PPS","TOTAL","250-499","C27","D111","BG",2008,38312025
"PPS","TOTAL","250-499","C27","D1111","BG",2008,33422012
"PPS","TOTAL","250-499","C28","D01","BG",2008,52815852
"PPS","TOTAL","250-499","C28","D111","BG",2008,43074925
"PPS","TOTAL","250-499","C28","D1111","BG",2008,38685318
"PPS","TOTAL","250-499","C29","D01","BG",2008,NA
"PPS","TOTAL","250-499","C29","D111","BG",2008,NA
"PPS","TOTAL","250-499","C29","D1111","BG",2008,NA
"PPS","TOTAL","250-499","C30","D01","BG",2008,NA
"PPS","TOTAL","250-499","C30","D111","BG",2008,NA
"PPS","TOTAL","250-499","C30","D1111","BG",2008,NA
"PPS","TOTAL","250-499","C31","D01","BG",2008,19939333
"PPS","TOTAL","250-499","C31","D111","BG",2008,16287426
"PPS","TOTAL","250-499","C31","D1111","BG",2008,14882048
"PPS","TOTAL","250-499","C32","D01","BG",2008,NA
"PPS","TOTAL","250-499","C32","D111","BG",2008,NA
"PPS","TOTAL","250-499","C32","D1111","BG",2008,NA
"PPS","TOTAL","250-499","C33","D01","BG",2008,NA
"PPS","TOTAL","250-499","C33","D111","BG",2008,NA
"PPS","TOTAL","250-499","C33","D1111","BG",2008,NA
"PPS","TOTAL","250-499","D","D01","BG",2008,105019468
"PPS","TOTAL","250-499","D","D111","BG",2008,79310505
"PPS","TOTAL","250-499","D","D1111","BG",2008,56668334
"PPS","TOTAL","250-499","D35","D01","BG",2008,105019468
"PPS","TOTAL","250-499","D35","D111","BG",2008,79310505
"PPS","TOTAL","250-499","D35","D1111","BG",2008,56668334
"PPS","TOTAL","250-499","E","D01","BG",2008,NA
"PPS","TOTAL","250-499","E","D111","BG",2008,NA
"PPS","TOTAL","250-499","E","D1111","BG",2008,NA
"PPS","TOTAL","250-499","E36","D01","BG",2008,NA
"PPS","TOTAL","250-499","E36","D111","BG",2008,NA
"PPS","TOTAL","250-499","E36","D1111","BG",2008,NA
"PPS","TOTAL","250-499","E37","D01","BG",2008,NA
"PPS","TOTAL","250-499","E37","D111","BG",2008,NA
"PPS","TOTAL","250-499","E37","D1111","BG",2008,NA
"PPS","TOTAL","250-499","E38","D01","BG",2008,23308141
"PPS","TOTAL","250-499","E38","D111","BG",2008,18884024
"PPS","TOTAL","250-499","E38","D1111","BG",2008,16652388
"PPS","TOTAL","250-499","E39","D01","BG",2008,NA
"PPS","TOTAL","250-499","E39","D111","BG",2008,NA
"PPS","TOTAL","250-499","E39","D1111","BG",2008,NA
"PPS","TOTAL","250-499","F","D01","BG",2008,251842041
"PPS","TOTAL","250-499","F","D111","BG",2008,205872129
"PPS","TOTAL","250-499","F","D1111","BG",2008,189732976
"PPS","TOTAL","250-499","F41","D01","BG",2008,102225059
"PPS","TOTAL","250-499","F41","D111","BG",2008,84839202
"PPS","TOTAL","250-499","F41","D1111","BG",2008,78076563
"PPS","TOTAL","250-499","F42","D01","BG",2008,NA
"PPS","TOTAL","250-499","F42","D111","BG",2008,NA
"PPS","TOTAL","250-499","F42","D1111","BG",2008,NA
"PPS","TOTAL","250-499","F43","D01","BG",2008,NA
"PPS","TOTAL","250-499","F43","D111","BG",2008,NA
"PPS","TOTAL","250-499","F43","D1111","BG",2008,NA
"PPS","TOTAL","250-499","G","D01","BG",2008,144823603
"PPS","TOTAL","250-499","G","D111","BG",2008,121307557
"PPS","TOTAL","250-499","G","D1111","BG",2008,113942418
"PPS","TOTAL","250-499","G-J","D01","BG",2008,565715313
"PPS","TOTAL","250-499","G-J","D111","BG",2008,467855329
"PPS","TOTAL","250-499","G-J","D1111","BG",2008,412310760
"PPS","TOTAL","250-499","G-N","D01","BG",2008,910697074
"PPS","TOTAL","250-499","G-N","D111","BG",2008,758652769
"PPS","TOTAL","250-499","G-N","D1111","BG",2008,679179285
"PPS","TOTAL","250-499","G-S_X_O","D01","BG",2008,1218361676
"PPS","TOTAL","250-499","G-S_X_O","D111","BG",2008,1009916158
"PPS","TOTAL","250-499","G-S_X_O","D1111","BG",2008,898331084
"PPS","TOTAL","250-499","G45","D01","BG",2008,NA
"PPS","TOTAL","250-499","G45","D111","BG",2008,NA
"PPS","TOTAL","250-499","G45","D1111","BG",2008,NA
"PPS","TOTAL","250-499","G46","D01","BG",2008,80817255
"PPS","TOTAL","250-499","G46","D111","BG",2008,68615560
"PPS","TOTAL","250-499","G46","D1111","BG",2008,64493908
"PPS","TOTAL","250-499","G47","D01","BG",2008,64006348
"PPS","TOTAL","250-499","G47","D111","BG",2008,52691997
"PPS","TOTAL","250-499","G47","D1111","BG",2008,49448510
"PPS","TOTAL","250-499","H","D01","BG",2008,197183215
"PPS","TOTAL","250-499","H","D111","BG",2008,161007678
"PPS","TOTAL","250-499","H","D1111","BG",2008,132752117
"PPS","TOTAL","250-499","H49","D01","BG",2008,107016609
"PPS","TOTAL","250-499","H49","D111","BG",2008,86013568
"PPS","TOTAL","250-499","H49","D1111","BG",2008,71442026
"PPS","TOTAL","250-499","H50","D01","BG",2008,NA
"PPS","TOTAL","250-499","H50","D111","BG",2008,NA
"PPS","TOTAL","250-499","H50","D1111","BG",2008,NA
"PPS","TOTAL","250-499","H51","D01","BG",2008,NA
"PPS","TOTAL","250-499","H51","D111","BG",2008,NA
"PPS","TOTAL","250-499","H51","D1111","BG",2008,NA
"PPS","TOTAL","250-499","H52","D01","BG",2008,35412477
"PPS","TOTAL","250-499","H52","D111","BG",2008,30726375
"PPS","TOTAL","250-499","H52","D1111","BG",2008,24375906
"PPS","TOTAL","250-499","H53","D01","BG",2008,31353550
"PPS","TOTAL","250-499","H53","D111","BG",2008,26021404
"PPS","TOTAL","250-499","H53","D1111","BG",2008,21268591
"PPS","TOTAL","250-499","I","D01","BG",2008,52455316
"PPS","TOTAL","250-499","I","D111","BG",2008,43015991
"PPS","TOTAL","250-499","I","D1111","BG",2008,39726872
"PPS","TOTAL","250-499","I55","D01","BG",2008,NA
"PPS","TOTAL","250-499","I55","D111","BG",2008,NA
"PPS","TOTAL","250-499","I55","D1111","BG",2008,NA
"PPS","TOTAL","250-499","I56","D01","BG",2008,NA
"PPS","TOTAL","250-499","I56","D111","BG",2008,NA
"PPS","TOTAL","250-499","I56","D1111","BG",2008,NA
"PPS","TOTAL","250-499","J","D01","BG",2008,171253179
"PPS","TOTAL","250-499","J","D111","BG",2008,142524103
"PPS","TOTAL","250-499","J","D1111","BG",2008,125889353
"PPS","TOTAL","250-499","J58","D01","BG",2008,NA
"PPS","TOTAL","250-499","J58","D111","BG",2008,NA
"PPS","TOTAL","250-499","J58","D1111","BG",2008,NA
"PPS","TOTAL","250-499","J59","D01","BG",2008,NA
"PPS","TOTAL","250-499","J59","D111","BG",2008,NA
"PPS","TOTAL","250-499","J59","D1111","BG",2008,NA
"PPS","TOTAL","250-499","J60","D01","BG",2008,NA
"PPS","TOTAL","250-499","J60","D111","BG",2008,NA
"PPS","TOTAL","250-499","J60","D1111","BG",2008,NA
"PPS","TOTAL","250-499","J61","D01","BG",2008,26414374
"PPS","TOTAL","250-499","J61","D111","BG",2008,21388254
"PPS","TOTAL","250-499","J61","D1111","BG",2008,19820558
"PPS","TOTAL","250-499","J62","D01","BG",2008,NA
"PPS","TOTAL","250-499","J62","D111","BG",2008,NA
"PPS","TOTAL","250-499","J62","D1111","BG",2008,NA
"PPS","TOTAL","250-499","J63","D01","BG",2008,17721830
"PPS","TOTAL","250-499","J63","D111","BG",2008,15236841
"PPS","TOTAL","250-499","J63","D1111","BG",2008,13995835
"PPS","TOTAL","250-499","K","D01","BG",2008,182584892
"PPS","TOTAL","250-499","K","D111","BG",2008,154061140
"PPS","TOTAL","250-499","K","D1111","BG",2008,141054924
"PPS","TOTAL","250-499","K-N","D01","BG",2008,344981762
"PPS","TOTAL","250-499","K-N","D111","BG",2008,290797439
"PPS","TOTAL","250-499","K-N","D1111","BG",2008,266868524
"PPS","TOTAL","250-499","K64","D01","BG",2008,114128873
"PPS","TOTAL","250-499","K64","D111","BG",2008,95532764
"PPS","TOTAL","250-499","K64","D1111","BG",2008,86615242
"PPS","TOTAL","250-499","K65","D01","BG",2008,68456019
"PPS","TOTAL","250-499","K65","D111","BG",2008,58528376
"PPS","TOTAL","250-499","K65","D1111","BG",2008,54439683
"PPS","TOTAL","250-499","K66","D01","BG",2008,NA
"PPS","TOTAL","250-499","K66","D111","BG",2008,NA
"PPS","TOTAL","250-499","K66","D1111","BG",2008,NA
"PPS","TOTAL","250-499","L","D01","BG",2008,NA
"PPS","TOTAL","250-499","L","D111","BG",2008,NA
"PPS","TOTAL","250-499","L","D1111","BG",2008,NA
"PPS","TOTAL","250-499","L68","D01","BG",2008,NA
"PPS","TOTAL","250-499","L68","D111","BG",2008,NA
"PPS","TOTAL","250-499","L68","D1111","BG",2008,NA
"PPS","TOTAL","250-499","M","D01","BG",2008,NA
"PPS","TOTAL","250-499","M","D111","BG",2008,NA
"PPS","TOTAL","250-499","M","D1111","BG",2008,NA
"PPS","TOTAL","250-499","M69","D01","BG",2008,NA
"PPS","TOTAL","250-499","M69","D111","BG",2008,NA
"PPS","TOTAL","250-499","M69","D1111","BG",2008,NA
"PPS","TOTAL","250-499","M70","D01","BG",2008,NA
"PPS","TOTAL","250-499","M70","D111","BG",2008,NA
"PPS","TOTAL","250-499","M70","D1111","BG",2008,NA
"PPS","TOTAL","250-499","M71","D01","BG",2008,17029899
"PPS","TOTAL","250-499","M71","D111","BG",2008,13672653
"PPS","TOTAL","250-499","M71","D1111","BG",2008,11829786
"PPS","TOTAL","250-499","M72","D01","BG",2008,14984856
"PPS","TOTAL","250-499","M72","D111","BG",2008,12215813
"PPS","TOTAL","250-499","M72","D1111","BG",2008,10593845
"PPS","TOTAL","250-499","M73","D01","BG",2008,NA
"PPS","TOTAL","250-499","M73","D111","BG",2008,NA
"PPS","TOTAL","250-499","M73","D1111","BG",2008,NA
"PPS","TOTAL","250-499","M74","D01","BG",2008,NA
"PPS","TOTAL","250-499","M74","D111","BG",2008,NA
"PPS","TOTAL","250-499","M74","D1111","BG",2008,NA
"PPS","TOTAL","250-499","M75","D01","BG",2008,NA
"PPS","TOTAL","250-499","M75","D111","BG",2008,NA
"PPS","TOTAL","250-499","M75","D1111","BG",2008,NA
"PPS","TOTAL","250-499","N","D01","BG",2008,100769618
"PPS","TOTAL","250-499","N","D111","BG",2008,86104554
"PPS","TOTAL","250-499","N","D1111","BG",2008,80623124
"PPS","TOTAL","250-499","N77","D01","BG",2008,NA
"PPS","TOTAL","250-499","N77","D111","BG",2008,NA
"PPS","TOTAL","250-499","N77","D1111","BG",2008,NA
"PPS","TOTAL","250-499","N78","D01","BG",2008,NA
"PPS","TOTAL","250-499","N78","D111","BG",2008,NA
"PPS","TOTAL","250-499","N78","D1111","BG",2008,NA
"PPS","TOTAL","250-499","N79","D01","BG",2008,NA
"PPS","TOTAL","250-499","N79","D111","BG",2008,NA
"PPS","TOTAL","250-499","N79","D1111","BG",2008,NA
"PPS","TOTAL","250-499","N80","D01","BG",2008,48158671
"PPS","TOTAL","250-499","N80","D111","BG",2008,39737403
"PPS","TOTAL","250-499","N80","D1111","BG",2008,37082499
"PPS","TOTAL","250-499","N81","D01","BG",2008,NA
"PPS","TOTAL","250-499","N81","D111","BG",2008,NA
"PPS","TOTAL","250-499","N81","D1111","BG",2008,NA
"PPS","TOTAL","250-499","N82","D01","BG",2008,NA
"PPS","TOTAL","250-499","N82","D111","BG",2008,NA
"PPS","TOTAL","250-499","N82","D1111","BG",2008,NA
"PPS","TOTAL","250-499","O","D01","BG",2008,308269407
"PPS","TOTAL","250-499","O","D111","BG",2008,242557414
"PPS","TOTAL","250-499","O","D1111","BG",2008,218105171
"PPS","TOTAL","250-499","O-S","D01","BG",2008,615934009
"PPS","TOTAL","250-499","O-S","D111","BG",2008,493820803
"PPS","TOTAL","250-499","O-S","D1111","BG",2008,437256970
"PPS","TOTAL","250-499","O84","D01","BG",2008,308269407
"PPS","TOTAL","250-499","O84","D111","BG",2008,242557414
"PPS","TOTAL","250-499","O84","D1111","BG",2008,218105171
"PPS","TOTAL","250-499","P","D01","BG",2008,133769666
"PPS","TOTAL","250-499","P","D111","BG",2008,109602446
"PPS","TOTAL","250-499","P","D1111","BG",2008,92660718
"PPS","TOTAL","250-499","P-S","D01","BG",2008,307664602
"PPS","TOTAL","250-499","P-S","D111","BG",2008,251263389
"PPS","TOTAL","250-499","P-S","D1111","BG",2008,219151799
"PPS","TOTAL","250-499","P85","D01","BG",2008,133769666
"PPS","TOTAL","250-499","P85","D111","BG",2008,109602446
"PPS","TOTAL","250-499","P85","D1111","BG",2008,92660718
"PPS","TOTAL","250-499","Q","D01","BG",2008,146730005
"PPS","TOTAL","250-499","Q","D111","BG",2008,119557223
"PPS","TOTAL","250-499","Q","D1111","BG",2008,106853637
"PPS","TOTAL","250-499","Q86","D01","BG",2008,131801167
"PPS","TOTAL","250-499","Q86","D111","BG",2008,107634741
"PPS","TOTAL","250-499","Q86","D1111","BG",2008,96412165
"PPS","TOTAL","250-499","Q87","D01","BG",2008,NA
"PPS","TOTAL","250-499","Q87","D111","BG",2008,NA
"PPS","TOTAL","250-499","Q87","D1111","BG",2008,NA
"PPS","TOTAL","250-499","Q88","D01","BG",2008,NA
"PPS","TOTAL","250-499","Q88","D111","BG",2008,NA
"PPS","TOTAL","250-499","Q88","D1111","BG",2008,NA
"PPS","TOTAL","250-499","R","D01","BG",2008,25598798
"PPS","TOTAL","250-499","R","D111","BG",2008,20797522
"PPS","TOTAL","250-499","R","D1111","BG",2008,18390988
"PPS","TOTAL","250-499","R90","D01","BG",2008,13408813
"PPS","TOTAL","250-499","R90","D111","BG",2008,10819047
"PPS","TOTAL","250-499","R90","D1111","BG",2008,9202139
"PPS","TOTAL","250-499","R91","D01","BG",2008,NA
"PPS","TOTAL","250-499","R91","D111","BG",2008,NA
"PPS","TOTAL","250-499","R91","D1111","BG",2008,NA
"PPS","TOTAL","250-499","R92","D01","BG",2008,8226162
"PPS","TOTAL","250-499","R92","D111","BG",2008,6712475
"PPS","TOTAL","250-499","R92","D1111","BG",2008,6243811
"PPS","TOTAL","250-499","R93","D01","BG",2008,NA
"PPS","TOTAL","250-499","R93","D111","BG",2008,NA
"PPS","TOTAL","250-499","R93","D1111","BG",2008,NA
"PPS","TOTAL","250-499","S","D01","BG",2008,NA
"PPS","TOTAL","250-499","S","D111","BG",2008,NA
"PPS","TOTAL","250-499","S","D1111","BG",2008,NA
"PPS","TOTAL","250-499","S94","D01","BG",2008,NA
"PPS","TOTAL","250-499","S94","D111","BG",2008,NA
"PPS","TOTAL","250-499","S94","D1111","BG",2008,NA
"PPS","TOTAL","250-499","S95","D01","BG",2008,NA
"PPS","TOTAL","250-499","S95","D111","BG",2008,NA
"PPS","TOTAL","250-499","S95","D1111","BG",2008,NA
"PPS","TOTAL","250-499","S96","D01","BG",2008,NA
"PPS","TOTAL","250-499","S96","D111","BG",2008,NA
"PPS","TOTAL","250-499","S96","D1111","BG",2008,NA
"PPS","TOTAL","50-249","B","D01","BG",2008,67687760
"PPS","TOTAL","50-249","B","D111","BG",2008,52077520
"PPS","TOTAL","50-249","B","D1111","BG",2008,46646518
"PPS","TOTAL","50-249","B-E","D01","BG",2008,2021891304
"PPS","TOTAL","50-249","B-E","D111","BG",2008,1635173266
"PPS","TOTAL","50-249","B-E","D1111","BG",2008,1457911478
"PPS","TOTAL","50-249","B-F","D01","BG",2008,2788391961
"PPS","TOTAL","50-249","B-F","D111","BG",2008,2261150878
"PPS","TOTAL","50-249","B-F","D1111","BG",2008,2039323817
"PPS","TOTAL","50-249","B-N","D01","BG",2008,5357655648
"PPS","TOTAL","50-249","B-N","D111","BG",2008,4424431976
"PPS","TOTAL","50-249","B-N","D1111","BG",2008,4009295085
"PPS","TOTAL","50-249","B-S","D01","BG",2008,7487279884
"PPS","TOTAL","50-249","B-S","D111","BG",2008,6132365615
"PPS","TOTAL","50-249","B-S","D1111","BG",2008,5503694162
"PPS","TOTAL","50-249","B-S_X_O","D01","BG",2008,6689170985
"PPS","TOTAL","50-249","B-S_X_O","D111","BG",2008,5500586187
"PPS","TOTAL","50-249","B-S_X_O","D1111","BG",2008,4935160677
"PPS","TOTAL","50-249","B05","D01","BG",2008,3790772
"PPS","TOTAL","50-249","B05","D111","BG",2008,2761972
"PPS","TOTAL","50-249","B05","D1111","BG",2008,2562830
"PPS","TOTAL","50-249","B06","D01","BG",2008,NA
"PPS","TOTAL","50-249","B06","D111","BG",2008,NA
"PPS","TOTAL","50-249","B06","D1111","BG",2008,NA
"PPS","TOTAL","50-249","B07","D01","BG",2008,NA
"PPS","TOTAL","50-249","B07","D111","BG",2008,NA
"PPS","TOTAL","50-249","B07","D1111","BG",2008,NA
"PPS","TOTAL","50-249","B08","D01","BG",2008,52334250
"PPS","TOTAL","50-249","B08","D111","BG",2008,40729698
"PPS","TOTAL","50-249","B08","D1111","BG",2008,36300542
"PPS","TOTAL","50-249","B09","D01","BG",2008,NA
"PPS","TOTAL","50-249","B09","D111","BG",2008,NA
"PPS","TOTAL","50-249","B09","D1111","BG",2008,NA
"PPS","TOTAL","50-249","C","D01","BG",2008,1689795982
"PPS","TOTAL","50-249","C","D111","BG",2008,1372951673
"PPS","TOTAL","50-249","C","D1111","BG",2008,1243425532
"PPS","TOTAL","50-249","C10","D01","BG",2008,271442790
"PPS","TOTAL","50-249","C10","D111","BG",2008,223273144
"PPS","TOTAL","50-249","C10","D1111","BG",2008,207029127
"PPS","TOTAL","50-249","C11","D01","BG",2008,39140382
"PPS","TOTAL","50-249","C11","D111","BG",2008,32028615
"PPS","TOTAL","50-249","C11","D1111","BG",2008,28522918
"PPS","TOTAL","50-249","C12","D01","BG",2008,20407475
"PPS","TOTAL","50-249","C12","D111","BG",2008,7834020
"PPS","TOTAL","50-249","C12","D1111","BG",2008,6560433
"PPS","TOTAL","50-249","C13","D01","BG",2008,33517196
"PPS","TOTAL","50-249","C13","D111","BG",2008,26844160
"PPS","TOTAL","50-249","C13","D1111","BG",2008,24508079
"PPS","TOTAL","50-249","C14","D01","BG",2008,316616646
"PPS","TOTAL","50-249","C14","D111","BG",2008,259374572
"PPS","TOTAL","50-249","C14","D1111","BG",2008,234670113
"PPS","TOTAL","50-249","C15","D01","BG",2008,44922568
"PPS","TOTAL","50-249","C15","D111","BG",2008,36828162
"PPS","TOTAL","50-249","C15","D1111","BG",2008,33562036
"PPS","TOTAL","50-249","C16","D01","BG",2008,31508418
"PPS","TOTAL","50-249","C16","D111","BG",2008,25696494
"PPS","TOTAL","50-249","C16","D1111","BG",2008,23370392
"PPS","TOTAL","50-249","C17","D01","BG",2008,24225807
"PPS","TOTAL","50-249","C17","D111","BG",2008,19772899
"PPS","TOTAL","50-249","C17","D1111","BG",2008,17328125
"PPS","TOTAL","50-249","C18","D01","BG",2008,32661541
"PPS","TOTAL","50-249","C18","D111","BG",2008,27342630
"PPS","TOTAL","50-249","C18","D1111","BG",2008,24943011
"PPS","TOTAL","50-249","C19","D01","BG",2008,2819461
"PPS","TOTAL","50-249","C19","D111","BG",2008,2303634
"PPS","TOTAL","50-249","C19","D1111","BG",2008,2121734
"PPS","TOTAL","50-249","C20","D01","BG",2008,54652201
"PPS","TOTAL","50-249","C20","D111","BG",2008,44758044
"PPS","TOTAL","50-249","C20","D1111","BG",2008,39744933
"PPS","TOTAL","50-249","C21","D01","BG",2008,13554468
"PPS","TOTAL","50-249","C21","D111","BG",2008,11150551
"PPS","TOTAL","50-249","C21","D1111","BG",2008,10102531
"PPS","TOTAL","50-249","C22","D01","BG",2008,69850413
"PPS","TOTAL","50-249","C22","D111","BG",2008,57667951
"PPS","TOTAL","50-249","C22","D1111","BG",2008,52932194
"PPS","TOTAL","50-249","C23","D01","BG",2008,134587155
"PPS","TOTAL","50-249","C23","D111","BG",2008,108736370
"PPS","TOTAL","50-249","C23","D1111","BG",2008,98857772
"PPS","TOTAL","50-249","C24","D01","BG",2008,39754423
"PPS","TOTAL","50-249","C24","D111","BG",2008,31257578
"PPS","TOTAL","50-249","C24","D1111","BG",2008,27633980
"PPS","TOTAL","50-249","C25","D01","BG",2008,166785646
"PPS","TOTAL","50-249","C25","D111","BG",2008,135462140
"PPS","TOTAL","50-249","C25","D1111","BG",2008,122434355
"PPS","TOTAL","50-249","C26","D01","BG",2008,52524100
"PPS","TOTAL","50-249","C26","D111","BG",2008,43372451
"PPS","TOTAL","50-249","C26","D1111","BG",2008,37716710
"PPS","TOTAL","50-249","C27","D01","BG",2008,54929348
"PPS","TOTAL","50-249","C27","D111","BG",2008,44998434
"PPS","TOTAL","50-249","C27","D1111","BG",2008,40452648
"PPS","TOTAL","50-249","C28","D01","BG",2008,120299737
"PPS","TOTAL","50-249","C28","D111","BG",2008,98683022
"PPS","TOTAL","50-249","C28","D1111","BG",2008,88620290
"PPS","TOTAL","50-249","C29","D01","BG",2008,10076488
"PPS","TOTAL","50-249","C29","D111","BG",2008,8307608
"PPS","TOTAL","50-249","C29","D1111","BG",2008,7300260
"PPS","TOTAL","50-249","C30","D01","BG",2008,24385426
"PPS","TOTAL","50-249","C30","D111","BG",2008,19751277
"PPS","TOTAL","50-249","C30","D1111","BG",2008,17559244
"PPS","TOTAL","50-249","C31","D01","BG",2008,56216980
"PPS","TOTAL","50-249","C31","D111","BG",2008,46037994
"PPS","TOTAL","50-249","C31","D1111","BG",2008,42044153
"PPS","TOTAL","50-249","C32","D01","BG",2008,17982414
"PPS","TOTAL","50-249","C32","D111","BG",2008,14993284
"PPS","TOTAL","50-249","C32","D1111","BG",2008,13457558
"PPS","TOTAL","50-249","C33","D01","BG",2008,56934898
"PPS","TOTAL","50-249","C33","D111","BG",2008,46476641
"PPS","TOTAL","50-249","C33","D1111","BG",2008,41952935
"PPS","TOTAL","50-249","D","D01","BG",2008,142207844
"PPS","TOTAL","50-249","D","D111","BG",2008,111054757
"PPS","TOTAL","50-249","D","D1111","BG",2008,85999699
"PPS","TOTAL","50-249","D35","D01","BG",2008,142207844
"PPS","TOTAL","50-249","D35","D111","BG",2008,111054757
"PPS","TOTAL","50-249","D35","D1111","BG",2008,85999699
"PPS","TOTAL","50-249","E","D01","BG",2008,122199718
"PPS","TOTAL","50-249","E","D111","BG",2008,99089316
"PPS","TOTAL","50-249","E","D1111","BG",2008,81839729
"PPS","TOTAL","50-249","E36","D01","BG",2008,76583215
"PPS","TOTAL","50-249","E36","D111","BG",2008,61851856
"PPS","TOTAL","50-249","E36","D1111","BG",2008,47639386
"PPS","TOTAL","50-249","E37","D01","BG",2008,NA
"PPS","TOTAL","50-249","E37","D111","BG",2008,NA
"PPS","TOTAL","50-249","E37","D1111","BG",2008,NA
"PPS","TOTAL","50-249","E38","D01","BG",2008,43172840
"PPS","TOTAL","50-249","E38","D111","BG",2008,35233107
"PPS","TOTAL","50-249","E38","D1111","BG",2008,32425159
"PPS","TOTAL","50-249","E39","D01","BG",2008,2443664
"PPS","TOTAL","50-249","E39","D111","BG",2008,2004353
"PPS","TOTAL","50-249","E39","D1111","BG",2008,1775184
"PPS","TOTAL","50-249","F","D01","BG",2008,766500657
"PPS","TOTAL","50-249","F","D111","BG",2008,625977612
"PPS","TOTAL","50-249","F","D1111","BG",2008,581412338
"PPS","TOTAL","50-249","F41","D01","BG",2008,400815192
"PPS","TOTAL","50-249","F41","D111","BG",2008,328559269
"PPS","TOTAL","50-249","F41","D1111","BG",2008,306430052
"PPS","TOTAL","50-249","F42","D01","BG",2008,212299404
"PPS","TOTAL","50-249","F42","D111","BG",2008,170984865
"PPS","TOTAL","50-249","F42","D1111","BG",2008,157159569
"PPS","TOTAL","50-249","F43","D01","BG",2008,153386061
"PPS","TOTAL","50-249","F43","D111","BG",2008,126433478
"PPS","TOTAL","50-249","F43","D1111","BG",2008,117822717
"PPS","TOTAL","50-249","G","D01","BG",2008,776581241
"PPS","TOTAL","50-249","G","D111","BG",2008,654738334
"PPS","TOTAL","50-249","G","D1111","BG",2008,609488426
"PPS","TOTAL","50-249","G-J","D01","BG",2008,1755119969
"PPS","TOTAL","50-249","G-J","D111","BG",2008,1470040789
"PPS","TOTAL","50-249","G-J","D1111","BG",2008,1342168360
"PPS","TOTAL","50-249","G-N","D01","BG",2008,2569263687
"PPS","TOTAL","50-249","G-N","D111","BG",2008,2163281098
"PPS","TOTAL","50-249","G-N","D1111","BG",2008,1969971268
"PPS","TOTAL","50-249","G-S_X_O","D01","BG",2008,3900779024
"PPS","TOTAL","50-249","G-S_X_O","D111","BG",2008,3239435309
"PPS","TOTAL","50-249","G-S_X_O","D1111","BG",2008,2895836860
"PPS","TOTAL","50-249","G45","D01","BG",2008,127292591
"PPS","TOTAL","50-249","G45","D111","BG",2008,107784437
"PPS","TOTAL","50-249","G45","D1111","BG",2008,99929840
"PPS","TOTAL","50-249","G46","D01","BG",2008,435658435
"PPS","TOTAL","50-249","G46","D111","BG",2008,369409135
"PPS","TOTAL","50-249","G46","D1111","BG",2008,344412692
"PPS","TOTAL","50-249","G47","D01","BG",2008,213630215
"PPS","TOTAL","50-249","G47","D111","BG",2008,177544763
"PPS","TOTAL","50-249","G47","D1111","BG",2008,165145894
"PPS","TOTAL","50-249","H","D01","BG",2008,421497007
"PPS","TOTAL","50-249","H","D111","BG",2008,347970996
"PPS","TOTAL","50-249","H","D1111","BG",2008,299810500
"PPS","TOTAL","50-249","H49","D01","BG",2008,169643181
"PPS","TOTAL","50-249","H49","D111","BG",2008,135199761
"PPS","TOTAL","50-249","H49","D1111","BG",2008,121178179
"PPS","TOTAL","50-249","H50","D01","BG",2008,5970551
"PPS","TOTAL","50-249","H50","D111","BG",2008,4810988
"PPS","TOTAL","50-249","H50","D1111","BG",2008,3993452
"PPS","TOTAL","50-249","H51","D01","BG",2008,34651288
"PPS","TOTAL","50-249","H51","D111","BG",2008,28068639
"PPS","TOTAL","50-249","H51","D1111","BG",2008,25595579
"PPS","TOTAL","50-249","H52","D01","BG",2008,151635681
"PPS","TOTAL","50-249","H52","D111","BG",2008,131203107
"PPS","TOTAL","50-249","H52","D1111","BG",2008,110097440
"PPS","TOTAL","50-249","H53","D01","BG",2008,59596305
"PPS","TOTAL","50-249","H53","D111","BG",2008,48688501
"PPS","TOTAL","50-249","H53","D1111","BG",2008,38945850
"PPS","TOTAL","50-249","I","D01","BG",2008,197272495
"PPS","TOTAL","50-249","I","D111","BG",2008,161479247
"PPS","TOTAL","50-249","I","D1111","BG",2008,149764419
"PPS","TOTAL","50-249","I55","D01","BG",2008,139279799
"PPS","TOTAL","50-249","I55","D111","BG",2008,113870056
"PPS","TOTAL","50-249","I55","D1111","BG",2008,105505147
"PPS","TOTAL","50-249","I56","D01","BG",2008,57992696
"PPS","TOTAL","50-249","I56","D111","BG",2008,47609191
"PPS","TOTAL","50-249","I56","D1111","BG",2008,44259272
"PPS","TOTAL","50-249","J","D01","BG",2008,359769226
"PPS","TOTAL","50-249","J","D111","BG",2008,305852212
"PPS","TOTAL","50-249","J","D1111","BG",2008,283105014
"PPS","TOTAL","50-249","J58","D01","BG",2008,33904708
"PPS","TOTAL","50-249","J58","D111","BG",2008,28823747
"PPS","TOTAL","50-249","J58","D1111","BG",2008,26729423
"PPS","TOTAL","50-249","J59","D01","BG",2008,9405075
"PPS","TOTAL","50-249","J59","D111","BG",2008,7804048
"PPS","TOTAL","50-249","J59","D1111","BG",2008,7295443
"PPS","TOTAL","50-249","J60","D01","BG",2008,33688471
"PPS","TOTAL","50-249","J60","D111","BG",2008,28249519
"PPS","TOTAL","50-249","J60","D1111","BG",2008,26548332
"PPS","TOTAL","50-249","J61","D01","BG",2008,82950497
"PPS","TOTAL","50-249","J61","D111","BG",2008,67845417
"PPS","TOTAL","50-249","J61","D1111","BG",2008,62894262
"PPS","TOTAL","50-249","J62","D01","BG",2008,174935518
"PPS","TOTAL","50-249","J62","D111","BG",2008,152212234
"PPS","TOTAL","50-249","J62","D1111","BG",2008,141047944
"PPS","TOTAL","50-249","J63","D01","BG",2008,24884957
"PPS","TOTAL","50-249","J63","D111","BG",2008,20917247
"PPS","TOTAL","50-249","J63","D1111","BG",2008,18589611
"PPS","TOTAL","50-249","K","D01","BG",2008,281438738
"PPS","TOTAL","50-249","K","D111","BG",2008,237011784
"PPS","TOTAL","50-249","K","D1111","BG",2008,212818645
"PPS","TOTAL","50-249","K-N","D01","BG",2008,814143718
"PPS","TOTAL","50-249","K-N","D111","BG",2008,693240309
"PPS","TOTAL","50-249","K-N","D1111","BG",2008,627802908
"PPS","TOTAL","50-249","K64","D01","BG",2008,221790225
"PPS","TOTAL","50-249","K64","D111","BG",2008,187550743
"PPS","TOTAL","50-249","K64","D1111","BG",2008,166993570
"PPS","TOTAL","50-249","K65","D01","BG",2008,38672531
"PPS","TOTAL","50-249","K65","D111","BG",2008,32403471
"PPS","TOTAL","50-249","K65","D1111","BG",2008,30414504
"PPS","TOTAL","50-249","K66","D01","BG",2008,20975982
"PPS","TOTAL","50-249","K66","D111","BG",2008,17057570
"PPS","TOTAL","50-249","K66","D1111","BG",2008,15410570
"PPS","TOTAL","50-249","L","D01","BG",2008,NA
"PPS","TOTAL","50-249","L","D111","BG",2008,NA
"PPS","TOTAL","50-249","L","D1111","BG",2008,NA
"PPS","TOTAL","50-249","L68","D01","BG",2008,NA
"PPS","TOTAL","50-249","L68","D111","BG",2008,NA
"PPS","TOTAL","50-249","L68","D1111","BG",2008,NA
"PPS","TOTAL","50-249","M","D01","BG",2008,290583432
"PPS","TOTAL","50-249","M","D111","BG",2008,244736305
"PPS","TOTAL","50-249","M","D1111","BG",2008,219347160
"PPS","TOTAL","50-249","M69","D01","BG",2008,NA
"PPS","TOTAL","50-249","M69","D111","BG",2008,NA
"PPS","TOTAL","50-249","M69","D1111","BG",2008,NA
"PPS","TOTAL","50-249","M70","D01","BG",2008,NA
"PPS","TOTAL","50-249","M70","D111","BG",2008,NA
"PPS","TOTAL","50-249","M70","D1111","BG",2008,NA
"PPS","TOTAL","50-249","M71","D01","BG",2008,58258527
"PPS","TOTAL","50-249","M71","D111","BG",2008,48779390
"PPS","TOTAL","50-249","M71","D1111","BG",2008,42709748
"PPS","TOTAL","50-249","M72","D01","BG",2008,101343671
"PPS","TOTAL","50-249","M72","D111","BG",2008,83228664
"PPS","TOTAL","50-249","M72","D1111","BG",2008,72505045
"PPS","TOTAL","50-249","M73","D01","BG",2008,NA
"PPS","TOTAL","50-249","M73","D111","BG",2008,NA
"PPS","TOTAL","50-249","M73","D1111","BG",2008,NA
"PPS","TOTAL","50-249","M74","D01","BG",2008,NA
"PPS","TOTAL","50-249","M74","D111","BG",2008,NA
"PPS","TOTAL","50-249","M74","D1111","BG",2008,NA
"PPS","TOTAL","50-249","M75","D01","BG",2008,NA
"PPS","TOTAL","50-249","M75","D111","BG",2008,NA
"PPS","TOTAL","50-249","M75","D1111","BG",2008,NA
"PPS","TOTAL","50-249","N","D01","BG",2008,198360874
"PPS","TOTAL","50-249","N","D111","BG",2008,175094557
"PPS","TOTAL","50-249","N","D1111","BG",2008,163179168
"PPS","TOTAL","50-249","N77","D01","BG",2008,5973971
"PPS","TOTAL","50-249","N77","D111","BG",2008,5016580
"PPS","TOTAL","50-249","N77","D1111","BG",2008,4529544
"PPS","TOTAL","50-249","N78","D01","BG",2008,11821751
"PPS","TOTAL","50-249","N78","D111","BG",2008,9841664
"PPS","TOTAL","50-249","N78","D1111","BG",2008,9005630
"PPS","TOTAL","50-249","N79","D01","BG",2008,12766428
"PPS","TOTAL","50-249","N79","D111","BG",2008,10648336
"PPS","TOTAL","50-249","N79","D1111","BG",2008,10124501
"PPS","TOTAL","50-249","N80","D01","BG",2008,71199962
"PPS","TOTAL","50-249","N80","D111","BG",2008,58669528
"PPS","TOTAL","50-249","N80","D1111","BG",2008,55274163
"PPS","TOTAL","50-249","N81","D01","BG",2008,80957423
"PPS","TOTAL","50-249","N81","D111","BG",2008,78054340
"PPS","TOTAL","50-249","N81","D1111","BG",2008,72180874
"PPS","TOTAL","50-249","N82","D01","BG",2008,15641339
"PPS","TOTAL","50-249","N82","D111","BG",2008,12864109
"PPS","TOTAL","50-249","N82","D1111","BG",2008,12064456
"PPS","TOTAL","50-249","O","D01","BG",2008,798108899
"PPS","TOTAL","50-249","O","D111","BG",2008,631779428
"PPS","TOTAL","50-249","O","D1111","BG",2008,568533485
"PPS","TOTAL","50-249","O-S","D01","BG",2008,2129624235
"PPS","TOTAL","50-249","O-S","D111","BG",2008,1707933640
"PPS","TOTAL","50-249","O-S","D1111","BG",2008,1494399078
"PPS","TOTAL","50-249","O84","D01","BG",2008,798108899
"PPS","TOTAL","50-249","O84","D111","BG",2008,631779428
"PPS","TOTAL","50-249","O84","D1111","BG",2008,568533485
"PPS","TOTAL","50-249","P","D01","BG",2008,742515099
"PPS","TOTAL","50-249","P","D111","BG",2008,590306409
"PPS","TOTAL","50-249","P","D1111","BG",2008,489910315
"PPS","TOTAL","50-249","P-S","D01","BG",2008,1331515337
"PPS","TOTAL","50-249","P-S","D111","BG",2008,1076154212
"PPS","TOTAL","50-249","P-S","D1111","BG",2008,925865592
"PPS","TOTAL","50-249","P85","D01","BG",2008,742515099
"PPS","TOTAL","50-249","P85","D111","BG",2008,590306409
"PPS","TOTAL","50-249","P85","D1111","BG",2008,489910315
"PPS","TOTAL","50-249","Q","D01","BG",2008,417945033
"PPS","TOTAL","50-249","Q","D111","BG",2008,343005911
"PPS","TOTAL","50-249","Q","D1111","BG",2008,306396104
"PPS","TOTAL","50-249","Q86","D01","BG",2008,308571891
"PPS","TOTAL","50-249","Q86","D111","BG",2008,252956515
"PPS","TOTAL","50-249","Q86","D1111","BG",2008,227354354
"PPS","TOTAL","50-249","Q87","D01","BG",2008,59735194
"PPS","TOTAL","50-249","Q87","D111","BG",2008,49132642
"PPS","TOTAL","50-249","Q87","D1111","BG",2008,42896588
"PPS","TOTAL","50-249","Q88","D01","BG",2008,49637948
"PPS","TOTAL","50-249","Q88","D111","BG",2008,40916754
"PPS","TOTAL","50-249","Q88","D1111","BG",2008,36145162
"PPS","TOTAL","50-249","R","D01","BG",2008,137680596
"PPS","TOTAL","50-249","R","D111","BG",2008,115116542
"PPS","TOTAL","50-249","R","D1111","BG",2008,104509986
"PPS","TOTAL","50-249","R90","D01","BG",2008,37394240
"PPS","TOTAL","50-249","R90","D111","BG",2008,30232964
"PPS","TOTAL","50-249","R90","D1111","BG",2008,26386206
"PPS","TOTAL","50-249","R91","D01","BG",2008,NA
"PPS","TOTAL","50-249","R91","D111","BG",2008,NA
"PPS","TOTAL","50-249","R91","D1111","BG",2008,NA
"PPS","TOTAL","50-249","R92","D01","BG",2008,44358633
"PPS","TOTAL","50-249","R92","D111","BG",2008,36787581
"PPS","TOTAL","50-249","R92","D1111","BG",2008,33935016
"PPS","TOTAL","50-249","R93","D01","BG",2008,NA
"PPS","TOTAL","50-249","R93","D111","BG",2008,NA
"PPS","TOTAL","50-249","R93","D1111","BG",2008,NA
"PPS","TOTAL","50-249","S","D01","BG",2008,NA
"PPS","TOTAL","50-249","S","D111","BG",2008,NA
"PPS","TOTAL","50-249","S","D1111","BG",2008,NA
"PPS","TOTAL","50-249","S94","D01","BG",2008,NA
"PPS","TOTAL","50-249","S94","D111","BG",2008,NA
"PPS","TOTAL","50-249","S94","D1111","BG",2008,NA
"PPS","TOTAL","50-249","S95","D01","BG",2008,NA
"PPS","TOTAL","50-249","S95","D111","BG",2008,NA
"PPS","TOTAL","50-249","S95","D1111","BG",2008,NA
"PPS","TOTAL","50-249","S96","D01","BG",2008,8576517
"PPS","TOTAL","50-249","S96","D111","BG",2008,7067548
"PPS","TOTAL","50-249","S96","D1111","BG",2008,6213447
"PPS","TOTAL","500-999","B","D01","BG",2008,101759578
"PPS","TOTAL","500-999","B","D111","BG",2008,75740471
"PPS","TOTAL","500-999","B","D1111","BG",2008,64286125
"PPS","TOTAL","500-999","B-E","D01","BG",2008,1085207351
"PPS","TOTAL","500-999","B-E","D111","BG",2008,852954425
"PPS","TOTAL","500-999","B-E","D1111","BG",2008,739753160
"PPS","TOTAL","500-999","B-F","D01","BG",2008,1225457461
"PPS","TOTAL","500-999","B-F","D111","BG",2008,968005468
"PPS","TOTAL","500-999","B-F","D1111","BG",2008,847365110
"PPS","TOTAL","500-999","B-N","D01","BG",2008,2090064621
"PPS","TOTAL","500-999","B-N","D111","BG",2008,1681472851
"PPS","TOTAL","500-999","B-N","D1111","BG",2008,1452651333
"PPS","TOTAL","500-999","B-S","D01","BG",2008,2692375192
"PPS","TOTAL","500-999","B-S","D111","BG",2008,2171301872
"PPS","TOTAL","500-999","B-S","D1111","BG",2008,1891506269
"PPS","TOTAL","500-999","B-S_X_O","D01","BG",2008,2520143932
"PPS","TOTAL","500-999","B-S_X_O","D111","BG",2008,2035146903
"PPS","TOTAL","500-999","B-S_X_O","D1111","BG",2008,1765751205
"PPS","TOTAL","500-999","B05","D01","BG",2008,NA
"PPS","TOTAL","500-999","B05","D111","BG",2008,NA
"PPS","TOTAL","500-999","B05","D1111","BG",2008,NA
"PPS","TOTAL","500-999","B06","D01","BG",2008,NA
"PPS","TOTAL","500-999","B06","D111","BG",2008,NA
"PPS","TOTAL","500-999","B06","D1111","BG",2008,NA
"PPS","TOTAL","500-999","B07","D01","BG",2008,83457447
"PPS","TOTAL","500-999","B07","D111","BG",2008,62528213
"PPS","TOTAL","500-999","B07","D1111","BG",2008,52311518
"PPS","TOTAL","500-999","B08","D01","BG",2008,NA
"PPS","TOTAL","500-999","B08","D111","BG",2008,NA
"PPS","TOTAL","500-999","B08","D1111","BG",2008,NA
"PPS","TOTAL","500-999","B09","D01","BG",2008,NA
"PPS","TOTAL","500-999","B09","D111","BG",2008,NA
"PPS","TOTAL","500-999","B09","D1111","BG",2008,NA
"PPS","TOTAL","500-999","C","D01","BG",2008,796638732
"PPS","TOTAL","500-999","C","D111","BG",2008,634034593
"PPS","TOTAL","500-999","C","D1111","BG",2008,559357039
"PPS","TOTAL","500-999","C10","D01","BG",2008,NA
"PPS","TOTAL","500-999","C10","D111","BG",2008,NA
"PPS","TOTAL","500-999","C10","D1111","BG",2008,NA
"PPS","TOTAL","500-999","C11","D01","BG",2008,54289640
"PPS","TOTAL","500-999","C11","D111","BG",2008,45380560
"PPS","TOTAL","500-999","C11","D1111","BG",2008,39860697
"PPS","TOTAL","500-999","C12","D01","BG",2008,NA
"PPS","TOTAL","500-999","C12","D111","BG",2008,NA
"PPS","TOTAL","500-999","C12","D1111","BG",2008,NA
"PPS","TOTAL","500-999","C13","D01","BG",2008,31835308
"PPS","TOTAL","500-999","C13","D111","BG",2008,25652889
"PPS","TOTAL","500-999","C13","D1111","BG",2008,23214782
"PPS","TOTAL","500-999","C14","D01","BG",2008,68914610
"PPS","TOTAL","500-999","C14","D111","BG",2008,56309634
"PPS","TOTAL","500-999","C14","D1111","BG",2008,51085650
"PPS","TOTAL","500-999","C15","D01","BG",2008,10620821
"PPS","TOTAL","500-999","C15","D111","BG",2008,8628429
"PPS","TOTAL","500-999","C15","D1111","BG",2008,7967686
"PPS","TOTAL","500-999","C16","D01","BG",2008,NA
"PPS","TOTAL","500-999","C16","D111","BG",2008,NA
"PPS","TOTAL","500-999","C16","D1111","BG",2008,NA
"PPS","TOTAL","500-999","C17","D01","BG",2008,29314625
"PPS","TOTAL","500-999","C17","D111","BG",2008,23603196
"PPS","TOTAL","500-999","C17","D1111","BG",2008,20388640
"PPS","TOTAL","500-999","C18","D01","BG",2008,NA
"PPS","TOTAL","500-999","C18","D111","BG",2008,NA
"PPS","TOTAL","500-999","C18","D1111","BG",2008,NA
"PPS","TOTAL","500-999","C19","D01","BG",2008,NA
"PPS","TOTAL","500-999","C19","D111","BG",2008,NA
"PPS","TOTAL","500-999","C19","D1111","BG",2008,NA
"PPS","TOTAL","500-999","C20","D01","BG",2008,44270551
"PPS","TOTAL","500-999","C20","D111","BG",2008,29530519
"PPS","TOTAL","500-999","C20","D1111","BG",2008,23800455
"PPS","TOTAL","500-999","C21","D01","BG",2008,36322686
"PPS","TOTAL","500-999","C21","D111","BG",2008,27975861
"PPS","TOTAL","500-999","C21","D1111","BG",2008,25026849
"PPS","TOTAL","500-999","C22","D01","BG",2008,NA
"PPS","TOTAL","500-999","C22","D111","BG",2008,NA
"PPS","TOTAL","500-999","C22","D1111","BG",2008,NA
"PPS","TOTAL","500-999","C23","D01","BG",2008,48442197
"PPS","TOTAL","500-999","C23","D111","BG",2008,38104392
"PPS","TOTAL","500-999","C23","D1111","BG",2008,33783920
"PPS","TOTAL","500-999","C24","D01","BG",2008,101314773
"PPS","TOTAL","500-999","C24","D111","BG",2008,79045337
"PPS","TOTAL","500-999","C24","D1111","BG",2008,68971157
"PPS","TOTAL","500-999","C25","D01","BG",2008,38277475
"PPS","TOTAL","500-999","C25","D111","BG",2008,31066843
"PPS","TOTAL","500-999","C25","D1111","BG",2008,28065942
"PPS","TOTAL","500-999","C26","D01","BG",2008,NA
"PPS","TOTAL","500-999","C26","D111","BG",2008,NA
"PPS","TOTAL","500-999","C26","D1111","BG",2008,NA
"PPS","TOTAL","500-999","C27","D01","BG",2008,NA
"PPS","TOTAL","500-999","C27","D111","BG",2008,NA
"PPS","TOTAL","500-999","C27","D1111","BG",2008,NA
"PPS","TOTAL","500-999","C28","D01","BG",2008,63079519
"PPS","TOTAL","500-999","C28","D111","BG",2008,50929460
"PPS","TOTAL","500-999","C28","D1111","BG",2008,45103968
"PPS","TOTAL","500-999","C29","D01","BG",2008,13314500
"PPS","TOTAL","500-999","C29","D111","BG",2008,10816202
"PPS","TOTAL","500-999","C29","D1111","BG",2008,9351940
"PPS","TOTAL","500-999","C30","D01","BG",2008,NA
"PPS","TOTAL","500-999","C30","D111","BG",2008,NA
"PPS","TOTAL","500-999","C30","D1111","BG",2008,NA
"PPS","TOTAL","500-999","C31","D01","BG",2008,12821980
"PPS","TOTAL","500-999","C31","D111","BG",2008,10321269
"PPS","TOTAL","500-999","C31","D1111","BG",2008,9546146
"PPS","TOTAL","500-999","C32","D01","BG",2008,NA
"PPS","TOTAL","500-999","C32","D111","BG",2008,NA
"PPS","TOTAL","500-999","C32","D1111","BG",2008,NA
"PPS","TOTAL","500-999","C33","D01","BG",2008,92924064
"PPS","TOTAL","500-999","C33","D111","BG",2008,74330554
"PPS","TOTAL","500-999","C33","D1111","BG",2008,64347457
"PPS","TOTAL","500-999","D","D01","BG",2008,118396754
"PPS","TOTAL","500-999","D","D111","BG",2008,86919713
"PPS","TOTAL","500-999","D","D1111","BG",2008,67679358
"PPS","TOTAL","500-999","D35","D01","BG",2008,118396754
"PPS","TOTAL","500-999","D35","D111","BG",2008,86919713
"PPS","TOTAL","500-999","D35","D1111","BG",2008,67679358
"PPS","TOTAL","500-999","E","D01","BG",2008,68412288
"PPS","TOTAL","500-999","E","D111","BG",2008,56259649
"PPS","TOTAL","500-999","E","D1111","BG",2008,48430639
"PPS","TOTAL","500-999","E36","D01","BG",2008,24074625
"PPS","TOTAL","500-999","E36","D111","BG",2008,19636369
"PPS","TOTAL","500-999","E36","D1111","BG",2008,14871103
"PPS","TOTAL","500-999","E37","D01","BG",2008,NA
"PPS","TOTAL","500-999","E37","D111","BG",2008,NA
"PPS","TOTAL","500-999","E37","D1111","BG",2008,NA
"PPS","TOTAL","500-999","E38","D01","BG",2008,44337663
"PPS","TOTAL","500-999","E38","D111","BG",2008,36623280
"PPS","TOTAL","500-999","E38","D1111","BG",2008,33559536
"PPS","TOTAL","500-999","E39","D01","BG",2008,NA
"PPS","TOTAL","500-999","E39","D111","BG",2008,NA
"PPS","TOTAL","500-999","E39","D1111","BG",2008,NA
"PPS","TOTAL","500-999","F","D01","BG",2008,140250110
"PPS","TOTAL","500-999","F","D111","BG",2008,115051042
"PPS","TOTAL","500-999","F","D1111","BG",2008,107611950
"PPS","TOTAL","500-999","F41","D01","BG",2008,77204168
"PPS","TOTAL","500-999","F41","D111","BG",2008,64626454
"PPS","TOTAL","500-999","F41","D1111","BG",2008,61283706
"PPS","TOTAL","500-999","F42","D01","BG",2008,NA
"PPS","TOTAL","500-999","F42","D111","BG",2008,NA
"PPS","TOTAL","500-999","F42","D1111","BG",2008,NA
"PPS","TOTAL","500-999","F43","D01","BG",2008,NA
"PPS","TOTAL","500-999","F43","D111","BG",2008,NA
"PPS","TOTAL","500-999","F43","D1111","BG",2008,NA
"PPS","TOTAL","500-999","G","D01","BG",2008,169325626
"PPS","TOTAL","500-999","G","D111","BG",2008,140834344
"PPS","TOTAL","500-999","G","D1111","BG",2008,130305054
"PPS","TOTAL","500-999","G-J","D01","BG",2008,568891337
"PPS","TOTAL","500-999","G-J","D111","BG",2008,466749599
"PPS","TOTAL","500-999","G-J","D1111","BG",2008,390743642
"PPS","TOTAL","500-999","G-N","D01","BG",2008,864607160
"PPS","TOTAL","500-999","G-N","D111","BG",2008,713467383
"PPS","TOTAL","500-999","G-N","D1111","BG",2008,605286223
"PPS","TOTAL","500-999","G-S_X_O","D01","BG",2008,1294686471
"PPS","TOTAL","500-999","G-S_X_O","D111","BG",2008,1067141435
"PPS","TOTAL","500-999","G-S_X_O","D1111","BG",2008,918386095
"PPS","TOTAL","500-999","G45","D01","BG",2008,42513455
"PPS","TOTAL","500-999","G45","D111","BG",2008,35995189
"PPS","TOTAL","500-999","G45","D1111","BG",2008,32744503
"PPS","TOTAL","500-999","G46","D01","BG",2008,56317836
"PPS","TOTAL","500-999","G46","D111","BG",2008,47177605
"PPS","TOTAL","500-999","G46","D1111","BG",2008,43617695
"PPS","TOTAL","500-999","G47","D01","BG",2008,70494335
"PPS","TOTAL","500-999","G47","D111","BG",2008,57661550
"PPS","TOTAL","500-999","G47","D1111","BG",2008,53942856
"PPS","TOTAL","500-999","H","D01","BG",2008,326601249
"PPS","TOTAL","500-999","H","D111","BG",2008,264485846
"PPS","TOTAL","500-999","H","D1111","BG",2008,204244014
"PPS","TOTAL","500-999","H49","D01","BG",2008,87346656
"PPS","TOTAL","500-999","H49","D111","BG",2008,68511690
"PPS","TOTAL","500-999","H49","D1111","BG",2008,52374518
"PPS","TOTAL","500-999","H50","D01","BG",2008,NA
"PPS","TOTAL","500-999","H50","D111","BG",2008,NA
"PPS","TOTAL","500-999","H50","D1111","BG",2008,NA
"PPS","TOTAL","500-999","H51","D01","BG",2008,NA
"PPS","TOTAL","500-999","H51","D111","BG",2008,NA
"PPS","TOTAL","500-999","H51","D1111","BG",2008,NA
"PPS","TOTAL","500-999","H52","D01","BG",2008,176932613
"PPS","TOTAL","500-999","H52","D111","BG",2008,145394367
"PPS","TOTAL","500-999","H52","D1111","BG",2008,110149221
"PPS","TOTAL","500-999","H53","D01","BG",2008,NA
"PPS","TOTAL","500-999","H53","D111","BG",2008,NA
"PPS","TOTAL","500-999","H53","D1111","BG",2008,NA
"PPS","TOTAL","500-999","I","D01","BG",2008,NA
"PPS","TOTAL","500-999","I","D111","BG",2008,NA
"PPS","TOTAL","500-999","I","D1111","BG",2008,NA
"PPS","TOTAL","500-999","I55","D01","BG",2008,NA
"PPS","TOTAL","500-999","I55","D111","BG",2008,NA
"PPS","TOTAL","500-999","I55","D1111","BG",2008,NA
"PPS","TOTAL","500-999","I56","D01","BG",2008,NA
"PPS","TOTAL","500-999","I56","D111","BG",2008,NA
"PPS","TOTAL","500-999","I56","D1111","BG",2008,NA
"PPS","TOTAL","500-999","J","D01","BG",2008,56143535
"PPS","TOTAL","500-999","J","D111","BG",2008,47634413
"PPS","TOTAL","500-999","J","D1111","BG",2008,43365467
"PPS","TOTAL","500-999","J58","D01","BG",2008,NA
"PPS","TOTAL","500-999","J58","D111","BG",2008,NA
"PPS","TOTAL","500-999","J58","D1111","BG",2008,NA
"PPS","TOTAL","500-999","J59","D01","BG",2008,NA
"PPS","TOTAL","500-999","J59","D111","BG",2008,NA
"PPS","TOTAL","500-999","J59","D1111","BG",2008,NA
"PPS","TOTAL","500-999","J60","D01","BG",2008,NA
"PPS","TOTAL","500-999","J60","D111","BG",2008,NA
"PPS","TOTAL","500-999","J60","D1111","BG",2008,NA
"PPS","TOTAL","500-999","J61","D01","BG",2008,NA
"PPS","TOTAL","500-999","J61","D111","BG",2008,NA
"PPS","TOTAL","500-999","J61","D1111","BG",2008,NA
"PPS","TOTAL","500-999","J62","D01","BG",2008,NA
"PPS","TOTAL","500-999","J62","D111","BG",2008,NA
"PPS","TOTAL","500-999","J62","D1111","BG",2008,NA
"PPS","TOTAL","500-999","J63","D01","BG",2008,NA
"PPS","TOTAL","500-999","J63","D111","BG",2008,NA
"PPS","TOTAL","500-999","J63","D1111","BG",2008,NA
"PPS","TOTAL","500-999","K","D01","BG",2008,210179328
"PPS","TOTAL","500-999","K","D111","BG",2008,177705828
"PPS","TOTAL","500-999","K","D1111","BG",2008,154381288
"PPS","TOTAL","500-999","K-N","D01","BG",2008,295715823
"PPS","TOTAL","500-999","K-N","D111","BG",2008,246717784
"PPS","TOTAL","500-999","K-N","D1111","BG",2008,214542581
"PPS","TOTAL","500-999","K64","D01","BG",2008,210179328
"PPS","TOTAL","500-999","K64","D111","BG",2008,177705828
"PPS","TOTAL","500-999","K64","D1111","BG",2008,154381288
"PPS","TOTAL","500-999","K65","D01","BG",2008,NA
"PPS","TOTAL","500-999","K65","D111","BG",2008,NA
"PPS","TOTAL","500-999","K65","D1111","BG",2008,NA
"PPS","TOTAL","500-999","K66","D01","BG",2008,NA
"PPS","TOTAL","500-999","K66","D111","BG",2008,NA
"PPS","TOTAL","500-999","K66","D1111","BG",2008,NA
"PPS","TOTAL","500-999","L","D01","BG",2008,NA
"PPS","TOTAL","500-999","L","D111","BG",2008,NA
"PPS","TOTAL","500-999","L","D1111","BG",2008,NA
"PPS","TOTAL","500-999","L68","D01","BG",2008,NA
"PPS","TOTAL","500-999","L68","D111","BG",2008,NA
"PPS","TOTAL","500-999","L68","D1111","BG",2008,NA
"PPS","TOTAL","500-999","M","D01","BG",2008,NA
"PPS","TOTAL","500-999","M","D111","BG",2008,NA
"PPS","TOTAL","500-999","M","D1111","BG",2008,NA
"PPS","TOTAL","500-999","M69","D01","BG",2008,NA
"PPS","TOTAL","500-999","M69","D111","BG",2008,NA
"PPS","TOTAL","500-999","M69","D1111","BG",2008,NA
"PPS","TOTAL","500-999","M70","D01","BG",2008,NA
"PPS","TOTAL","500-999","M70","D111","BG",2008,NA
"PPS","TOTAL","500-999","M70","D1111","BG",2008,NA
"PPS","TOTAL","500-999","M71","D01","BG",2008,NA
"PPS","TOTAL","500-999","M71","D111","BG",2008,NA
"PPS","TOTAL","500-999","M71","D1111","BG",2008,NA
"PPS","TOTAL","500-999","M72","D01","BG",2008,NA
"PPS","TOTAL","500-999","M72","D111","BG",2008,NA
"PPS","TOTAL","500-999","M72","D1111","BG",2008,NA
"PPS","TOTAL","500-999","M73","D01","BG",2008,NA
"PPS","TOTAL","500-999","M73","D111","BG",2008,NA
"PPS","TOTAL","500-999","M73","D1111","BG",2008,NA
"PPS","TOTAL","500-999","M74","D01","BG",2008,NA
"PPS","TOTAL","500-999","M74","D111","BG",2008,NA
"PPS","TOTAL","500-999","M74","D1111","BG",2008,NA
"PPS","TOTAL","500-999","M75","D01","BG",2008,NA
"PPS","TOTAL","500-999","M75","D111","BG",2008,NA
"PPS","TOTAL","500-999","M75","D1111","BG",2008,NA
"PPS","TOTAL","500-999","N","D01","BG",2008,51961573
"PPS","TOTAL","500-999","N","D111","BG",2008,42241660
"PPS","TOTAL","500-999","N","D1111","BG",2008,39032855
"PPS","TOTAL","500-999","N77","D01","BG",2008,NA
"PPS","TOTAL","500-999","N77","D111","BG",2008,NA
"PPS","TOTAL","500-999","N77","D1111","BG",2008,NA
"PPS","TOTAL","500-999","N78","D01","BG",2008,NA
"PPS","TOTAL","500-999","N78","D111","BG",2008,NA
"PPS","TOTAL","500-999","N78","D1111","BG",2008,NA
"PPS","TOTAL","500-999","N79","D01","BG",2008,NA
"PPS","TOTAL","500-999","N79","D111","BG",2008,NA
"PPS","TOTAL","500-999","N79","D1111","BG",2008,NA
"PPS","TOTAL","500-999","N80","D01","BG",2008,27620141
"PPS","TOTAL","500-999","N80","D111","BG",2008,22573922
"PPS","TOTAL","500-999","N80","D1111","BG",2008,21343933
"PPS","TOTAL","500-999","N81","D01","BG",2008,NA
"PPS","TOTAL","500-999","N81","D111","BG",2008,NA
"PPS","TOTAL","500-999","N81","D1111","BG",2008,NA
"PPS","TOTAL","500-999","N82","D01","BG",2008,NA
"PPS","TOTAL","500-999","N82","D111","BG",2008,NA
"PPS","TOTAL","500-999","N82","D1111","BG",2008,NA
"PPS","TOTAL","500-999","O","D01","BG",2008,172231260
"PPS","TOTAL","500-999","O","D111","BG",2008,136154969
"PPS","TOTAL","500-999","O","D1111","BG",2008,125755064
"PPS","TOTAL","500-999","O-S","D01","BG",2008,602310572
"PPS","TOTAL","500-999","O-S","D111","BG",2008,489829021
"PPS","TOTAL","500-999","O-S","D1111","BG",2008,438854936
"PPS","TOTAL","500-999","O84","D01","BG",2008,172231260
"PPS","TOTAL","500-999","O84","D111","BG",2008,136154969
"PPS","TOTAL","500-999","O84","D1111","BG",2008,125755064
"PPS","TOTAL","500-999","P","D01","BG",2008,153161436
"PPS","TOTAL","500-999","P","D111","BG",2008,126018299
"PPS","TOTAL","500-999","P","D1111","BG",2008,107458903
"PPS","TOTAL","500-999","P-S","D01","BG",2008,430079312
"PPS","TOTAL","500-999","P-S","D111","BG",2008,353674052
"PPS","TOTAL","500-999","P-S","D1111","BG",2008,313099873
"PPS","TOTAL","500-999","P85","D01","BG",2008,153161436
"PPS","TOTAL","500-999","P85","D111","BG",2008,126018299
"PPS","TOTAL","500-999","P85","D1111","BG",2008,107458903
"PPS","TOTAL","500-999","Q","D01","BG",2008,276917876
"PPS","TOTAL","500-999","Q","D111","BG",2008,227655752
"PPS","TOTAL","500-999","Q","D1111","BG",2008,205640970
"PPS","TOTAL","500-999","Q86","D01","BG",2008,276917876
"PPS","TOTAL","500-999","Q86","D111","BG",2008,227655752
"PPS","TOTAL","500-999","Q86","D1111","BG",2008,205640970
"PPS","TOTAL","500-999","Q87","D01","BG",2008,NA
"PPS","TOTAL","500-999","Q87","D111","BG",2008,NA
"PPS","TOTAL","500-999","Q87","D1111","BG",2008,NA
"PPS","TOTAL","500-999","Q88","D01","BG",2008,NA
"PPS","TOTAL","500-999","Q88","D111","BG",2008,NA
"PPS","TOTAL","500-999","Q88","D1111","BG",2008,NA
"PPS","TOTAL","500-999","R","D01","BG",2008,NA
"PPS","TOTAL","500-999","R","D111","BG",2008,NA
"PPS","TOTAL","500-999","R","D1111","BG",2008,NA
"PPS","TOTAL","500-999","R90","D01","BG",2008,NA
"PPS","TOTAL","500-999","R90","D111","BG",2008,NA
"PPS","TOTAL","500-999","R90","D1111","BG",2008,NA
"PPS","TOTAL","500-999","R91","D01","BG",2008,NA
"PPS","TOTAL","500-999","R91","D111","BG",2008,NA
"PPS","TOTAL","500-999","R91","D1111","BG",2008,NA
"PPS","TOTAL","500-999","R92","D01","BG",2008,NA
"PPS","TOTAL","500-999","R92","D111","BG",2008,NA
"PPS","TOTAL","500-999","R92","D1111","BG",2008,NA
"PPS","TOTAL","500-999","R93","D01","BG",2008,NA
"PPS","TOTAL","500-999","R93","D111","BG",2008,NA
"PPS","TOTAL","500-999","R93","D1111","BG",2008,NA
"PPS","TOTAL","500-999","S","D01","BG",2008,NA
"PPS","TOTAL","500-999","S","D111","BG",2008,NA
"PPS","TOTAL","500-999","S","D1111","BG",2008,NA
"PPS","TOTAL","500-999","S94","D01","BG",2008,NA
"PPS","TOTAL","500-999","S94","D111","BG",2008,NA
"PPS","TOTAL","500-999","S94","D1111","BG",2008,NA
"PPS","TOTAL","500-999","S95","D01","BG",2008,NA
"PPS","TOTAL","500-999","S95","D111","BG",2008,NA
"PPS","TOTAL","500-999","S95","D1111","BG",2008,NA
"PPS","TOTAL","500-999","S96","D01","BG",2008,NA
"PPS","TOTAL","500-999","S96","D111","BG",2008,NA
"PPS","TOTAL","500-999","S96","D1111","BG",2008,NA
"PPS","TOTAL","GE10","B","D01","BG",2008,517328233
"PPS","TOTAL","GE10","B","D111","BG",2008,379443354
"PPS","TOTAL","GE10","B","D1111","BG",2008,321712491
"PPS","TOTAL","GE10","B-E","D01","BG",2008,6620500014
"PPS","TOTAL","GE10","B-E","D111","BG",2008,5271868382
"PPS","TOTAL","GE10","B-E","D1111","BG",2008,4598072393
"PPS","TOTAL","GE10","B-F","D01","BG",2008,8365249066
"PPS","TOTAL","GE10","B-F","D111","BG",2008,6701591520
"PPS","TOTAL","GE10","B-F","D1111","BG",2008,5930855388
"PPS","TOTAL","GE10","B-N","D01","BG",2008,16124179522
"PPS","TOTAL","GE10","B-N","D111","BG",2008,13180339707
"PPS","TOTAL","GE10","B-N","D1111","BG",2008,11774425710
"PPS","TOTAL","GE10","B-S","D01","BG",2008,21136347671
"PPS","TOTAL","GE10","B-S","D111","BG",2008,17206005422
"PPS","TOTAL","GE10","B-S","D1111","BG",2008,15306640125
"PPS","TOTAL","GE10","B-S_X_O","D01","BG",2008,19379038571
"PPS","TOTAL","GE10","B-S_X_O","D111","BG",2008,15820430762
"PPS","TOTAL","GE10","B-S_X_O","D1111","BG",2008,14058765431
"PPS","TOTAL","GE10","B05","D01","BG",2008,267346584
"PPS","TOTAL","GE10","B05","D111","BG",2008,188575527
"PPS","TOTAL","GE10","B05","D1111","BG",2008,152390018
"PPS","TOTAL","GE10","B06","D01","BG",2008,NA
"PPS","TOTAL","GE10","B06","D111","BG",2008,NA
"PPS","TOTAL","GE10","B06","D1111","BG",2008,NA
"PPS","TOTAL","GE10","B07","D01","BG",2008,149377069
"PPS","TOTAL","GE10","B07","D111","BG",2008,112588110
"PPS","TOTAL","GE10","B07","D1111","BG",2008,98919673
"PPS","TOTAL","GE10","B08","D01","BG",2008,93214942
"PPS","TOTAL","GE10","B08","D111","BG",2008,72137216
"PPS","TOTAL","GE10","B08","D1111","BG",2008,64844485
"PPS","TOTAL","GE10","B09","D01","BG",2008,NA
"PPS","TOTAL","GE10","B09","D111","BG",2008,NA
"PPS","TOTAL","GE10","B09","D1111","BG",2008,NA
"PPS","TOTAL","GE10","C","D01","BG",2008,4924449915
"PPS","TOTAL","GE10","C","D111","BG",2008,3971312327
"PPS","TOTAL","GE10","C","D1111","BG",2008,3564588382
"PPS","TOTAL","GE10","C10","D01","BG",2008,541934101
"PPS","TOTAL","GE10","C10","D111","BG",2008,445602509
"PPS","TOTAL","GE10","C10","D1111","BG",2008,411694961
"PPS","TOTAL","GE10","C11","D01","BG",2008,185037669
"PPS","TOTAL","GE10","C11","D111","BG",2008,154384889
"PPS","TOTAL","GE10","C11","D1111","BG",2008,136300157
"PPS","TOTAL","GE10","C12","D01","BG",2008,NA
"PPS","TOTAL","GE10","C12","D111","BG",2008,NA
"PPS","TOTAL","GE10","C12","D1111","BG",2008,NA
"PPS","TOTAL","GE10","C13","D01","BG",2008,123257443
"PPS","TOTAL","GE10","C13","D111","BG",2008,99292014
"PPS","TOTAL","GE10","C13","D1111","BG",2008,90158617
"PPS","TOTAL","GE10","C14","D01","BG",2008,651489083
"PPS","TOTAL","GE10","C14","D111","BG",2008,534159173
"PPS","TOTAL","GE10","C14","D1111","BG",2008,485013231
"PPS","TOTAL","GE10","C15","D01","BG",2008,83374940
"PPS","TOTAL","GE10","C15","D111","BG",2008,68210142
"PPS","TOTAL","GE10","C15","D1111","BG",2008,62526264
"PPS","TOTAL","GE10","C16","D01","BG",2008,96226369
"PPS","TOTAL","GE10","C16","D111","BG",2008,78832789
"PPS","TOTAL","GE10","C16","D1111","BG",2008,71797908
"PPS","TOTAL","GE10","C17","D01","BG",2008,83269091
"PPS","TOTAL","GE10","C17","D111","BG",2008,67476353
"PPS","TOTAL","GE10","C17","D1111","BG",2008,59812347
"PPS","TOTAL","GE10","C18","D01","BG",2008,78826791
"PPS","TOTAL","GE10","C18","D111","BG",2008,65406476
"PPS","TOTAL","GE10","C18","D1111","BG",2008,59264996
"PPS","TOTAL","GE10","C19","D01","BG",2008,NA
"PPS","TOTAL","GE10","C19","D111","BG",2008,NA
"PPS","TOTAL","GE10","C19","D1111","BG",2008,NA
"PPS","TOTAL","GE10","C20","D01","BG",2008,187460351
"PPS","TOTAL","GE10","C20","D111","BG",2008,145607694
"PPS","TOTAL","GE10","C20","D1111","BG",2008,128090817
"PPS","TOTAL","GE10","C21","D01","BG",2008,102563033
"PPS","TOTAL","GE10","C21","D111","BG",2008,81275389
"PPS","TOTAL","GE10","C21","D1111","BG",2008,71768663
"PPS","TOTAL","GE10","C22","D01","BG",2008,153431307
"PPS","TOTAL","GE10","C22","D111","BG",2008,125860601
"PPS","TOTAL","GE10","C22","D1111","BG",2008,115551793
"PPS","TOTAL","GE10","C23","D01","BG",2008,311489394
"PPS","TOTAL","GE10","C23","D111","BG",2008,250052670
"PPS","TOTAL","GE10","C23","D1111","BG",2008,225175908
"PPS","TOTAL","GE10","C24","D01","BG",2008,349090320
"PPS","TOTAL","GE10","C24","D111","BG",2008,269990447
"PPS","TOTAL","GE10","C24","D1111","BG",2008,235680144
"PPS","TOTAL","GE10","C25","D01","BG",2008,459743024
"PPS","TOTAL","GE10","C25","D111","BG",2008,371802819
"PPS","TOTAL","GE10","C25","D1111","BG",2008,337430416
"PPS","TOTAL","GE10","C26","D01","BG",2008,105022063
"PPS","TOTAL","GE10","C26","D111","BG",2008,86809770
"PPS","TOTAL","GE10","C26","D1111","BG",2008,76387099
"PPS","TOTAL","GE10","C27","D01","BG",2008,210538141
"PPS","TOTAL","GE10","C27","D111","BG",2008,171433473
"PPS","TOTAL","GE10","C27","D1111","BG",2008,152407059
"PPS","TOTAL","GE10","C28","D01","BG",2008,373519472
"PPS","TOTAL","GE10","C28","D111","BG",2008,303842152
"PPS","TOTAL","GE10","C28","D1111","BG",2008,268565533
"PPS","TOTAL","GE10","C29","D01","BG",2008,86970697
"PPS","TOTAL","GE10","C29","D111","BG",2008,70908829
"PPS","TOTAL","GE10","C29","D1111","BG",2008,64239149
"PPS","TOTAL","GE10","C30","D01","BG",2008,92907583
"PPS","TOTAL","GE10","C30","D111","BG",2008,74009175
"PPS","TOTAL","GE10","C30","D1111","BG",2008,66204122
"PPS","TOTAL","GE10","C31","D01","BG",2008,130509982
"PPS","TOTAL","GE10","C31","D111","BG",2008,106797965
"PPS","TOTAL","GE10","C31","D1111","BG",2008,98264151
"PPS","TOTAL","GE10","C32","D01","BG",2008,43297070
"PPS","TOTAL","GE10","C32","D111","BG",2008,35682254
"PPS","TOTAL","GE10","C32","D1111","BG",2008,32347622
"PPS","TOTAL","GE10","C33","D01","BG",2008,245576749
"PPS","TOTAL","GE10","C33","D111","BG",2008,197375754
"PPS","TOTAL","GE10","C33","D1111","BG",2008,175345549
"PPS","TOTAL","GE10","D","D01","BG",2008,820868901
"PPS","TOTAL","GE10","D","D111","BG",2008,629376270
"PPS","TOTAL","GE10","D","D1111","BG",2008,468470845
"PPS","TOTAL","GE10","D35","D01","BG",2008,820868901
"PPS","TOTAL","GE10","D35","D111","BG",2008,629376270
"PPS","TOTAL","GE10","D35","D1111","BG",2008,468470845
"PPS","TOTAL","GE10","E","D01","BG",2008,357852965
"PPS","TOTAL","GE10","E","D111","BG",2008,291736431
"PPS","TOTAL","GE10","E","D1111","BG",2008,243300676
"PPS","TOTAL","GE10","E36","D01","BG",2008,220000390
"PPS","TOTAL","GE10","E36","D111","BG",2008,178450053
"PPS","TOTAL","GE10","E36","D1111","BG",2008,139726605
"PPS","TOTAL","GE10","E37","D01","BG",2008,4979214
"PPS","TOTAL","GE10","E37","D111","BG",2008,4322416
"PPS","TOTAL","GE10","E37","D1111","BG",2008,4080778
"PPS","TOTAL","GE10","E38","D01","BG",2008,129020985
"PPS","TOTAL","GE10","E38","D111","BG",2008,105825725
"PPS","TOTAL","GE10","E38","D1111","BG",2008,96679933
"PPS","TOTAL","GE10","E39","D01","BG",2008,3852376
"PPS","TOTAL","GE10","E39","D111","BG",2008,3138236
"PPS","TOTAL","GE10","E39","D1111","BG",2008,2813360
"PPS","TOTAL","GE10","F","D01","BG",2008,1744749052
"PPS","TOTAL","GE10","F","D111","BG",2008,1429723138
"PPS","TOTAL","GE10","F","D1111","BG",2008,1332782995
"PPS","TOTAL","GE10","F41","D01","BG",2008,910497804
"PPS","TOTAL","GE10","F41","D111","BG",2008,750381065
"PPS","TOTAL","GE10","F41","D1111","BG",2008,701839995
"PPS","TOTAL","GE10","F42","D01","BG",2008,454274943
"PPS","TOTAL","GE10","F42","D111","BG",2008,365350829
"PPS","TOTAL","GE10","F42","D1111","BG",2008,336293934
"PPS","TOTAL","GE10","F43","D01","BG",2008,379976305
"PPS","TOTAL","GE10","F43","D111","BG",2008,313991244
"PPS","TOTAL","GE10","F43","D1111","BG",2008,294649066
"PPS","TOTAL","GE10","G","D01","BG",2008,2222046465
"PPS","TOTAL","GE10","G","D111","BG",2008,1858329079
"PPS","TOTAL","GE10","G","D1111","BG",2008,1730156497
"PPS","TOTAL","GE10","G-J","D01","BG",2008,5362841268
"PPS","TOTAL","GE10","G-J","D111","BG",2008,4453671025
"PPS","TOTAL","GE10","G-J","D1111","BG",2008,3994953621
"PPS","TOTAL","GE10","G-N","D01","BG",2008,7758930456
"PPS","TOTAL","GE10","G-N","D111","BG",2008,6478748187
"PPS","TOTAL","GE10","G-N","D1111","BG",2008,5843570322
"PPS","TOTAL","GE10","G-S_X_O","D01","BG",2008,11013789506
"PPS","TOTAL","GE10","G-S_X_O","D111","BG",2008,9118839242
"PPS","TOTAL","GE10","G-S_X_O","D1111","BG",2008,8127910043
"PPS","TOTAL","GE10","G45","D01","BG",2008,259101961
"PPS","TOTAL","GE10","G45","D111","BG",2008,218259634
"PPS","TOTAL","GE10","G45","D1111","BG",2008,202381131
"PPS","TOTAL","GE10","G46","D01","BG",2008,1197969236
"PPS","TOTAL","GE10","G46","D111","BG",2008,1010683157
"PPS","TOTAL","GE10","G46","D1111","BG",2008,940805989
"PPS","TOTAL","GE10","G47","D01","BG",2008,764975268
"PPS","TOTAL","GE10","G47","D111","BG",2008,629386288
"PPS","TOTAL","GE10","G47","D1111","BG",2008,586969378
"PPS","TOTAL","GE10","H","D01","BG",2008,1570445927
"PPS","TOTAL","GE10","H","D111","BG",2008,1278381358
"PPS","TOTAL","GE10","H","D1111","BG",2008,1051326007
"PPS","TOTAL","GE10","H49","D01","BG",2008,648139982
"PPS","TOTAL","GE10","H49","D111","BG",2008,511258340
"PPS","TOTAL","GE10","H49","D1111","BG",2008,435301399
"PPS","TOTAL","GE10","H50","D01","BG",2008,104063807
"PPS","TOTAL","GE10","H50","D111","BG",2008,77796679
"PPS","TOTAL","GE10","H50","D1111","BG",2008,63747404
"PPS","TOTAL","GE10","H51","D01","BG",2008,79911071
"PPS","TOTAL","GE10","H51","D111","BG",2008,65507924
"PPS","TOTAL","GE10","H51","D1111","BG",2008,58438602
"PPS","TOTAL","GE10","H52","D01","BG",2008,559358426
"PPS","TOTAL","GE10","H52","D111","BG",2008,477126429
"PPS","TOTAL","GE10","H52","D1111","BG",2008,378950958
"PPS","TOTAL","GE10","H53","D01","BG",2008,178972641
"PPS","TOTAL","GE10","H53","D111","BG",2008,146691985
"PPS","TOTAL","GE10","H53","D1111","BG",2008,114887643
"PPS","TOTAL","GE10","I","D01","BG",2008,481721372
"PPS","TOTAL","GE10","I","D111","BG",2008,395449708
"PPS","TOTAL","GE10","I","D1111","BG",2008,370051055
"PPS","TOTAL","GE10","I55","D01","BG",2008,246947747
"PPS","TOTAL","GE10","I55","D111","BG",2008,202050918
"PPS","TOTAL","GE10","I55","D1111","BG",2008,187400051
"PPS","TOTAL","GE10","I56","D01","BG",2008,234773625
"PPS","TOTAL","GE10","I56","D111","BG",2008,193398790
"PPS","TOTAL","GE10","I56","D1111","BG",2008,182651004
"PPS","TOTAL","GE10","J","D01","BG",2008,1088627505
"PPS","TOTAL","GE10","J","D111","BG",2008,921510881
"PPS","TOTAL","GE10","J","D1111","BG",2008,843420062
"PPS","TOTAL","GE10","J58","D01","BG",2008,72574138
"PPS","TOTAL","GE10","J58","D111","BG",2008,61446921
"PPS","TOTAL","GE10","J58","D1111","BG",2008,57147983
"PPS","TOTAL","GE10","J59","D01","BG",2008,15800246
"PPS","TOTAL","GE10","J59","D111","BG",2008,13145766
"PPS","TOTAL","GE10","J59","D1111","BG",2008,12276352
"PPS","TOTAL","GE10","J60","D01","BG",2008,110580757
"PPS","TOTAL","GE10","J60","D111","BG",2008,92110637
"PPS","TOTAL","GE10","J60","D1111","BG",2008,84784969
"PPS","TOTAL","GE10","J61","D01","BG",2008,398102234
"PPS","TOTAL","GE10","J61","D111","BG",2008,334030062
"PPS","TOTAL","GE10","J61","D1111","BG",2008,305695293
"PPS","TOTAL","GE10","J62","D01","BG",2008,429562144
"PPS","TOTAL","GE10","J62","D111","BG",2008,367911852
"PPS","TOTAL","GE10","J62","D1111","BG",2008,335329652
"PPS","TOTAL","GE10","J63","D01","BG",2008,62007985
"PPS","TOTAL","GE10","J63","D111","BG",2008,52865642
"PPS","TOTAL","GE10","J63","D1111","BG",2008,48185813
"PPS","TOTAL","GE10","K","D01","BG",2008,1044925904
"PPS","TOTAL","GE10","K","D111","BG",2008,880089402
"PPS","TOTAL","GE10","K","D1111","BG",2008,797964001
"PPS","TOTAL","GE10","K-N","D01","BG",2008,2396089188
"PPS","TOTAL","GE10","K-N","D111","BG",2008,2025077162
"PPS","TOTAL","GE10","K-N","D1111","BG",2008,1848616701
"PPS","TOTAL","GE10","K64","D01","BG",2008,871821928
"PPS","TOTAL","GE10","K64","D111","BG",2008,733604482
"PPS","TOTAL","GE10","K64","D1111","BG",2008,661638936
"PPS","TOTAL","GE10","K65","D01","BG",2008,128469358
"PPS","TOTAL","GE10","K65","D111","BG",2008,109066932
"PPS","TOTAL","GE10","K65","D1111","BG",2008,101628530
"PPS","TOTAL","GE10","K66","D01","BG",2008,44634618
"PPS","TOTAL","GE10","K66","D111","BG",2008,37417989
"PPS","TOTAL","GE10","K66","D1111","BG",2008,34696535
"PPS","TOTAL","GE10","L","D01","BG",2008,143056278
"PPS","TOTAL","GE10","L","D111","BG",2008,119787074
"PPS","TOTAL","GE10","L","D1111","BG",2008,109289980
"PPS","TOTAL","GE10","L68","D01","BG",2008,143056278
"PPS","TOTAL","GE10","L68","D111","BG",2008,119787074
"PPS","TOTAL","GE10","L68","D1111","BG",2008,109289980
"PPS","TOTAL","GE10","M","D01","BG",2008,673256039
"PPS","TOTAL","GE10","M","D111","BG",2008,569652848
"PPS","TOTAL","GE10","M","D1111","BG",2008,515984619
"PPS","TOTAL","GE10","M69","D01","BG",2008,90716613
"PPS","TOTAL","GE10","M69","D111","BG",2008,77878289
"PPS","TOTAL","GE10","M69","D1111","BG",2008,71953552
"PPS","TOTAL","GE10","M70","D01","BG",2008,107720697
"PPS","TOTAL","GE10","M70","D111","BG",2008,92212348
"PPS","TOTAL","GE10","M70","D1111","BG",2008,82385670
"PPS","TOTAL","GE10","M71","D01","BG",2008,165436618
"PPS","TOTAL","GE10","M71","D111","BG",2008,138851533
"PPS","TOTAL","GE10","M71","D1111","BG",2008,124688341
"PPS","TOTAL","GE10","M72","D01","BG",2008,140443111
"PPS","TOTAL","GE10","M72","D111","BG",2008,115215107
"PPS","TOTAL","GE10","M72","D1111","BG",2008,100886076
"PPS","TOTAL","GE10","M73","D01","BG",2008,88132625
"PPS","TOTAL","GE10","M73","D111","BG",2008,75163088
"PPS","TOTAL","GE10","M73","D1111","BG",2008,69682209
"PPS","TOTAL","GE10","M74","D01","BG",2008,80806376
"PPS","TOTAL","GE10","M74","D111","BG",2008,70332483
"PPS","TOTAL","GE10","M74","D1111","BG",2008,66388771
"PPS","TOTAL","GE10","M75","D01","BG",2008,NA
"PPS","TOTAL","GE10","M75","D111","BG",2008,NA
"PPS","TOTAL","GE10","M75","D1111","BG",2008,NA
"PPS","TOTAL","GE10","N","D01","BG",2008,534850967
"PPS","TOTAL","GE10","N","D111","BG",2008,455547838
"PPS","TOTAL","GE10","N","D1111","BG",2008,425378101
"PPS","TOTAL","GE10","N77","D01","BG",2008,18284172
"PPS","TOTAL","GE10","N77","D111","BG",2008,15405854
"PPS","TOTAL","GE10","N77","D1111","BG",2008,14191255
"PPS","TOTAL","GE10","N78","D01","BG",2008,44348175
"PPS","TOTAL","GE10","N78","D111","BG",2008,36507145
"PPS","TOTAL","GE10","N78","D1111","BG",2008,33761376
"PPS","TOTAL","GE10","N79","D01","BG",2008,26945244
"PPS","TOTAL","GE10","N79","D111","BG",2008,22645853
"PPS","TOTAL","GE10","N79","D1111","BG",2008,21438864
"PPS","TOTAL","GE10","N80","D01","BG",2008,262628995
"PPS","TOTAL","GE10","N80","D111","BG",2008,215940731
"PPS","TOTAL","GE10","N80","D1111","BG",2008,203084170
"PPS","TOTAL","GE10","N81","D01","BG",2008,126452174
"PPS","TOTAL","GE10","N81","D111","BG",2008,118686183
"PPS","TOTAL","GE10","N81","D1111","BG",2008,109709156
"PPS","TOTAL","GE10","N82","D01","BG",2008,56192207
"PPS","TOTAL","GE10","N82","D111","BG",2008,46362073
"PPS","TOTAL","GE10","N82","D1111","BG",2008,43193280
"PPS","TOTAL","GE10","O","D01","BG",2008,1757309099
"PPS","TOTAL","GE10","O","D111","BG",2008,1385574661
"PPS","TOTAL","GE10","O","D1111","BG",2008,1247874693
"PPS","TOTAL","GE10","O-S","D01","BG",2008,5012168148
"PPS","TOTAL","GE10","O-S","D111","BG",2008,4025665715
"PPS","TOTAL","GE10","O-S","D1111","BG",2008,3532214415
"PPS","TOTAL","GE10","O84","D01","BG",2008,1757309099
"PPS","TOTAL","GE10","O84","D111","BG",2008,1385574661
"PPS","TOTAL","GE10","O84","D1111","BG",2008,1247874693
"PPS","TOTAL","GE10","P","D01","BG",2008,1737968255
"PPS","TOTAL","GE10","P","D111","BG",2008,1389284439
"PPS","TOTAL","GE10","P","D1111","BG",2008,1161002993
"PPS","TOTAL","GE10","P-S","D01","BG",2008,3254859049
"PPS","TOTAL","GE10","P-S","D111","BG",2008,2640091055
"PPS","TOTAL","GE10","P-S","D1111","BG",2008,2284339721
"PPS","TOTAL","GE10","P85","D01","BG",2008,1737968255
"PPS","TOTAL","GE10","P85","D111","BG",2008,1389284439
"PPS","TOTAL","GE10","P85","D1111","BG",2008,1161002993
"PPS","TOTAL","GE10","Q","D01","BG",2008,1192540319
"PPS","TOTAL","GE10","Q","D111","BG",2008,979303333
"PPS","TOTAL","GE10","Q","D1111","BG",2008,876618909
"PPS","TOTAL","GE10","Q86","D01","BG",2008,1015881690
"PPS","TOTAL","GE10","Q86","D111","BG",2008,834547844
"PPS","TOTAL","GE10","Q86","D1111","BG",2008,749059872
"PPS","TOTAL","GE10","Q87","D01","BG",2008,91173601
"PPS","TOTAL","GE10","Q87","D111","BG",2008,74754672
"PPS","TOTAL","GE10","Q87","D1111","BG",2008,65697519
"PPS","TOTAL","GE10","Q88","D01","BG",2008,85485028
"PPS","TOTAL","GE10","Q88","D111","BG",2008,70000817
"PPS","TOTAL","GE10","Q88","D1111","BG",2008,61861518
"PPS","TOTAL","GE10","R","D01","BG",2008,225066105
"PPS","TOTAL","GE10","R","D111","BG",2008,186818887
"PPS","TOTAL","GE10","R","D1111","BG",2008,169460147
"PPS","TOTAL","GE10","R90","D01","BG",2008,62527940
"PPS","TOTAL","GE10","R90","D111","BG",2008,50684847
"PPS","TOTAL","GE10","R90","D1111","BG",2008,44200081
"PPS","TOTAL","GE10","R91","D01","BG",2008,32450304
"PPS","TOTAL","GE10","R91","D111","BG",2008,26485525
"PPS","TOTAL","GE10","R91","D1111","BG",2008,23220730
"PPS","TOTAL","GE10","R92","D01","BG",2008,70631360
"PPS","TOTAL","GE10","R92","D111","BG",2008,58369033
"PPS","TOTAL","GE10","R92","D1111","BG",2008,54071795
"PPS","TOTAL","GE10","R93","D01","BG",2008,59456500
"PPS","TOTAL","GE10","R93","D111","BG",2008,51279482
"PPS","TOTAL","GE10","R93","D1111","BG",2008,47967542
"PPS","TOTAL","GE10","S","D01","BG",2008,99284371
"PPS","TOTAL","GE10","S","D111","BG",2008,84684396
"PPS","TOTAL","GE10","S","D1111","BG",2008,77257673
"PPS","TOTAL","GE10","S94","D01","BG",2008,66996320
"PPS","TOTAL","GE10","S94","D111","BG",2008,58035986
"PPS","TOTAL","GE10","S94","D1111","BG",2008,52870450
"PPS","TOTAL","GE10","S95","D01","BG",2008,5748379
"PPS","TOTAL","GE10","S95","D111","BG",2008,4794310
"PPS","TOTAL","GE10","S95","D1111","BG",2008,4477497
"PPS","TOTAL","GE10","S96","D01","BG",2008,26539671
"PPS","TOTAL","GE10","S96","D111","BG",2008,21854100
"PPS","TOTAL","GE10","S96","D1111","BG",2008,19909726
"PPS","TOTAL","GE1000","B","D01","BG",2008,272073723
"PPS","TOTAL","GE1000","B","D111","BG",2008,195084939
"PPS","TOTAL","GE1000","B","D1111","BG",2008,160522339
"PPS","TOTAL","GE1000","B-E","D01","BG",2008,1666569151
"PPS","TOTAL","GE1000","B-E","D111","BG",2008,1285463588
"PPS","TOTAL","GE1000","B-E","D1111","BG",2008,1064498390
"PPS","TOTAL","GE1000","B-F","D01","BG",2008,1706973404
"PPS","TOTAL","GE1000","B-F","D111","BG",2008,1318989889
"PPS","TOTAL","GE1000","B-F","D1111","BG",2008,1095342392
"PPS","TOTAL","GE1000","B-N","D01","BG",2008,2847167530
"PPS","TOTAL","GE1000","B-N","D111","BG",2008,2251599648
"PPS","TOTAL","GE1000","B-N","D1111","BG",2008,1911356307
"PPS","TOTAL","GE1000","B-S","D01","BG",2008,3215231139
"PPS","TOTAL","GE1000","B-S","D111","BG",2008,2549965462
"PPS","TOTAL","GE1000","B-S","D1111","BG",2008,2175516058
"PPS","TOTAL","GE1000","B-S_X_O","D01","BG",2008,3105884825
"PPS","TOTAL","GE1000","B-S_X_O","D111","BG",2008,2463270656
"PPS","TOTAL","GE1000","B-S_X_O","D1111","BG",2008,2095988146
"PPS","TOTAL","GE1000","B05","D01","BG",2008,NA
"PPS","TOTAL","GE1000","B05","D111","BG",2008,NA
"PPS","TOTAL","GE1000","B05","D1111","BG",2008,NA
"PPS","TOTAL","GE1000","B06","D01","BG",2008,NA
"PPS","TOTAL","GE1000","B06","D111","BG",2008,NA
"PPS","TOTAL","GE1000","B06","D1111","BG",2008,NA
"PPS","TOTAL","GE1000","B07","D01","BG",2008,NA
"PPS","TOTAL","GE1000","B07","D111","BG",2008,NA
"PPS","TOTAL","GE1000","B07","D1111","BG",2008,NA
"PPS","TOTAL","GE1000","B08","D01","BG",2008,NA
"PPS","TOTAL","GE1000","B08","D111","BG",2008,NA
"PPS","TOTAL","GE1000","B08","D1111","BG",2008,NA
"PPS","TOTAL","GE1000","B09","D01","BG",2008,NA
"PPS","TOTAL","GE1000","B09","D111","BG",2008,NA
"PPS","TOTAL","GE1000","B09","D1111","BG",2008,NA
"PPS","TOTAL","GE1000","C","D01","BG",2008,949131123
"PPS","TOTAL","GE1000","C","D111","BG",2008,746160755
"PPS","TOTAL","GE1000","C","D1111","BG",2008,651101567
"PPS","TOTAL","GE1000","C10","D01","BG",2008,NA
"PPS","TOTAL","GE1000","C10","D111","BG",2008,NA
"PPS","TOTAL","GE1000","C10","D1111","BG",2008,NA
"PPS","TOTAL","GE1000","C11","D01","BG",2008,NA
"PPS","TOTAL","GE1000","C11","D111","BG",2008,NA
"PPS","TOTAL","GE1000","C11","D1111","BG",2008,NA
"PPS","TOTAL","GE1000","C12","D01","BG",2008,NA
"PPS","TOTAL","GE1000","C12","D111","BG",2008,NA
"PPS","TOTAL","GE1000","C12","D1111","BG",2008,NA
"PPS","TOTAL","GE1000","C13","D01","BG",2008,NA
"PPS","TOTAL","GE1000","C13","D111","BG",2008,NA
"PPS","TOTAL","GE1000","C13","D1111","BG",2008,NA
"PPS","TOTAL","GE1000","C14","D01","BG",2008,41441979
"PPS","TOTAL","GE1000","C14","D111","BG",2008,33682251
"PPS","TOTAL","GE1000","C14","D1111","BG",2008,30922806
"PPS","TOTAL","GE1000","C15","D01","BG",2008,NA
"PPS","TOTAL","GE1000","C15","D111","BG",2008,NA
"PPS","TOTAL","GE1000","C15","D1111","BG",2008,NA
"PPS","TOTAL","GE1000","C16","D01","BG",2008,NA
"PPS","TOTAL","GE1000","C16","D111","BG",2008,NA
"PPS","TOTAL","GE1000","C16","D1111","BG",2008,NA
"PPS","TOTAL","GE1000","C17","D01","BG",2008,NA
"PPS","TOTAL","GE1000","C17","D111","BG",2008,NA
"PPS","TOTAL","GE1000","C17","D1111","BG",2008,NA
"PPS","TOTAL","GE1000","C18","D01","BG",2008,NA
"PPS","TOTAL","GE1000","C18","D111","BG",2008,NA
"PPS","TOTAL","GE1000","C18","D1111","BG",2008,NA
"PPS","TOTAL","GE1000","C19","D01","BG",2008,NA
"PPS","TOTAL","GE1000","C19","D111","BG",2008,NA
"PPS","TOTAL","GE1000","C19","D1111","BG",2008,NA
"PPS","TOTAL","GE1000","C20","D01","BG",2008,NA
"PPS","TOTAL","GE1000","C20","D111","BG",2008,NA
"PPS","TOTAL","GE1000","C20","D1111","BG",2008,NA
"PPS","TOTAL","GE1000","C21","D01","BG",2008,NA
"PPS","TOTAL","GE1000","C21","D111","BG",2008,NA
"PPS","TOTAL","GE1000","C21","D1111","BG",2008,NA
"PPS","TOTAL","GE1000","C22","D01","BG",2008,NA
"PPS","TOTAL","GE1000","C22","D111","BG",2008,NA
"PPS","TOTAL","GE1000","C22","D1111","BG",2008,NA
"PPS","TOTAL","GE1000","C23","D01","BG",2008,NA
"PPS","TOTAL","GE1000","C23","D111","BG",2008,NA
"PPS","TOTAL","GE1000","C23","D1111","BG",2008,NA
"PPS","TOTAL","GE1000","C24","D01","BG",2008,184083559
"PPS","TOTAL","GE1000","C24","D111","BG",2008,139687165
"PPS","TOTAL","GE1000","C24","D1111","BG",2008,120339747
"PPS","TOTAL","GE1000","C25","D01","BG",2008,105113068
"PPS","TOTAL","GE1000","C25","D111","BG",2008,82115804
"PPS","TOTAL","GE1000","C25","D1111","BG",2008,75032494
"PPS","TOTAL","GE1000","C26","D01","BG",2008,NA
"PPS","TOTAL","GE1000","C26","D111","BG",2008,NA
"PPS","TOTAL","GE1000","C26","D1111","BG",2008,NA
"PPS","TOTAL","GE1000","C27","D01","BG",2008,NA
"PPS","TOTAL","GE1000","C27","D111","BG",2008,NA
"PPS","TOTAL","GE1000","C27","D1111","BG",2008,NA
"PPS","TOTAL","GE1000","C28","D01","BG",2008,86172642
"PPS","TOTAL","GE1000","C28","D111","BG",2008,69109184
"PPS","TOTAL","GE1000","C28","D1111","BG",2008,57462687
"PPS","TOTAL","GE1000","C29","D01","BG",2008,53631239
"PPS","TOTAL","GE1000","C29","D111","BG",2008,43672955
"PPS","TOTAL","GE1000","C29","D1111","BG",2008,40157309
"PPS","TOTAL","GE1000","C30","D01","BG",2008,NA
"PPS","TOTAL","GE1000","C30","D111","BG",2008,NA
"PPS","TOTAL","GE1000","C30","D1111","BG",2008,NA
"PPS","TOTAL","GE1000","C31","D01","BG",2008,NA
"PPS","TOTAL","GE1000","C31","D111","BG",2008,NA
"PPS","TOTAL","GE1000","C31","D1111","BG",2008,NA
"PPS","TOTAL","GE1000","C32","D01","BG",2008,NA
"PPS","TOTAL","GE1000","C32","D111","BG",2008,NA
"PPS","TOTAL","GE1000","C32","D1111","BG",2008,NA
"PPS","TOTAL","GE1000","C33","D01","BG",2008,NA
"PPS","TOTAL","GE1000","C33","D111","BG",2008,NA
"PPS","TOTAL","GE1000","C33","D1111","BG",2008,NA
"PPS","TOTAL","GE1000","D","D01","BG",2008,411147671
"PPS","TOTAL","GE1000","D","D111","BG",2008,316123229
"PPS","TOTAL","GE1000","D","D1111","BG",2008,228891965
"PPS","TOTAL","GE1000","D35","D01","BG",2008,411147671
"PPS","TOTAL","GE1000","D35","D111","BG",2008,316123229
"PPS","TOTAL","GE1000","D35","D1111","BG",2008,228891965
"PPS","TOTAL","GE1000","E","D01","BG",2008,NA
"PPS","TOTAL","GE1000","E","D111","BG",2008,NA
"PPS","TOTAL","GE1000","E","D1111","BG",2008,NA
"PPS","TOTAL","GE1000","E36","D01","BG",2008,NA
"PPS","TOTAL","GE1000","E36","D111","BG",2008,NA
"PPS","TOTAL","GE1000","E36","D1111","BG",2008,NA
"PPS","TOTAL","GE1000","E37","D01","BG",2008,NA
"PPS","TOTAL","GE1000","E37","D111","BG",2008,NA
"PPS","TOTAL","GE1000","E37","D1111","BG",2008,NA
"PPS","TOTAL","GE1000","E38","D01","BG",2008,NA
"PPS","TOTAL","GE1000","E38","D111","BG",2008,NA
"PPS","TOTAL","GE1000","E38","D1111","BG",2008,NA
"PPS","TOTAL","GE1000","E39","D01","BG",2008,NA
"PPS","TOTAL","GE1000","E39","D111","BG",2008,NA
"PPS","TOTAL","GE1000","E39","D1111","BG",2008,NA
"PPS","TOTAL","GE1000","F","D01","BG",2008,40404253
"PPS","TOTAL","GE1000","F","D111","BG",2008,33526301
"PPS","TOTAL","GE1000","F","D1111","BG",2008,30844002
"PPS","TOTAL","GE1000","F41","D01","BG",2008,40404253
"PPS","TOTAL","GE1000","F41","D111","BG",2008,33526301
"PPS","TOTAL","GE1000","F41","D1111","BG",2008,30844002
"PPS","TOTAL","GE1000","F42","D01","BG",2008,NA
"PPS","TOTAL","GE1000","F42","D111","BG",2008,NA
"PPS","TOTAL","GE1000","F42","D1111","BG",2008,NA
"PPS","TOTAL","GE1000","F43","D01","BG",2008,NA
"PPS","TOTAL","GE1000","F43","D111","BG",2008,NA
"PPS","TOTAL","GE1000","F43","D1111","BG",2008,NA
"PPS","TOTAL","GE1000","G","D01","BG",2008,199005700
"PPS","TOTAL","GE1000","G","D111","BG",2008,162714816
"PPS","TOTAL","GE1000","G","D1111","BG",2008,148544206
"PPS","TOTAL","GE1000","G-J","D01","BG",2008,870688997
"PPS","TOTAL","GE1000","G-J","D111","BG",2008,710121160
"PPS","TOTAL","GE1000","G-J","D1111","BG",2008,606454513
"PPS","TOTAL","GE1000","G-N","D01","BG",2008,1140194126
"PPS","TOTAL","GE1000","G-N","D111","BG",2008,932609758
"PPS","TOTAL","GE1000","G-N","D1111","BG",2008,816013915
"PPS","TOTAL","GE1000","G-S_X_O","D01","BG",2008,1398911421
"PPS","TOTAL","GE1000","G-S_X_O","D111","BG",2008,1144280767
"PPS","TOTAL","GE1000","G-S_X_O","D1111","BG",2008,1000645754
"PPS","TOTAL","GE1000","G45","D01","BG",2008,NA
"PPS","TOTAL","GE1000","G45","D111","BG",2008,NA
"PPS","TOTAL","GE1000","G45","D1111","BG",2008,NA
"PPS","TOTAL","GE1000","G46","D01","BG",2008,101314715
"PPS","TOTAL","GE1000","G46","D111","BG",2008,84711155
"PPS","TOTAL","GE1000","G46","D1111","BG",2008,76773081
"PPS","TOTAL","GE1000","G47","D01","BG",2008,97690984
"PPS","TOTAL","GE1000","G47","D111","BG",2008,78003661
"PPS","TOTAL","GE1000","G47","D1111","BG",2008,71771125
"PPS","TOTAL","GE1000","H","D01","BG",2008,359362865
"PPS","TOTAL","GE1000","H","D111","BG",2008,283656657
"PPS","TOTAL","GE1000","H","D1111","BG",2008,217308649
"PPS","TOTAL","GE1000","H49","D01","BG",2008,156268032
"PPS","TOTAL","GE1000","H49","D111","BG",2008,119690452
"PPS","TOTAL","GE1000","H49","D1111","BG",2008,95825915
"PPS","TOTAL","GE1000","H50","D01","BG",2008,NA
"PPS","TOTAL","GE1000","H50","D111","BG",2008,NA
"PPS","TOTAL","GE1000","H50","D1111","BG",2008,NA
"PPS","TOTAL","GE1000","H51","D01","BG",2008,NA
"PPS","TOTAL","GE1000","H51","D111","BG",2008,NA
"PPS","TOTAL","GE1000","H51","D1111","BG",2008,NA
"PPS","TOTAL","GE1000","H52","D01","BG",2008,92487901
"PPS","TOTAL","GE1000","H52","D111","BG",2008,78966722
"PPS","TOTAL","GE1000","H52","D1111","BG",2008,53693229
"PPS","TOTAL","GE1000","H53","D01","BG",2008,NA
"PPS","TOTAL","GE1000","H53","D111","BG",2008,NA
"PPS","TOTAL","GE1000","H53","D1111","BG",2008,NA
"PPS","TOTAL","GE1000","I","D01","BG",2008,NA
"PPS","TOTAL","GE1000","I","D111","BG",2008,NA
"PPS","TOTAL","GE1000","I","D1111","BG",2008,NA
"PPS","TOTAL","GE1000","I55","D01","BG",2008,NA
"PPS","TOTAL","GE1000","I55","D111","BG",2008,NA
"PPS","TOTAL","GE1000","I55","D1111","BG",2008,NA
"PPS","TOTAL","GE1000","I56","D01","BG",2008,NA
"PPS","TOTAL","GE1000","I56","D111","BG",2008,NA
"PPS","TOTAL","GE1000","I56","D1111","BG",2008,NA
"PPS","TOTAL","GE1000","J","D01","BG",2008,281327792
"PPS","TOTAL","GE1000","J","D111","BG",2008,238167761
"PPS","TOTAL","GE1000","J","D1111","BG",2008,216126996
"PPS","TOTAL","GE1000","J58","D01","BG",2008,NA
"PPS","TOTAL","GE1000","J58","D111","BG",2008,NA
"PPS","TOTAL","GE1000","J58","D1111","BG",2008,NA
"PPS","TOTAL","GE1000","J59","D01","BG",2008,NA
"PPS","TOTAL","GE1000","J59","D111","BG",2008,NA
"PPS","TOTAL","GE1000","J59","D1111","BG",2008,NA
"PPS","TOTAL","GE1000","J60","D01","BG",2008,NA
"PPS","TOTAL","GE1000","J60","D111","BG",2008,NA
"PPS","TOTAL","GE1000","J60","D1111","BG",2008,NA
"PPS","TOTAL","GE1000","J61","D01","BG",2008,NA
"PPS","TOTAL","GE1000","J61","D111","BG",2008,NA
"PPS","TOTAL","GE1000","J61","D1111","BG",2008,NA
"PPS","TOTAL","GE1000","J62","D01","BG",2008,NA
"PPS","TOTAL","GE1000","J62","D111","BG",2008,NA
"PPS","TOTAL","GE1000","J62","D1111","BG",2008,NA
"PPS","TOTAL","GE1000","J63","D01","BG",2008,NA
"PPS","TOTAL","GE1000","J63","D111","BG",2008,NA
"PPS","TOTAL","GE1000","J63","D1111","BG",2008,NA
"PPS","TOTAL","GE1000","K","D01","BG",2008,190430996
"PPS","TOTAL","GE1000","K","D111","BG",2008,158203953
"PPS","TOTAL","GE1000","K","D1111","BG",2008,149340968
"PPS","TOTAL","GE1000","K-N","D01","BG",2008,269505129
"PPS","TOTAL","GE1000","K-N","D111","BG",2008,222488598
"PPS","TOTAL","GE1000","K-N","D1111","BG",2008,209559402
"PPS","TOTAL","GE1000","K64","D01","BG",2008,190430996
"PPS","TOTAL","GE1000","K64","D111","BG",2008,158203953
"PPS","TOTAL","GE1000","K64","D1111","BG",2008,149340968
"PPS","TOTAL","GE1000","K65","D01","BG",2008,NA
"PPS","TOTAL","GE1000","K65","D111","BG",2008,NA
"PPS","TOTAL","GE1000","K65","D1111","BG",2008,NA
"PPS","TOTAL","GE1000","K66","D01","BG",2008,NA
"PPS","TOTAL","GE1000","K66","D111","BG",2008,NA
"PPS","TOTAL","GE1000","K66","D1111","BG",2008,NA
"PPS","TOTAL","GE1000","L","D01","BG",2008,NA
"PPS","TOTAL","GE1000","L","D111","BG",2008,NA
"PPS","TOTAL","GE1000","L","D1111","BG",2008,NA
"PPS","TOTAL","GE1000","L68","D01","BG",2008,NA
"PPS","TOTAL","GE1000","L68","D111","BG",2008,NA
"PPS","TOTAL","GE1000","L68","D1111","BG",2008,NA
"PPS","TOTAL","GE1000","M","D01","BG",2008,NA
"PPS","TOTAL","GE1000","M","D111","BG",2008,NA
"PPS","TOTAL","GE1000","M","D1111","BG",2008,NA
"PPS","TOTAL","GE1000","M69","D01","BG",2008,NA
"PPS","TOTAL","GE1000","M69","D111","BG",2008,NA
"PPS","TOTAL","GE1000","M69","D1111","BG",2008,NA
"PPS","TOTAL","GE1000","M70","D01","BG",2008,NA
"PPS","TOTAL","GE1000","M70","D111","BG",2008,NA
"PPS","TOTAL","GE1000","M70","D1111","BG",2008,NA
"PPS","TOTAL","GE1000","M71","D01","BG",2008,NA
"PPS","TOTAL","GE1000","M71","D111","BG",2008,NA
"PPS","TOTAL","GE1000","M71","D1111","BG",2008,NA
"PPS","TOTAL","GE1000","M72","D01","BG",2008,NA
"PPS","TOTAL","GE1000","M72","D111","BG",2008,NA
"PPS","TOTAL","GE1000","M72","D1111","BG",2008,NA
"PPS","TOTAL","GE1000","M73","D01","BG",2008,NA
"PPS","TOTAL","GE1000","M73","D111","BG",2008,NA
"PPS","TOTAL","GE1000","M73","D1111","BG",2008,NA
"PPS","TOTAL","GE1000","M74","D01","BG",2008,NA
"PPS","TOTAL","GE1000","M74","D111","BG",2008,NA
"PPS","TOTAL","GE1000","M74","D1111","BG",2008,NA
"PPS","TOTAL","GE1000","M75","D01","BG",2008,NA
"PPS","TOTAL","GE1000","M75","D111","BG",2008,NA
"PPS","TOTAL","GE1000","M75","D1111","BG",2008,NA
"PPS","TOTAL","GE1000","N","D01","BG",2008,79074133
"PPS","TOTAL","GE1000","N","D111","BG",2008,64284645
"PPS","TOTAL","GE1000","N","D1111","BG",2008,60218434
"PPS","TOTAL","GE1000","N77","D01","BG",2008,NA
"PPS","TOTAL","GE1000","N77","D111","BG",2008,NA
"PPS","TOTAL","GE1000","N77","D1111","BG",2008,NA
"PPS","TOTAL","GE1000","N78","D01","BG",2008,NA
"PPS","TOTAL","GE1000","N78","D111","BG",2008,NA
"PPS","TOTAL","GE1000","N78","D1111","BG",2008,NA
"PPS","TOTAL","GE1000","N79","D01","BG",2008,NA
"PPS","TOTAL","GE1000","N79","D111","BG",2008,NA
"PPS","TOTAL","GE1000","N79","D1111","BG",2008,NA
"PPS","TOTAL","GE1000","N80","D01","BG",2008,79074133
"PPS","TOTAL","GE1000","N80","D111","BG",2008,64284645
"PPS","TOTAL","GE1000","N80","D1111","BG",2008,60218434
"PPS","TOTAL","GE1000","N81","D01","BG",2008,NA
"PPS","TOTAL","GE1000","N81","D111","BG",2008,NA
"PPS","TOTAL","GE1000","N81","D1111","BG",2008,NA
"PPS","TOTAL","GE1000","N82","D01","BG",2008,NA
"PPS","TOTAL","GE1000","N82","D111","BG",2008,NA
"PPS","TOTAL","GE1000","N82","D1111","BG",2008,NA
"PPS","TOTAL","GE1000","O","D01","BG",2008,109346315
"PPS","TOTAL","GE1000","O","D111","BG",2008,86694807
"PPS","TOTAL","GE1000","O","D1111","BG",2008,79527913
"PPS","TOTAL","GE1000","O-S","D01","BG",2008,368063610
"PPS","TOTAL","GE1000","O-S","D111","BG",2008,298365815
"PPS","TOTAL","GE1000","O-S","D1111","BG",2008,264159751
"PPS","TOTAL","GE1000","O84","D01","BG",2008,109346315
"PPS","TOTAL","GE1000","O84","D111","BG",2008,86694807
"PPS","TOTAL","GE1000","O84","D1111","BG",2008,79527913
"PPS","TOTAL","GE1000","P","D01","BG",2008,80979746
"PPS","TOTAL","GE1000","P","D111","BG",2008,65890210
"PPS","TOTAL","GE1000","P","D1111","BG",2008,57302622
"PPS","TOTAL","GE1000","P-S","D01","BG",2008,258717295
"PPS","TOTAL","GE1000","P-S","D111","BG",2008,211671008
"PPS","TOTAL","GE1000","P-S","D1111","BG",2008,184631838
"PPS","TOTAL","GE1000","P85","D01","BG",2008,80979746
"PPS","TOTAL","GE1000","P85","D111","BG",2008,65890210
"PPS","TOTAL","GE1000","P85","D1111","BG",2008,57302622
"PPS","TOTAL","GE1000","Q","D01","BG",2008,177737549
"PPS","TOTAL","GE1000","Q","D111","BG",2008,145780799
"PPS","TOTAL","GE1000","Q","D1111","BG",2008,127329216
"PPS","TOTAL","GE1000","Q86","D01","BG",2008,177737549
"PPS","TOTAL","GE1000","Q86","D111","BG",2008,145780799
"PPS","TOTAL","GE1000","Q86","D1111","BG",2008,127329216
"PPS","TOTAL","GE1000","Q87","D01","BG",2008,NA
"PPS","TOTAL","GE1000","Q87","D111","BG",2008,NA
"PPS","TOTAL","GE1000","Q87","D1111","BG",2008,NA
"PPS","TOTAL","GE1000","Q88","D01","BG",2008,NA
"PPS","TOTAL","GE1000","Q88","D111","BG",2008,NA
"PPS","TOTAL","GE1000","Q88","D1111","BG",2008,NA
"PPS","TOTAL","GE1000","R","D01","BG",2008,NA
"PPS","TOTAL","GE1000","R","D111","BG",2008,NA
"PPS","TOTAL","GE1000","R","D1111","BG",2008,NA
"PPS","TOTAL","GE1000","R90","D01","BG",2008,NA
"PPS","TOTAL","GE1000","R90","D111","BG",2008,NA
"PPS","TOTAL","GE1000","R90","D1111","BG",2008,NA
"PPS","TOTAL","GE1000","R91","D01","BG",2008,NA
"PPS","TOTAL","GE1000","R91","D111","BG",2008,NA
"PPS","TOTAL","GE1000","R91","D1111","BG",2008,NA
"PPS","TOTAL","GE1000","R92","D01","BG",2008,NA
"PPS","TOTAL","GE1000","R92","D111","BG",2008,NA
"PPS","TOTAL","GE1000","R92","D1111","BG",2008,NA
"PPS","TOTAL","GE1000","R93","D01","BG",2008,NA
"PPS","TOTAL","GE1000","R93","D111","BG",2008,NA
"PPS","TOTAL","GE1000","R93","D1111","BG",2008,NA
"PPS","TOTAL","GE1000","S","D01","BG",2008,NA
"PPS","TOTAL","GE1000","S","D111","BG",2008,NA
"PPS","TOTAL","GE1000","S","D1111","BG",2008,NA
"PPS","TOTAL","GE1000","S94","D01","BG",2008,NA
"PPS","TOTAL","GE1000","S94","D111","BG",2008,NA
"PPS","TOTAL","GE1000","S94","D1111","BG",2008,NA
"PPS","TOTAL","GE1000","S95","D01","BG",2008,NA
"PPS","TOTAL","GE1000","S95","D111","BG",2008,NA
"PPS","TOTAL","GE1000","S95","D1111","BG",2008,NA
"PPS","TOTAL","GE1000","S96","D01","BG",2008,NA
"PPS","TOTAL","GE1000","S96","D111","BG",2008,NA
"PPS","TOTAL","GE1000","S96","D1111","BG",2008,NA
"PPS","TOTAL","LT10","B","D01","BG",2008,3511864
"PPS","TOTAL","LT10","B","D111","BG",2008,2863807
"PPS","TOTAL","LT10","B","D1111","BG",2008,2718028
"PPS","TOTAL","LT10","B-E","D01","BG",2008,259116050
"PPS","TOTAL","LT10","B-E","D111","BG",2008,213292770
"PPS","TOTAL","LT10","B-E","D1111","BG",2008,202196513
"PPS","TOTAL","LT10","B-F","D01","BG",2008,463395253
"PPS","TOTAL","LT10","B-F","D111","BG",2008,381724428
"PPS","TOTAL","LT10","B-F","D1111","BG",2008,362520637
"PPS","TOTAL","LT10","B-N","D01","BG",2008,2033147296
"PPS","TOTAL","LT10","B-N","D111","BG",2008,1686867087
"PPS","TOTAL","LT10","B-N","D1111","BG",2008,1604149596
"PPS","TOTAL","LT10","B-S","D01","BG",2008,2282633187
"PPS","TOTAL","LT10","B-S","D111","BG",2008,1895913045
"PPS","TOTAL","LT10","B-S","D1111","BG",2008,1798572204
"PPS","TOTAL","LT10","B-S_X_O","D01","BG",2008,2258084748
"PPS","TOTAL","LT10","B-S_X_O","D111","BG",2008,1876784174
"PPS","TOTAL","LT10","B-S_X_O","D1111","BG",2008,1781303487
"PPS","TOTAL","LT10","B05","D01","BG",2008,NA
"PPS","TOTAL","LT10","B05","D111","BG",2008,NA
"PPS","TOTAL","LT10","B05","D1111","BG",2008,NA
"PPS","TOTAL","LT10","B06","D01","BG",2008,NA
"PPS","TOTAL","LT10","B06","D111","BG",2008,NA
"PPS","TOTAL","LT10","B06","D1111","BG",2008,NA
"PPS","TOTAL","LT10","B07","D01","BG",2008,206220
"PPS","TOTAL","LT10","B07","D111","BG",2008,166865
"PPS","TOTAL","LT10","B07","D1111","BG",2008,160543
"PPS","TOTAL","LT10","B08","D01","BG",2008,3059896
"PPS","TOTAL","LT10","B08","D111","BG",2008,2496840
"PPS","TOTAL","LT10","B08","D1111","BG",2008,2363538
"PPS","TOTAL","LT10","B09","D01","BG",2008,148035
"PPS","TOTAL","LT10","B09","D111","BG",2008,122113
"PPS","TOTAL","LT10","B09","D1111","BG",2008,118450
"PPS","TOTAL","LT10","C","D01","BG",2008,238037440
"PPS","TOTAL","LT10","C","D111","BG",2008,195540975
"PPS","TOTAL","LT10","C","D1111","BG",2008,185986279
"PPS","TOTAL","LT10","C10","D01","BG",2008,37562784
"PPS","TOTAL","LT10","C10","D111","BG",2008,30861048
"PPS","TOTAL","LT10","C10","D1111","BG",2008,29693843
"PPS","TOTAL","LT10","C11","D01","BG",2008,3220559
"PPS","TOTAL","LT10","C11","D111","BG",2008,2640131
"PPS","TOTAL","LT10","C11","D1111","BG",2008,2536182
"PPS","TOTAL","LT10","C12","D01","BG",2008,410518
"PPS","TOTAL","LT10","C12","D111","BG",2008,188209
"PPS","TOTAL","LT10","C12","D1111","BG",2008,154198
"PPS","TOTAL","LT10","C13","D01","BG",2008,5499676
"PPS","TOTAL","LT10","C13","D111","BG",2008,4506995
"PPS","TOTAL","LT10","C13","D1111","BG",2008,4251059
"PPS","TOTAL","LT10","C14","D01","BG",2008,31907668
"PPS","TOTAL","LT10","C14","D111","BG",2008,26262110
"PPS","TOTAL","LT10","C14","D1111","BG",2008,25410855
"PPS","TOTAL","LT10","C15","D01","BG",2008,2711998
"PPS","TOTAL","LT10","C15","D111","BG",2008,2229948
"PPS","TOTAL","LT10","C15","D1111","BG",2008,2133441
"PPS","TOTAL","LT10","C16","D01","BG",2008,14099323
"PPS","TOTAL","LT10","C16","D111","BG",2008,11546592
"PPS","TOTAL","LT10","C16","D1111","BG",2008,10980564
"PPS","TOTAL","LT10","C17","D01","BG",2008,4469275
"PPS","TOTAL","LT10","C17","D111","BG",2008,3668168
"PPS","TOTAL","LT10","C17","D1111","BG",2008,3439642
"PPS","TOTAL","LT10","C18","D01","BG",2008,7502576
"PPS","TOTAL","LT10","C18","D111","BG",2008,6216129
"PPS","TOTAL","LT10","C18","D1111","BG",2008,5826258
"PPS","TOTAL","LT10","C19","D01","BG",2008,157072
"PPS","TOTAL","LT10","C19","D111","BG",2008,128276
"PPS","TOTAL","LT10","C19","D1111","BG",2008,117015
"PPS","TOTAL","LT10","C20","D01","BG",2008,4650126
"PPS","TOTAL","LT10","C20","D111","BG",2008,3799708
"PPS","TOTAL","LT10","C20","D1111","BG",2008,3570159
"PPS","TOTAL","LT10","C21","D01","BG",2008,481876
"PPS","TOTAL","LT10","C21","D111","BG",2008,397233
"PPS","TOTAL","LT10","C21","D1111","BG",2008,372442
"PPS","TOTAL","LT10","C22","D01","BG",2008,16888582
"PPS","TOTAL","LT10","C22","D111","BG",2008,13900312
"PPS","TOTAL","LT10","C22","D1111","BG",2008,13100561
"PPS","TOTAL","LT10","C23","D01","BG",2008,13101960
"PPS","TOTAL","LT10","C23","D111","BG",2008,10691665
"PPS","TOTAL","LT10","C23","D1111","BG",2008,10107619
"PPS","TOTAL","LT10","C24","D01","BG",2008,2568767
"PPS","TOTAL","LT10","C24","D111","BG",2008,2092928
"PPS","TOTAL","LT10","C24","D1111","BG",2008,1932438
"PPS","TOTAL","LT10","C25","D01","BG",2008,31912827
"PPS","TOTAL","LT10","C25","D111","BG",2008,26215960
"PPS","TOTAL","LT10","C25","D1111","BG",2008,24798957
"PPS","TOTAL","LT10","C26","D01","BG",2008,3557416
"PPS","TOTAL","LT10","C26","D111","BG",2008,2913002
"PPS","TOTAL","LT10","C26","D1111","BG",2008,2692945
"PPS","TOTAL","LT10","C27","D01","BG",2008,4226611
"PPS","TOTAL","LT10","C27","D111","BG",2008,3523418
"PPS","TOTAL","LT10","C27","D1111","BG",2008,3330925
"PPS","TOTAL","LT10","C28","D01","BG",2008,10431511
"PPS","TOTAL","LT10","C28","D111","BG",2008,8717161
"PPS","TOTAL","LT10","C28","D1111","BG",2008,8206339
"PPS","TOTAL","LT10","C29","D01","BG",2008,897882
"PPS","TOTAL","LT10","C29","D111","BG",2008,746977
"PPS","TOTAL","LT10","C29","D1111","BG",2008,706576
"PPS","TOTAL","LT10","C30","D01","BG",2008,797237
"PPS","TOTAL","LT10","C30","D111","BG",2008,658214
"PPS","TOTAL","LT10","C30","D1111","BG",2008,618395
"PPS","TOTAL","LT10","C31","D01","BG",2008,16705796
"PPS","TOTAL","LT10","C31","D111","BG",2008,13752981
"PPS","TOTAL","LT10","C31","D1111","BG",2008,13138282
"PPS","TOTAL","LT10","C32","D01","BG",2008,7942008
"PPS","TOTAL","LT10","C32","D111","BG",2008,6511839
"PPS","TOTAL","LT10","C32","D1111","BG",2008,6136811
"PPS","TOTAL","LT10","C33","D01","BG",2008,16333391
"PPS","TOTAL","LT10","C33","D111","BG",2008,13371970
"PPS","TOTAL","LT10","C33","D1111","BG",2008,12730772
"PPS","TOTAL","LT10","D","D01","BG",2008,11934986
"PPS","TOTAL","LT10","D","D111","BG",2008,10242793
"PPS","TOTAL","LT10","D","D1111","BG",2008,9205495
"PPS","TOTAL","LT10","D35","D01","BG",2008,11934986
"PPS","TOTAL","LT10","D35","D111","BG",2008,10242793
"PPS","TOTAL","LT10","D35","D1111","BG",2008,9205495
"PPS","TOTAL","LT10","E","D01","BG",2008,5631759
"PPS","TOTAL","LT10","E","D111","BG",2008,4645196
"PPS","TOTAL","LT10","E","D1111","BG",2008,4286711
"PPS","TOTAL","LT10","E36","D01","BG",2008,1012449
"PPS","TOTAL","LT10","E36","D111","BG",2008,833970
"PPS","TOTAL","LT10","E36","D1111","BG",2008,680878
"PPS","TOTAL","LT10","E37","D01","BG",2008,474246
"PPS","TOTAL","LT10","E37","D111","BG",2008,394406
"PPS","TOTAL","LT10","E37","D1111","BG",2008,374749
"PPS","TOTAL","LT10","E38","D01","BG",2008,4012330
"PPS","TOTAL","LT10","E38","D111","BG",2008,3308126
"PPS","TOTAL","LT10","E38","D1111","BG",2008,3129667
"PPS","TOTAL","LT10","E39","D01","BG",2008,132734
"PPS","TOTAL","LT10","E39","D111","BG",2008,108694
"PPS","TOTAL","LT10","E39","D1111","BG",2008,101418
"PPS","TOTAL","LT10","F","D01","BG",2008,204279203
"PPS","TOTAL","LT10","F","D111","BG",2008,168431658
"PPS","TOTAL","LT10","F","D1111","BG",2008,160324124
"PPS","TOTAL","LT10","F41","D01","BG",2008,84258109
"PPS","TOTAL","LT10","F41","D111","BG",2008,69507611
"PPS","TOTAL","LT10","F41","D1111","BG",2008,66309837
"PPS","TOTAL","LT10","F42","D01","BG",2008,15362363
"PPS","TOTAL","LT10","F42","D111","BG",2008,12716839
"PPS","TOTAL","LT10","F42","D1111","BG",2008,12096878
"PPS","TOTAL","LT10","F43","D01","BG",2008,104658731
"PPS","TOTAL","LT10","F43","D111","BG",2008,86207209
"PPS","TOTAL","LT10","F43","D1111","BG",2008,81917409
"PPS","TOTAL","LT10","G","D01","BG",2008,779202232
"PPS","TOTAL","LT10","G","D111","BG",2008,645128560
"PPS","TOTAL","LT10","G","D1111","BG",2008,615639488
"PPS","TOTAL","LT10","G-J","D01","BG",2008,1128321830
"PPS","TOTAL","LT10","G-J","D111","BG",2008,934230774
"PPS","TOTAL","LT10","G-J","D1111","BG",2008,891899578
"PPS","TOTAL","LT10","G-N","D01","BG",2008,1569752043
"PPS","TOTAL","LT10","G-N","D111","BG",2008,1305142658
"PPS","TOTAL","LT10","G-N","D1111","BG",2008,1241628959
"PPS","TOTAL","LT10","G-S_X_O","D01","BG",2008,1794689495
"PPS","TOTAL","LT10","G-S_X_O","D111","BG",2008,1495059746
"PPS","TOTAL","LT10","G-S_X_O","D1111","BG",2008,1418782850
"PPS","TOTAL","LT10","G45","D01","BG",2008,74072664
"PPS","TOTAL","LT10","G45","D111","BG",2008,61142805
"PPS","TOTAL","LT10","G45","D1111","BG",2008,58202758
"PPS","TOTAL","LT10","G46","D01","BG",2008,265323593
"PPS","TOTAL","LT10","G46","D111","BG",2008,221472777
"PPS","TOTAL","LT10","G46","D1111","BG",2008,208959438
"PPS","TOTAL","LT10","G47","D01","BG",2008,439805974
"PPS","TOTAL","LT10","G47","D111","BG",2008,362512978
"PPS","TOTAL","LT10","G47","D1111","BG",2008,348477292
"PPS","TOTAL","LT10","H","D01","BG",2008,121401544
"PPS","TOTAL","LT10","H","D111","BG",2008,98610247
"PPS","TOTAL","LT10","H","D1111","BG",2008,93159433
"PPS","TOTAL","LT10","H49","D01","BG",2008,93454620
"PPS","TOTAL","LT10","H49","D111","BG",2008,74991442
"PPS","TOTAL","LT10","H49","D1111","BG",2008,71503442
"PPS","TOTAL","LT10","H50","D01","BG",2008,424124
"PPS","TOTAL","LT10","H50","D111","BG",2008,342268
"PPS","TOTAL","LT10","H50","D1111","BG",2008,324596
"PPS","TOTAL","LT10","H51","D01","BG",2008,474218
"PPS","TOTAL","LT10","H51","D111","BG",2008,379190
"PPS","TOTAL","LT10","H51","D1111","BG",2008,354939
"PPS","TOTAL","LT10","H52","D01","BG",2008,23983689
"PPS","TOTAL","LT10","H52","D111","BG",2008,20368919
"PPS","TOTAL","LT10","H52","D1111","BG",2008,18897513
"PPS","TOTAL","LT10","H53","D01","BG",2008,3064893
"PPS","TOTAL","LT10","H53","D111","BG",2008,2528428
"PPS","TOTAL","LT10","H53","D1111","BG",2008,2078944
"PPS","TOTAL","LT10","I","D01","BG",2008,140258247
"PPS","TOTAL","LT10","I","D111","BG",2008,115557787
"PPS","TOTAL","LT10","I","D1111","BG",2008,112156904
"PPS","TOTAL","LT10","I55","D01","BG",2008,18066549
"PPS","TOTAL","LT10","I55","D111","BG",2008,14858673
"PPS","TOTAL","LT10","I55","D1111","BG",2008,14203273
"PPS","TOTAL","LT10","I56","D01","BG",2008,122191698
"PPS","TOTAL","LT10","I56","D111","BG",2008,100699114
"PPS","TOTAL","LT10","I56","D1111","BG",2008,97953631
"PPS","TOTAL","LT10","J","D01","BG",2008,87459807
"PPS","TOTAL","LT10","J","D111","BG",2008,74934180
"PPS","TOTAL","LT10","J","D1111","BG",2008,70943753
"PPS","TOTAL","LT10","J58","D01","BG",2008,9203709
"PPS","TOTAL","LT10","J58","D111","BG",2008,7622625
"PPS","TOTAL","LT10","J58","D1111","BG",2008,7155876
"PPS","TOTAL","LT10","J59","D01","BG",2008,3920098
"PPS","TOTAL","LT10","J59","D111","BG",2008,3305886
"PPS","TOTAL","LT10","J59","D1111","BG",2008,3120562
"PPS","TOTAL","LT10","J60","D01","BG",2008,3460577
"PPS","TOTAL","LT10","J60","D111","BG",2008,2829556
"PPS","TOTAL","LT10","J60","D1111","BG",2008,2638809
"PPS","TOTAL","LT10","J61","D01","BG",2008,19657136
"PPS","TOTAL","LT10","J61","D111","BG",2008,17754534
"PPS","TOTAL","LT10","J61","D1111","BG",2008,17198332
"PPS","TOTAL","LT10","J62","D01","BG",2008,45339101
"PPS","TOTAL","LT10","J62","D111","BG",2008,38521662
"PPS","TOTAL","LT10","J62","D1111","BG",2008,36230555
"PPS","TOTAL","LT10","J63","D01","BG",2008,5879185
"PPS","TOTAL","LT10","J63","D111","BG",2008,4899916
"PPS","TOTAL","LT10","J63","D1111","BG",2008,4599619
"PPS","TOTAL","LT10","K","D01","BG",2008,56796399
"PPS","TOTAL","LT10","K","D111","BG",2008,47806137
"PPS","TOTAL","LT10","K","D1111","BG",2008,44769486
"PPS","TOTAL","LT10","K-N","D01","BG",2008,441430213
"PPS","TOTAL","LT10","K-N","D111","BG",2008,370911885
"PPS","TOTAL","LT10","K-N","D1111","BG",2008,349729381
"PPS","TOTAL","LT10","K64","D01","BG",2008,37396583
"PPS","TOTAL","LT10","K64","D111","BG",2008,31521727
"PPS","TOTAL","LT10","K64","D1111","BG",2008,29308746
"PPS","TOTAL","LT10","K65","D01","BG",2008,3730969
"PPS","TOTAL","LT10","K65","D111","BG",2008,3182420
"PPS","TOTAL","LT10","K65","D1111","BG",2008,2991180
"PPS","TOTAL","LT10","K66","D01","BG",2008,15668847
"PPS","TOTAL","LT10","K66","D111","BG",2008,13101990
"PPS","TOTAL","LT10","K66","D1111","BG",2008,12469560
"PPS","TOTAL","LT10","L","D01","BG",2008,98397972
"PPS","TOTAL","LT10","L","D111","BG",2008,83222013
"PPS","TOTAL","LT10","L","D1111","BG",2008,78745294
"PPS","TOTAL","LT10","L68","D01","BG",2008,98397972
"PPS","TOTAL","LT10","L68","D111","BG",2008,83222013
"PPS","TOTAL","LT10","L68","D1111","BG",2008,78745294
"PPS","TOTAL","LT10","M","D01","BG",2008,235697736
"PPS","TOTAL","LT10","M","D111","BG",2008,197675974
"PPS","TOTAL","LT10","M","D1111","BG",2008,186361509
"PPS","TOTAL","LT10","M69","D01","BG",2008,62579362
"PPS","TOTAL","LT10","M69","D111","BG",2008,51659320
"PPS","TOTAL","LT10","M69","D1111","BG",2008,48706294
"PPS","TOTAL","LT10","M70","D01","BG",2008,34961631
"PPS","TOTAL","LT10","M70","D111","BG",2008,30346953
"PPS","TOTAL","LT10","M70","D1111","BG",2008,28608212
"PPS","TOTAL","LT10","M71","D01","BG",2008,65044709
"PPS","TOTAL","LT10","M71","D111","BG",2008,54308371
"PPS","TOTAL","LT10","M71","D1111","BG",2008,51034209
"PPS","TOTAL","LT10","M72","D01","BG",2008,3275696
"PPS","TOTAL","LT10","M72","D111","BG",2008,2773020
"PPS","TOTAL","LT10","M72","D1111","BG",2008,2598968
"PPS","TOTAL","LT10","M73","D01","BG",2008,31292785
"PPS","TOTAL","LT10","M73","D111","BG",2008,26259894
"PPS","TOTAL","LT10","M73","D1111","BG",2008,24767655
"PPS","TOTAL","LT10","M74","D01","BG",2008,37541001
"PPS","TOTAL","LT10","M74","D111","BG",2008,31500137
"PPS","TOTAL","LT10","M74","D1111","BG",2008,29848457
"PPS","TOTAL","LT10","M75","D01","BG",2008,1002552
"PPS","TOTAL","LT10","M75","D111","BG",2008,828280
"PPS","TOTAL","LT10","M75","D1111","BG",2008,797714
"PPS","TOTAL","LT10","N","D01","BG",2008,50538106
"PPS","TOTAL","LT10","N","D111","BG",2008,42207761
"PPS","TOTAL","LT10","N","D1111","BG",2008,39853093
"PPS","TOTAL","LT10","N77","D01","BG",2008,8529432
"PPS","TOTAL","LT10","N77","D111","BG",2008,7145310
"PPS","TOTAL","LT10","N77","D1111","BG",2008,6788939
"PPS","TOTAL","LT10","N78","D01","BG",2008,7013411
"PPS","TOTAL","LT10","N78","D111","BG",2008,5916679
"PPS","TOTAL","LT10","N78","D1111","BG",2008,5547939
"PPS","TOTAL","LT10","N79","D01","BG",2008,12217800
"PPS","TOTAL","LT10","N79","D111","BG",2008,10085079
"PPS","TOTAL","LT10","N79","D1111","BG",2008,9537593
"PPS","TOTAL","LT10","N80","D01","BG",2008,6447168
"PPS","TOTAL","LT10","N80","D111","BG",2008,5362804
"PPS","TOTAL","LT10","N80","D1111","BG",2008,5110703
"PPS","TOTAL","LT10","N81","D01","BG",2008,7168574
"PPS","TOTAL","LT10","N81","D111","BG",2008,5951413
"PPS","TOTAL","LT10","N81","D1111","BG",2008,5634105
"PPS","TOTAL","LT10","N82","D01","BG",2008,9161720
"PPS","TOTAL","LT10","N82","D111","BG",2008,7746476
"PPS","TOTAL","LT10","N82","D1111","BG",2008,7233813
"PPS","TOTAL","LT10","O","D01","BG",2008,24548439
"PPS","TOTAL","LT10","O","D111","BG",2008,19128871
"PPS","TOTAL","LT10","O","D1111","BG",2008,17268717
"PPS","TOTAL","LT10","O-S","D01","BG",2008,249485892
"PPS","TOTAL","LT10","O-S","D111","BG",2008,209045958
"PPS","TOTAL","LT10","O-S","D1111","BG",2008,194422608
"PPS","TOTAL","LT10","O84","D01","BG",2008,24548439
"PPS","TOTAL","LT10","O84","D111","BG",2008,19128871
"PPS","TOTAL","LT10","O84","D1111","BG",2008,17268717
"PPS","TOTAL","LT10","P","D01","BG",2008,49474566
"PPS","TOTAL","LT10","P","D111","BG",2008,38869646
"PPS","TOTAL","LT10","P","D1111","BG",2008,33971101
"PPS","TOTAL","LT10","P-S","D01","BG",2008,224937452
"PPS","TOTAL","LT10","P-S","D111","BG",2008,189917087
"PPS","TOTAL","LT10","P-S","D1111","BG",2008,177153891
"PPS","TOTAL","LT10","P85","D01","BG",2008,49474566
"PPS","TOTAL","LT10","P85","D111","BG",2008,38869646
"PPS","TOTAL","LT10","P85","D1111","BG",2008,33971101
"PPS","TOTAL","LT10","Q","D01","BG",2008,59997643
"PPS","TOTAL","LT10","Q","D111","BG",2008,49598872
"PPS","TOTAL","LT10","Q","D1111","BG",2008,47687368
"PPS","TOTAL","LT10","Q86","D01","BG",2008,56001974
"PPS","TOTAL","LT10","Q86","D111","BG",2008,46309781
"PPS","TOTAL","LT10","Q86","D1111","BG",2008,44694890
"PPS","TOTAL","LT10","Q87","D01","BG",2008,939735
"PPS","TOTAL","LT10","Q87","D111","BG",2008,799570
"PPS","TOTAL","LT10","Q87","D1111","BG",2008,740540
"PPS","TOTAL","LT10","Q88","D01","BG",2008,3055934
"PPS","TOTAL","LT10","Q88","D111","BG",2008,2489522
"PPS","TOTAL","LT10","Q88","D1111","BG",2008,2251938
"PPS","TOTAL","LT10","R","D01","BG",2008,24305935
"PPS","TOTAL","LT10","R","D111","BG",2008,20055466
"PPS","TOTAL","LT10","R","D1111","BG",2008,18963143
"PPS","TOTAL","LT10","R90","D01","BG",2008,2140597
"PPS","TOTAL","LT10","R90","D111","BG",2008,1774807
"PPS","TOTAL","LT10","R90","D1111","BG",2008,1681794
"PPS","TOTAL","LT10","R91","D01","BG",2008,1870349
"PPS","TOTAL","LT10","R91","D111","BG",2008,1531230
"PPS","TOTAL","LT10","R91","D1111","BG",2008,1378847
"PPS","TOTAL","LT10","R92","D01","BG",2008,8177943
"PPS","TOTAL","LT10","R92","D111","BG",2008,6745135
"PPS","TOTAL","LT10","R92","D1111","BG",2008,6407850
"PPS","TOTAL","LT10","R93","D01","BG",2008,12117047
"PPS","TOTAL","LT10","R93","D111","BG",2008,10004293
"PPS","TOTAL","LT10","R93","D1111","BG",2008,9494651
"PPS","TOTAL","LT10","S","D01","BG",2008,91159309
"PPS","TOTAL","LT10","S","D111","BG",2008,81393103
"PPS","TOTAL","LT10","S","D1111","BG",2008,76532279
"PPS","TOTAL","LT10","S94","D01","BG",2008,52293474
"PPS","TOTAL","LT10","S94","D111","BG",2008,49312400
"PPS","TOTAL","LT10","S94","D1111","BG",2008,45784234
"PPS","TOTAL","LT10","S95","D01","BG",2008,8459428
"PPS","TOTAL","LT10","S95","D111","BG",2008,6985390
"PPS","TOTAL","LT10","S95","D1111","BG",2008,6700924
"PPS","TOTAL","LT10","S96","D01","BG",2008,30406407
"PPS","TOTAL","LT10","S96","D111","BG",2008,25095313
"PPS","TOTAL","LT10","S96","D1111","BG",2008,24047121
"PPS","TOTAL","TOTAL","B","D01","BG",2008,520840097
"PPS","TOTAL","TOTAL","B","D111","BG",2008,382307161
"PPS","TOTAL","TOTAL","B","D1111","BG",2008,324430518
"PPS","TOTAL","TOTAL","B-E","D01","BG",2008,6879616064
"PPS","TOTAL","TOTAL","B-E","D111","BG",2008,5485161153
"PPS","TOTAL","TOTAL","B-E","D1111","BG",2008,4800268907
"PPS","TOTAL","TOTAL","B-F","D01","BG",2008,8828644319
"PPS","TOTAL","TOTAL","B-F","D111","BG",2008,7083315948
"PPS","TOTAL","TOTAL","B-F","D1111","BG",2008,6293376025
"PPS","TOTAL","TOTAL","B-N","D01","BG",2008,18157326818
"PPS","TOTAL","TOTAL","B-N","D111","BG",2008,14867206794
"PPS","TOTAL","TOTAL","B-N","D1111","BG",2008,13378575306
"PPS","TOTAL","TOTAL","B-S","D01","BG",2008,23418980858
"PPS","TOTAL","TOTAL","B-S","D111","BG",2008,19101918467
"PPS","TOTAL","TOTAL","B-S","D1111","BG",2008,17105212329
"PPS","TOTAL","TOTAL","B-S_X_O","D01","BG",2008,21637123320
"PPS","TOTAL","TOTAL","B-S_X_O","D111","BG",2008,17697214936
"PPS","TOTAL","TOTAL","B-S_X_O","D1111","BG",2008,15840068919
"PPS","TOTAL","TOTAL","B05","D01","BG",2008,267429517
"PPS","TOTAL","TOTAL","B05","D111","BG",2008,188641404
"PPS","TOTAL","TOTAL","B05","D1111","BG",2008,152453403
"PPS","TOTAL","TOTAL","B06","D01","BG",2008,5949511
"PPS","TOTAL","TOTAL","B06","D111","BG",2008,4928394
"PPS","TOTAL","TOTAL","B06","D1111","BG",2008,4377202
"PPS","TOTAL","TOTAL","B07","D01","BG",2008,149583290
"PPS","TOTAL","TOTAL","B07","D111","BG",2008,112754975
"PPS","TOTAL","TOTAL","B07","D1111","BG",2008,99080216
"PPS","TOTAL","TOTAL","B08","D01","BG",2008,96274838
"PPS","TOTAL","TOTAL","B08","D111","BG",2008,74634056
"PPS","TOTAL","TOTAL","B08","D1111","BG",2008,67208022
"PPS","TOTAL","TOTAL","B09","D01","BG",2008,1602942
"PPS","TOTAL","TOTAL","B09","D111","BG",2008,1348332
"PPS","TOTAL","TOTAL","B09","D1111","BG",2008,1311674
"PPS","TOTAL","TOTAL","C","D01","BG",2008,5162487355
"PPS","TOTAL","TOTAL","C","D111","BG",2008,4166853302
"PPS","TOTAL","TOTAL","C","D1111","BG",2008,3750574662
"PPS","TOTAL","TOTAL","C10","D01","BG",2008,579496884
"PPS","TOTAL","TOTAL","C10","D111","BG",2008,476463557
"PPS","TOTAL","TOTAL","C10","D1111","BG",2008,441388804
"PPS","TOTAL","TOTAL","C11","D01","BG",2008,188258228
"PPS","TOTAL","TOTAL","C11","D111","BG",2008,157025019
"PPS","TOTAL","TOTAL","C11","D1111","BG",2008,138836339
"PPS","TOTAL","TOTAL","C12","D01","BG",2008,104767254
"PPS","TOTAL","TOTAL","C12","D111","BG",2008,77859572
"PPS","TOTAL","TOTAL","C12","D1111","BG",2008,67019503
"PPS","TOTAL","TOTAL","C13","D01","BG",2008,128757119
"PPS","TOTAL","TOTAL","C13","D111","BG",2008,103799009
"PPS","TOTAL","TOTAL","C13","D1111","BG",2008,94409676
"PPS","TOTAL","TOTAL","C14","D01","BG",2008,683396751
"PPS","TOTAL","TOTAL","C14","D111","BG",2008,560421283
"PPS","TOTAL","TOTAL","C14","D1111","BG",2008,510424086
"PPS","TOTAL","TOTAL","C15","D01","BG",2008,86086938
"PPS","TOTAL","TOTAL","C15","D111","BG",2008,70440090
"PPS","TOTAL","TOTAL","C15","D1111","BG",2008,64659705
"PPS","TOTAL","TOTAL","C16","D01","BG",2008,110325693
"PPS","TOTAL","TOTAL","C16","D111","BG",2008,90379381
"PPS","TOTAL","TOTAL","C16","D1111","BG",2008,82778472
"PPS","TOTAL","TOTAL","C17","D01","BG",2008,87738365
"PPS","TOTAL","TOTAL","C17","D111","BG",2008,71144521
"PPS","TOTAL","TOTAL","C17","D1111","BG",2008,63251989
"PPS","TOTAL","TOTAL","C18","D01","BG",2008,86329367
"PPS","TOTAL","TOTAL","C18","D111","BG",2008,71622606
"PPS","TOTAL","TOTAL","C18","D1111","BG",2008,65091254
"PPS","TOTAL","TOTAL","C19","D01","BG",2008,124715578
"PPS","TOTAL","TOTAL","C19","D111","BG",2008,88955901
"PPS","TOTAL","TOTAL","C19","D1111","BG",2008,73813588
"PPS","TOTAL","TOTAL","C20","D01","BG",2008,192110477
"PPS","TOTAL","TOTAL","C20","D111","BG",2008,149407402
"PPS","TOTAL","TOTAL","C20","D1111","BG",2008,131660976
"PPS","TOTAL","TOTAL","C21","D01","BG",2008,103044909
"PPS","TOTAL","TOTAL","C21","D111","BG",2008,81672621
"PPS","TOTAL","TOTAL","C21","D1111","BG",2008,72141105
"PPS","TOTAL","TOTAL","C22","D01","BG",2008,170319889
"PPS","TOTAL","TOTAL","C22","D111","BG",2008,139760914
"PPS","TOTAL","TOTAL","C22","D1111","BG",2008,128652354
"PPS","TOTAL","TOTAL","C23","D01","BG",2008,324591354
"PPS","TOTAL","TOTAL","C23","D111","BG",2008,260744335
"PPS","TOTAL","TOTAL","C23","D1111","BG",2008,235283527
"PPS","TOTAL","TOTAL","C24","D01","BG",2008,351659087
"PPS","TOTAL","TOTAL","C24","D111","BG",2008,272083375
"PPS","TOTAL","TOTAL","C24","D1111","BG",2008,237612582
"PPS","TOTAL","TOTAL","C25","D01","BG",2008,491655852
"PPS","TOTAL","TOTAL","C25","D111","BG",2008,398018778
"PPS","TOTAL","TOTAL","C25","D1111","BG",2008,362229373
"PPS","TOTAL","TOTAL","C26","D01","BG",2008,108579479
"PPS","TOTAL","TOTAL","C26","D111","BG",2008,89722772
"PPS","TOTAL","TOTAL","C26","D1111","BG",2008,79080044
"PPS","TOTAL","TOTAL","C27","D01","BG",2008,214764751
"PPS","TOTAL","TOTAL","C27","D111","BG",2008,174956890
"PPS","TOTAL","TOTAL","C27","D1111","BG",2008,155737984
"PPS","TOTAL","TOTAL","C28","D01","BG",2008,383950983
"PPS","TOTAL","TOTAL","C28","D111","BG",2008,312559314
"PPS","TOTAL","TOTAL","C28","D1111","BG",2008,276771872
"PPS","TOTAL","TOTAL","C29","D01","BG",2008,87868579
"PPS","TOTAL","TOTAL","C29","D111","BG",2008,71655806
"PPS","TOTAL","TOTAL","C29","D1111","BG",2008,64945724
"PPS","TOTAL","TOTAL","C30","D01","BG",2008,93704821
"PPS","TOTAL","TOTAL","C30","D111","BG",2008,74667389
"PPS","TOTAL","TOTAL","C30","D1111","BG",2008,66822517
"PPS","TOTAL","TOTAL","C31","D01","BG",2008,147215778
"PPS","TOTAL","TOTAL","C31","D111","BG",2008,120550946
"PPS","TOTAL","TOTAL","C31","D1111","BG",2008,111402433
"PPS","TOTAL","TOTAL","C32","D01","BG",2008,51239078
"PPS","TOTAL","TOTAL","C32","D111","BG",2008,42194094
"PPS","TOTAL","TOTAL","C32","D1111","BG",2008,38484433
"PPS","TOTAL","TOTAL","C33","D01","BG",2008,261910140
"PPS","TOTAL","TOTAL","C33","D111","BG",2008,210747723
"PPS","TOTAL","TOTAL","C33","D1111","BG",2008,188076321
"PPS","TOTAL","TOTAL","D","D01","BG",2008,832803887
"PPS","TOTAL","TOTAL","D","D111","BG",2008,639619063
"PPS","TOTAL","TOTAL","D","D1111","BG",2008,477676340
"PPS","TOTAL","TOTAL","D35","D01","BG",2008,832803887
"PPS","TOTAL","TOTAL","D35","D111","BG",2008,639619063
"PPS","TOTAL","TOTAL","D35","D1111","BG",2008,477676340
"PPS","TOTAL","TOTAL","E","D01","BG",2008,363484724
"PPS","TOTAL","TOTAL","E","D111","BG",2008,296381627
"PPS","TOTAL","TOTAL","E","D1111","BG",2008,247587387
"PPS","TOTAL","TOTAL","E36","D01","BG",2008,221012839
"PPS","TOTAL","TOTAL","E36","D111","BG",2008,179284023
"PPS","TOTAL","TOTAL","E36","D1111","BG",2008,140407483
"PPS","TOTAL","TOTAL","E37","D01","BG",2008,5453461
"PPS","TOTAL","TOTAL","E37","D111","BG",2008,4716822
"PPS","TOTAL","TOTAL","E37","D1111","BG",2008,4455527
"PPS","TOTAL","TOTAL","E38","D01","BG",2008,133033315
"PPS","TOTAL","TOTAL","E38","D111","BG",2008,109133851
"PPS","TOTAL","TOTAL","E38","D1111","BG",2008,99809600
"PPS","TOTAL","TOTAL","E39","D01","BG",2008,3985110
"PPS","TOTAL","TOTAL","E39","D111","BG",2008,3246931
"PPS","TOTAL","TOTAL","E39","D1111","BG",2008,2914777
"PPS","TOTAL","TOTAL","F","D01","BG",2008,1949028255
"PPS","TOTAL","TOTAL","F","D111","BG",2008,1598154796
"PPS","TOTAL","TOTAL","F","D1111","BG",2008,1493107118
"PPS","TOTAL","TOTAL","F41","D01","BG",2008,994755913
"PPS","TOTAL","TOTAL","F41","D111","BG",2008,819888676
"PPS","TOTAL","TOTAL","F41","D1111","BG",2008,768149831
"PPS","TOTAL","TOTAL","F42","D01","BG",2008,469637306
"PPS","TOTAL","TOTAL","F42","D111","BG",2008,378067668
"PPS","TOTAL","TOTAL","F42","D1111","BG",2008,348390813
"PPS","TOTAL","TOTAL","F43","D01","BG",2008,484635036
"PPS","TOTAL","TOTAL","F43","D111","BG",2008,400198453
"PPS","TOTAL","TOTAL","F43","D1111","BG",2008,376566474
"PPS","TOTAL","TOTAL","G","D01","BG",2008,3001248697
"PPS","TOTAL","TOTAL","G","D111","BG",2008,2503457639
"PPS","TOTAL","TOTAL","G","D1111","BG",2008,2345795985
"PPS","TOTAL","TOTAL","G-J","D01","BG",2008,6491163098
"PPS","TOTAL","TOTAL","G-J","D111","BG",2008,5387901799
"PPS","TOTAL","TOTAL","G-J","D1111","BG",2008,4886853199
"PPS","TOTAL","TOTAL","G-N","D01","BG",2008,9328682499
"PPS","TOTAL","TOTAL","G-N","D111","BG",2008,7783890846
"PPS","TOTAL","TOTAL","G-N","D1111","BG",2008,7085199281
"PPS","TOTAL","TOTAL","G-S_X_O","D01","BG",2008,12808479001
"PPS","TOTAL","TOTAL","G-S_X_O","D111","BG",2008,10613898987
"PPS","TOTAL","TOTAL","G-S_X_O","D1111","BG",2008,9546692894
"PPS","TOTAL","TOTAL","G45","D01","BG",2008,333174626
"PPS","TOTAL","TOTAL","G45","D111","BG",2008,279402440
"PPS","TOTAL","TOTAL","G45","D1111","BG",2008,260583888
"PPS","TOTAL","TOTAL","G46","D01","BG",2008,1463292829
"PPS","TOTAL","TOTAL","G46","D111","BG",2008,1232155933
"PPS","TOTAL","TOTAL","G46","D1111","BG",2008,1149765427
"PPS","TOTAL","TOTAL","G47","D01","BG",2008,1204781242
"PPS","TOTAL","TOTAL","G47","D111","BG",2008,991899266
"PPS","TOTAL","TOTAL","G47","D1111","BG",2008,935446670
"PPS","TOTAL","TOTAL","H","D01","BG",2008,1691847471
"PPS","TOTAL","TOTAL","H","D111","BG",2008,1376991605
"PPS","TOTAL","TOTAL","H","D1111","BG",2008,1144485440
"PPS","TOTAL","TOTAL","H49","D01","BG",2008,741594602
"PPS","TOTAL","TOTAL","H49","D111","BG",2008,586249783
"PPS","TOTAL","TOTAL","H49","D1111","BG",2008,506804840
"PPS","TOTAL","TOTAL","H50","D01","BG",2008,104487931
"PPS","TOTAL","TOTAL","H50","D111","BG",2008,78138947
"PPS","TOTAL","TOTAL","H50","D1111","BG",2008,64072000
"PPS","TOTAL","TOTAL","H51","D01","BG",2008,80385289
"PPS","TOTAL","TOTAL","H51","D111","BG",2008,65887114
"PPS","TOTAL","TOTAL","H51","D1111","BG",2008,58793542
"PPS","TOTAL","TOTAL","H52","D01","BG",2008,583342115
"PPS","TOTAL","TOTAL","H52","D111","BG",2008,497495348
"PPS","TOTAL","TOTAL","H52","D1111","BG",2008,397848471
"PPS","TOTAL","TOTAL","H53","D01","BG",2008,182037534
"PPS","TOTAL","TOTAL","H53","D111","BG",2008,149220413
"PPS","TOTAL","TOTAL","H53","D1111","BG",2008,116966587
"PPS","TOTAL","TOTAL","I","D01","BG",2008,621979619
"PPS","TOTAL","TOTAL","I","D111","BG",2008,511007494
"PPS","TOTAL","TOTAL","I","D1111","BG",2008,482207959
"PPS","TOTAL","TOTAL","I55","D01","BG",2008,265014297
"PPS","TOTAL","TOTAL","I55","D111","BG",2008,216909591
"PPS","TOTAL","TOTAL","I55","D1111","BG",2008,201603324
"PPS","TOTAL","TOTAL","I56","D01","BG",2008,356965323
"PPS","TOTAL","TOTAL","I56","D111","BG",2008,294097904
"PPS","TOTAL","TOTAL","I56","D1111","BG",2008,280604635
"PPS","TOTAL","TOTAL","J","D01","BG",2008,1176087311
"PPS","TOTAL","TOTAL","J","D111","BG",2008,996445061
"PPS","TOTAL","TOTAL","J","D1111","BG",2008,914363815
"PPS","TOTAL","TOTAL","J58","D01","BG",2008,81777847
"PPS","TOTAL","TOTAL","J58","D111","BG",2008,69069546
"PPS","TOTAL","TOTAL","J58","D1111","BG",2008,64303859
"PPS","TOTAL","TOTAL","J59","D01","BG",2008,19720344
"PPS","TOTAL","TOTAL","J59","D111","BG",2008,16451653
"PPS","TOTAL","TOTAL","J59","D1111","BG",2008,15396914
"PPS","TOTAL","TOTAL","J60","D01","BG",2008,114041334
"PPS","TOTAL","TOTAL","J60","D111","BG",2008,94940193
"PPS","TOTAL","TOTAL","J60","D1111","BG",2008,87423778
"PPS","TOTAL","TOTAL","J61","D01","BG",2008,417759370
"PPS","TOTAL","TOTAL","J61","D111","BG",2008,351784596
"PPS","TOTAL","TOTAL","J61","D1111","BG",2008,322893625
"PPS","TOTAL","TOTAL","J62","D01","BG",2008,474901246
"PPS","TOTAL","TOTAL","J62","D111","BG",2008,406433515
"PPS","TOTAL","TOTAL","J62","D1111","BG",2008,371560207
"PPS","TOTAL","TOTAL","J63","D01","BG",2008,67887170
"PPS","TOTAL","TOTAL","J63","D111","BG",2008,57765558
"PPS","TOTAL","TOTAL","J63","D1111","BG",2008,52785432
"PPS","TOTAL","TOTAL","K","D01","BG",2008,1101722303
"PPS","TOTAL","TOTAL","K","D111","BG",2008,927895539
"PPS","TOTAL","TOTAL","K","D1111","BG",2008,842733487
"PPS","TOTAL","TOTAL","K-N","D01","BG",2008,2837519402
"PPS","TOTAL","TOTAL","K-N","D111","BG",2008,2395989047
"PPS","TOTAL","TOTAL","K-N","D1111","BG",2008,2198346082
"PPS","TOTAL","TOTAL","K64","D01","BG",2008,909218511
"PPS","TOTAL","TOTAL","K64","D111","BG",2008,765126209
"PPS","TOTAL","TOTAL","K64","D1111","BG",2008,690947682
"PPS","TOTAL","TOTAL","K65","D01","BG",2008,132200327
"PPS","TOTAL","TOTAL","K65","D111","BG",2008,112249351
"PPS","TOTAL","TOTAL","K65","D1111","BG",2008,104619709
"PPS","TOTAL","TOTAL","K66","D01","BG",2008,60303465
"PPS","TOTAL","TOTAL","K66","D111","BG",2008,50519979
"PPS","TOTAL","TOTAL","K66","D1111","BG",2008,47166096
"PPS","TOTAL","TOTAL","L","D01","BG",2008,241454250
"PPS","TOTAL","TOTAL","L","D111","BG",2008,203009087
"PPS","TOTAL","TOTAL","L","D1111","BG",2008,188035275
"PPS","TOTAL","TOTAL","L68","D01","BG",2008,241454250
"PPS","TOTAL","TOTAL","L68","D111","BG",2008,203009087
"PPS","TOTAL","TOTAL","L68","D1111","BG",2008,188035275
"PPS","TOTAL","TOTAL","M","D01","BG",2008,908953775
"PPS","TOTAL","TOTAL","M","D111","BG",2008,767328822
"PPS","TOTAL","TOTAL","M","D1111","BG",2008,702346127
"PPS","TOTAL","TOTAL","M69","D01","BG",2008,153295975
"PPS","TOTAL","TOTAL","M69","D111","BG",2008,129537609
"PPS","TOTAL","TOTAL","M69","D1111","BG",2008,120659846
"PPS","TOTAL","TOTAL","M70","D01","BG",2008,142682327
"PPS","TOTAL","TOTAL","M70","D111","BG",2008,122559301
"PPS","TOTAL","TOTAL","M70","D1111","BG",2008,110993882
"PPS","TOTAL","TOTAL","M71","D01","BG",2008,230481327
"PPS","TOTAL","TOTAL","M71","D111","BG",2008,193159904
"PPS","TOTAL","TOTAL","M71","D1111","BG",2008,175722550
"PPS","TOTAL","TOTAL","M72","D01","BG",2008,143718807
"PPS","TOTAL","TOTAL","M72","D111","BG",2008,117988127
"PPS","TOTAL","TOTAL","M72","D1111","BG",2008,103485043
"PPS","TOTAL","TOTAL","M73","D01","BG",2008,119425410
"PPS","TOTAL","TOTAL","M73","D111","BG",2008,101422982
"PPS","TOTAL","TOTAL","M73","D1111","BG",2008,94449864
"PPS","TOTAL","TOTAL","M74","D01","BG",2008,118347377
"PPS","TOTAL","TOTAL","M74","D111","BG",2008,101832620
"PPS","TOTAL","TOTAL","M74","D1111","BG",2008,96237227
"PPS","TOTAL","TOTAL","M75","D01","BG",2008,1002552
"PPS","TOTAL","TOTAL","M75","D111","BG",2008,828280
"PPS","TOTAL","TOTAL","M75","D1111","BG",2008,797714
"PPS","TOTAL","TOTAL","N","D01","BG",2008,585389073
"PPS","TOTAL","TOTAL","N","D111","BG",2008,497755599
"PPS","TOTAL","TOTAL","N","D1111","BG",2008,465231193
"PPS","TOTAL","TOTAL","N77","D01","BG",2008,26813605
"PPS","TOTAL","TOTAL","N77","D111","BG",2008,22551163
"PPS","TOTAL","TOTAL","N77","D1111","BG",2008,20980194
"PPS","TOTAL","TOTAL","N78","D01","BG",2008,51361586
"PPS","TOTAL","TOTAL","N78","D111","BG",2008,42423823
"PPS","TOTAL","TOTAL","N78","D1111","BG",2008,39309315
"PPS","TOTAL","TOTAL","N79","D01","BG",2008,39163044
"PPS","TOTAL","TOTAL","N79","D111","BG",2008,32730932
"PPS","TOTAL","TOTAL","N79","D1111","BG",2008,30976458
"PPS","TOTAL","TOTAL","N80","D01","BG",2008,269076163
"PPS","TOTAL","TOTAL","N80","D111","BG",2008,221303535
"PPS","TOTAL","TOTAL","N80","D1111","BG",2008,208194873
"PPS","TOTAL","TOTAL","N81","D01","BG",2008,133620748
"PPS","TOTAL","TOTAL","N81","D111","BG",2008,124637596
"PPS","TOTAL","TOTAL","N81","D1111","BG",2008,115343261
"PPS","TOTAL","TOTAL","N82","D01","BG",2008,65353927
"PPS","TOTAL","TOTAL","N82","D111","BG",2008,54108549
"PPS","TOTAL","TOTAL","N82","D1111","BG",2008,50427094
"PPS","TOTAL","TOTAL","O","D01","BG",2008,1781857539
"PPS","TOTAL","TOTAL","O","D111","BG",2008,1404703531
"PPS","TOTAL","TOTAL","O","D1111","BG",2008,1265143410
"PPS","TOTAL","TOTAL","O-S","D01","BG",2008,5261654040
"PPS","TOTAL","TOTAL","O-S","D111","BG",2008,4234711673
"PPS","TOTAL","TOTAL","O-S","D1111","BG",2008,3726637023
"PPS","TOTAL","TOTAL","O84","D01","BG",2008,1781857539
"PPS","TOTAL","TOTAL","O84","D111","BG",2008,1404703531
"PPS","TOTAL","TOTAL","O84","D1111","BG",2008,1265143410
"PPS","TOTAL","TOTAL","P","D01","BG",2008,1787442820
"PPS","TOTAL","TOTAL","P","D111","BG",2008,1428154085
"PPS","TOTAL","TOTAL","P","D1111","BG",2008,1194974094
"PPS","TOTAL","TOTAL","P-S","D01","BG",2008,3479796501
"PPS","TOTAL","TOTAL","P-S","D111","BG",2008,2830008142
"PPS","TOTAL","TOTAL","P-S","D1111","BG",2008,2461493613
"PPS","TOTAL","TOTAL","P85","D01","BG",2008,1787442820
"PPS","TOTAL","TOTAL","P85","D111","BG",2008,1428154085
"PPS","TOTAL","TOTAL","P85","D1111","BG",2008,1194974094
"PPS","TOTAL","TOTAL","Q","D01","BG",2008,1252537961
"PPS","TOTAL","TOTAL","Q","D111","BG",2008,1028902205
"PPS","TOTAL","TOTAL","Q","D1111","BG",2008,924306277
"PPS","TOTAL","TOTAL","Q86","D01","BG",2008,1071883664
"PPS","TOTAL","TOTAL","Q86","D111","BG",2008,880857625
"PPS","TOTAL","TOTAL","Q86","D1111","BG",2008,793754762
"PPS","TOTAL","TOTAL","Q87","D01","BG",2008,92113335
"PPS","TOTAL","TOTAL","Q87","D111","BG",2008,75554241
"PPS","TOTAL","TOTAL","Q87","D1111","BG",2008,66438059
"PPS","TOTAL","TOTAL","Q88","D01","BG",2008,88540962
"PPS","TOTAL","TOTAL","Q88","D111","BG",2008,72490339
"PPS","TOTAL","TOTAL","Q88","D1111","BG",2008,64113456
"PPS","TOTAL","TOTAL","R","D01","BG",2008,249372040
"PPS","TOTAL","TOTAL","R","D111","BG",2008,206874353
"PPS","TOTAL","TOTAL","R","D1111","BG",2008,188423290
"PPS","TOTAL","TOTAL","R90","D01","BG",2008,64668537
"PPS","TOTAL","TOTAL","R90","D111","BG",2008,52459655
"PPS","TOTAL","TOTAL","R90","D1111","BG",2008,45881876
"PPS","TOTAL","TOTAL","R91","D01","BG",2008,34320653
"PPS","TOTAL","TOTAL","R91","D111","BG",2008,28016754
"PPS","TOTAL","TOTAL","R91","D1111","BG",2008,24599577
"PPS","TOTAL","TOTAL","R92","D01","BG",2008,78809303
"PPS","TOTAL","TOTAL","R92","D111","BG",2008,65114168
"PPS","TOTAL","TOTAL","R92","D1111","BG",2008,60479645
"PPS","TOTAL","TOTAL","R93","D01","BG",2008,71573547
"PPS","TOTAL","TOTAL","R93","D111","BG",2008,61283776
"PPS","TOTAL","TOTAL","R93","D1111","BG",2008,57462193
"PPS","TOTAL","TOTAL","S","D01","BG",2008,190443679
"PPS","TOTAL","TOTAL","S","D111","BG",2008,166077499
"PPS","TOTAL","TOTAL","S","D1111","BG",2008,153789951
"PPS","TOTAL","TOTAL","S94","D01","BG",2008,119289794
"PPS","TOTAL","TOTAL","S94","D111","BG",2008,107348385
"PPS","TOTAL","TOTAL","S94","D1111","BG",2008,98654684
"PPS","TOTAL","TOTAL","S95","D01","BG",2008,14207807
"PPS","TOTAL","TOTAL","S95","D111","BG",2008,11779700
"PPS","TOTAL","TOTAL","S95","D1111","BG",2008,11178421
"PPS","TOTAL","TOTAL","S96","D01","BG",2008,56946078
"PPS","TOTAL","TOTAL","S96","D111","BG",2008,46949413
"PPS","TOTAL","TOTAL","S96","D1111","BG",2008,43956846
